1 1 7
0 1 1
0 1 1
0 1 1
0 1 1
0 1 1
0 1 1
0 1 1
8 7 9
3 6 8
6 7 3
2 4 5
0 2 5
6 7 4
4 5 2
5 7 8
4 5 2
0 3 3
6 7 3
0 1 4
3 7 2
6 7 1
14 5 6
4 5 12
2 5 10
3 5 12
0 5 13
4 5 10
0 1 3
9 2 19
0 1 3
0 2 4
1 2 7
0 1 4
0 1 7
1 2 6
1 2 5
1 2 7
0 1 5
0 2 6
1 2 4
1 2 9
0 2 1
1 2 2
1 2 4
1 2 3
0 2 4
0 1 9
0 2 6
6 3 14
0 2 2
2 3 2
0 1 6
1 2 4
1 3 5
2 3 3
1 2 5
1 3 5
1 2 6
0 3 3
0 3 3
0 2 6
0 3 1
1 3 3
4 4 6
1 2 4
3 4 1
0 2 3
2 4 2
0 1 4
3 4 1
24 4 7
1 4 12
2 3 1
1 2 11
2 4 20
3 4 11
3 4 6
2 3 18
9 2 4
0 1 6
1 2 6
0 1 8
0 2 3
17 3 19
1 3 13
2 3 17
0 1 1
2 3 17
2 3 13
0 2 9
0 2 5
1 2 2
2 3 3
0 2 1
0 2 17
1 2 9
0 2 3
1 3 10
0 2 13
1 2 17
1 3 6
0 3 11
2 3 8
0 0 0