10 5 19
4 5 3
4 5 4
3 5 5
4 5 10
1 5 2
2 5 1
4 5 10
3 5 1
4 5 3
1 4 2
2 4 1
2 3 5
1 2 6
0 5 10
3 4 3
2 4 7
0 4 2
2 3 8
1 2 5
7 2 11
1 2 1
0 1 5
0 2 3
0 1 3
0 2 6
0 2 2
1 2 5
0 2 1
1 2 2
1 2 2
0 2 3
19 3 15
0 2 12
1 3 8
1 2 3
0 1 6
2 3 15
1 3 5
1 2 9
1 2 3
0 1 17
1 2 5
0 2 18
0 2 2
2 3 13
0 1 11
1 2 18
12 3 14
0 1 12
1 3 8
1 3 9
1 2 5
2 3 9
1 3 9
1 3 4
1 3 11
2 3 1
0 3 7
1 2 12
0 1 3
0 3 7
2 3 2
8 3 16
2 3 4
2 3 6
0 2 3
1 3 2
2 3 3
0 3 6
0 1 4
1 3 2
1 3 2
1 2 7
0 1 5
0 2 6
2 3 6
2 3 2
1 2 2
2 3 6
4 3 22
1 2 3
2 3 4
1 3 1
2 3 1
0 3 1
1 3 1
2 3 3
2 3 3
0 2 1
0 3 4
2 3 1
1 2 3
1 2 2
0 3 4
0 2 2
2 3 3
1 3 4
1 3 2
1 3 4
1 2 1
0 1 3
0 2 3
19 6 14
4 6 11
5 6 13
1 4 10
4 5 8
1 6 3
3 4 9
2 5 7
5 6 9
1 2 17
0 2 3
1 6 14
0 6 14
1 3 17
1 5 7
12 6 9
3 5 12
2 5 3
4 5 8
0 4 11
4 6 5
5 6 9
1 4 2
1 5 9
0 2 5
23 3 13
0 1 3
2 3 1
2 3 15
2 3 9
0 1 21
2 3 22
1 3 18
0 2 14
2 3 19
0 1 15
2 3 5
0 3 13
2 3 2
17 3 3
0 2 13
0 1 7
2 3 13
0 0 0