4266829
1
1500
89186
1
1
1
15000
605000
1
57678
10000
674000
1
1
1
1452809900
15077182
4000000
1
1700000
400000
33439208
1575909
30742737
9388825
228761471
882676
81000496
1282120620
18506066
16895500
6942000
113847500
364389990
14277112
524480
53606820
218350
103508
1991107
4434160
5399
228601
40565123
2016929
4075624
20000000
279030
692843
586150
1095693
1474512
675734
276108
55345853
360000
198946975
-231429450
909408960
208394510
-29251200
33000000
20620210
5911396
84500000
66473767
4080000
143161943
313
135000
70000
1
1
1
1700
1
11616
1
8637311
5000
1
5202
892
200000
4420100
1925
6260
45300000
1
16000
500000
100000
80000
80000
80000
420000
139226
300
5575225
4791
425359
2218647
76
7382
820000
731713
425000
49450
19479
1374
10189
200000
80000
1000000
40000
248
1500
9000
400000
1
4200
200000
1668
1
1
6401480
8800000
1167099
1
12000
600000
200000
1
1
4655720
14695000
446166
182377
46879
1
1
3500000
288
1509
279879
415223
867530
559821
2000
1
4324736
437835
1
3784883
179
134
48063
400000
25000
132
7308
1
1
45000
9800000
590354
200000
195000
500000
465401
5727313
108558
16878
14945
16456
9586
22247
21353
11612
22603
11785
16072
18283
23050
17207
15126
50000
2545290
8118640
2107
813379
66456
686058
10427
56282
9704
12040
825000
250000
1
1379993
2518491
1500000
18068
5000
350000
1544156
52270551
35267334
3619467
534855
505000
2600479
65000
34200
3925
35796
1797334
7266
72098
1002082
9458
21358
93840
36422
2159928
6436
1
1
458545
1
1
250000
500000
65000
35000
1531034
1
50000
1
119130
917903
50000
1000
9000
220000
6943578
200000
918900
50000
1
1
1000
20000
650000
1
1
1
1
1
1
1
1
1
232000
358245
479076
275389
1
1
1
1
1
1
8610510
4902
1346
3419
570589
51700
9538
112500
1752
3028
807
175
10000
26607
17306
16516
3313
117870
136918
430
5378
105000
106250
30000
60000
179123
150000
450000
8967975
450000
556
279974
100000
1
2179
123617
243167
157399
2459
1000
140000
10000
16800
350000
70000
70000
114816
193581
150000
63000
7721
300000
10000
300000
5000
113956
48000000
277628
2667000
18045048
202720
200000
2685385
704500
3816395
800000
3425645
7012290
156000
3499906
12337500
5420000
5145
1
5000
120000
362919
15300000
98
1
200000
20000
50000
672468
262278
496
9761
70000
20000
5749
50000
12699
9000
50000
40000
745000
1
1
200000
60000
50
1
555000
55750
3225000
300
1
1
1
104000
1
7500
1
1
236500
1
50
1325
1
67500
3266000
6375
2901000
69000
300
1
5000
1
390000
1
1
1
250000
1
100
22500
1
1
1
1
1
1
1
1
1
1
1
1
1
150
22499
1
1
1
1
1
1
265558
6150
2000
120000
150000
5500
1
1
180000
1
750000
1
240
150000
63693
274475
123984
265983
129630
6793
527
42987
226098
192183
1
4020713
3915088
196797
150572
21524
1
211325
1002
796557
1500000
1500000
1
