913762140
913762140
913762140
915146000
915146870
918099409
954939741
963555555
936823030
976462101
987302013
986866640
922632786
952696033
956502760
915146913
915146989
915146324
918905510
916950170
918101036
918676023
916073471
916930056
916130102
918910062
916990102
918306863
916750065
918710059
918450163
916621293
916341414
925225900
925225900
925300067
925130068
925720184
925760178
926271170
926441753
926264645
926347011
926360167
926552693
926501821
926610396
967192257
967441305
967138027
967340950
967543343
949247979
949347292
949830157
949260946
969220500
969320900
969331110
924205750
924205750
924450170
924373751
924677072
924846038
924772344
924630007
924873819
924550124
924751993
924492820
927628150
927321004
927367010
927531095
927412298
927500013
927580721
954231902
958185922
958704630
958669079
958320083
958785203
958834811
950256122
950617080
950489770
950439974
953276967
953458372
953750102
953660293
953607132
953510072
953702016
953587120
959241900
959131787
959550006
959402267
959320946
957414111
957560337
957770092
957664508
957500111
954939713
955783296
955867619
955704825
954883408
954141295
955821200
955851048
956292549
956292548
956330362
956730009
956450079
956587212
956172397
956627145
952071520
952558009
952450138
952450138
952770344
952770344
952474030
952474030
952871461
952871461
952840357
952840357
968271262
968760724
968705666
968336390
968501117
968477452
968411098
963896500
963174660
962699228
962791320
962300006
962274185
962871448
961700452
962456006
963973069
964224600
964407140
964517402
964711206
965145660
966553521
965346058
965380964
965710113
965300139
965675814
965451082
965780037
965854030
934570622
936823030
934570622
938147050
937524855
937690591
937332471
937193610
935705559
938465353
938726666
938031266
938216830
938832178
972208650
972884411
972700082
972256272
972678610
972312078
972367250
977237777
977331164
977403097
977500108
977700051
977420036
977660286
977609114
973249008
973443754
973313196
973790089
973353054
973484445
973647257
973650524
976711406
976550986
976897060
976639450
976199120
976677140
976462104
976104921
974215548
974402157
974540048
974361350
974470101
978601300
978831313
978732226
978800030
948296863
948700089
948820073
948554454
941289914
941310999
941145432
945215132
945214309
946720501
945600062
944253400
944575390
946361813
944377510
944306573
946251181
946811116
943275450
943894369
943202125
943781269
943628428
943880163
943673292
987253211
947244665
947546357
947449337
947190706
947347061
975239428
975300002
975340074
923127228
923408082
923498056
923528138
980557741
980620028
980631322
920224400
920376193
920360622
918630006
983296666
983800049
983725065
979165243
979140175
979892524
921426363
921540946
921143420
987344276
987615128
987751200
987456487
987471690
942321400
942808090
942774446
942710007
942660443
942605135
985119000
985119000
985456536
985831540
985810119
985642880
985991176
985570200
985683603
985848056
981167800
981167800
981314403
981581611
981680030
981820515
981704065
982221311
982377003
982510307
982402239
982585705
988235353
988270092
988336040
988410005
988431480
986807900
986600221
986644086
986425150
986331576
986565262
986526934
986787119
986590911
922648500
922648500
922378000
922425360
922552045
922789617
922870255
928320400
928553544
928793800
928592100
928851100
971774260
971501450
971554232
971160170
971365888
971301195
915146000
915146900
956808776
928391558
915146900
918969538
918912145
913010643
915357846
913440037
918073900
915146935
915146900
916921427
918113788
918099032
918750042
918804011
918447777
916882739
913385112
913386760
915666549
915142519
917455122
915142585
915146000
915146900
913352108
914932507
915977131
913495041
915958351
915961142
913475438
917018144
917017273
913791775
913799575
913902038
914531969
913762140
916029631
918073900
913440734
915146820
913441911
918950059
915802477
918880157
918910062
915146306
916882739
915146306
915144680
913385565
913760524
916950170
912132371
912731132
915977772
918902611
917438799
913054370
915144496
914548769
914531954
915126108
916899612
918710059
912688692
916700259
915146870
915146880
915146830
918521012
918099409
918902611
918306863
918710059
918905510
917466410
916621293
916073470
916950170
916990102
916750065
914376612
917544739
915357846
913054775
915146900
915992424
913760081
918902611
918880157
918637018
916290033
918840102
918538039
918159036
918680109
918733165
918723007
918642828
918574004
918520137
918940008
918930040
918943356
918782420
918410011
918721011
918728028
918140003
918549503
918566138
918851007
918550012
918964008
918530035
918860026
918443110
918730022
918650029
918748065
918691071
918995006
918489974
918945002
918676023
918477047
918430036
918596990
918977417
918415176
918620012
918136015
918157975
918744036
918710059
916899612
916332500
918500064
918450163
918902611
918580031
916341414
91602713
916793147
918101036
912688692
916910103
916700259
918073900
918099405
916160814
915146880
914685904
915146879
918887635
916618321
918880777
918782420
916700259
918902611
918500064
916752299
918099403
913762140
915146966
915146940
915142400
918099400
915031300
918099404
913761211
915126108
913900272
915146900
915146867
913762140
915031485
915146884
915146819
915146900
915146900
915146907
925281181
925225900
925300067
925130068
925720183
925511602
925760178
925225900
925415002
925506013
925390065
925853004
918623003
925376002
925357321
925858003
925548009
925846010
925455692
925757002
925866003
925480778
925190002
925137006
925197002
925780008
925758006
925703711
925520010
925784013
925400001
925878041
925129102
925458069
925138005
925170161
925404004
925320120
925460878
925877107
925407240
918178738
925172006
925300067
925410003
925844002
925868022
925130068
925490702
925317013
925430723
925740708
925370004
925178003
925750014
925860071
925436001
925577060
925180003
925417004
925415002
925143211
925794005
925797006
918936040
925380015
925720060
925145022
925795318
925760178
925472005
918170005
925195026
925160013
926558793
925530186
925150002
925310003
925152088
925154003
925511602
925225900
925320120
925300067
925720183
925160013
925404004
925376002
925511602
925130068
925760178
925720183
926638050
926271180
926221180
926540477
926221180
926613827
926441753
926347813
926735006
926471007
926742012
926485513
926820005
926779002
926354292
962835008
926730019
926387099
926552693
926770002
926772002
926865009
926356788
926711217
926882930
926442264
926339062
926523146
926477007
926842007
926870010
926875002
926564200
926334138
926831042
926854612
926470006
926804376
926573707
926476006
926775013
926631031
926808053
926802305
926241520
926319769
926568126
926760035
926780008
926840013
926777008
926583066
926441753
925421639
926528171
926349053
926530059
926810021
926383014
926341004
926347813
926366153
926466102
926360029
926879005
967396001
926896012
926641072
926337045
926610396
926501820
967193234
967218600
967218600
967318884
967543227
967441305
967273132
967402002
967218661
967473017
967380012
967330011
967295002
967360002
967290002
967334002
967475002
967460007
965827004
967260026
967370002
967363715
967388203
967410002
967435002
967321002
967472030
967543343
967287006
967471242
967275006
967441305
967426024
967354002
967200002
967484302
967437002
967336010
967372002
967438009
967323002
967377001
967298002
967286111
967250005
967205002
967480027
967325232
967400002
967483002
967398001
967434002
967387002
967431015
967340096
967138027
949247973
949247980
949247980
949830157
949347292
978714106
949840361
949836004
949376209
949399039
949340011
949283420
949836109
949810104
949855003
949334020
949247980
949852519
949290009
949850024
949890041
949839740
949830157
949385034
949354021
949370271
949350017
949347292
949298028
949320089
949396038
949815054
949856263
949330017
949816105
949260946
969221100
969220500
969221100
969331110
969320900
969336003
969253002
969121019
967187565
969318008
969373003
969338210
969312122
969346002
969341010
969348021
969124001
969382023
969220500
967166067
969292020
969127001
969372216
967490003
969291002
969375723
969361002
967160016
962187010
969340005
969130012
967182444
969331110
969312122
967496620
969134414
969300010
969195140
969387047
969363152
969281010
969281010
969203550
969200424
969281010
969377024
969138004
967498019
969270001
969131578
969320900
927628150
927628150
927628150
927500013
927531095
927412308
927321004
927580721
927439017
927390017
927120078
927383043
927366014
927277012
927544002
927387118
927270005
927150040
927395027
927628150
927435014
927350016
927157061
927291535
927436036
927383048
927478006
927547029
927554094
927374586
927512021
927500013
927540023
927309004
927672067
927367010
927591007
927481004
927514006
927330073
927460324
927560028
927470016
927158110
927354085
927319270
927276645
927404249
927347022
927280027
927380002
927430248
927515013
927173143
927375014
927433004
927559011
927412308
927593002
927144087
927592040
927283010
927407024
927201282
927285007
927578375
927338027
927455018
927304351
927127013
927321004
927388005
927576112
927580721
927510032
927445012
927567261
927555048
927487005
927370203
927340014
927531095
927628150
927628150
927628150
927628150
927628150
927321004
927367010
927531095
927412308
927500013
927580721
927500013
927580721
927628150
927628150
927628150
927628150
927628150
927628150
927628150
927628150
927321004
927367010
927547029
927560028
927412308
927435014
927500013
927580721
927628150
927628150
927628150
927628150
927628150
927321004
927531095
927412308
927500013
927628150
927628150
927628150
927628150
927628150
927628150
924205777
924271836
924205750
924205784
924730067
924873819
924370035
924630007
924846038
924550124
924873819
924383300
924849058
924849058
924450170
924751847
924680068
924365212
924400005
924420003
924483003
924677305
924342077
924137954
924205750
924736033
924894007
924506006
924541027
924600053
924831013
924770028
924864005
924654133
924772166
924423002
924320041
924811508
924700013
924656009
924500008
924530059
924724332
924895034
924470106
924350132
924658002
924650002
924424002
924723152
924533002
924730067
924480002
924335021
924321018
924682402
924406156
924873819
924447405
924544013
924822506
924371200
924516013
924610084
924860028
924740035
924492820
924866013
924614060
924620013
924512001
924786001
924536013
924698012
924325107
924410029
924830008
924690013
924703130
924626002
924683013
924630007
924440281
924585213
924643101
924368530
924832029
924881003
924562180
924496004
924898003
924321831
924524113
924875516
924846038
924427013
924835102
924414002
924738003
924780001
924210426
924275467
924454566
924550124
924205750
950213838
950277603
950256122
950256122
950480907
950471112
950436607
950363030
950122029
950430029
950641449
950490012
950371100
950511087
950454082
950413026
950458094
950495095
950352006
950454082
950646000
950353117
950471112
950514116
950128612
950417250
950361111
950440144
950122758
950464024
950423014
950380012
950426005
950364002
950362901
950420163
950468222
950614861
950412494
950393193
950438127
950400673
950340194
950480907
950617079
950300303
950328415
950554466
950280530
950235120
950256122
950256122
956639847
956639851
956587610
956221100
956293593
956808776
956587610
956587610
956587610
956587610
956587610
956293408
956400057
956330362
956174161
956174161
956174161
956174161
956174161
956762890
956763267
956627149
956730009
956294821
956450707
956627036
956293408
956627145
956650305
956634094
956650305
956650305
956650305
956627036
956712001
956721174
956413326
956135013
956710013
956570717
956137027
956424128
956647125
956647125
956440050
956620013
956716196
956871332
956687019
956132112
956640009
956163007
956410107
956130013
956416013
956570717
956723013
956804056
956127211
956810123
956570717
956160191
956385257
956150025
956134013
956439300
956395100
956460099
956730009
956123243
956290606
956700052
956430011
956400057
956371499
956330362
956794304
956620013
956780193
956780193
956627036
956639847
956266797
956253370
956627192
956627192
956627192
956620013
956627036
956827187
956810569
956806740
957251100
957414111
957414111
957664518
957770092
957500111
957560337
957650465
957156033
957170040
957166001
957660013
957635027
957580015
957530027
957170040
957525686
957553020
957174019
957370119
957350013
957414111
957134004
957180015
957127002
957376013
957363021
957380007
957638003
957556026
957584012
957140012
957640065
957534842
957301311
957684141
957308011
957500111
957667007
957160037
957535566
957537011
957678094
957630062
957770092
957560337
957538617
957158253
957313010
957155055
957176017
957190043
957120010
957126002
957589008
957360013
957670208
957650141
957643092
957540048
957609052
958185430
958185400
958704630
958578077
958669079
958320083
958834812
958785203
958769002
958826003
958403050
958392612
958466996
958826003
958543080
958312002
958350033
958673003
958359025
958439156
958676009
958733037
958768032
958623156
958385009
958710013
958763052
958656007
958740032
958387005
958736003
958730254
958407020
958680002
958780002
958516102
958580014
958682003
958383016
958484501
958740032
958546014
958332016
958463033
958384010
958364181
958672106
958677154
958639420
958829525
958674128
958457045
958770005
958336013
958393380
958834811
958855006
958746108
958785203
958645040
958790013
958687005
958793127
958450033
958721002
958316005
958610423
958481052
958448937
958764018
958858502
958767013
958658016
958362740
958315096
958716027
958639420
958570007
958669079
958590019
958320083
958412999
958440008
958440008
958606265
959540825
959241900
959321001
959131942
959402267
959373416
959550006
959125636
959143028
959120031
959360103
959318145
959396311
959128356
959140013
959308146
959410013
959366010
959571006
959191185
959565153
959131787
959710130
959567101
959442465
959399014
959714003
959423108
959300178
959459456
959121179
959402267
959415013
959376528
959590393
959580328
959363178
959350061
959570508
959389233
959416013
959141013
959386126
959356032
959388007
959570002
959190082
959448713
959305280
959550006
959340013
959421081
959387071
959419303
959561255
959198005
959406013
959321001
959390392
959331945
959380517
959372080
959311649
959240620
953221100
953250340
953501471
953678047
953458366
953250340
953685977
953704060
953685974
953656695
953702016
953425344
953708656
953669009
953515920
953518649
953521368
953633092
953614002
953458366
953772209
953395137
953398048
953300027
953307216
953302002
953460044
953591306
953537135
953710232
953122811
953594153
953374105
953616010
953392248
953250340
953417137
953787664
953660293
953487106
953607132
953516038
953321304
953350082
953517744
953372480
953687433
953482018
953716032
953361120
953546393
953718352
953436096
953714144
953750102
953774256
953664004
953528011
953438005
953402729
953480305
953491145
953411097
953637161
953573032
953750102
953364133
953494002
953750102
953311112
953632226
953454000
953548177
953450805
953378241
953587120
953740106
953678047
953704060
952071520
952071520
952840106
952450138
952770344
952871461
952558009
952558321
952238579
952569070
952198119
952801087
952509201
952729508
952167198
952732155
952746003
952750004
952742047
952710007
952552743
952512003
952430016
952496020
952840357
952714112
952458017
952855527
952167146
952722038
952518003
952871461
952422639
952758406
952456665
952894179
952730030
952516097
952154025
952728132
952160003
952735041
952151010
952487140
952181501
952890055
952740024
952881004
952536017
952483074
952871461
952748071
952489020
952558321
952743003
952751148
952482525
952410008
952595830
952450138
952474030
952520091
952401141
952538008
952575150
952231612
952214395
952247430
952236575
954628116
954939700
955611111
954939700
954939700
954939700
954100500
955675236
954133004
954131007
954883376
954196250
955852688
955770222
955802013
955900698
955974417
955861513
955802013
955974417
954187053
954790373
954196250
955821200
955704825
955746102
954939712
955783296
955861513
955700641
954883376
954196250
955821200
955852688
955861513
954196250
954883376
955821200
955704825
954790373
954999467
954939741
954885003
955621756
955651111
954735080
955750228
954133004
954018970
955765058
954796307
955731762
954839003
954011013
955734876
954169259
954130513
954883376
955883891
955675236
955900698
955840012
955830313
955959110
954889013
954733003
954131007
955912858
954838829
955782010
954886013
955785020
954013057
954777022
955788003
954199408
954828078
955909075
954016014
955974417
955917513
955846000
954875022
955852688
955885184
954110012
955821200
954849013
954807766
954750018
954858396
954847019
954808013
955770222
955707246
955704825
955996709
954939700
954740058
955756026
955916502
955736938
954196250
954717272
954790013
955974417
955802013
955746102
955815632
954187053
954170749
955861513
954613295
954231902
954231901
968234565
968889820
968657948
968234565
968855913
968501862
968680005
968770004
968550030
968725153
968670011
968337238
968780671
968135695
968336390
968335920
968666059
968171926
968336390
968890495
968477452
968402042
968499395
963172372
963174660
962871448
962780244
963973069
962698107
962300006
961700452
962274185
963164230
963164230
961751027
962560008
962198104
962973003
962810017
961740909
962257003
978782025
962901466
962440207
961501002
961788440
962102004
962191030
962730006
962215007
962350012
962500123
962181002
962240056
962431020
962580006
962700168
962813003
962100064
962510029
962520015
961894105
962517002
962636462
961776363
961470254
962224004
962628002
962290002
961649002
962780244
962550406
962200925
962260004
962252517
962380203
962760007
962698107
961420937
962300006
962770056
962340053
962315408
962837520
962171002
962710008
962805001
962451002
962720010
962274185
962895379
962456006
963182237
961600022
962531027
961738080
961452369
961309105
962850205
963973069
961230609
961201915
961700452
961853335
963670650
963896500
965823428
965921100
965145660
965830080
966553521
965106338
965710113
966919356
965451082
965409028
965700128
965566528
965730722
965880190
965560029
965590068
965726012
965878002
965756055
966553521
965350414
966480104
965610142
965470103
965744044
965530214
965564010
965760575
965570031
965477264
965720004
965474003
965750082
965840525
965490070
965310185
965830080
965630418
966682637
966769143
965729015
965791085
965600090
965653232
965675814
966694600
965710113
965891143
965346058
965145526
965211761
965780036
966919113
964224600
964227081
964224600
964737080
964407140
964407140
964407140
964465010
964428010
964410002
964412169
964160011
964480046
964480046
977571321
964416002
964441002
964431005
964224600
964280559
964310083
964310083
964503380
964300067
964300067
964360791
964380003
964331002
964370063
964420005
964329002
964592020
964592020
964592020
964622427
964696775
964696775
964611009
964600947
964580035
964131399
962610005
964670002
964710627
964141005
934570622
936823030
936823030
936823030
936823030
932983531
936823030
932983359
934570622
938808190
936823030
936389088
936823030
936823030
936823030
936823030
936823030
932983613
932983357
932984066
932983361
932971188
932235040
932235040
932235040
932235040
938147050
938147050
936389088
936530358
938147050
936389088
938147050
937524855
937524855
937690591
937193610
935705559
938465353
937332471
937690591
937524855
935705559
937193610
937524855
935705559
937524855
937193610
938726666
938726666
938216830
938031266
938832178
938726666
938726666
938726666
938726666
936823030
934486653
936823030
936823030
933537973
934570622
936823030
972208650
972208650
972318803
972141107
972256272
972256272
972554263
972358444
972700082
972256272
972740039
972678610
972751136
972314187
972390077
972884411
972774458
972554263
973249008
973249008
973443775
973350081
973640005
973640005
973647257
973360347
973353054
973480033
973650353
973447554
973790089
973313196
973350081
973350081
973790019
973790019
973228444
973032755
973443775
973648207
973480033
973310721
973650353
973660210
973350081
973460028
973460527
973350081
973352121
973640005
973660128
977248050
977237777
977500108
977605102
977249500
977380106
977700051
977368110
977830054
977456003
977331164
977740058
977500108
977601090
977237777
977660286
977643329
974210342
974373572
974210342
974310246
974470315
974540048
974210342
974361350
974361354
974373065
974553022
974506007
974500055
974468368
974250003
974260044
974370004
974380029
974310246
974456296
974543019
974551008
974301022
974501025
974485003
974428282
974502083
974433029
974463016
974373066
974305001
974503001
974470101
974390035
974540048
976688266
974375004
974210342
974361350
974574002
974416830
974300314
974280002
974487006
974301174
974481010
974488580
974570017
974553132
974420004
974253545
974486160
974578153
974478041
974488580
974361354
974210342
974280089
978601100
978601300
978831313
978732226
978800030
978601300
978601300
978812002
978710003
978801005
978831313
978883186
978770040
978771030
978880334
978817145
978851538
978732226
978886021
964185002
978774021
978653304
978820003
978848015
978863002
978856002
978750287
978800030
978805167
978810008
978714002
978670002
978804002
978860078
978780002
978601300
978757003
978857001
978890169
978618761
976545027
976711414
976711400
976897060
976462107
976639450
976677140
976199120
976462101
976563104
976610849
976790624
976840017
976899103
976845476
976842187
976830002
976866083
976824198
976897060
976607583
976793036
976563104
976462100
976639450
976545032
976677140
976105006
976603064
976170003
976160006
976864204
976600717
976144004
976168001
976673326
976689179
976638057
976850006
976893329
974464015
976605019
976140121
976895002
976615010
976165008
976177002
976826287
976675152
948887004
976712358
948888094
976199120
976855121
976770545
976649001
976154180
976143402
976681239
976711400
976711400
948296864
948296850
948580078
948555388
948871519
948296869
948700089
948820073
948168749
948563356
948690006
948336009
948364030
948692005
948310156
948833064
948760006
948730039
948725009
948851550
948879012
948770015
948811015
948780010
948800008
948635073
948580078
948554454
948543761
948844920
948840005
948500031
948893006
948504009
948510010
948530006
948693038
948640006
948880012
948757109
948685013
948861011
948737006
948592090
948890438
948307011
948740007
948750006
948340009
948475005
948670013
948870055
948700089
948820073
948599037
948867165
948630013
948645019
948845012
948884017
948304039
948296850
948310156
948296850
941229900
941229900
941431360
941229900
941277432
945221100
945214700
945600062
946724593
945214700
946720501
945373012
945373012
941331014
945600062
945430018
945359405
945415182
945360004
945360004
945214700
945163568
945600062
946720501
945214309
945163623
945214700
946154711
944331100
944253400
944304000
944253411
946251181
944936565
944253400
944253423
944304000
944253410
946811116
944575390
946251181
946361813
944189364
944934137
944253423
943326931
943276611
943628428
943351391
943894369
943276611
943673292
943781269
943202125
943633019
943894369
943880163
943201725
943627836
943781269
943673292
943880163
943894369
920224400
920224400
920376039
920300011
918630006
920360622
920307008
920376039
920300011
920224400
920342002
920284044
920234203
920382196
918678010
918630006
920244003
920281002
918625027
920245018
918639056
918670036
920364002
920320002
920368152
920386010
920265133
920298115
920348003
918970009
920389112
920360622
920240092
918660030
920261252
947244851
947244144
947546589
947245475
947190658
947310170
947449336
947449337
947484560
947546663
947580046
947590034
947412002
947244820
947377031
947406520
947120005
947386002
947388038
945373012
947170037
947190706
947372018
947310039
947300013
947354002
947586005
947194015
947358718
947395011
947540013
947380010
947174133
947150003
947153011
947441032
947551122
945360004
947361604
947131017
947126011
947244820
947244144
987221100
987253211
987615128
987344278
987456486
987470025
987302013
987536072
987530160
987483513
987667202
987710005
987615128
987370038
987735331
987546014
987576402
987357017
987700082
987460002
987550002
987333154
987656073
987581017
987570004
987310008
987591002
987588002
987456486
987731004
987740677
987780845
987594111
987350486
987544272
987533002
987670284
987762054
987751200
987340228
987376331
987470025
987540047
987200307
987510003
987718004
987300514
987253211
979165237
979165822
979130053
979165822
979892524
979790037
979830048
979837019
979122013
979850428
979122013
979133002
979768036
979802053
979822115
979790037
979606234
979833461
979895004
979880003
979870082
979783007
979780009
979810034
979850428
979130053
979817007
979165244
979830048
979792003
979892524
979879008
979800488
979861163
979770799
979844012
979837019
979827023
923127215
923127200
923408082
923498056
923127236
923127232
923528138
923370016
923526366
923507055
923408082
923287334
923530031
923498056
923486728
923440013
923471002
923473012
923391461
923580051
923415229
923417833
923570019
923591006
923416084
923512704
923555004
923575011
923475002
923542030
923313057
923344006
923484015
923449002
923573085
923526062
923356008
923528138
923200276
923127200
629475394
921421100
921426363
921145194
921413946
921540945
921572224
921553057
921566525
921543028
921522367
921496010
921562191
921586004
921143420
921181029
921183148
921169522
921169189
920311002
920309092
921580029
921506410
921575003
921480410
921483008
921509834
921507034
921550010
921527032
921470029
921171110
921178013
921595010
921426363
921540026
921500008
921198009
975239423
975220350
975300002
975340074
975226250
975373113
976192770
975250024
975300002
975320028
975343006
975340095
975370032
976843036
975380003
975353002
975326026
975325026
976645506
975350046
975376017
975381014
975220350
975378007
983219671
983296666
983725065
983803926
983296666
983552048
983500006
983866002
983699034
983686184
983863078
983611004
983565000
983751004
983725065
983800049
983607004
983780020
983850003
983600008
983880017
983872007
983556163
983680016
983795929
983521814
983270014
983740012
983540035
983308156
983415527
980557742
980521600
980631322
980620797
980557740
980680014
980501020
980610034
980649008
980585054
980664621
980560026
980613021
980689096
980600003
980624010
980588110
980620225
980642714
980571016
980553288
980620028
980590020
980690012
980573055
980660920
980654909
980521600
980631322
942354122
942321400
942605135
942710007
942332269
942671203
942883433
942622015
942540032
942679034
942635033
942700158
942706012
942720035
942779538
942505042
942850023
942605135
942643013
942830241
942828046
942630231
942594006
942500010
942718013
942824380
942776014
942730007
942728031
942646006
942774446
942570069
942710007
942563233
942332269
942818010
942660443
942590266
942810024
942808090
942520196
942595057
942251125
942861146
942225190
942202126
942211172
942319286
942321400
985385800
985119000
985385800
985119000
985570200
985991182
985402604
985641000
985468803
985119128
985823711
985678235
985642880
985704002
985846004
985840007
985570200
985768111
985762005
985620006
985494006
985505005
985870584
985848056
985810119
985845004
985635050
985412003
985850055
985818713
985590033
985764230
985991177
985750698
985627035
985710080
985637070
985770005
985400070
985880045
985641000
985460698
985483765
985583038
985716042
985806327
985630096
985740093
985119036
985414003
985807392
985600213
985725427
985490172
985407131
985820074
985860153
985766088
985830912
985500088
985678235
985816103
985626036
985763660
985796755
985596002
985588006
985628013
985800044
985647015
985784002
985788702
985420128
985634056
985890067
985530061
985308764
985119127
985127549
985321226
985773457
985119000
985678084
985716042
985678084
985870584
985570200
985570200
985570200
985570200
985570200
985570200
985570200
985500088
985127549
985127591
985105263
985400070
985846004
985845004
985400070
985407131
988221100
988235353
988336040
988431480
988235353
988410005
988466522
988421004
988336040
988350052
988440031
988444480
988284055
988434028
988203003
988282229
988431480
988483000
988424071
988290012
988491525
988488023
988458510
988448031
988201042
988463084
988320381
988235353
988337019
988494420
988470027
988425001
988281054
988445029
988410005
988340004
988449000
988462361
988270092
986807900
986607531
986807900
986787418
986866919
986600221
986425150
986565262
986268293
986866640
986651002
986590911
986610452
986665084
986355027
986540008
986753016
986650003
986582072
986548046
986754031
986768517
986360040
986787119
986838183
986331223
986735936
986807900
986750117
986790002
986658156
986580071
986670262
986622207
986600221
986559447
986565262
986565262
986526934
986300142
986644086
986331331
986720252
986787119
986891966
986950802
981230070
981167800
981167800
981704400
981314403
981820515
981581611
981167800
981402589
981405044
981830136
981504002
981673030
981511052
981500002
981450005
981770053
981516212
981887011
981736262
981670203
981480113
981745424
981786073
981340094
981359267
981793011
981605009
981728038
981503051
981720231
981505007
981782146
981470005
981826013
981742002
981885001
981820515
981680030
981400021
981850019
981810091
981714023
981430031
981853007
981860023
981620766
981490006
981880023
981581611
981691381
981486104
981716022
981633002
981849980
981654730
981704065
981654875
981536405
981610067
981167800
981168926
981187297
981167800
981167800
981187216
981779530
981167800
981633002
981433328
981536405
981820515
981745424
981547590
981547654
981547651
981704065
981314403
981820515
881273068
981581611
981745424
981167800
981314403
981820515
981855311
981707493
982508011
982398008
982124194
982360006
982426018
982585705
982466202
982314002
982312002
982440003
982520017
982363302
982340004
982140444
982375002
982501018
982370001
982320007
982592053
982284836
982330004
982521905
982402239
982377003
982500020
982365002
982456053
982332224
982367110
982543147
982342222
982545002
982428150
982390005
982128048
982546008
982364565
982530474
982433083
982465473
982590181
982510307
982561039
982284854
982510307
982402239
982128048
982592053
982284868
982377003
982510307
982402239
982585705
982377798
982561308
982140444
928578993
928320400
928431766
928320400
928592100
928896565
928754111
928851100
928391577
928898006
928592400
928162766
928541107
928851100
928520711
928661372
928890004
928666027
928630084
928830117
928781825
928152720
928624930
928867267
928152720
928896565
928516110
928793800
928536051
928823710
928534930
928460224
928460224
971774277
971774100
971789182
971693783
971194596
971501097
971363297
971552885
971665105
971843091
971301100
971699495
971774277
971526043
971809422
971157015
971787591
971809421
971157345
971789626
971426163
971774260
971160170
971301195
971507530
971363297
971554232
971546908
971648697
971813215
971819537
971853090
971682781
971893147
971440228
971139208
971333427
971398935
971682781
971398935
971821100
971693783
971380299
971301100
971774100
971546908
971600227
971526043
971511059
971160170
971333005
971520007
971665105
971235022
971380299
971610223
971610223
971580090
971322022
971301100
971809424
971301195
971540191
971363297
971375563
971630203
971560027
971809424
971157048
971836155
971501450
971660161
971693783
971865842
971600227
971340502
971330227
971523022
971653081
971713151
971405759
971600227
913761211
971709539
971426163
971774100
971546908
971865842
915146000
915146000
915146000
915146000
915146000
915146000
915146000
915146000
915146000
915146000
915146000
915146000
915146000
915146000
915146000
915146000
