21 6 7
5 6 8
4 5 21
0 3 5
5 6 12
0 1 8
3 5 5
4 6 19
21 7 5
0 5 7
0 5 2
5 6 3
2 4 7
4 5 9
1 1 20
0 1 1
0 1 1
0 1 1
0 1 1
0 1 1
0 1 1
0 1 1
0 1 1
0 1 1
0 1 1
0 1 1
0 1 1
0 1 1
0 1 1
0 1 1
0 1 1
0 1 1
0 1 1
0 1 1
0 1 1
11 3 21
2 3 10
0 1 11
2 3 2
2 3 3
1 3 4
0 3 5
0 1 6
2 3 9
0 2 3
1 3 9
2 3 11
1 2 3
0 3 11
2 3 5
0 2 8
2 3 6
2 3 11
2 3 9
0 3 8
2 3 11
0 1 3
27 2 9
1 2 26
0 1 7
1 2 27
0 2 13
0 1 9
1 2 25
0 1 18
1 2 7
0 1 1
12 3 2
1 3 7
1 3 9
13 3 16
0 1 9
0 2 3
2 3 13
0 3 7
2 3 5
1 2 8
2 3 8
1 2 8
0 3 13
0 3 6
1 2 5
2 3 13
2 3 6
1 2 9
0 1 1
2 3 13
4 4 5
1 3 1
1 4 2
2 4 2
1 2 3
1 2 4
0 0 0