978
9710
2045
3813
3488
8110
6282
4998
5138
6390
7577
9071
7808
1539
2515
7551
8093
1891
3169
4117
3777
3810
5628
3129
4852
1861
3427
9266
7759
6599
7762
5090
6309
9807
8903
6149
4269
1537
7500
5759
4280
1429
4830
8440
2969
7345
5991
7414
5589
5512
1531
5718
9323
3511
8847
527
5372
2274
6146
9484
8873
3908
926
1534
67
6181
4035
688
4070
1535
6448
8350
9317
7630
6790
2286
4976
9133
6052
6917
4646
3935
2635
321
7446
7834
7200
2818
108
3346
8654
5333
3606
9580
3219
3673
2113
3606
4362
6184
5142
7162
886
811
4792
4029
9449
6120
3162
5501
3037
4160
9436
2024
833
6882
9858
8034
6052
6318
7732
4707
8003
1339
639
1222
1364
2753
4829
2078
8937
6323
9240
9823
3486
385
3852
2935
6505
3367
8436
5895
3879
7872
7919
4713
4754
4130
9099
7158
6800
6831
1865
4804
4522
2505
2378
5887
5258
3559
4317
547
6234
9910
6722
9720
295
575
2655
3152
294
1091
9047
4173
5315
3319
8886
69
7449
7985
3580
601
1169
5445
5405
5691
4302
7784
7930
5912
7695
8600
6459
3930
8510
3182
3650
5157
109
6306
8309
403
3749
7357
928
9065
7028
9815
5486
829
4152
9066
1430
5321
4512
6836
7365
5166
972
5295
1079
8667
3895
3890
2597
8757
3424
2600
3914
3533
5258
2224
288
9007
5933
1217
8072
9313
7384
9911
142
1536
8977
1572
3210
9841
4760
575
5008
2084
5870
2439
752
6118
6329
9701
4875
6106
8653
5142
9639
3911
7366
6280
2919
9651
3849
7343
8964
1233
7254
9106
9121
2584
7030
2331
8777
8143
2906
137
227
8777
2576
7331
1247
5258
7033
2474
1364
5686
7616
7355
5950
4982
9987
8869
985
3836
2564
9949
1421
6171
5407
543
5107
8790
2874
3884
6933
5781
4022
3512
910
2950
844
8509
8208
7877
983
5924
9915
8600
9632
5865
9934
9619
1086
920
9808
3
7221
1229
6174
8981
8124
1281
7771
999
1517
1056
3132
5539
4568
394
4842
5412
8903
3050
9641
9886
5327
9557
4838
4959
1774
4773
930
9213
5693
7090
9216
2914
8320
5390
1895
2796
3023
6018
3795
4540
3426
3279
6432
7995
3673
1274
9759
8928
676
9401
5167
2355
5310
5
3666
7084
4778
4597
6297
471
1687
1865
9738
6359
3607
7985
9156
6630
4004
9303
7523
7430
2583
307
1777
2608
7933
1537
1537
8609
938
3056
7317
6248
3061
983
9684
7840
5580
2334
4663
3620
4199
4401
6331
7807
2387
5487
789
2743
1143
4664
6525
3726
4971
8303
2686
9256
6192
575
4218
7130
3631
1535
9730
6693
2518
5766
4533
4451
4452
5548
4423
8652
9950
754
2811
8689
2594
9952
7784
3737
969
4309
3815
5940
8964
6501
1549
5156
7077
5767
8638
708
7302
8368
3753
6172
487
4638
6975
4939
187
1398
9943
137
8505
9106
5178
7451
9059
2962
1188
28
7271
5003
2320
2588
7856
3869
7744
1285
5988
6383
8346
9642
1103
2099
5815
1590
6738
9142
6530
6925
541
2825
3414
5398
1932
8592
2849
7343
7906
389
7371
1529
5392
6043
4117
9600
6265
1862
886
2253
4597
9232
1896
5700
7683
4063
3643
4421
3205
6525
7698
98
9350
7464
1848
7634
6056
4697
4977
314
5086
8700
1844
6830
4744
5961
2783
1009
4175
3669
9614
8772
9253
7862
825
3288
8277
820
4062
1483
7345
1760
7933
3047
9225
9782
682
1633
4479
2011
1948
5918
712
144
9100
5456
6105
1883
2817
6633
1904
8783
5405
1157
6646
2582
798
4923
3402
4860
2758
7099
2972
692
6499
8549
6826
3533
183
7657
5544
8483
3575
6256
4979
2676
1712
1084
4559
881
7717
6464
9665
9475
3973
2663
8409
1123
3938
1812
5983
6697
5263
8956
3741
1762
7505
567
5295
4040
8224
840
8875
8152
3448
3854
7180
5161
1291
1739
2394
9008
4555
8411
4835
4881
1074
3245
6004
1365
1409
8340
8062
6672
7296
8155
4787
1153
5074
6434
5194
9650
3626
421
7802
7075
4276
4982
8588
5567
3074
982
927
3981
9394
2115
5214
6820
5360
1219
8185
3121
9559
2599
9793
3207
754
932
4360
2180
7367
5906
1831
7345
6328
9633
4420
6956
968
3008
2523
394
3991
9802
4375
9737
1917
9590
6557
7277
7161
4743
6750
3072
3694
2896
2631
4449
3828
3343
2981
7547
5602
4812
4893
1930
798
5665
8886
8118
8674
7761
8512
9017
7563
9239
5106
5833
5181
1663
9462
8694
2758
6213
1766
6453
9109
749
7254
2937
4093
235
6837
9695
5048
8082
7977
2198
3747
3215
316
8773
976
8828
7790
4891
4419
2896
724
9601
912
187
8295
3670
6400
6414
6475
1861
3515
81
4798
7608
317
7987
3655
1717
6069
7984
267
9817
1199
583
8590
8527
5763
2733
9771
182
1981
6847
6135
2893
7034
4431
2916
9786
7197
9391
1647
712
5825
2798
4673
6142
785
8328
4211
6855
2665
4478
3024
3864
1413
1614
8744
7176
699
8515
7358
2681
5362
3494
5574
8749
4277
4842
4887
1474
586
2887
8538
6411
2037
3211
2553
2822
7892
3116
6029
557
7594
9053
773
9007
7020
5869
2535
7719
4384
6245
6752
6099
6091
2327
1200
368
7169
2439
8194
7755
1678
6733
518
3715
6296
9423
2890
4188
2539
5271
4745
6485
4325
1871
1844
7697
7740
4379
1768
8477
6977
8521
928
3068
7200
2128
9789
721
919
4335
4829
2598
7420
5347
2665
3717
4771
5555
7905
7310
827
9003
148
1504
7226
1992
5553
4966
2724
7321
3443
6053
2194
4371
9121
9394
2851
5262
116
3771
9598
4945
2721
3370
292
5386
7087
5063
7294
1345
8726
8121
6700
5226
5977
3926
3570
1530
8892
2646
5203
8688
8699
7398
3059
4173
6792
2263
9435
6908
2386
5385
8205
5107
8756
8498
6845
2195
9913
4139
3540
4991
8612
240
217
4589
518
3788
2471
9411
6434
7675
8099
1486
5073
7510
5659
1865
6125
5094
5126
8511
6832
3331
9970
5588
8181
6816
7783
4447
7307
7676
5790
5920
4268
6008
6861
4787
6148
9333
550
8934
7008
5001
6772
8433
8863
2431
298
4989
3878
1776
3500
710
1460
9823
2650
5993
6639
6785
440
3946
4461
2583
6218
5082
4943
3080
9869
1091
8765
419
6377
2125
5420
3150
558
4283
1933
7208
5624
5811
8985
5477
2873
6797
5300
5523
2790
1939
8661
9583
2237
3122
2166
4808
8204
7109
4240
4425
4552
3005
1196
929
5130
6616
431
5688
7252
8717
9248
2876
880
8233
8353
3754
1382
5
5629
4173
8296
4290
3756
6886
3765
5922
1694
8321
3031
5934
2747
3935
5291
295
1216
421
6912
1648
2461
516
6717
8061
9744
7597
6295
4450
7703
4029
4455
3333
8202
2752
3975
8310
9638
7740
4232
7684
2414
3615
9970
5161
7550
5261
5456
8767
2034
8720
6767
847
5588
9836
8908
1685
7433
5203
2487
5137
5585
6942
4822
3787
6046
8797
2098
2036
2890
2682
6072
5304
6298
6042
6817
200
1303
8625
5319
3337
3698
8438
4184
9286
8274
3093
7323
5708
4648
9810
7197
233
6753
2019
373
9151
7168
8823
7540
58
1505
3612
5362
4155
9655
2179
4356
7310
805
6027
7000
4503
4466
7536
141
2740
6981
7465
8448
7982
7275
1997
4567
380
4016
4940
5884
7537
3763
3424
7595
1621
3388
2958
5776
9395
1489
6484
6706
2294
2512
58
3149
6978
7594
3291
9718
928
7108
4519
8910
735
6516
3477
1116
6885
4770
3352
4422
4885
6776
8369
6506
6516
1327
8635
5912
9169
5119
8970
1463
7631
9028
965
4609
2974
608
680
3902
7716
5199
9164
8451
8067
8994
5919
4952
116
9271
5726
5001
2399
448
7860
8916
8127
6495
4828
7296
1614
150
5112
5598
5530
6077
207
4856
6685
887
8759
753
2438
4275
9204
506
3269
1476
1810
9737
747
3889
4739
3147
4337
8951
8415
2464
1798
9595
9761
9764
9745
4873
5362
1627
7302
1922
6483
339
2809
1594
1092
1600
5870
6648
2106
5491
8124
268
5229
5224
4157
6320
4723
8494
1623
3138
7311
3421
2733
7072
3185
8830
8297
4900
457
1951
6822
6940
2290
5983
8535
9734
7583
757
6382
6041
6248
859
6310
7829
2435
467
4149
7158
5314
5772
296
2625
5545
9381
6049
5083
4563
4346
9983
5020
2649
3157
8312
4939
9140
3199
1025
3076
3956
3759
9117
6557
4618
5427
4386
7053
5895
4888
563
7561
7012
7211
186
2558
6592
6235
7641
7507
6933
3976
2527
9582
7133
7192
873
2625
6743
8250
5701
700
2009
4819
3609
6628
6598
7995
33
8845
2883
6949
6406
9896
4160
6592
8806
753
9179
2799
8260
6112
3127
7140
2046
260
684
9271
9237
7427
7521
4939
4479
9531
6110
8088
2511
9060
6084
8896
7906
5319
5845
4312
1567
6
7257
6725
7111
6436
9524
1723
8901
2651
8863
947
9263
5899
219
8501
9679
7740
9792
4158
3623
2254
2247
6134
1314
4683
5031
9220
6354
876
9885
4274
7234
7142
999
4345
9930
6876
6069
8831
9527
1284
6131
5143
7184
2702
9996
6863
6794
9788
7373
418
8394
5972
2904
9708
655
7935
5281
3362
5164
1518
7636
2398
8660
8635
3096
4942
5511
9165
126
1391
449
6257
6534
3985
5311
2882
7200
2105
9022
926
2523
7416
6898
5428
3476
7554
9715
8757
916
1231
275
4904
3630
5287
3539
3078
6582
9051
2243
6708
6794
9044
9317
9680
9382
4628
2562
6582
6733
1584
7508
5609
9000
759
7389
8828
8313
3456
7586
5581
4688
4213
6837
4670
5853
376
7748
2435
5779
9991
9143
2573
5387
4812
2253
4769
9440
1167
7704
2525
2751
1564
4486
8103
2323
8227
6932
6988
1684
870
2569
6372
5083
9406
1042
936
6135
5142
9723
1914
5133
8866
840
6872
30
9445
1642
5822
6965
9346
4700
9716
910
9186
4172
3234
3766
7456
222
5450
8326
9144
1822
9761
4902
9216
7050
7389
4358
6773
5656
5843
1992
2848
2715
2022
2293
709
7845
9258
6407
8897
5327
3670
4435
5851
6904
8201
3307
3478
3651
7985
8974
1825
7746
229
7393
1148
3970
1751
7922
9626
3946
6266
2474
3014
8288
1120
3723
2485
6730
131
1382
8409
153
5818
4260
7057
371
7567
6887
4023
5552
2214
2200
9651
8795
9594
799
2765
7697
8721
8744
1644
4987
7570
4658
9628
8690
4733
8465
1773
1216
6200
182
1369
8370
4443
4778
8741
2010
8018
9116
3915
6584
1317
3566
5379
911
717
4496
8608
5791
3240
6604
7130
811
1262
6758
5853
2348
1576
7626
9916
4128
7809
1286
2498
2252
2416
7591
614
434
6708
881
7018
4377
799
8749
5288
1517
3246
248
7308
2838
6853
4438
3649
