4467
7549
5855
6815
5477
3481
6732
9605
1290
4370
8455
9894
3138
6046
6861
3573
9106
4094
6943
3483
4894
2045
8771
2763
1643
9020
71
4481
2225
861
4483
6692
4762
338
9860
239
171
6592
9844
1462
7314
8299
7708
452
698
921
377
9804
5016
3673
3288
6262
2070
8411
9025
3713
7431
5448
4546
9656
2661
9029
2701
7424
5719
2561
4015
5891
5505
212
3705
9171
8511
7765
9623
5561
8687
6353
5366
55
6378
8654
2669
8448
7065
8046
8513
849
9846
3059
6857
2507
8441
5910
6283
4160
8471
6651
6403
3976
6863
108
3147
1726
7874
9123
7288
2913
1828
2654
9320
8206
7660
1989
3006
1077
35
7871
8278
9881
930
1488
8740
5723
7398
1376
6236
5870
8027
2639
6198
4890
9100
5698
2968
3326
4821
256
2591
6649
9262
1911
1207
6922
3900
565
4352
287
8436
8982
6520
5718
470
1612
1442
7869
2988
7678
91
7367
6669
2641
8609
5769
8339
1578
9095
9512
8186
8038
2513
7449
9949
72
723
201
637
5075
6840
9073
410
3360
4792
880
1325
2586
5101
665
264
1544
8033
6933
4186
2994
9055
8877
4572
4502
8390
9111
2541
903
6560
2490
976
7283
2692
7965
8711
9532
7039
9121
9245
8183
6353
6922
769
1455
7587
7385
2999
1972
4318
3537
4967
9725
2415
5891
4228
805
5002
6769
8060
7914
5611
9036
5198
4655
7002
261
540
393
5734
9785
4928
2087
6707
5697
9894
646
3082
2894
2619
3752
2783
7586
3478
5198
9829
7706
2355
4832
827
416
2746
6438
5804
4296
1094
9158
909
1634
9551
6643
7771
4479
8731
830
6528
8625
1476
5962
7871
4095
9715
655
8033
3193
2205
7863
7251
4561
2695
8078
4977
1793
868
781
2442
1962
6292
3351
9948
2195
9995
7719
3027
5078
8549
9555
55
6378
5518
7927
473
1585
4934
8507
4778
7139
2722
8381
8052
1769
2811
3029
3562
3679
163
2356
5642
2807
5708
1942
5002
5703
9662
8029
7133
4563
7585
7188
941
9455
1467
7767
1040
2753
2626
2170
6245
5348
6903
4297
3469
9714
3679
7031
3393
194
5740
5387
3001
1448
7330
8003
3503
3344
6033
636
7907
9970
4176
5201
5777
5644
2968
6817
4749
1946
5339
994
7294
2242
1644
763
8308
5323
4146
1701
1869
9886
3441
4870
7686
7123
9225
1189
467
5258
8177
4726
1580
2354
9927
7357
4350
9247
526
9099
1193
5865
6446
4839
4459
8090
1954
2767
9765
2453
821
1634
8691
614
6504
6378
7737
5729
3919
4556
7340
2097
9282
8920
4451
9210
2630
5153
4809
3156
4252
6003
5374
698
7194
6185
5140
9149
5305
4905
7954
2478
6539
6645
3092
3043
3023
7181
5125
6943
1737
2465
5392
1019
7737
6195
6581
367
1348
1391
9876
5600
3746
1602
2651
940
4139
7791
6441
9444
2697
4395
1922
9236
1041
1366
8632
416
8547
3757
3711
284
2574
9103
1304
6663
5298
4237
7031
6646
5628
3259
8599
9374
1213
1250
6667
5352
5393
3108
1149
8090
3856
3071
3679
4897
790
2311
1665
9337
2420
5377
5974
1346
832
3630
8009
6131
7867
1392
9129
3496
4651
4080
9222
2216
1682
5889
7569
7076
5350
8718
1518
5558
8141
5197
455
8931
3860
8472
4621
2632
3849
595
3978
1034
4225
1988
7165
2092
3380
2646
1940
8032
3079
1163
6600
4761
3404
4169
1837
5106
9239
9708
664
7381
4905
7471
2664
5118
5944
7285
7750
6145
7880
1729
7179
8457
3717
696
550
3449
3343
2490
7833
6422
5
4434
7535
9762
8603
9373
4868
4195
5433
5533
1576
338
9356
4240
1808
5300
7878
5911
1446
2110
7640
8625
568
7709
5674
7470
1158
9017
6312
5344
1791
2670
9778
9326
2432
4733
5051
7300
8928
484
9185
504
7175
8542
1097
5335
194
5327
1246
1640
7437
5238
6618
4357
2947
8644
8179
458
7661
844
5802
5804
3514
1932
1482
5946
6665
2886
9598
5594
9722
8784
2450
3249
3678
9899
8585
3872
5226
6183
1865
9016
1422
4835
9725
721
3479
4257
1179
7492
5101
3333
9648
8615
1617
1130
4561
8283
368
4159
229
6443
9295
2679
9692
9325
8931
4629
3198
509
813
1415
5877
2235
6250
5603
9308
6081
9860
488
3573
4961
173
3221
3576
1791
703
4489
6426
7424
5000
6655
3867
648
5686
9911
9973
4617
4541
9523
5127
1706
7290
1004
293
3540
2959
9601
5973
2819
6441
9546
4132
2967
9119
4060
1110
6175
4901
7536
9951
6254
543
170
6902
6229
81
3227
847
974
2751
2326
9032
6393
9682
9325
9934
2642
5279
2259
1813
1720
8158
2298
1039
3629
6358
2149
9804
1260
6037
6107
3866
6580
6277
768
2810
2711
3995
9
3685
3098
8687
2718
9492
8369
8395
5778
7363
3674
8037
9177
1747
2547
1475
2786
6177
4185
1288
5981
1797
7325
8441
5663
258
4718
2783
3068
7429
3131
9429
7467
6229
4468
6537
2073
2837
4932
4203
201
4959
8593
5730
6706
1140
7205
5844
7317
7742
3484
9651
9540
7162
4444
5203
7420
5514
4339
6840
2944
7470
2621
6763
51
7089
3300
8477
9926
4584
2680
6479
9543
7625
2209
2601
5118
5766
4798
8787
3509
8282
4790
9401
5444
9234
956
9216
4749
5295
6056
4045
2765
8677
7160
2817
5766
460
1294
2045
1396
326
8524
940
4304
7086
9893
9422
9204
4691
4561
9065
9326
9352
8466
1122
4938
5775
339
6039
1070
2747
84
188
1425
3596
3005
3543
4056
651
1940
5453
977
6817
2745
5281
3903
2638
1055
9459
3682
5617
8525
3008
4969
6991
4130
6259
2766
821
2299
189
3569
8735
377
1346
2332
3382
1241
2740
385
3182
4545
1362
9999
7290
2996
254
6281
4051
6065
9963
9668
4590
9323
989
7934
3453
3601
700
627
5900
7241
4196
987
7618
1894
3319
7352
3135
6060
7737
6317
605
5452
2668
4248
8448
9274
529
2499
5340
6844
8520
6282
6167
5861
4216
5972
5814
1269
6599
1714
8510
7147
2702
2481
9041
2373
9833
2177
8433
3923
4846
5391
9375
3867
9639
7823
9493
6520
6674
1185
3364
1546
7468
5883
3760
8036
8207
9574
9305
1159
7641
4168
8306
343
3001
3700
9068
2834
2229
7502
3109
7075
9245
2484
7294
8884
6659
6788
1756
3334
4325
1472
1232
8145
7355
4992
6182
1914
919
1839
3073
8560
6007
7732
5255
5360
1432
4323
8195
3661
8177
1304
7088
7422
141
4383
2658
6800
7523
4414
6486
8200
2238
4071
6346
9593
9063
2528
7860
6334
719
933
4894
3079
8665
149
8439
6449
4473
2986
110
9002
643
3551
6425
784
4286
9083
3936
8161
9850
423
6361
2088
846
9059
8034
6261
1587
5894
2596
8659
3179
7490
1738
8197
7640
177
4646
8465
3164
1109
7467
159
4660
244
943
5298
5680
4879
3459
5530
1654
9820
3970
2500
5232
8356
8762
6819
602
7710
1830
3782
5200
3568
1979
9192
98
2977
4009
9614
4086
7829
9773
5098
8073
716
396
3753
1947
3855
5635
9954
28
5958
8806
5260
4314
3920
8431
4917
1630
262
5051
6831
182
3382
2375
6632
6359
6385
6246
446
4214
6019
5544
2287
3087
2293
2393
1387
6148
4380
7693
2528
338
6499
7788
1005
6772
2572
2274
8402
9186
7325
1585
9368
7059
313
6001
3418
6698
8599
216
7264
4619
2113
5903
4058
4406
8296
1797
554
2677
9490
3083
9367
2342
7223
372
9114
6147
2646
3868
5333
6323
1806
4702
3382
2119
7055
3153
5169
5654
3369
2433
6625
5482
8336
7036
9888
2985
8833
6795
2014
4676
6230
1381
7018
9805
8106
2484
5953
7104
6352
1286
3428
4510
2340
3162
6629
9395
2667
1798
1402
6037
583
4379
7871
5272
1415
4112
8257
249
907
271
4925
3489
8004
8295
3294
6110
779
9247
3215
3483
534
2995
4346
2874
2509
975
8622
5177
9126
6376
7566
6061
755
1789
1333
2171
5901
9590
8772
3160
6213
49
3001
570
8344
6296
6680
5475
1895
6247
5310
2429
5594
9656
1656
4456
6984
6630
5985
2462
3006
3551
8523
113
1692
6209
2284
3946
2151
7408
3458
4717
7457
6460
5287
2153
9108
1967
3980
1003
4567
9291
9785
161
5299
7793
4617
2283
4423
602
1097
3781
505
5973
3894
8550
2182
2531
2496
4333
9939
2306
9050
7397
8766
4337
5902
7874
2657
9883
5230
3576
9174
5015
89
825
2808
4707
9461
3583
1661
558
3716
8519
6531
7610
7069
5065
6493
5917
5751
6433
8223
4801
182
3342
5491
6084
7568
4500
5967
2798
8076
1493
4165
8165
2319
3325
9224
8132
3260
7238
8690
6976
5757
1574
939
9178
2991
7432
1447
8742
3865
6022
9896
4047
9364
1739
132
6933
6239
2451
6083
667
297
6601
5184
2616
9926
4409
7100
3187
7999
2142
163
108
3716
1102
9286
3060
8535
7085
1802
8752
3107
1698
9152
2472
3437
9284
5757
6028
8087
8192
6695
8384
4793
8232
7352
4720
8993
4452
4259
6992
6595
774
7100
6663
1877
2738
9723
6764
9823
7878
5516
2930
5928
1020
1754
5718
6656
7511
1746
4744
5704
4794
9480
497
9378
6833
1569
8371
7637
5828
5363
584
6603
2463
7248
4832
5201
3323
7948
1376
7553
9816
4306
3482
837
2413
5552
7493
9924
3650
2237
1980
8444
1718
8830
7822
4903
399
2545
2540
2580
7908
3125
5535
6723
6725
6719
8276
6400
4667
9652
3954
4483
311
3788
1672
2724
9340
9166
9000
2990
7755
981
7787
5825
9811
1961
7080
6562
4507
9621
5494
8767
9098
7381
5491
2175
4100
119
8575
5119
9772
8881
5955
6435
9021
7627
9159
8361
6793
4511
7704
901
5492
1843
6726
1655
3804
159
4570
4663
6132
64
3431
5230
7446
5274
3757
7898
5393
8684
3018
1517
7566
8973
7952
6587
6600
3463
1301
9746
7975
5357
6999
9819
7200
77
1475
7356
236
2397
2020
6368
2461
1803
7950
6259
3429
1707
4158
8822
392
3528
6692
4310
2501
4644
897
5453
4460
8550
5199
8787
3907
2198
8606
7459
2276
6433
4816
8864
8830
6836
5233
7644
4991
3183
255
8420
4891
765
3594
1635
4293
286
5945
6794
1283
3194
2248
5743
1745
3799
882
2004
2350
9488
9464
978
2274
632
9842
7456
3820
1427
1452
8811
4611
1708
3583
5854
2473
7177
7489
6767
3816
3434
9913
5099
2980
2161
7194
1077
2313
8076
3082
4663
3916
8898
1993
6190
5882
1835
9999
9702
3263
1451
4865
4226
3159
8448
80
1985
1977
3921
8752
5793
3707
8665
7244
6687
7179
4438
7765
9492
8866
7199
507
2783
6097
2500
5325
1979
687
5324
8033
302
3128
2898
880
2639
7698
960
4624
6027
4881
3376
1821
8588
8394
5417
1628
5573
9856
9393
1417
5074
6592
8276
7857
9041
7128
9535
7372
4167
4859
5405
4470
4339
4655
5350
6979
2353
2663
1603
8380
3896
1332
6553
8837
6078
1971
465
8003
8179
9858
9420
3253
2802
4048
7463
1843
1176
6998
9215
5343
8209
972
6165
2549
5627
7868
9528
4332
531
7483
9064
779
8815
5618
9616
4893
3941
6433
2896
8472
2643
8668
1725
5445
9068
5540
7288
244
2538
2855
1940
748
3827
4457
9649
9454
2325
9177
138
9208
3012
9203
6340
8180
4821
5956
9425
5114
2390
2322
3586
5033
7342
1663
6831
6411
7204
4119
3007
6094
6975
1299
3194
7154
5757
2843
6609
4434
8372
3099
9995
1385
2302
6335
9565
7123
8643
8990
8589
1033
7664
8527
2419
1359
191
9250
4122
3747
9721
3481
6193
3048
4781
9388
203
6890
8583
3164
7676
6956
6263
7671
4693
8566
358
610
2041
9002
5952
6983
6387
9969
5510
8806
7680
5701
4408
1802
5800
482
5283
1994
3530
6416
7734
85
3306
6317
3249
7335
9625
5865
5006
4318
783
5365
1280
2824
4367
3585
9807
754
3554
5318
5913
1234
7371
6673
9388
9524
7155
1023
1518
7038
7440
5604
