7123
7098
1921
373
4433
7899
2590
5792
8569
3373
7509
9850
2549
8228
3435
2357
5334
3341
4027
7599
927
7750
4273
315
7274
7780
7690
5144
4818
1482
748
1942
8581
9022
8667
9366
6921
1257
1510
5490
982
9019
1692
3531
3599
1479
2240
8934
4820
6267
2885
2099
370
7158
8766
3996
1291
6457
5493
6109
7939
2593
4403
2872
1615
3070
8591
4888
679
101
379
8013
5473
8423
1545
9072
9903
3785
4358
1075
6405
7244
3175
6775
754
1941
7123
2045
8398
2616
8155
2690
5210
8910
5562
3177
1981
4153
8066
9012
4255
4797
7026
6080
3220
4923
1504
9475
8708
5863
551
5113
9459
3726
8240
6565
5667
1716
8611
418
4332
3118
3108
5894
2028
8670
9072
361
9176
7138
5726
3431
8287
2752
5863
1507
7675
7367
983
2735
9582
1534
7849
9041
1612
2441
5607
7279
4157
570
7697
4842
3688
7157
736
2068
5828
9808
2430
5004
3298
8156
4787
1585
7260
650
9445
1287
4369
6780
4022
3952
8314
8223
9345
6278
7017
4952
3557
1174
1874
7607
2368
5562
4764
3105
3983
6944
9265
6413
8300
2564
921
9439
4149
8181
6441
9946
9468
811
6726
9842
4763
1392
8066
4108
7670
5083
5413
1228
2609
3639
5187
4978
9202
6303
8083
3185
9600
3700
5950
7900
6264
6871
3692
6766
1404
133
6712
7224
944
3439
7066
2059
4831
5132
2520
2502
6567
4285
82
9177
7924
1621
4155
7126
7924
8590
6663
3876
2290
8965
1777
4907
2188
5469
1673
3592
1954
4737
816
2899
8176
4235
1310
9360
9367
3830
8214
5935
8115
4648
1464
6040
6269
1971
9518
545
561
2534
4422
9203
1499
2551
462
3688
4372
2135
3632
6326
3225
801
5577
1401
5036
6888
7113
755
718
1679
6690
8834
6327
4506
1226
8948
6477
744
5846
3390
3278
268
8946
1130
9171
9408
1170
9895
7896
4802
6221
1121
1955
1799
8874
6991
5039
5988
7747
2109
7667
789
943
347
1648
8521
9295
8125
9266
1493
1516
8896
8113
462
26
7284
9870
7548
7179
7766
2351
9753
8887
658
7904
7762
4002
2943
102
8101
5052
4121
5242
2348
4468
6890
869
116
5016
6487
1609
6532
5384
9723
3346
1762
3359
9568
9311
6891
3687
8014
6644
2574
8672
4548
6688
2674
3843
3142
7127
8895
7264
2370
7595
8084
9260
8465
4552
4276
1304
2514
7160
3040
8589
506
4803
1948
6427
4114
8839
114
8480
1835
9040
3504
6383
5729
6179
226
5223
9658
5474
2487
2028
3069
6924
1289
7886
1476
1917
5543
3990
9078
8583
8931
5936
3386
880
2363
3852
6071
2477
2332
7907
7870
5837
642
3599
8368
7221
5174
8026
2695
4014
6407
2116
938
7696
6355
8766
9613
1898
2757
5043
481
8040
980
220
8920
9695
4072
1344
8525
2757
5603
6395
4946
6245
6346
3314
3466
1520
7692
2513
5534
451
982
2824
8147
7337
1591
4113
9235
700
5508
6068
8740
2840
6288
4013
2536
6713
5357
7413
9470
960
160
4416
3557
2858
4082
3376
4378
8126
2241
6265
8578
3223
9089
3077
6912
7032
3542
6147
7732
9051
8568
6473
1891
4856
486
779
7921
2195
4544
7391
3155
4704
8159
3064
7562
2241
6440
8293
6720
8682
910
5298
8257
6351
4727
5170
3384
8270
7669
1116
7321
6237
3941
5564
7446
779
6344
5367
2974
888
9111
2481
1945
7270
5546
9507
5864
1986
7800
2584
7020
8710
4234
5278
5062
8961
448
4798
7231
8117
5914
904
707
6208
6469
8153
6987
9165
9872
9962
6405
8983
8795
8350
2606
4341
7858
8470
2680
2010
7406
9700
7073
7992
1330
8487
3305
8130
3285
6889
6248
5551
7793
3307
8111
614
7812
5099
9779
7684
1413
6185
3020
208
4535
5626
902
8745
448
3582
7108
4206
9634
4181
8550
965
9020
1855
9095
8657
8744
1695
560
2890
1354
8672
3504
9166
123
9636
3203
7888
2173
6223
4448
3060
8201
5350
1806
5001
5284
5266
9207
4919
5799
4109
2236
4819
5964
7683
3476
1061
5731
388
303
7085
9060
3807
2604
9183
9795
5807
7071
1968
2030
1520
5029
6583
6870
3187
1584
8507
8453
7143
3426
604
1252
2014
5423
3568
6049
5251
4629
1780
5639
4932
5218
1052
5092
7822
235
1239
3629
3659
3208
2011
5179
4589
8594
8401
4128
178
6908
8933
7321
6686
9537
4925
5052
1312
8493
1102
2915
9475
2882
8554
4407
4452
5958
5851
2274
6194
7091
2255
9853
6651
4266
1384
7592
2860
9785
1720
9390
3046
653
3063
6084
6542
7988
1137
7854
2834
2239
769
2309
1473
5675
3068
5926
1634
8920
4552
4180
2363
6808
4033
9014
7426
1769
6606
287
1554
4678
6029
952
1683
9093
7037
8225
3433
8174
6079
6267
6765
3200
8576
8238
8875
7997
516
6861
6917
5069
1041
5632
1877
1426
4646
5655
3195
7604
2294
1102
8634
8324
2054
317
3769
5443
8542
7202
9969
973
3470
6734
4173
8398
4973
3048
6395
1841
6262
9664
6910
7303
5296
5139
8730
6294
795
1925
250
3089
9379
8884
1413
1434
9201
1534
3229
7743
8737
3199
8716
8559
9933
9241
6957
1258
8642
9705
3100
4904
5721
6362
2207
1018
1502
7289
3664
8649
9215
267
1738
4946
9151
9504
2732
4705
1038
5962
8800
6127
9161
3869
4686
5446
3110
7996
3057
1752
7701
2509
3008
3422
8871
5216
792
6725
2505
809
5374
8072
1076
3465
3019
6579
9321
2103
1284
6711
8065
6437
2839
3578
306
3877
9025
9768
1873
8434
7873
9574
943
881
9349
9814
2449
141
6540
4955
950
8266
9379
8378
1731
8750
4958
7404
854
6242
4116
5271
2679
3307
8850
9337
7184
4227
9106
9058
2661
6979
4984
3604
4212
4333
9770
6662
827
2662
7969
8129
929
7348
6508
9012
2451
7818
6417
3305
4060
6885
8576
3092
192
3778
8781
7376
8005
7887
6434
7018
1218
1419
622
1783
2104
6745
8445
9283
9407
6414
7413
6688
114
273
5701
2565
8091
8470
2222
8503
5355
799
7947
5547
929
6729
2923
8935
968
5710
5953
8539
3481
2928
322
5585
6025
8767
1221
1784
1533
8634
8473
1647
5259
526
4213
9702
8996
6435
8205
4351
3586
2505
6250
4516
5586
5525
9803
6554
1235
2108
1445
4716
1388
1767
6654
7413
6886
7875
9198
8419
2861
4023
6419
4472
4549
632
4174
3545
3419
8731
4248
7006
1236
498
7874
3174
2375
7677
9729
3611
6137
1174
4679
7526
9294
1333
1291
2532
5560
489
7304
4773
864
3723
9245
5413
707
9771
5310
4126
8503
5910
7484
6091
2760
1710
9266
5136
5739
5347
8747
1877
2873
3426
5755
8519
1112
7046
1052
3024
3888
4708
4150
4752
4783
3395
6518
5490
9519
1828
5968
8022
7739
9805
465
499
1515
6083
5635
7255
7782
734
5484
656
513
1239
5527
7977
8285
2931
7353
2173
7639
1503
3278
2422
1251
9796
4264
770
1624
233
5144
5715
6390
5609
2567
7905
8045
4554
1512
5827
1641
3348
2835
2154
4587
8363
6483
9225
1294
3836
7750
5286
5340
1028
7708
6591
824
1973
3713
8801
8558
8857
868
4948
818
3435
9205
8863
4342
718
1043
5983
4066
230
8137
5006
4945
4620
4231
2592
4808
1981
7878
148
3010
5586
3091
186
3911
3156
5339
2469
2013
6208
3769
2832
5995
2975
8047
337
3693
5442
6320
4111
5673
809
9117
618
1781
3348
3210
6590
1682
7440
3090
1044
3027
2534
1230
3290
5690
2922
2112
4056
9130
5881
6888
1477
8856
1287
1815
8901
6730
4487
3013
8755
5297
8482
5725
7078
8183
5288
20
9865
2728
3111
909
2107
1997
2139
5398
7687
5061
3862
1743
543
9743
4983
2021
4952
2623
188
3853
5705
4675
3218
4460
6324
8053
6537
9755
6236
1825
9775
6101
906
9238
7010
3013
7587
5501
4763
5275
6915
8625
3370
3810
4721
4706
2183
6025
7329
2371
6230
3034
3399
5801
3846
9723
3854
6735
9478
90
8561
5606
2543
9467
1196
5905
8832
8784
7758
9948
411
1025
4925
3781
4836
9646
4839
3371
2023
8520
5743
8254
7906
9142
4055
1752
5217
7909
4840
1048
4351
3401
6654
6894
9220
7850
9151
4404
2986
6909
4352
3397
7935
9278
3531
9123
5276
8370
2494
7300
6891
4589
5554
4797
83
5961
2902
5301
222
7742
6349
4573
7495
9355
7819
3067
3557
6970
7471
6544
231
1824
9941
4518
7454
3472
3641
2730
1843
2488
6382
5086
3429
1936
6235
3513
4249
9137
5166
4471
3231
1515
9044
726
7222
3215
3793
779
6537
7617
7323
6769
9441
7265
7639
3247
7089
1281
5977
5284
121
2360
370
3550
648
6606
3415
4898
2095
8581
5721
5327
6448
1118
2405
3670
4333
2551
4450
871
168
8125
3992
5961
1742
1631
9208
8832
9264
1537
4116
5737
249
839
5640
7250
3797
9055
8500
2244
7637
4221
3923
4085
5339
6329
7756
6025
5232
8558
3248
5400
6683
7240
7713
4778
5223
3273
3610
840
4810
4078
6577
1412
1269
2217
8662
5066
1273
3514
7311
5262
7735
7586
9347
9427
267
3455
5452
5499
8365
5052
7251
1401
8644
4964
6179
3867
8237
6141
1059
9400
219
7637
812
7841
6206
5826
2907
3831
9340
6570
9093
3427
509
4793
9206
776
4600
1010
6276
2966
6062
3527
719
4706
8492
6898
4926
3081
3039
5985
2481
9610
9974
9645
3803
2533
1823
3063
6364
1163
9633
1810
943
6494
2955
149
7271
7555
1160
3547
6873
7222
3426
7592
8281
8270
4490
3207
1352
3881
5544
185
9844
1871
6183
3647
4404
8006
6710
7120
5522
2696
5282
6465
9190
8237
6614
2813
2145
4126
6360
9018
7701
6139
6611
5982
4409
7453
5541
2113
7687
7437
8651
7531
9308
4834
7530
64
2840
4241
3537
8362
3289
5171
4827
2479
3409
7794
5293
5554
8272
8005
924
5973
4144
7535
1955
4906
1341
3848
7019
9028
1286
5670
6559
6946
504
441
3363
9697
4682
3252
4411
7971
8423
5591
6803
8184
3385
8448
90
1657
2805
1015
3983
3302
4902
2290
8208
6243
6139
1579
1623
3777
3602
4534
7075
4106
4976
6790
155
9658
42
4567
3982
4818
158
7137
9354
9895
1937
9445
7904
4742
6812
1887
4396
1714
4178
2604
4310
6669
536
5933
446
4138
468
7521
4596
5444
664
4752
1454
706
5671
1788
1876
5829
8925
1231
5724
862
676
9980
1957
3840
1868
6353
5554
2398
5310
6216
9067
5846
2150
5865
6336
8970
9738
932
4414
402
5684
5868
7461
1355
4009
9337
3536
2934
568
5612
149
7596
5593
8458
1436
3813
1163
3343
2563
6473
9559
7982
8671
8061
3847
5007
7031
9937
5940
1445
340
7976
3666
4153
5684
7675
3490
9220
6961
411
1185
3462
4359
6778
1920
2148
6943
3084
5491
9506
5909
1402
7488
933
9464
7687
5940
6495
7624
8232
4293
4316
2561
4311
8469
8245
1986
8312
3817
5299
8723
5002
8762
9434
8132
7034
7934
5075
118
3425
933
2380
1180
4773
3313
6996
8812
5605
3491
6437
3838
4136
7105
6399
8447
5575
4644
6785
3887
4813
2085
8962
9816
7199
4748
7948
4233
2683
9376
704
2460
6661
3084
3640
1435
6397
6988
247
2002
480
3036
2192
4616
142
4943
9416
2069
5939
6201
2308
753
8286
7622
569
5485
8722
4869
6071
1405
597
6775
218
7259
6211
210
5046
8960
7199
1645
7314
7679
1034
9507
8647
1176
4450
8063
9597
390
4265
8257
7495
8903
5879
4416
741
4601
9285
6812
2359
6235
9939
2577
3494
6150
2787
4892
5110
9986
6537
8776
4017
7571
8283
2665
5099
9086
7080
1048
5828
7697
9305
3323
6601
5184
7739
3694
6138
3376
6858
8497
9611
3149
1074
9457
9299
3861
701
761
200
7239
9537
4217
1162
4173
3234
2614
9611
315
14
5439
8012
9320
5114
965
856
9205
1011
6994
8933
7869
5491
4897
1018
2917
706
6669
3131
1408
3782
3331
4999
9672
7548
6161
3845
783
5127
9808
7450
5142
1599
1814
4462
3065
9132
1670
2270
143
8665
7555
8013
508
2452
5383
9778
3159
2053
2909
4567
5835
2592
5918
5507
140
8431
5704
7275
3559
1864
1077
5053
3463
2892
5867
6528
2024
7537
5150
2167
2554
2706
6532
3063
1510
1916
9193
4669
321
2102
5588
6156
4694
7858
8016
1186
6290
72
4814
9849
1937
2243
4902
1752
5135
7121
8281
3511
4658
3431
2031
7213
2489
8563
6628
4000
6831
5821
5021
7152
4275
6962
9661
5321
4820
4029
2859
1110
453
4025
7311
2390
6269
8565
4143
7756
5686
8776
7620
345
8559
9651
3910
1049
4566
6890
1401
7750
2711
2774
4902
3338
9736
915
8659
909
1296
7870
8371
1750
1896
5683
4140
4517
4248
4635
2273
6287
9763
9893
2984
8323
5896
6894
5724
463
3784
7125
8213
2847
9899
9467
6185
5988
6735
1196
6897
8031
9066
5268
9781
7314
7303
274
1831
7904
4909
457
4191
4673
350
7175
9348
6247
421
5072
3062
557
2197
7627
3404
8448
3446
5941
4436
6533
7137
7685
4565
2555
2954
698
6222
6609
972
8053
4513
2234
8510
8704
