3259
5213
2231
2607
7812
2652
7679
7226
9561
6228
4853
2965
4676
4651
8906
5465
1185
2395
3150
5750
1303
2456
6448
7525
9066
7421
1930
3579
6007
6793
8636
9266
2006
7219
1873
6170
6224
9552
3396
5785
2132
8249
8751
6808
2900
4009
2273
437
2757
1776
6187
4060
4232
8988
7937
3298
2761
9867
6878
8768
3012
1866
8034
5018
9085
6259
1188
5309
2163
936
1095
4295
9185
6198
7455
8438
6559
6081
8875
9316
7857
1415
9728
2089
6755
7665
5388
9516
3885
8618
4636
6897
6836
9022
8268
5921
5281
5808
1231
3796
6745
8678
8091
2282
4876
1898
7072
1435
7979
2300
7104
5836
67
6832
7926
6822
850
9666
2690
1087
8284
7326
4336
5120
2700
8956
7393
4333
4765
4976
8129
7862
3654
2572
144
4882
4470
3569
2670
2450
5869
6126
8286
5936
2958
2564
2758
160
2230
5448
1247
6866
9126
1936
8338
8178
892
2084
2511
5657
7060
640
9871
7067
3212
16
8301
7682
9937
7323
6484
5806
3449
1123
1742
2760
3687
852
2920
2270
2652
520
5488
1778
2456
179
6308
3348
2263
8819
5358
9323
9459
5229
2742
9023
1597
1044
3057
1534
8367
9542
7340
1817
665
5434
4577
704
6286
3849
9326
8938
4369
4815
7068
3177
1346
3376
6526
3609
2195
1884
9284
8006
3465
2027
3381
5063
9423
6439
6597
7790
5981
290
5959
2998
5724
6888
54
8363
7090
9381
3653
1459
548
722
4637
1894
450
7515
5503
8998
9399
1139
3356
9216
3166
6738
4279
2589
3177
7229
6732
5510
7519
2691
4860
9595
5932
4914
4310
3022
647
7964
833
1195
5038
1822
3089
5488
9337
4944
838
5088
6084
4195
4305
5602
933
4936
8192
462
2165
1276
2324
6036
319
7184
5632
6251
2098
9942
5625
2746
7906
6459
293
2944
4633
9735
4785
3971
1031
5623
5411
7115
6170
6068
9070
3455
1005
7262
3917
3170
8538
6241
9207
8857
9777
1191
1461
8228
1133
7086
7326
5392
9897
7619
4688
883
7354
5825
4854
4738
7801
6617
1853
3971
2686
923
3779
3691
4537
7696
6861
9427
290
2420
4637
6419
3611
2450
4647
1097
5888
1973
6489
5786
9593
7529
3021
3299
3355
4227
8037
1156
844
6243
1479
9882
3518
5258
3573
4408
9307
6787
3835
5949
9207
4824
2368
9171
7274
7016
268
3163
5341
6757
5301
1286
638
8322
4586
3993
2549
8975
1501
9745
1570
9333
9628
5089
943
9553
5849
6602
6340
6036
8903
1900
861
1272
1071
4487
4640
1339
7650
6333
4448
9303
7620
1438
3977
2206
1784
2878
7533
3285
8976
9104
8970
8604
545
6266
8157
6394
2868
850
2430
1772
2750
9643
9396
173
4131
388
7864
8133
6721
8664
3789
4341
102
7766
2899
1886
6997
433
1524
5973
5889
6846
929
2786
3112
9086
5532
5981
6288
4314
4105
5390
3958
3501
5563
4441
3889
9779
2574
610
8443
2715
4952
4898
6834
7851
6784
3831
4636
4660
6156
6877
1507
7085
9663
971
2523
1547
3304
8812
5862
7409
554
6172
910
2470
613
4799
2249
9539
1762
7045
2255
3066
1943
5441
7269
5079
9272
8258
6092
1780
5135
7599
8865
1151
4922
7740
2698
8227
2904
4912
5636
3459
1084
6547
5929
1697
7698
4530
7589
5812
1575
9844
8878
3518
5285
6148
4950
909
758
1042
9041
5893
4993
7906
3396
9915
1998
6095
8142
4903
1007
131
4714
8444
3030
643
141
728
1525
7730
2893
3101
3926
8123
2971
5563
623
7921
2824
1381
5315
1865
7275
308
6123
671
224
8122
3118
4718
9377
478
4849
4091
8922
7879
1086
5415
4960
2611
9498
4205
2064
3424
2328
5036
5340
2952
9309
8164
4333
977
6382
7960
1285
2505
4984
7861
6979
8102
8932
6356
4932
3781
447
3854
8013
7885
5622
9325
497
5120
3530
2561
4896
5858
3949
236
5162
9611
4753
9496
588
1135
7456
8225
9992
8792
2439
6972
6895
1371
9680
8179
1504
128
8386
5869
4365
4008
5194
4862
9128
5076
3776
4024
935
4077
613
2449
40
5366
1945
6980
2853
5754
5206
2845
4546
7645
6169
7793
5368
5850
2325
6872
2330
711
2742
6695
1071
4288
1558
199
9365
1686
575
6652
2115
7540
9101
2156
2906
1047
9136
2111
3153
694
4957
4051
4691
1126
1845
59
3328
4170
3284
5658
1233
2378
2354
2304
6666
264
8855
6031
8302
5782
9035
417
3323
8137
2573
2581
5536
8062
4693
8689
8756
6002
2740
9800
7128
937
6211
457
1459
9495
2467
2692
1873
4821
1348
4892
1437
203
7275
9739
5986
6311
6509
5661
4448
9082
8242
9984
3496
9287
5025
8605
5289
4117
8405
8770
1407
968
9227
2866
464
1694
1911
8689
2868
9611
9933
657
9815
7209
397
2153
3520
6906
7814
4320
2340
2408
656
2189
8048
5681
794
3337
6150
5551
2107
7557
6519
7686
6776
3335
5733
5039
8377
4953
4650
8310
5610
4465
5519
2359
2970
5391
5617
7136
9711
4310
9545
367
6499
7593
2400
7293
7282
8551
9196
9390
2460
5715
3428
9236
9051
9161
4275
3780
4114
5278
2090
6077
6095
3962
8436
9066
9353
4054
6202
5417
4716
2099
5784
1215
6044
4537
4860
3327
3088
4056
9069
1900
6123
2497
1137
1526
8011
1764
5306
8477
7042
7397
4554
3138
1359
9343
8556
7064
9749
1110
2481
4465
9562
4618
5680
5606
9155
6892
5285
8595
7300
706
495
3423
9556
7984
4950
7567
6101
6608
2396
3143
4005
6951
2633
1716
2646
7541
5133
2395
8652
7614
3212
8214
8584
5244
172
4091
2136
5458
9038
9436
6164
5886
9211
5720
222
4161
9639
6323
7122
2036
5819
1127
5339
8452
9196
7985
2346
4329
6732
7350
8295
9944
5564
3232
5188
2088
3675
3676
7546
2714
3112
63
4952
2323
2135
5174
2837
8127
1498
9959
163
7317
7438
1854
2121
2986
6191
4467
3667
9275
8169
8315
9219
3733
1547
759
2174
5222
4435
9720
4288
7547
6135
9240
6222
4623
767
5411
2750
2265
5370
9265
5934
9161
1119
4407
2147
3662
5227
5815
2937
3396
4130
2156
3482
5677
9267
5656
7251
3702
1728
7892
7601
7864
3484
175
8839
4251
5587
1589
2868
957
854
8802
118
8325
9562
2266
1987
4789
4433
1276
8185
8563
3432
1667
592
9051
3675
7843
2753
5404
2087
6706
9620
5572
6881
8459
9823
2468
48
2692
3426
7254
7846
9896
5579
7408
8514
3918
2197
2947
5194
6735
7862
4978
4754
8454
4029
8430
2650
3134
3834
4737
9840
9806
309
6721
8265
133
9190
4665
9177
8968
1919
7023
5216
3850
784
3731
4120
9333
3030
9314
6068
893
644
823
9347
1025
5605
8349
4159
5791
3087
351
5597
3396
7072
3862
9881
2614
8527
5410
7934
6798
8786
3151
648
9570
3234
4768
8903
2616
434
1324
3509
7430
8499
9209
8455
4104
7558
8966
9895
6997
9317
5492
394
2741
5706
6627
5356
4233
8390
3290
1031
7176
2793
8031
3098
6027
9151
8353
8644
9585
9677
8505
3367
8176
7714
1822
2280
1625
7140
8527
8622
2809
4019
5368
5550
6077
8348
7258
310
6738
6901
7693
266
9694
5724
3364
2074
4875
8069
7070
812
7747
5575
4179
2275
9642
2353
908
7619
5845
9435
6241
8654
9807
7962
557
5884
6310
7815
2547
9400
1068
240
9666
7115
2317
9382
9189
3544
7451
6259
4357
1550
8186
4888
3826
7828
3594
1086
5447
9439
521
8041
4446
6680
6003
5003
8917
2313
9170
1464
8065
6591
8056
7731
3706
6725
3465
2895
270
916
5506
979
2467
3692
2219
2645
7873
5813
3731
9672
1605
604
7713
6051
3637
68
7406
8906
8733
2928
6722
6798
9519
4778
4529
3225
7856
7994
2472
4478
5263
4330
5457
4082
8023
4028
3079
2248
6194
3162
1920
7799
118
5986
202
3755
6054
7608
2661
4788
6888
9383
1586
6408
514
2468
5985
4722
6814
8458
9200
2077
2788
1009
2511
7163
5037
5590
5763
1231
8752
7684
5382
8871
22
5584
8978
6076
9544
1640
864
6433
7375
8803
9193
4241
1271
5178
8963
8085
9988
4515
6515
9129
5524
9026
2644
6914
4617
8408
4497
9721
2444
6232
8592
2466
1816
7571
8542
7713
5563
5759
498
9290
4562
6043
3532
2185
1221
8847
270
7562
3363
3137
3043
5239
8516
5687
8505
3133
4095
3003
9206
2891
5587
7799
5357
3755
1722
252
1468
7285
6011
8318
6575
573
4361
6459
2758
1935
5307
9380
9497
8670
8870
2540
261
7386
8227
8767
6871
8675
8122
6077
1566
3709
3876
3276
7464
1950
3528
5285
9235
9539
3603
2163
6464
7965
8622
5574
6252
3929
1306
5749
8951
176
4641
5565
3914
9220
4332
785
4247
8806
6863
2166
8867
7091
5442
2683
9042
5322
7968
4629
1213
7924
6792
7677
2241
5415
9603
8493
5696
7261
594
1000
7438
5235
6565
1352
4455
7249
8490
5055
6055
5353
7221
1274
8796
2663
3957
7838
4337
1926
8820
5550
6202
1964
9579
8443
7379
9182
6936
9428
6443
7530
428
233
9117
6993
7938
9924
4242
6428
4979
6649
8133
2200
7923
6929
1215
1880
1120
5552
158
9940
1102
2712
1904
681
1155
5636
6215
4443
1416
9011
8325
1844
5596
7442
5189
3534
7367
5783
6314
2346
8784
4447
4547
6707
1377
5762
4939
2497
1315
1450
8789
8769
4162
7045
9451
1670
9033
2018
6113
449
1029
4439
8645
6626
1881
3834
6512
9248
5969
2827
7947
4753
7274
2494
7812
5003
4608
9104
3852
2275
6906
2641
1045
1068
9687
6848
2738
8720
8866
5204
5522
6248
9643
4167
9226
7876
4354
5738
3477
323
4917
1424
1429
8544
270
5593
3547
1230
4697
7400
3506
7955
6393
4551
9024
6080
7751
8114
1153
2969
9670
6675
9217
9313
7194
8443
3542
1548
534
7019
8224
1803
4795
6005
347
1417
1598
3895
2647
2648
7647
6153
603
4040
7056
5979
121
4807
446
7626
7777
116
653
3346
5782
7847
8142
9324
5748
8676
2695
3972
6831
7490
9977
7179
8907
7927
7426
7906
575
5073
4060
7531
9113
1116
3510
5586
2276
308
9564
53
425
217
9751
6207
4417
7893
1883
165
6569
4578
4137
3401
8420
466
6932
3679
4745
4358
1585
5321
9431
1997
9204
8544
3114
9066
483
1742
9375
47
8147
9800
6617
7898
2359
1034
5792
4242
1199
2361
5172
1688
2114
9944
8506
9046
3623
3251
9756
1560
4924
9187
3558
4128
4084
3024
3195
919
4766
2570
966
2913
8722
7583
811
1081
4969
6603
1675
6168
5317
3199
4208
3783
3143
2714
9182
3118
5966
8938
4678
890
4478
4588
1371
4914
3964
4566
5833
8730
3488
3151
7995
8562
7087
5159
5995
2056
1762
7670
4577
3431
7221
8785
3567
364
7852
2749
3482
3818
8039
4512
1060
2517
9101
2431
7431
3065
3349
9616
8148
3189
2768
6143
8103
9855
7654
4098
8263
9417
8120
2840
9200
5341
1626
2767
5705
9478
1868
5539
9648
9908
52
7060
2425
5505
5844
6209
4922
5545
2177
3070
8735
4945
5566
6838
1152
3220
937
9416
8989
5409
2256
4542
751
234
7309
6456
6064
5530
1996
2064
5438
8400
9125
4215
3905
4969
424
5179
514
2602
4602
5601
3899
6520
2440
1404
6092
9729
820
1434
5138
9428
5976
2241
6015
9637
5050
8431
5167
3398
496
605
1798
9621
4821
2055
4590
1597
7234
1456
551
8188
7058
4451
4708
5850
2207
801
5579
3027
2235
7069
8807
8211
5663
1174
4200
713
9606
9368
4111
102
6325
5909
6075
7498
4316
7017
9096
7902
8473
5999
6091
5531
6802
799
7733
9009
7952
3312
2036
187
6734
7196
4750
2397
4722
5303
9462
4328
4671
3573
782
7348
5834
6857
4847
150
3874
295
8052
2348
6294
4143
4231
3097
1295
1965
2106
9247
1629
495
5787
4715
4043
6889
3464
8765
2192
2926
9446
3215
2851
6580
564
8685
3438
1763
8835
3664
8410
3240
2364
1056
3735
2948
505
5030
4913
8964
630
2894
5811
2769
3962
9854
9658
7426
4971
8203
6705
769
1418
9556
7350
8334
8242
7140
6449
3429
804
4859
6669
9521
2268
6757
2469
2773
8139
3734
1737
5121
6628
3900
7890
590
106
3901
4369
1430
2104
7426
2199
3522
3334
5901
8209
7928
9393
4658
1358
6550
5870
4379
6071
8138
7488
8540
7263
5628
2274
5353
749
5254
9253
8640
2197
9360
2541
2918
790
997
344
9341
4519
30
1595
9080
7959
988
3739
9317
7538
5961
48
3609
4099
7537
8501
7714
3165
7127
3067
266
8734
8673
8906
931
8033
7799
201
5175
8796
6897
868
9668
6927
2463
8748
4886
3452
8839
555
7342
4800
604
952
5251
4493
5805
2966
4010
9285
2385
4276
8019
1058
9535
5302
5443
7334
5503
6970
2483
8752
7839
2151
5679
6654
7251
6918
106
6091
7473
3801
7243
4429
1105
2495
5274
6910
5461
9284
6195
4198
3561
4214
5257
9448
5868
7052
6782
1371
4023
5617
6475
8214
4120
2155
4868
1372
5425
1327
3815
2898
5128
1058
3680
6233
3553
8954
9495
5366
4591
5691
5917
4504
6257
1174
3952
2126
4578
7086
9849
8601
2704
6325
3167
6824
4832
8036
4548
257
9363
8363
9507
4491
5774
3187
7076
9327
2142
6571
1046
6733
8614
6963
7589
4872
4489
1541
3350
5419
8627
3199
373
1331
5876
3540
4508
708
1576
9056
7317
7291
3772
6825
1782
9546
12
5210
5225
8506
1782
2623
1591
396
5938
9180
1620
427
721
4970
2199
5701
4522
2572
3384
6750
6112
7892
3811
7689
3301
1128
4980
7073
4305
3115
2971
4318
4677
8196
9176
6459
820
7120
3208
6758
6300
1180
3538
3374
2503
5737
5427
3377
8309
8811
127
773
3056
290
4814
6357
1419
9795
9782
2076
9262
9105
2746
3939
7301
1923
6751
4473
9043
6311
7584
1695
7491
1122
1421
9994
3211
3200
9723
7872
2012
9851
8645
1420
141
3460
4129
7912
9607
3911
6341
5221
3016
9087
5512
6669
1010
8615
7495
6405
4926
5079
4453
8770
2553
2226
5116
5764
5427
4840
3636
3791
1043
8633
5211
7536
8445
9340
1801
8052
9603
8142
3273
8971
7229
5138
1992
4592
3753
9487
7349
5032
4566
8154
3802
7119
381
8918
9235
2160
110
9223
2303
1153
7857
7514
8690
2654
3206
491
707
9161
4985
332
8132
