2214
5470
6476
6806
5576
5964
4156
608
6882
2310
762
4002
9043
9680
9589
7555
6143
8813
9858
7296
3022
7372
2338
5676
6930
9181
2735
6091
4166
3068
575
2733
4890
7052
9539
6818
3016
47
7426
9898
8710
8188
252
4105
4221
6194
1661
6716
5007
1519
364
4381
5244
2703
6409
2174
8236
9145
4618
2403
8565
5193
5136
9807
8597
1027
6626
7965
7427
404
4216
2489
4945
820
6594
9166
7014
8255
2234
8373
6127
2598
2754
1371
1653
9164
9897
9890
8309
867
8645
3226
2413
133
3033
1010
7512
9659
5328
4939
6416
9544
7428
1361
364
375
6879
7379
8630
9113
5752
1109
1711
4859
8832
3365
4023
5082
9607
8684
5949
8252
8262
8362
8385
1295
5725
2249
7307
1053
7189
3723
6949
969
5084
7313
1344
8315
1044
6327
7428
3149
7436
9139
8008
6269
8856
8383
1351
8463
7067
3652
3067
5329
8367
7804
2976
444
54
283
7849
3595
358
4798
4564
1794
2111
5909
109
3156
8588
7537
6305
6024
3029
665
8645
8237
9048
6348
3053
2467
6353
6120
4148
4720
3925
7124
5164
331
3760
3013
3926
470
7811
8490
2265
6274
751
8726
5782
9339
2616
8439
1716
1997
9104
6713
234
8152
3062
3287
6971
9415
5760
1119
487
6037
4596
2003
6368
4708
1368
294
5178
5531
5136
3795
1805
5888
2522
3940
1579
5138
2379
3295
7135
1484
6361
3721
5988
9423
3361
9312
5190
9121
431
5677
1510
1379
4032
7878
6087
5400
4524
1266
931
9660
5061
2736
1900
3935
3028
9832
9073
5408
9479
2560
3244
5840
6282
5584
5263
9643
4896
6805
5116
1680
8834
6626
3059
2866
856
9147
8266
5380
6765
5549
1392
1826
4638
9645
5762
7666
9477
1187
3074
8956
3748
2670
4797
6382
8255
6412
6025
3151
9570
1141
1183
8404
4119
4243
7623
4975
3390
5889
6707
155
7791
8099
8333
2429
7744
447
95
7221
7987
9522
2530
1735
2192
3679
8117
6799
6443
494
9951
6013
7987
1134
4418
2106
1729
8393
3433
5119
634
140
1626
8425
8239
6312
854
2336
3111
7302
5909
1098
6824
8439
9185
9016
2118
7302
5816
4914
4148
2119
927
2135
9605
1697
593
7687
90
4026
9158
725
4166
7137
9150
8758
3449
6357
1094
2912
3659
7003
4011
483
1795
3196
5851
265
6851
8019
5179
999
6490
6107
3135
2448
7804
80
135
4247
4107
5645
4972
4625
2782
474
3383
6231
3183
829
5496
6842
4185
9507
3677
5980
9055
5881
6245
5906
252
1425
6906
3095
3884
6393
5543
1688
6473
2030
2287
6932
7675
3611
1558
6810
438
1293
9393
3621
8475
4889
6816
2660
4396
6845
8640
3452
2726
4885
5710
9331
2662
8968
2426
6546
1713
4321
4587
4539
6351
6874
1471
378
6838
9381
7188
7276
7027
6582
897
5502
7823
4065
8162
2220
911
6802
2024
3637
8039
7734
2968
7054
3055
1746
3600
4768
6067
8187
9307
2418
1414
7131
9149
8252
6512
2689
5528
3539
5623
2777
5393
3447
6843
3555
2019
7754
6709
4043
7743
4749
8129
7064
1803
1184
8810
1755
5953
4878
6295
1612
3648
7709
8743
2797
2313
5256
1839
4193
5147
7462
3322
541
909
165
448
2928
4271
7158
3323
2015
8259
1453
5431
6414
8989
4241
8169
4942
9119
4464
6555
9120
8525
5298
8269
7190
6906
108
7735
2054
7571
1058
8947
4832
1223
9395
4113
5495
6553
7436
3862
1164
5241
9293
7578
4231
9886
2100
5525
5358
2916
2080
4478
1442
3731
2747
4984
6989
2856
2720
5395
6779
3778
4342
1611
1353
90
2076
3200
2995
9513
7062
4160
4754
2707
1738
5337
2594
3838
863
7952
6755
9295
2430
4549
9378
1529
5885
6368
737
4957
1763
7516
8735
2458
5480
6441
2548
7556
9641
5543
3421
3056
6055
4528
5763
4146
9865
4709
4336
728
9013
7443
6376
1443
8344
5754
9325
4230
8474
62
9187
238
7579
4275
9048
9411
7068
7948
6967
6709
9843
6741
6117
5899
1269
8233
45
1134
2942
733
8215
1956
8177
943
9751
6521
6697
9076
7103
1524
5491
6291
8114
9422
6918
7162
8833
3986
5110
2152
7047
1305
8893
3165
7204
162
1398
3601
7649
692
4335
2216
2648
8864
9511
8752
5385
2560
7828
8841
4084
9671
5132
2198
9093
8402
5712
7926
8740
822
79
5787
8480
5324
5304
5684
1839
3054
5638
9488
3747
6325
8056
2747
5189
7567
1499
6926
127
5680
5767
564
5351
7251
2762
4445
2005
8475
2371
745
5649
8802
2885
4129
4127
4541
6166
5966
7596
8156
1806
1343
4481
6214
442
9670
3781
1942
2948
260
7622
8716
824
2973
2319
9939
7418
4325
4766
6142
5070
6767
4944
4307
897
5423
8849
3415
1389
6445
1571
9547
4140
6052
5761
4582
2074
5894
2876
1374
6155
498
90
3331
9824
2410
9622
7242
6735
4388
9736
8157
1156
1033
2465
8405
6456
1314
1820
4198
4111
9743
3745
4603
2147
9507
5537
573
5401
8414
1947
7908
8912
2038
7592
8736
800
7214
2331
3887
7955
8419
2044
9111
9452
861
3868
5909
8527
2040
6459
8990
1783
6556
3593
3930
6063
9131
4503
7817
3897
2802
2077
2809
4840
6021
7898
1992
3236
6581
5879
7543
5000
4276
6654
805
5137
6874
3066
17
8914
9525
9007
697
6081
2601
979
8497
8084
1834
2666
1981
4636
1095
1142
5829
7117
5392
7821
6705
1973
53
4248
3326
4329
7254
4131
5818
4128
7197
5835
3042
3074
4843
91
9155
3796
1070
7652
8232
2904
6670
213
3892
7766
7707
9721
4883
3100
3895
7940
1425
3948
2188
1103
4629
9442
5234
6799
9922
8783
2635
2964
1857
3830
3055
1013
3978
477
5017
2210
9733
8040
8775
3625
5806
6482
3347
7041
9582
3594
4981
7360
7542
3521
8463
8523
9315
50
5322
9237
8833
4309
8553
691
8139
1608
8056
8469
8437
9425
679
8170
7465
9454
1795
9623
2289
1494
3016
8223
5088
4349
5583
8982
7870
399
7505
7185
449
9180
6422
9282
3489
4975
6325
7981
2935
733
6450
1372
6511
7130
5894
328
2936
7690
9952
5225
5536
9320
3449
6977
3670
5384
2311
1540
5783
9817
5078
6232
8997
7852
1867
8838
9180
4544
6819
2115
5278
3270
9840
8141
6752
5734
8469
9688
9776
4773
1266
1665
4094
1067
8642
7764
6451
953
5656
2235
7122
734
4819
2471
8587
6686
1310
7767
1231
4481
6234
2861
7751
2426
1002
4503
4513
9471
544
4289
597
8162
2306
4691
9229
948
2455
5680
8254
4463
4267
1728
5198
5439
552
137
2125
8214
7904
9708
2695
490
8921
447
2917
9923
1302
3782
5747
1846
8071
6344
8
6730
7387
5589
7678
6194
7622
2284
657
1889
365
5855
7328
917
5992
5806
9131
248
1866
1826
739
788
8625
8
7063
9928
3790
9162
8126
8213
5506
4487
4943
9245
76
8974
5439
7698
7610
6097
9588
7975
1952
3268
8892
4297
5426
8023
4545
7293
6202
1636
8081
1179
7996
1496
1107
8138
659
5586
6352
2517
73
7647
1763
149
2973
7202
7848
584
3299
3788
8559
1604
3408
3804
2253
8835
8179
6798
2480
4381
4787
6913
5561
2783
8409
3020
922
9068
8606
3626
1586
8679
7625
9701
5181
599
6903
3029
1183
6555
3169
6094
4511
2929
9898
6764
1764
8078
9914
596
8811
4701
7509
4372
3837
2271
3745
4759
1339
2351
4737
9277
7383
2362
8978
2564
2961
2234
1945
4144
5141
1466
239
9652
4395
6489
2768
2512
4567
2682
3108
3379
7384
6970
4103
1221
9241
7848
2332
580
6552
7069
6210
287
9431
1540
2851
8745
126
1148
9241
5267
2614
5832
1271
7009
2322
4039
9521
6889
3074
8982
6620
6810
5952
724
4383
5193
4924
6715
2125
7828
136
8335
8115
5919
6228
7318
4664
6354
8466
3906
1622
7432
6090
9245
794
8412
3285
315
5302
6359
5649
8274
3169
1601
8998
3904
6794
275
619
5272
8103
7107
3607
2571
3026
9835
9889
4043
2542
4708
4301
516
2140
391
9761
2934
8804
3046
9602
458
5757
1603
8732
5278
3205
4083
9182
6351
710
6153
1623
8813
9612
1583
1384
2639
7770
7626
3034
312
2334
3687
828
826
4078
590
113
9234
9988
6067
6044
2098
7670
1129
3728
7227
1564
2911
3579
2274
5416
1554
7439
5029
3137
5176
4020
908
2802
3406
1220
5136
7093
8401
2314
7523
8991
2427
3110
5331
4846
5506
7429
2517
6635
1158
6096
4551
421
9675
6825
2189
1230
617
7218
4367
5793
7590
1627
8595
7348
9200
83
4441
7601
2397
8317
2944
1177
7779
8275
2375
3285
2057
4892
6273
3215
7341
824
9988
7016
4002
2177
4598
4619
5748
5318
6764
9690
6945
5359
7039
6145
5442
1480
98
4191
6149
3042
1720
3928
1318
4096
7214
3375
5340
9839
2942
2681
7015
2930
6050
1017
1459
648
1988
7207
2318
8752
3250
9264
463
289
1761
2257
8121
8212
2801
4271
1254
4521
4551
8924
8617
8117
8651
310
7956
1593
9343
4972
875
5393
2341
8687
2394
682
2246
4712
9434
5496
328
6250
5785
8442
8507
3907
6654
1308
4530
7908
5830
9081
3185
799
7199
1836
7461
5155
9782
6805
6479
7009
2198
8821
5696
944
9503
4295
5657
5289
9791
2337
1539
5577
779
47
5836
3785
7707
366
1694
9889
5799
1231
7041
2998
3067
4502
4506
2849
1307
985
6211
9858
6158
1907
802
5661
6202
2811
7303
2346
1501
8842
4275
2280
5241
111
6066
9301
6829
4112
9190
2628
1695
6231
1979
4762
734
6485
3964
8393
3822
175
4603
9981
8434
1758
1994
989
4569
9297
9687
6070
4492
3962
4703
6085
425
7121
5386
3606
7585
4577
6234
9280
808
4565
394
7894
1050
4358
6288
4873
885
891
4854
5672
2649
6848
6661
3571
2498
2700
5993
6990
6662
696
3075
7087
4169
8462
693
1754
9391
3279
7386
199
7845
7781
8094
8895
8491
734
120
9377
7977
1326
5049
6979
4527
8062
550
7025
762
6543
367
3776
3592
9794
863
4113
4608
7908
5868
3999
1187
9606
551
5384
7387
4997
632
5879
5731
752
5256
60
8431
6657
7039
2958
1071
3941
6335
8185
6837
6702
1961
6781
2848
2824
894
7457
7084
3114
7808
4623
2721
8359
8
108
9708
6992
2339
1791
7744
3947
1852
2527
604
5243
5485
8027
9185
8172
6212
6022
1226
8173
2803
4075
7349
3697
7884
4433
6812
5692
9057
5885
404
5417
5993
112
2409
8333
1904
6505
2280
108
9033
9237
5351
870
7264
4536
9043
3477
6910
269
8002
9713
4344
5352
9763
8580
9785
2927
4273
8842
5164
1029
611
1157
1141
3020
5842
9397
9526
4475
9505
8559
64
4857
9429
7328
5745
8472
7157
2656
5094
5160
8721
9438
512
4836
4371
6649
4115
8644
1844
9279
9673
2455
437
7166
5476
2631
6564
5002
3458
6069
9913
3522
7278
9342
7203
3024
4167
4360
5680
9261
5872
753
5051
2736
5590
5774
9386
9705
4418
1230
8985
443
3685
5774
3962
5513
8405
526
515
1864
2947
6780
1738
6578
2475
8941
9602
2994
9654
1634
2255
5526
2387
3658
4615
4329
9433
4001
4035
203
1583
9372
6999
5268
5146
961
7134
9903
7839
4001
8119
7138
782
9858
3716
3257
8799
9670
6251
8453
7656
4858
332
6396
4868
4947
725
653
5300
1112
7209
6883
484
4208
8503
1982
1521
5637
1886
5712
9639
5
2850
421
9863
2919
30
5015
8941
6281
9820
2950
7491
152
9346
2359
1451
6423
3013
6751
3888
6574
9986
724
782
8490
2707
8655
479
4593
4367
118
950
7217
6891
814
6488
3273
2181
5430
9554
2001
8380
7045
8506
4078
5757
9957
6853
5122
3061
7093
1696
3047
7818
8830
1537
525
7485
2017
1470
1852
8487
2420
5421
1731
9586
1910
5004
1767
3692
911
121
8424
4308
8627
2502
65
8584
5707
1539
1645
2801
3235
1045
619
2065
2582
7496
9550
951
5318
7754
5791
7738
3176
3874
3677
5086
8878
5444
8778
9789
5565
7202
450
544
6056
515
9129
8115
2055
7126
916
1642
8171
7887
3708
7106
1735
9610
4409
7053
7365
200
1144
541
4074
4821
1979
9305
6617
7109
5446
8535
663
5896
9079
6719
6412
4560
1186
4819
8039
8455
6461
2562
2694
6521
9668
4430
2484
430
7835
9849
630
5331
6742
1057
152
8721
6714
3122
5830
2160
8009
2845
8057
3440
5916
821
8001
7102
1992
2392
5557
8453
4954
8252
1327
975
9034
3811
1405
3221
12
8387
8553
6754
5796
5057
1827
2510
4531
4009
4671
2540
6854
9080
5981
2770
6253
334
9872
8245
9078
1782
3050
384
6386
4377
1359
1772
4540
9116
4993
4552
3856
9898
1306
6004
4956
9485
8515
5839
3494
9538
8380
6700
4970
713
9470
1223
1047
5695
9468
6477
7477
2518
6861
215
3248
4573
1987
7788
3689
3332
2341
3897
3231
9999
9902
4539
9485
4769
378
9331
659
8758
6032
5629
5823
1854
6852
3222
7549
2672
9699
1378
5190
6561
1593
8438
1134
9932
2579
1175
3265
4920
5073
6496
1271
1327
1035
7108
6096
7765
2792
6755
6524
8824
2384
2347
678
5588
5570
4580
8260
1621
2310
9802
8182
256
4593
9316
188
7172
6844
3453
8444
1917
6301
9715
3244
3688
3176
5692
1454
5968
2447
4330
4792
1183
3029
1822
3123
4951
2754
1383
6573
5065
7537
4755
5321
2130
424
1861
5654
7268
1667
4098
5537
7968
166
5133
8009
3342
825
9463
9310
9624
145
454
807
3174
8628
282
8126
1383
8017
1051
2800
5554
2158
8121
4037
2582
9982
9691
6202
1649
142
8091
5970
308
3224
3979
3650
4049
9794
2960
3673
9939
9766
832
9465
8394
1114
3943
9777
5483
4994
2577
1038
7153
7050
5075
6087
3385
1118
8642
1386
1260
6733
7356
1568
9958
7687
1570
359
3833
4530
385
124
4296
7569
9590
2691
5036
9885
8820
519
1232
7750
7909
8385
4800
2984
824
8185
455
5818
9572
1715
2552
3280
9636
8862
7320
1206
5573
1153
2089
2310
7630
2737
9880
3572
1780
1268
3457
601
1787
4689
8351
9697
9426
3151
9033
6603
7689
5840
2421
3613
7556
1325
6893
7192
6539
565
4750
2113
8071
6839
775
5701
9577
655
9273
1357
8275
9082
8310
63
124
6661
6112
5902
6165
1497
2505
206
7338
1279
3819
1246
2604
712
4790
5496
7630
9540
3961
5701
6380
4736
1402
2309
1744
7027
18
19
2461
8329
6434
2585
1342
8898
4840
3859
396
7345
4065
4086
8624
7884
5332
7581
4949
122
9429
2579
6014
3390
8280
2394
8126
6034
1055
6222
9413
1074
6242
8226
5755
9028
7164
7097
7927
2004
957
8323
5701
5022
8761
678
9259
4093
4611
4208
567
4040
3139
6581
7430
7771
8976
1908
157
6383
8131
5922
7457
725
4148
9564
9753
7664
6662
7680
9668
3971
2355
5370
8993
1116
2400
8252
1561
7011
8812
2128
1051
1951
8710
4833
6074
7686
6741
6231
421
1224
2153
4231
1949
2654
3795
8055
318
457
5735
6339
4428
4443
1709
9774
1911
461
4378
3473
7472
9543
5601
8523
7846
4311
9708
3921
8349
2801
152
8771
4026
8658
3002
2327
1312
6797
382
7982
3607
2470
4321
4387
3265
2382
513
5176
2843
4892
8649
315
4435
4251
5190
2281
8562
4898
2554
3264
7700
9059
2035
8078
7717
1389
405
5381
4538
7140
3363
8145
5962
7685
8885
5579
67
9398
755
9263
642
5757
9578
5077
