6360
1121
3711
1274
2371
2617
4538
71
1676
6573
4501
5745
4314
1259
1126
8853
4751
842
3350
7065
8527
2235
2644
4946
7986
9751
561
8628
5508
6492
58
8220
7613
121
9495
9984
2738
4033
6408
4415
6959
909
160
7625
8520
7639
6478
3271
8481
6181
336
3360
4768
2980
8306
2754
9084
5220
7735
944
1712
7793
9165
9325
7914
8660
5661
7004
9045
2069
1419
2356
9331
7932
9982
7851
5571
2812
7475
4052
8993
7811
7412
3762
7144
2070
6516
6228
7290
4251
7172
9002
8396
2689
4679
2662
7701
341
9667
6747
8762
7438
5455
4445
5370
5437
8649
7293
8250
6124
7697
3595
287
5109
7357
3783
3532
3874
11
7174
4477
3536
2529
9226
2577
3560
1888
279
253
7907
7026
9016
5346
8833
9813
7068
4271
8462
4362
8873
938
2059
2468
1226
3521
6178
5009
3405
6404
1373
6931
881
1261
9460
6459
3838
9373
8348
4117
9626
2607
7495
4994
7953
6329
4808
5022
6952
3270
5736
2177
561
4147
4645
1787
7668
7175
3148
7425
3579
4521
4357
813
2134
169
7272
5973
9542
1972
6442
9169
4580
3938
4163
2533
267
5323
3907
3571
8594
5995
5748
5507
143
6745
7294
7811
3921
6794
1589
7500
1316
5946
8313
9802
2467
1938
5775
2010
3910
2218
7531
8490
2508
8046
7376
9127
3370
7635
2698
8316
3631
8446
3823
3774
5191
7469
7937
9112
4263
9526
2965
1931
1824
1278
1734
4292
3216
7509
2654
3479
6079
6537
8321
8587
4583
5697
7714
4305
9685
6764
2621
3316
5210
6444
3442
6754
265
1379
2218
4529
7258
5183
6460
9082
2814
8194
9726
2382
2056
8732
5861
4487
5269
4183
3075
9853
6232
7141
4158
2269
3906
3132
5585
5468
9576
9027
2222
6194
6759
4441
723
4017
5976
7183
9451
8790
1730
9178
1173
138
7910
3386
4625
9532
7569
4052
9385
154
1194
9895
2423
1452
3027
4361
3272
8956
9740
5495
5150
6499
6288
5873
6868
2264
9408
6320
7407
7490
1850
8580
7628
6112
1966
8606
5644
5888
2658
1381
2394
204
7629
4817
8008
656
5530
1281
5964
5271
3128
1114
1770
5768
3339
4991
8032
9100
1311
5439
6590
9513
371
571
1977
8690
9177
3974
4578
8187
5355
6972
4744
2984
8141
2752
9993
3672
385
5957
5295
3513
3424
7065
9281
6763
8408
3666
5863
9719
5457
8806
5584
5829
5729
7562
871
1258
1536
5449
5797
3243
8773
541
6228
3266
3294
2573
3290
3679
8530
8585
3545
1954
2003
9178
5070
411
2844
7285
6483
4654
6091
2067
6835
8172
5981
7706
9430
3869
9507
1580
7113
8280
2121
9693
1546
5415
2266
1189
5447
7148
9774
5344
9103
1777
4522
4173
2189
7367
7810
8672
8373
254
7091
5208
8426
3073
2914
4209
6942
2421
5789
407
7053
7910
100
4951
9678
2366
6140
1477
5867
5915
6821
4970
4044
1343
5495
6233
5062
9657
1257
3435
9911
8349
4995
8338
7774
4261
2547
4716
6682
4688
5124
87
8950
1576
5039
8628
295
7531
105
6162
9798
3278
7484
3843
4622
9331
76
6036
8988
7686
5824
8900
6035
819
7238
3809
5081
6137
4877
8115
7177
6353
8203
6127
7930
9594
4756
8225
3477
1213
4387
3276
4492
1871
7119
5466
1202
3547
1502
190
1233
7326
5442
3620
4498
2680
3781
9579
5169
8659
7694
2346
5012
2249
8474
9294
8195
9582
7519
1673
7147
8258
4949
1639
129
8420
3457
7683
1967
4960
4226
9553
8638
9668
9525
3136
8701
3307
9067
3870
8318
3114
6217
3330
5363
1043
8977
3559
6977
6496
1584
4124
4755
6533
2116
1236
1305
5573
8920
9624
6885
9498
9177
1876
9166
5055
5012
7867
8362
432
8090
6680
3546
659
6362
5261
1702
5339
8820
8679
8188
6756
9155
2943
3289
1271
531
946
6845
5803
571
3730
5301
6100
5606
820
1155
6971
8687
9517
7403
6777
2549
7301
3788
5264
2562
1842
6955
7735
521
5143
4491
6029
4438
4133
7300
1322
5079
4145
7125
5650
4228
2427
1751
6186
3247
9258
3157
8286
8776
6912
1416
7677
565
5204
9293
3128
7047
6249
863
3920
7744
5354
9949
8535
9487
7250
9857
919
7747
6982
6569
1975
5761
4672
8162
9008
3931
7671
7295
9059
936
5063
3088
1501
267
2382
981
7314
4983
1844
7587
2727
3551
7536
7614
9390
1138
7471
309
8886
4454
3231
7213
215
4255
1727
5576
8186
5751
9223
3597
3039
4286
6686
892
4553
5420
1874
8220
403
3718
2159
9482
3621
6047
7097
3012
7186
4568
9673
2424
5374
9256
9637
1942
3512
7717
3870
8050
9820
3093
1648
2859
7379
4686
3751
8284
6458
5625
2856
6861
5696
5015
2695
9317
1063
9792
8681
8249
713
8355
7025
2439
3963
3014
733
7475
731
4603
5526
551
7696
3526
9762
1427
8212
3514
9712
4670
9139
8920
7883
4835
3936
578
505
1351
6723
9186
5952
3788
3893
2977
6227
7857
5991
3313
1684
3075
7916
7210
9978
1965
736
9741
3392
5300
3255
9456
6322
8746
8377
4205
9934
8665
1136
439
16
7859
5977
5968
7999
6223
5297
578
432
1288
3891
2116
715
1808
5679
694
125
2767
435
3517
8068
42
9326
4390
8788
4055
4948
8722
2720
6084
5513
9088
295
7843
5056
8294
4066
6705
8872
850
4345
9116
2966
5061
7276
8645
2107
7401
1413
2542
7270
5833
8936
6596
223
4076
651
1523
2799
9723
7607
4664
8811
4254
2507
219
2548
2925
6924
7773
3775
1270
6889
3094
2683
4165
8091
4790
7918
5856
3684
5188
1689
2620
1785
8265
6696
8788
9788
5847
8512
3748
6864
3675
8002
9371
247
6903
2297
7171
1028
2424
4793
7917
5518
7476
8434
3610
8618
6352
9466
2302
1540
1156
4922
9677
5773
7971
4818
5561
170
9682
5661
7034
3357
3664
6406
3604
567
5055
7128
1595
3831
8273
5864
9350
2102
650
9312
720
3354
8778
3023
1246
6286
4297
924
2059
8620
2094
3973
8791
1776
9634
2177
5133
9650
4935
5090
217
6342
8570
8164
174
3195
380
9524
5297
1030
8836
2370
4384
3966
1745
1983
6605
2394
2907
8664
1015
5001
8989
6158
3129
4976
4687
8262
4626
9623
9704
1196
5965
4626
9360
6139
7822
9741
2015
9471
7123
7203
1841
7860
1170
9938
9843
7775
2333
9102
2791
9700
455
8133
2210
3584
3109
6897
1846
7735
6520
7903
8931
2486
2529
4644
4977
6703
737
6993
2527
7860
4196
4368
5720
1718
4307
1915
5845
2992
1017
8637
2692
1472
6770
4902
5056
9879
1799
3255
3966
4672
7510
2898
3510
6391
7542
8487
3095
8279
1832
5622
2491
2381
6342
4564
451
7001
6479
6297
9993
7497
1286
9037
8969
8056
3939
378
4287
2091
3633
4605
3115
1143
7503
6625
7534
1397
1464
6981
6028
9649
2603
4872
2030
5298
9436
8833
2299
5915
5130
8645
3412
6416
7682
8734
824
7974
9112
1463
6417
2745
6069
9532
240
9924
6157
7774
7674
3973
1108
3702
3622
3711
4926
2004
5361
4362
838
7661
278
2320
2658
42
5089
340
5128
2265
4666
4240
3729
1083
3337
6150
615
9929
6074
3124
7704
3748
7098
5164
3803
7072
8875
8729
5429
589
9444
6267
4602
6074
4939
7260
6116
28
3952
1245
2294
8619
1837
6023
6054
5175
8525
3022
5104
4599
6146
9160
4700
9596
4324
4855
3021
9552
9936
8450
6493
9380
1069
1095
5454
6008
8355
7923
6037
2307
5520
4683
7278
7357
7058
9685
8884
5583
2707
341
6534
8853
5853
1234
4802
6530
2441
7823
2434
2378
2625
8927
8110
3694
22
9917
9702
4729
4192
2091
3388
9712
6774
667
3421
3832
352
8658
9415
9411
5351
5950
4616
1204
3536
9418
4086
5978
3593
2872
4708
6218
1799
9170
6264
8173
5439
5967
9254
9631
8058
2643
5695
1185
9662
9117
5017
6366
4127
4433
5777
9478
383
393
7034
3919
6164
7473
6249
6109
345
957
8680
8497
6480
4944
3022
1919
7263
2277
1551
5322
4920
3598
6507
934
9067
7876
7300
3194
2309
9429
9024
9044
9822
6059
9316
2338
3532
5565
8448
229
2875
7128
8726
9355
8424
1749
7626
5688
4026
9177
7362
5298
9128
221
6232
8195
8097
9884
1390
407
9313
414
5803
5487
2825
5119
7826
6357
7037
2626
2939
6264
9754
1665
1971
8178
3414
9597
218
3792
5127
7580
9090
4255
7801
5322
2450
5899
5206
192
2658
871
607
8461
6359
9784
9933
4185
2494
3322
6811
5433
9586
2917
7098
1557
7447
6865
7506
7666
657
2633
5246
9748
3240
9400
1422
2043
5299
2981
2235
4309
3852
9194
2770
6563
8979
9055
748
1473
2377
3911
6906
1963
3180
356
9872
6980
7221
7379
4646
4231
6364
6244
3979
5957
5644
1753
8000
7295
1086
235
1604
1291
5782
727
7854
4761
9782
4955
2586
8512
8866
5844
6827
8399
6200
6700
5379
9774
431
6377
4005
3147
8973
4336
9104
970
2441
3456
4617
3528
44
6222
4819
5826
3301
2673
587
9435
3980
9525
7947
9199
5369
4775
7598
1569
7827
9329
7695
4610
5706
1700
7757
1031
6036
3214
2001
8478
6670
6619
8358
6714
9193
3177
2540
2494
2202
9479
8281
6183
9004
2581
5382
725
3708
9332
2295
1535
8661
6342
6145
719
8043
254
1750
431
3468
104
8909
139
6723
3619
3205
2268
6796
2098
1114
5351
7929
9395
7886
3286
1976
9620
4011
2036
8952
2658
3571
3965
9001
6068
1036
3396
6323
9138
3827
9791
9242
9089
6282
2317
2708
9488
4585
9505
7938
2051
1208
5867
1447
9094
5505
9775
5066
9517
1812
370
8527
1735
687
7528
7804
1723
924
4127
861
4752
3918
6456
3841
6553
8773
6549
6041
9711
2406
331
1762
9966
2550
9561
5412
8056
5689
478
7573
3853
7200
6100
5588
7887
9981
3392
9610
7257
3871
6824
2009
4142
3280
2202
695
8405
5104
3088
4468
3862
3419
6231
3829
5969
2144
9241
4025
7833
6072
7950
1686
3272
403
3627
1160
384
3371
7122
7641
7243
3946
6003
7737
3578
4557
8432
1984
9661
7872
6452
9876
7643
9035
3705
3612
7532
9298
3990
5365
1722
8292
3404
4995
8695
3383
2507
5431
6754
9629
9425
349
9928
5428
8086
3506
6337
2870
1842
2351
742
4647
2227
8385
34
5932
8350
7566
1582
8692
9284
3305
3336
9040
4652
2032
2423
7159
3815
9177
3140
3240
9527
3068
5020
3965
2927
1358
6836
4769
3709
3930
5768
5936
8668
5803
8220
3370
9721
6154
2062
9005
9459
1750
8045
4111
3782
468
7622
3950
5998
763
7190
5525
3831
8563
5842
3110
6273
2678
7880
6334
2961
0
8622
1629
5803
6842
4999
5525
2996
3413
882
8808
5163
8928
9271
5298
5748
6894
5600
8098
7657
2790
9975
7840
7705
5818
951
3978
4848
5183
312
7809
5183
8934
5790
7339
2128
7141
9216
1477
554
98
6637
2070
5378
5908
3720
7479
2802
9320
5577
6811
8462
5553
1004
6168
1371
1955
6498
6219
3490
3163
381
5025
2097
6171
8716
578
3313
7932
8407
219
4383
5044
2289
9761
952
2361
3592
107
8033
9170
6918
2848
4723
7922
9016
2446
6229
1866
5017
9719
5029
5398
1097
3479
1570
9813
4057
4883
4098
2464
5102
8481
3860
3744
4594
4812
2457
8187
4919
491
7357
8190
3339
8432
6112
8707
7230
2342
6925
2247
8413
1955
7646
5862
1786
9216
2028
5843
451
6126
4659
5553
4607
4871
5649
9201
9683
8107
3740
955
4950
1097
9145
4641
5881
1609
3348
3111
303
6625
5359
5069
8580
3005
931
366
8573
2959
2561
9024
5437
3572
929
44
8443
2931
5598
4479
7390
9338
1786
2340
6788
931
3333
2669
2540
3033
2133
9196
9658
7492
4265
8239
6849
1548
4957
5422
860
3871
798
6297
3795
8079
6342
8591
7362
8292
3070
4752
3982
4856
3444
770
2139
6777
9792
1031
9810
1925
227
9469
9417
844
4060
2618
2393
5369
4392
3253
9240
1542
9550
9388
9621
2244
7979
6984
6888
7401
8088
871
8609
1533
1641
748
8310
1433
8131
8121
9710
4711
7590
5479
5555
8002
8097
7948
3371
2489
7553
8964
4031
7104
8352
5
5700
2683
6989
2589
84
5077
3460
8693
6610
1453
5793
1273
9239
276
9394
8949
4987
3336
4429
543
1338
2526
4843
1061
1368
2397
25
5399
5853
8377
5404
1553
1060
8745
494
7496
175
3954
2541
3137
5408
8334
4410
999
8611
156
9948
9950
9844
4377
493
1182
3256
1689
2244
4624
438
8621
6375
2643
3351
8132
4196
4411
3229
1043
8260
9756
4997
801
9246
6757
5488
8
7756
4099
165
4057
4049
9
8434
895
7544
8042
8936
6140
9018
5726
4761
1746
8369
8112
6230
8917
8876
9459
9960
7136
9216
1310
4289
4814
8067
9777
4822
2176
228
4987
6233
4278
1349
1019
1525
8893
5414
6813
5033
4432
2539
6146
2530
7260
4259
8760
6177
3135
8220
2490
6623
3788
3800
912
8602
8219
690
3424
395
918
4764
6628
1548
2465
4000
9425
1358
9414
2590
2743
198
1481
5241
2729
8741
9500
1489
1271
8987
6061
3761
1962
6201
7561
2875
1155
5780
9917
932
6176
7187
5696
9156
5088
8161
3156
865
5871
2570
3456
4966
2769
4937
207
1850
31
6060
3339
1302
5047
5753
5063
7010
1954
2624
6237
3110
4756
2506
4042
7284
6045
6090
6441
1133
4251
5949
1999
6474
4872
1807
7792
3993
3096
7999
5843
3127
4059
9182
781
5459
4935
5844
8821
3242
4820
1410
6352
9577
3916
394
3213
9961
2836
9654
7447
7087
5604
5798
9913
476
3957
7705
4469
7053
2056
312
6533
6116
5846
7314
7927
7134
9511
6748
376
683
4510
3080
6612
4778
3474
9826
1091
6310
9480
8538
9749
1436
688
6014
8264
4645
71
2733
1699
2127
9397
4584
4595
1596
1898
2522
5082
7761
5622
5458
8445
132
4890
5057
4910
4716
4883
6002
7378
716
892
3479
2152
1581
9493
417
6226
9564
9502
4277
8043
5252
8861
2639
3200
760
1513
8282
4873
3488
92
3318
9972
4982
4728
1235
6050
9611
7237
3428
6679
4481
6907
5184
2414
6400
1953
8641
2316
7807
9270
359
3059
8132
9350
2611
5244
864
7245
117
4352
7337
9788
4324
8671
4516
5559
4721
479
9148
8149
7159
9982
1408
2343
2396
7808
4296
7389
6476
2103
6660
3188
1515
4792
2538
4126
6388
9754
1372
6505
4106
5061
2645
4783
85
7161
342
4806
7641
5843
9308
4800
5825
716
3495
4573
4877
4143
1963
7705
6246
8623
893
4113
9767
3432
4592
6155
3186
5964
9012
3645
7377
1658
8428
7462
5171
5122
8621
2812
7317
4281
3964
9494
1349
3811
4068
6226
7954
6031
3932
553
1006
1177
4666
773
961
9258
3280
500
1574
8644
4145
5304
6654
8925
2766
1826
399
7739
990
7717
2020
4955
7211
3370
5118
1279
5948
3073
3662
9880
3626
4668
7410
4644
1793
8371
255
5073
8871
1829
3718
9368
7133
372
8293
6252
8550
5045
3991
9541
2762
6012
4496
6325
5734
9614
3957
1682
9039
7619
7915
9017
8640
5325
3662
433
3696
269
5507
8920
8450
5577
8288
1936
2301
2934
8188
852
7979
8531
393
7093
895
1241
9770
6629
7207
3727
8312
2599
7699
2579
1616
6339
7904
1630
6772
7952
1899
8631
6872
350
560
1513
2286
2862
4447
474
66
8778
5357
6811
2223
6253
4404
1993
9234
1611
5721
3898
4210
3420
6477
2179
6111
733
3809
9235
8686
5709
7867
1910
6059
8427
9775
8345
7641
574
5171
7707
9352
6880
870
1575
3133
5274
3569
2368
3238
5642
6266
7448
5414
9096
9627
1525
9829
9789
760
4867
5498
4979
6778
7909
9759
6553
2606
7400
7128
4129
1460
2832
1009
2330
760
495
3957
681
2863
7195
2675
5481
4643
8089
929
623
5966
759
6764
3078
5626
2262
8058
8756
171
7817
5310
9129
1569
8790
3258
9381
7974
4267
1712
5086
4762
5669
5767
3977
9216
8442
5811
211
2883
6740
834
8849
3851
7598
1928
9478
6212
6338
4586
2735
507
6248
1864
2076
5038
1474
1458
9365
5742
9522
4451
6856
1543
6571
7186
759
1365
9349
970
4249
6089
8157
9450
6293
2107
1378
5771
4672
4068
357
7407
4575
2958
5624
3004
4348
7098
4462
3713
9192
336
4517
6049
1879
1088
9587
8990
8805
8936
9960
3054
1377
4469
2505
7670
6577
235
9793
1249
4304
6503
5008
5231
9461
632
8235
3809
7731
9049
7523
6923
9385
8392
9324
7616
5832
5263
6606
4637
4199
2919
7692
5577
3740
6549
9599
317
6784
9393
7918
7440
5896
2927
9024
5357
9911
3611
5518
3994
2661
3041
7270
8398
7785
2946
2367
3617
