8210
5325
8255
2409
4596
2299
4338
8337
5200
3938
5006
8336
9683
2925
2129
5579
2204
1153
7288
8467
4764
2806
2462
3777
2200
6084
8528
9985
9030
895
9955
7240
2572
4562
6002
7169
6861
6692
5506
2061
6982
6864
6749
6665
6141
8878
2244
8345
31
5884
3165
1148
8691
1979
4925
7243
8063
9805
7228
7093
700
7183
4334
9625
1745
6688
6794
4958
3380
8652
3371
363
5516
121
7028
1658
8999
5625
6355
5383
1509
5872
6531
6552
7851
7808
3795
5914
7614
7376
3008
4666
911
3694
4291
2657
6734
7437
3967
114
2441
7339
6829
7958
3812
210
5968
9163
2187
8675
4546
3696
4548
7429
6601
2399
5238
6748
4666
9204
4124
7674
222
5036
7720
866
4045
4454
8303
8012
920
7097
1703
7750
1407
5515
7960
7375
4679
147
2402
5577
195
3302
3007
3148
5702
4597
9897
6720
153
4021
4394
375
5409
8466
1241
9454
2920
5897
7467
3840
2994
5522
7942
4401
1038
2254
8128
2069
8753
6882
7646
5301
185
7005
8449
2239
1602
8346
8959
1755
8720
3353
8483
481
8171
6076
9936
1091
1973
3755
1283
1319
9277
9226
2072
6667
1480
6552
5088
234
3435
9087
5535
3620
6092
336
5859
4047
5035
4818
2154
107
4523
637
588
2694
6714
6876
3785
5039
631
1420
6359
6261
646
4783
9280
8479
1336
4369
5065
4771
3456
6952
8391
5900
3640
4250
9947
8675
9068
2102
8782
9943
9091
5723
2637
5805
2599
2774
7197
3231
4194
3556
5844
1193
4691
5124
6024
6027
5845
7441
798
9301
4393
9189
1554
8033
9791
1501
3061
5211
9955
1843
5154
9047
7566
4143
1204
166
6917
8401
9749
7464
8309
1945
5009
3001
7069
1033
9028
9267
8474
6179
8568
9219
1720
122
3604
1512
7976
6665
3075
7931
4861
8230
3330
8779
8725
4535
8945
1995
2936
5046
9459
7598
6991
820
6951
413
1853
5979
9680
6679
8510
4600
2250
231
1075
5854
8095
5403
8872
1170
3334
3733
5752
6665
2512
4478
7552
7810
6473
6840
9208
2284
4438
6200
3104
1389
2965
1309
3721
8997
4340
8583
9949
6590
8814
1024
8796
6909
6427
7668
8080
6114
7753
184
9131
266
4662
6683
4428
7487
9875
3636
9771
4314
9836
9227
2055
9153
6888
2128
8150
1228
7064
8100
4170
5878
5476
9319
9140
8256
3339
3572
4370
1093
3756
9853
1359
4771
6536
5787
2258
2763
9423
8382
3429
5612
3961
5485
1117
850
3965
9268
2078
1029
3720
2601
3260
9196
1920
2400
7452
5259
2324
8174
6352
6080
8027
4063
7203
915
6202
9462
3679
1978
4196
7108
3942
8157
8945
5059
9007
9263
679
7438
6644
4399
39
9904
9948
8311
8656
3752
3570
980
1927
6275
3413
6306
6690
616
3574
9245
6430
3605
1223
626
7065
5165
5136
2363
6576
4143
7978
7256
1581
4622
1655
7972
879
7955
2635
5887
1708
2558
3220
9987
8833
6633
2645
1875
3601
2571
1120
6384
6176
8695
7010
9594
212
2146
8309
6789
2642
6287
4045
575
7261
2052
4900
8140
8
7535
4028
1716
93
3600
8055
5278
233
700
7154
186
3272
4626
6570
5800
3322
9933
5394
3534
8431
55
323
1073
6342
720
8001
3604
9125
2901
8096
9133
6788
8476
7201
6882
2076
5256
2160
2309
2308
5666
8848
1932
293
5418
7733
9967
1703
9479
9853
135
9535
177
7560
2229
7249
5561
5833
6374
4814
3930
1859
1603
2406
9060
8485
4483
668
6997
3144
9329
9016
8344
1261
5661
115
5346
5628
1818
4826
5481
1953
713
2010
5866
2942
5612
1427
5128
1986
6242
5410
3846
4197
4168
9258
2682
5003
6279
6031
8148
5608
5047
2844
3221
708
2959
8568
2688
4778
9746
8170
3083
6811
6532
8949
9753
2144
6729
4881
4131
9323
6643
4329
3520
812
9939
2554
5815
6218
4937
315
8178
9985
3160
7752
7045
6119
2672
9734
7249
2418
4256
6685
9229
788
1986
5334
9285
5067
6568
9768
4390
3211
4097
4262
375
388
6816
6191
2959
1754
6506
7489
8091
6018
5241
1488
8490
4265
1222
2091
6683
1830
8776
2264
8971
7115
3951
8256
2182
519
8024
6573
82
8473
7187
458
8861
4004
3001
8172
2110
9507
5662
6553
5526
7255
8041
4016
1521
5616
6107
4556
7446
1236
3173
6417
8351
7124
1025
6885
3995
5401
9810
429
3874
6998
887
9088
7354
3888
7260
9464
9748
9274
6017
1626
6530
410
1994
8051
6026
8101
8959
3473
5689
2132
6242
392
9256
3620
7278
9603
9021
7088
33
2896
438
7272
8336
7792
7513
1948
7256
7261
1223
9625
8887
7753
36
881
2156
6062
5334
7467
5887
7376
9600
8482
7768
5208
2102
1398
1164
7475
4839
1197
371
5277
8469
5059
9422
5982
7008
6678
9595
8231
2656
4834
2336
9044
5715
844
1458
7402
8311
7346
1130
4263
2180
5250
5824
634
6649
6988
8109
7840
8185
4833
9469
3006
9892
8891
5341
6900
1922
1288
1483
4578
6123
171
9974
8190
1015
1432
5592
5679
5130
6722
9942
7310
1973
5766
7944
4974
2754
2406
9166
7291
7239
8635
6650
7131
7527
1991
384
5801
9631
1867
6731
5754
2039
6705
3945
9406
8137
5889
5085
9620
8964
1380
3282
7289
3498
7579
8615
2605
9985
7781
6248
7224
6416
2898
707
295
1241
1091
6096
873
9311
2827
6627
1350
5884
6924
7108
374
2814
8546
9994
8130
9926
3276
5419
3424
855
4034
2381
7192
1815
8630
4416
4583
1528
5124
4879
9122
2567
7327
9995
1878
6507
2974
9580
2391
9899
6689
2765
9065
5235
2759
7195
5161
2388
8966
4937
9595
3000
3671
6788
1167
2301
1204
2102
181
2680
6981
9303
5248
661
9298
7126
7168
2273
6707
9559
8524
9748
2325
3941
4983
1436
1136
6496
3824
6454
7785
3420
9454
1456
208
6973
109
7764
9075
291
6797
2409
9594
8397
3070
5245
1875
238
3870
4934
6149
2394
4682
8474
6335
6017
6263
3823
2513
87
277
6651
9859
6083
4459
6419
9408
4569
536
4835
4860
7333
7244
806
5730
6666
6051
7605
3256
9921
2540
9406
8667
3574
4232
1354
9592
495
1529
8457
6935
8158
5108
3146
4241
9568
9566
1
489
102
4837
1701
3787
2081
2507
5869
5100
8559
3474
8356
4832
2366
4114
9852
2293
4699
1206
1885
1546
2736
342
4833
894
5451
7980
1488
1371
7546
1489
1860
4000
6326
3561
7787
4760
2420
8
6212
7331
9834
4568
2164
2201
5035
2016
4494
9734
9574
2731
7632
8662
3073
2466
9557
4876
446
7397
6247
4344
8886
4459
4696
1565
4372
8835
2677
3145
8843
8889
476
8677
9809
8992
878
1196
7360
1724
7282
6935
4455
4915
5597
3881
3733
1506
8757
4179
5255
1357
4875
494
2168
9571
2059
2893
8406
1088
6038
7249
6329
6514
5926
6138
5507
3157
3687
2867
1233
969
6154
2041
2236
8104
5922
5969
9610
1031
148
4866
8740
1375
5360
909
946
3771
3802
5704
1211
6192
9305
7540
2706
5232
30
4565
4741
3717
3785
5974
1039
6291
8015
3275
4395
289
9245
358
7673
5745
1576
6413
7121
3288
3674
4419
3411
7476
6476
4622
20
5781
8514
2727
1013
8544
3644
2106
8614
3781
8081
9653
73
2448
2928
4468
2738
8525
4826
6763
4271
2754
3176
7744
6042
6851
2163
9453
679
8639
427
700
4421
8941
9779
1786
7486
9775
3893
6100
3557
8326
2105
3630
7126
1385
8098
6216
9911
9277
2979
4182
8383
6156
1926
4426
3007
441
231
3686
9081
659
738
9854
9600
517
7992
3438
293
8237
5890
3850
2915
7995
3832
42
9381
8282
6258
9292
7559
9238
3474
5943
5394
1752
6721
4753
2193
6952
4791
7626
3963
5530
3832
3564
2399
1825
3354
9044
6414
9245
2894
9330
3592
3078
9372
2973
1361
1982
8617
5272
1220
8443
7567
6614
195
4288
7719
8741
7593
2511
6367
1556
8041
200
1472
440
8377
1179
9485
4791
424
8731
4121
4016
8162
9845
3342
9523
1828
1959
4795
9400
403
8715
2367
6950
3003
86
5691
6948
2597
2059
4857
6990
8611
2681
7431
6988
3860
3268
1779
4284
8351
2253
4653
6513
8450
7995
2388
6630
6306
3536
6031
3061
2251
8398
12
5254
8484
2055
8555
7434
466
3412
4424
9077
2445
8207
6065
6306
1475
4197
6942
6179
2802
7947
9044
1252
5942
1433
7883
8601
4969
266
1662
3572
5016
8026
8826
3500
82
3733
7286
548
3497
1711
5978
5943
9918
2043
8601
7746
2592
5543
277
5394
9843
9321
6647
5785
7106
882
738
8427
7500
2401
1999
2516
427
7178
2368
6861
911
9655
3762
761
1366
9740
6704
7636
8135
1657
5382
728
3552
5659
6122
3395
1333
9121
5533
8439
6355
6271
3219
3855
8672
5218
6371
5452
2396
8740
2313
9660
8395
6075
421
6113
2167
3477
3749
303
5134
5484
7383
8686
1143
3505
2082
8828
8979
7615
3620
1686
238
6839
5542
8911
2057
8265
715
806
7005
3028
466
1752
5456
7239
4217
3975
7068
7967
4278
2202
3451
8013
7240
946
7871
5674
9775
6850
9641
3395
8536
9880
6586
430
5143
8643
8696
5858
5801
2053
5238
2619
158
7046
9858
4375
1022
6926
8694
1652
5480
2145
9666
2721
9444
7537
4747
5571
739
4389
5318
9275
621
1904
6058
5764
6899
4754
1622
2701
3159
3212
5320
3317
259
1531
4045
7633
8457
2739
9285
290
1237
5303
3011
681
2840
4110
2604
3579
8499
7922
9207
9120
9826
5265
1236
6725
6371
2858
5778
9530
2423
1099
9200
2682
2630
3245
6667
7439
2336
5952
7729
3573
1256
7092
606
448
1203
3210
380
6054
1132
9587
5175
7310
1204
2763
388
3927
1974
6166
9809
4397
3617
9009
3431
2599
8606
98
39
943
2402
4120
4516
3658
7565
5123
459
8768
8333
839
1174
5818
6778
2701
3128
7982
5465
3516
8261
7439
6035
8070
1836
9652
3432
1619
2252
2038
1717
8643
2981
4119
9115
3850
4130
6680
5325
941
1800
10
1780
2975
5828
8558
5676
5309
2892
1141
5177
1153
4932
1212
5575
6768
865
9007
4739
9469
1046
6456
8112
379
6928
3579
581
7410
260
2258
8351
2060
2269
6483
5035
4449
1393
7064
6110
4285
4557
1288
1790
9490
8852
3717
2610
6069
2725
7350
5538
123
158
2
6854
7086
3582
7436
4496
194
6046
9199
2254
8315
5682
3642
9117
7075
706
1579
7712
5263
2867
5854
1105
8072
9572
3716
4141
2297
1066
6032
8772
1224
6034
5626
4663
5968
9414
5511
6162
5461
4711
4769
128
6745
8411
5597
173
5469
7177
7885
7084
6396
3740
8190
4468
3312
1906
8610
1961
9324
994
7085
6900
7028
2711
1563
9349
8478
3427
1863
291
8138
6632
6771
1235
1395
2369
1408
6864
5898
9294
301
8646
9386
8491
3115
9050
397
8077
1011
9721
9071
8096
2973
2451
7159
4537
8152
5637
7964
16
2280
2454
3000
9052
41
748
1421
1450
7612
3671
7096
7913
2317
6482
2756
1784
5532
3153
9861
2895
9226
5284
7343
8552
4088
854
3089
2240
2844
7405
8608
5124
9859
7961
528
9900
8709
8301
7702
2673
1972
4798
6939
4290
7632
9695
2426
9516
9201
8640
8763
4779
3924
2458
3331
4364
3313
2772
2957
2509
177
7917
3985
6388
5878
4514
2641
4587
2815
343
3613
4788
1494
552
5430
9126
247
4208
8643
5800
2848
3758
580
3125
6217
3911
7489
5882
6684
6798
8391
3213
4716
8728
9602
594
3242
2243
1534
6058
2586
5147
7198
4080
5699
8980
9559
2298
3188
4554
8099
6037
8312
8679
9162
881
8942
3003
6763
1978
9802
1506
5192
4518
235
4794
1464
9829
3389
2998
5887
2327
4497
9437
2760
6548
8417
2319
8847
1606
3225
3298
7643
7889
8329
3157
8771
7271
6160
1886
5602
5962
9745
794
6832
6332
1940
8297
6161
5329
7647
8401
4008
2145
7838
6768
8693
6256
9087
3892
4214
2312
7190
8209
202
5519
1366
5325
9143
3878
7211
4745
6193
3308
1891
3025
9640
3831
1322
2154
5512
8970
555
9520
7467
4745
6289
6160
1001
1728
53
1567
393
7243
9776
6947
9115
7494
2272
8258
7725
5835
3003
3918
5496
4894
6943
5136
5077
4618
3642
6941
3588
4197
2813
1055
8943
5454
3567
6296
7183
3620
4216
3928
7216
344
875
6331
7839
9499
4589
5564
1686
3944
9482
3534
8838
2777
5023
267
7395
8665
7208
7335
2863
6373
4742
8158
1828
8310
806
5363
8282
5022
9291
1850
5367
6518
4533
9558
2369
5474
5122
407
9418
956
3942
4608
85
8965
4875
7481
7630
8435
1168
6845
4809
5911
5003
2989
573
2162
8352
8855
7184
7643
7058
8903
513
1591
8461
2882
7066
9935
3289
2836
891
3583
7445
7329
2548
8672
4810
6531
3460
2330
3376
4621
8241
4732
7610
8814
6894
5962
4022
430
9957
7432
9334
470
9023
7795
9704
2441
7731
9345
1630
4974
2929
9075
2303
1829
4099
3465
8360
3911
5796
1737
8532
389
6469
6142
5556
9715
8456
5930
145
8413
3362
9479
5235
8737
7275
4939
7531
5006
637
9161
6332
3566
4588
8636
1747
8687
2101
108
8951
4249
1845
7483
4639
4666
9978
195
4381
4786
6125
4526
3200
9487
358
4787
8224
7633
6079
2107
8991
6716
1268
5323
6634
5856
311
8381
896
2413
8489
9847
6662
6686
3682
7653
1352
3660
7848
2085
8447
3973
2964
7999
9812
3322
9138
4389
7307
5217
6496
2650
1933
7765
4325
4919
9973
4637
3301
869
3402
8142
7068
6416
4829
751
4070
2533
763
1918
971
9210
2244
3935
3561
2056
3609
2700
6445
7268
4269
9294
9918
6203
7059
4243
7474
3384
5232
775
606
8634
5270
7674
5051
6451
4777
9121
8984
5541
7391
9955
1103
9635
242
4665
8044
203
3717
4489
7471
7986
3783
3741
541
7194
4337
8016
6931
9569
5143
7537
4556
413
1563
5959
6864
6341
1432
2201
1882
8823
8508
2985
4811
8751
7650
2855
5306
7719
3696
2778
5706
3832
6519
6247
7378
7208
615
4309
6778
5759
8198
1334
2524
9762
3645
5741
6103
5077
7942
7985
3900
6450
7322
5063
1553
1325
7918
6860
9044
1615
5990
4750
1799
8861
7350
9177
6070
7965
3487
9200
3724
8037
534
2601
7799
4179
8342
3902
5608
6284
8239
9508
9086
5562
4572
6992
6887
8842
204
5931
6809
6194
7034
8608
1407
4384
7786
7477
8701
7625
6677
8778
5662
3563
1379
9814
4094
9721
3716
9702
2357
8308
5563
1443
3870
6487
8435
7109
5329
4991
3040
2139
1185
6426
7099
2593
7162
1237
6422
5864
8862
3100
4642
877
6663
6021
691
7110
2094
759
6812
4451
9067
2375
2246
9289
5214
7034
6398
544
2025
5791
9035
9563
2217
6134
8508
9380
7372
4930
1596
2586
8030
6238
9815
1046
8611
6858
4508
7057
7618
1320
7860
3037
48
106
2327
5262
3492
8725
2158
1870
868
7545
1433
9438
3680
9941
8818
7404
1223
6766
6342
9254
3004
2510
6652
7967
9368
1160
5024
6986
8832
9236
6376
5232
5694
8703
6847
9187
3780
9005
1057
4649
6551
8842
4087
6583
5135
9257
339
6358
6023
6681
5612
5379
5543
8616
9698
4912
6128
1074
8250
4961
310
4626
193
6004
3329
7040
1543
3462
2398
8952
4463
5301
7794
4902
1884
2929
511
8575
9288
2886
1608
1252
8265
7152
9869
4315
2064
2349
5389
314
7310
2051
4941
3856
8055
4622
7248
5951
8084
9646
4903
2547
1299
2698
3801
3183
5627
4312
1758
1267
7198
3367
2520
1815
519
8741
6130
8935
7442
1519
9249
4753
3570
542
4961
7978
5165
8561
3929
9601
8208
8832
8501
9507
7882
2302
9043
9862
6615
7153
1129
3813
6872
1
5629
3743
5094
8111
2678
2537
9631
8280
3642
9553
8822
4955
3883
339
3516
4164
9941
8076
2997
8442
3936
7231
744
2979
7093
7359
6484
4575
7525
3357
928
9506
7100
6023
7617
6131
4912
7248
4411
4906
3154
9585
9861
3389
9925
3377
7554
9866
7806
6903
8308
1742
4134
9052
4721
7580
2764
7557
2155
289
914
3083
9795
4367
5458
3764
6850
6722
7365
1261
7980
519
7198
7841
3908
7123
7571
1462
6989
5377
8365
1649
7119
8852
7054
8192
6432
6170
5749
4939
6459
3016
4374
2606
3735
9833
6370
585
2907
87
8198
888
606
5396
5081
867
2520
2652
8681
5861
4381
3399
3863
7852
2251
917
2396
5035
7087
4498
9974
9898
7514
4348
8856
1249
533
1578
8186
3441
1666
6384
681
8624
1780
5762
5843
4300
4767
4525
6514
9148
7924
377
3353
6527
7646
5749
7914
1085
247
7888
7335
4113
2236
6191
1714
2770
4121
9900
2563
2139
6284
9596
764
4417
5358
6607
5069
125
7484
1583
5626
1760
8312
8979
8287
2310
1080
6201
3395
7680
441
730
8145
9030
3273
9860
8152
3747
6112
715
5886
8749
311
3002
3166
2021
5962
4587
8499
3446
6171
4125
5207
835
9456
9846
3146
6888
2400
6541
4568
2841
3624
2714
1871
6897
8926
23
6996
1390
7090
2883
139
3753
5885
9657
5775
1847
4245
626
1646
6768
4751
6853
7603
559
3051
7101
3799
5451
3643
8368
4645
3619
7434
2868
6868
2712
9244
3865
4102
2686
6748
4242
6440
8985
251
8567
7185
4496
9193
8831
7616
296
2036
5220
7207
5087
2321
1006
6891
2316
5726
1536
2287
3160
4404
9156
5872
0
3021
6327
2687
6121
6921
5479
1458
7172
4046
8643
8021
9591
3826
5637
6239
5862
7209
3446
950
5883
4452
7841
4551
179
5729
6839
9691
6485
5995
1916
6486
5368
8243
9173
1489
5164
1004
9299
8688
5050
7943
6709
993
1769
8699
7232
7632
2260
678
4934
4495
1482
9127
9047
8013
4856
2238
7705
7693
4585
5973
4179
9953
4216
9704
7794
5732
708
7093
4420
2110
1388
7482
3103
3158
2533
6687
7142
4793
3717
8428
