9289
5200
7555
4688
9565
8763
6926
7270
6456
1511
3243
6988
1464
3811
6692
5610
9543
3753
2703
316
5863
444
7798
5319
3602
331
2006
7096
1476
5724
5524
765
7276
3079
1805
6841
8194
8731
464
4650
242
59
7990
8058
223
1035
20
9766
4788
9076
82
7003
9520
4232
8674
3122
915
7033
6570
2392
9109
2094
9509
6385
1525
1315
9578
9719
46
6394
721
6641
6454
8712
1051
6677
9747
1072
2795
887
6500
9230
7890
6020
3462
2917
5494
4378
9950
2064
6770
9059
4158
2631
1796
5683
3946
1374
1754
3993
7769
2475
6986
575
1187
4389
3604
7286
5461
6399
8173
1961
5629
2416
4333
5444
5333
9827
6174
5283
8243
9296
4342
2401
1927
6138
4436
5874
3864
6190
6219
7985
5018
9557
8560
2557
3946
8516
9844
9408
4916
4369
7721
6897
6785
8407
8693
8470
4586
4867
3753
2830
515
4447
1583
2443
6937
6020
4669
7154
8562
888
5139
9932
445
52
2490
4391
8568
8686
151
3484
3055
4225
6734
6193
2632
5427
4663
3570
6647
4769
6400
7162
5568
7984
9605
2506
356
4274
9660
5270
1514
1151
5203
8311
1203
4045
2703
9772
2731
9206
9608
2138
9783
6342
8331
8767
1770
9347
2338
4769
468
8738
1931
6036
3074
7889
4894
3430
2163
4554
8701
30
5706
256
8341
6909
4301
7396
3033
7032
6603
2642
9170
2738
8984
3854
1506
7106
9553
3844
1875
21
8934
159
6057
2009
8048
952
5439
6563
1858
492
6593
3916
748
1287
7178
1401
8683
211
8433
1638
2853
3956
4377
8190
7810
2235
1648
3715
6079
3524
3736
5013
35
6145
3374
8083
7097
5166
4646
5308
5658
7592
9224
2759
8879
6402
4160
3914
2966
8946
5553
2171
2902
6282
361
7064
8517
2010
779
948
1886
867
2313
1921
7012
5688
6356
462
854
1002
5770
2864
4946
1346
1975
3825
7749
2488
4092
7067
1434
5997
9238
688
2279
5952
4104
7148
4314
1235
8096
6200
2102
409
4473
9114
2449
829
9576
9655
8183
1698
8872
3130
3045
7199
3307
7146
9687
7399
4213
7473
3396
9803
4513
2027
5755
8617
9175
69
9852
3623
2621
8306
385
7094
3773
9186
4275
3349
8842
2459
5048
7714
5589
8093
4913
5248
5239
953
2648
5804
8426
2396
5607
9292
4424
7715
7909
9951
7784
4114
3575
6758
8772
312
204
2545
9498
4480
2247
4692
3291
7295
2406
5232
1740
3672
480
3331
977
3128
5487
5755
1877
1094
5047
6301
8809
9309
2604
2946
9775
2531
9704
8547
2843
6260
1093
8694
740
9692
3386
4031
6987
2145
5615
5079
2169
6096
4762
3146
5576
249
8901
7453
1343
301
106
6505
9610
2711
5803
5737
1594
5507
4284
4438
1767
1729
9484
8860
1421
2870
9243
4760
5015
4859
6191
7184
955
953
6682
2883
7554
5584
337
5250
2237
6795
1755
8199
5858
7558
3936
7453
9417
4572
8243
7536
2654
7727
2748
427
597
1992
5188
1965
3203
7731
9149
510
5037
5832
3393
2591
7768
82
7841
5
6878
9596
4556
2736
3506
8492
189
9275
9416
8432
3164
2070
2511
5912
2498
3109
4256
4038
5074
7459
1769
575
7969
6806
6407
7715
9398
527
7797
3591
532
1027
3188
5088
3764
3046
9932
305
8674
9349
5090
1838
1419
7601
7750
269
710
8359
4307
2136
5818
2429
2712
140
9235
5471
7855
4985
5999
2004
8577
2883
3032
8117
4324
3148
7515
4256
9805
6189
9957
4895
4379
7729
2497
8482
7998
9559
6841
2306
8048
2659
1087
7112
9151
6674
2583
3358
1660
8582
5363
6589
7818
4747
1058
2142
4247
8573
2750
4052
1115
2708
8948
5494
437
7797
3976
8435
3708
817
7093
1756
9829
8180
8868
8980
4855
1452
2339
2867
6386
4054
9456
4204
5153
514
2698
9400
5439
5449
3452
6554
8157
8752
2049
8594
6549
6025
3381
258
3195
475
8366
3024
5007
3587
2004
9862
5039
695
9081
7777
1101
8537
8334
6254
5403
1032
2006
843
6481
5459
7397
990
4211
5798
5936
7113
8176
9318
3723
1371
6145
2089
4395
1152
5676
2751
7367
7067
9799
6448
1197
7252
1338
9531
3507
6741
6915
1865
3936
9749
7324
7686
739
7888
3484
6676
5001
8012
5994
5076
9383
8491
7165
130
9643
2842
2882
7010
6261
9033
9811
7458
6285
1149
3341
6144
4242
257
8010
8179
6
1686
5865
745
5926
5701
3773
7279
3714
9767
2355
9449
8258
9521
9580
4254
8715
8814
7616
1328
7847
7427
8787
484
4928
2128
2981
9171
2385
991
3702
8743
9029
5919
9489
4956
1620
3262
2235
1686
9382
4591
1136
3992
464
716
4598
5531
9530
2215
6859
3729
5994
1998
565
7275
4127
3546
2798
2864
889
6500
7960
9919
2419
3801
4875
391
7063
3462
2078
2797
4405
3214
3142
4869
282
7740
6752
6164
6307
3612
6245
8654
1962
6810
5929
2441
6709
8727
5306
7598
5227
9618
7517
3998
3419
8744
4389
6834
2207
2819
9632
6612
2385
9126
7834
2667
6866
4586
5183
9526
4550
1428
8180
6513
4591
4109
8954
1300
9188
612
8898
767
230
2768
1117
3649
1512
5506
484
3719
4678
6468
6684
7063
5594
4518
6083
8812
5456
1266
4690
6359
9047
2870
2872
9990
3331
8178
7642
8871
5143
2892
9638
5373
5660
755
5375
7173
2614
2211
7244
7292
5031
3928
707
6977
4798
6790
2141
6607
4409
6832
2966
9808
6054
2190
9798
9386
368
7440
4609
1863
6684
4248
7237
2345
1355
8964
5870
321
7527
3114
7613
8910
3395
8321
5887
8193
5111
4380
4800
5872
1212
4118
5680
7267
6308
5478
3005
3029
9270
7614
4892
5955
8214
8481
4652
5922
3797
522
6243
7676
3636
3857
6586
3383
8530
2473
1577
9993
3206
2729
5866
4418
3200
1546
8037
9508
3377
7394
8889
2647
1361
3782
4954
5927
8615
9606
1849
8765
6480
4445
6441
6469
4654
3028
9852
3184
1853
1429
9529
5059
511
5395
5830
3711
3294
219
9571
6671
3966
8461
5670
5327
8595
6977
7606
3562
6583
5808
2327
9416
253
8769
5885
4907
8149
5737
8091
2
7167
3972
1414
4030
9368
7244
7741
2662
7463
7312
5685
1429
2125
1355
3108
720
4684
715
4283
1268
2875
2962
7036
3128
1731
2921
8035
9880
8658
2478
6235
2177
6450
7649
6207
2170
4893
300
1184
8708
3965
6869
6490
6090
4577
5950
3163
9261
3017
3798
6881
5892
6760
3917
9020
4844
3190
3407
1076
1849
2237
7311
378
5040
4960
6586
7210
6205
3238
8395
1266
3555
1616
4108
5998
6193
58
9161
1807
3076
9311
5040
5320
6071
8958
693
7267
2148
4100
8344
349
6338
5655
728
7730
6968
3666
4940
9525
3256
9687
791
6812
1304
4899
2810
3849
1310
8323
2008
738
7634
7049
6058
57
2359
6751
3677
859
7204
2021
1209
9894
4028
8289
7624
996
1955
2564
6874
1563
8604
7665
8375
6260
8917
7537
109
6579
5860
8470
7317
9846
5519
9727
6256
7878
6479
9933
8737
3683
8306
6298
3577
2334
4587
7553
9683
2894
6469
6557
4458
5073
574
9185
1333
5843
6723
7795
2422
8935
6265
6091
5134
8136
5819
1390
2366
8650
7675
7455
8685
5981
3754
8614
4667
4693
6167
702
7588
2636
7259
8398
4062
4186
7583
5395
6381
658
9542
5156
9594
5807
1247
4728
295
3418
2470
2661
8420
6497
117
7105
8830
223
5719
3497
4916
8238
4200
8856
875
7811
3606
4937
8349
1190
6684
4731
1848
6227
9887
7794
8386
7486
8874
5034
7257
1344
7695
5677
7841
4164
9135
6671
4387
1206
6521
5656
9445
7073
864
6672
1236
4471
7961
5938
2013
4645
669
213
7224
6908
8008
1963
746
6882
6997
4355
4579
1044
33
8772
5209
5520
1796
5948
6726
8317
1604
6171
1742
2469
2843
9330
3292
7156
5268
5305
1802
2289
5518
5378
5549
3526
7341
6296
6761
4338
651
7692
5383
7036
6464
6944
8908
8260
2892
5635
2929
849
1806
1023
9670
1002
354
2962
8158
5622
8267
6312
7912
3785
1691
9813
3664
5384
6109
6777
9723
3113
4469
1458
6501
933
4754
5410
5546
7646
7397
4827
8495
5555
2203
8165
6557
2557
7479
1068
4531
5746
3732
8795
5884
5423
8609
9548
808
1070
6325
6883
535
794
4693
3389
8079
9447
5151
9977
3445
2548
1157
8293
8103
3360
2810
1013
2269
290
2081
3152
6036
5813
1948
8272
7589
6909
7820
4749
4331
497
1632
4867
7643
2677
4608
5723
8476
9759
2052
1921
2307
9561
214
410
2921
3025
1423
1542
3315
9856
4695
5703
5670
2995
328
9611
6256
8148
4360
587
4998
2344
1806
2641
5021
6414
4716
9849
6173
3121
1770
8480
2682
8337
5243
1956
1362
3018
3498
1029
2875
4545
3084
4897
7540
3412
860
148
7913
5220
736
2911
7564
2542
1904
8937
5309
2973
8786
1482
6094
6908
6315
8776
5245
7910
732
6607
7280
583
3988
155
5128
3425
1404
9021
6837
8616
9169
1102
3836
9905
365
7752
8800
8622
3041
4109
1595
1827
1943
7689
5088
4610
6465
333
2520
3550
3293
9801
4133
7281
6308
9261
7058
4065
8282
3896
2681
7452
1350
2870
3709
1716
622
8861
6690
3664
2970
8285
1843
1266
5974
6931
5876
8791
3617
8397
2341
6910
4550
2826
543
7210
8440
7602
1275
3074
7850
309
526
9200
3179
588
7268
3801
9449
3958
3817
8772
8595
5661
38
4569
8944
5914
9713
2561
663
2054
9471
1565
1233
6367
8776
9673
3969
6403
2747
8171
6712
9626
3723
9891
6566
992
45
6015
1302
3862
4787
9898
5875
1177
819
4820
7092
532
3733
4107
8939
9557
5673
172
5924
801
6197
6245
7204
5296
4416
3917
1274
8139
160
7840
5483
205
208
3138
4068
1347
9388
6295
2525
207
7467
5969
7092
1201
76
6031
758
2101
2555
3034
2902
5104
5631
107
400
47
376
8027
4538
536
5867
22
742
6075
9512
1162
3775
8900
7457
6300
5459
4925
8621
8903
2478
5049
4934
9588
3503
3841
2622
6405
8945
8253
2864
5698
4652
3240
3725
9190
129
5944
5564
871
8372
1428
8385
2147
6680
2194
4799
2140
7119
3420
1043
5949
4821
2330
5537
8324
6171
4511
4730
1469
2764
3946
3519
3768
3539
7244
9311
3668
3188
4875
891
1560
6304
9276
59
9336
1470
4858
1476
4942
8278
8872
891
9452
7554
2781
7776
77
7292
8858
1546
6409
2805
1417
177
6344
8661
9488
6364
8202
716
7255
9762
3372
2883
6174
2708
4353
1032
537
5647
5663
5761
2891
5115
3315
5672
2891
3392
9316
8102
1291
5725
907
2708
2255
3603
7722
1743
9967
5924
8811
3574
2038
2183
6457
8212
4892
7162
9245
1781
2810
1260
7542
2053
6375
857
4077
5618
601
3393
3720
8244
5471
979
953
4078
4582
5027
5821
901
951
985
827
2989
3168
7284
7554
4412
4447
3151
2545
3609
4411
87
2014
786
7296
2443
2756
7898
2188
6477
2494
7659
3808
3447
1737
4743
8474
3911
5644
5777
1248
6472
5119
4416
108
2673
5181
907
5824
7726
868
6587
7814
2882
3725
1462
5325
6481
5712
7514
9310
8207
1525
3119
8006
9615
7862
2833
9878
9858
8610
1126
2682
3729
1894
2791
2754
7075
50
4930
1154
919
1517
5320
153
5242
6782
5479
8076
2495
9345
7386
702
7222
6857
8708
6837
1071
1541
3067
930
6504
4193
9964
6585
6088
2755
9340
9515
9158
4270
669
77
2140
5989
230
3734
2772
2061
1810
1619
7758
5549
8673
4981
8758
3733
8170
9830
1627
1238
7112
8131
5431
7076
4716
7871
6184
408
7387
5342
1031
4408
1771
3171
398
2001
3257
9522
415
1420
1141
8173
6969
6166
3154
2079
9899
7677
8261
1526
8915
1725
6009
698
8802
726
4922
1338
7486
8661
6680
8517
3069
8451
1688
3467
6804
4946
2989
7219
6366
482
1745
9687
6648
1251
8118
6548
8928
6380
4426
4195
8105
436
1246
3259
7514
6168
4597
5000
4829
7629
3518
7898
2432
1558
7718
5589
2856
707
9160
9222
7542
905
5261
542
2157
9732
3442
1085
6112
7869
1633
569
4657
2879
181
8523
5399
4778
3523
228
8760
3393
4478
1192
1304
2196
3133
4160
9256
2294
9735
6798
3199
1348
3692
5356
1080
7135
2794
7192
5004
779
4114
6013
3658
4295
4536
9057
5425
8059
5637
4185
7805
115
1730
9109
2312
4863
3269
1568
3509
9356
4718
6709
705
8410
8417
1785
5545
7563
5330
6901
8342
9444
2914
2000
91
3802
7409
5516
8214
3046
6054
6019
3162
7784
1480
1826
8999
1101
9746
2509
458
816
5570
1163
9226
3987
2948
1124
1551
8278
4377
9893
4074
3644
8246
4165
7446
5655
6034
5660
5054
2088
8031
4568
6224
9511
6394
5223
613
6140
4084
1071
6956
9654
2234
2534
9994
1534
10
1545
6165
4388
7790
239
4384
2388
757
1830
8044
6791
3843
9450
5231
1874
4018
1455
1386
412
3030
1999
2904
3467
9422
6212
3121
8008
5098
9467
9542
5109
7364
2059
5849
5155
2299
233
7543
9408
8415
1939
2551
8610
7741
7782
485
1759
9237
8223
8523
8619
6574
1427
2086
5996
7639
1560
4004
9090
1027
9898
4199
8392
1958
6400
9899
609
2985
3794
17
1400
5734
8920
6363
3475
6702
6848
1587
2291
5071
110
910
1645
1538
2997
3993
5529
4557
7997
4619
5584
4247
5170
328
6205
1570
227
3166
4555
4022
9535
2308
6108
8455
8671
5935
5157
1871
7522
3800
3294
3985
4711
4939
5523
4060
8932
7404
8617
3281
8376
553
7528
3546
7234
86
1469
7461
3252
2376
7835
2788
1036
295
1243
6059
6231
2753
7930
105
2905
1224
4090
7616
2515
5965
1676
1447
9722
6645
1080
8098
3551
8609
7996
785
8695
9465
4598
8299
8194
8786
1087
9230
9081
8683
5290
1664
7788
9572
8122
693
7149
8564
4662
9664
882
6338
7464
604
9336
8544
5054
9239
3505
3050
24
2200
8868
974
500
7062
9760
7939
2644
8842
6622
4286
6858
762
3859
4980
1456
1008
3545
6118
7024
4427
8808
4488
1383
4496
9385
6437
3735
2890
5839
3759
1443
1059
1086
1943
4473
846
6234
7118
6040
9209
1404
2899
9971
1615
4231
1427
8975
4128
3897
6000
4907
2706
6840
6290
7202
6225
9079
938
9116
4919
1049
6911
5978
2135
5206
6804
9334
1440
3922
5374
649
1678
4625
6973
9646
8857
4752
8621
2985
8650
973
4245
7708
4166
535
1262
391
5967
8552
5859
886
5954
2770
3216
4441
7976
20
3775
5769
294
5502
2770
1973
6479
9743
1619
1688
848
6592
1026
9498
3918
5271
3558
8084
5806
1172
4827
1773
9725
7039
9011
2031
6161
8580
6472
4138
4952
6600
6259
1599
8454
9029
9924
4933
5125
1543
2974
5973
4487
4000
1823
8405
9271
5381
6489
5077
2905
7669
3203
2630
4708
8566
1013
869
3498
3838
1359
8451
438
7618
6402
5244
3000
6326
6529
8125
4221
9503
4098
8708
3503
5921
3466
2774
7654
6307
4204
559
3976
3759
9542
8684
2325
6907
5906
5824
745
7265
627
1183
1236
7029
2779
4236
3355
9309
2361
3928
5164
2811
2636
5020
5084
2454
7794
9090
8762
8350
6001
2738
8461
1895
7775
787
8803
3681
2963
9548
7298
9942
7084
8534
3323
9863
2770
3030
5524
1483
6958
689
646
5946
5709
5730
8401
9855
1172
7163
4558
7174
6253
3019
9069
4028
3806
7872
4061
3121
3773
1360
9415
857
6246
2738
720
9017
5768
6245
6852
9078
6934
7499
5025
8995
9581
3426
8850
754
6941
3408
4280
3194
6428
9701
3575
6586
3926
3988
6060
7699
1700
5475
8556
7947
4566
9276
6964
6686
1873
3816
5765
5159
7667
7142
4154
7249
6920
9357
4355
3861
9117
4987
3407
1897
4688
3334
8484
4966
7323
896
2665
9023
6371
7573
6970
937
6850
286
3976
5075
455
9741
235
8122
6883
741
1723
155
98
2430
4016
5568
7417
3775
7465
8458
7110
2301
3424
785
3197
2442
6160
5921
15
9483
3210
3217
9769
7186
8293
6576
6927
4880
4699
162
5621
2774
317
2072
1557
685
7640
5326
813
5105
3784
4275
7407
3561
1412
6956
6003
7572
2877
2370
7055
6088
5588
3177
3274
233
9753
6554
5113
804
3068
7086
3579
9738
9158
1488
6775
3150
6814
7588
8256
6951
8215
2015
512
9627
8971
2867
7200
1849
1589
607
7937
7177
3784
7563
7410
3538
4117
8875
694
7186
5962
4273
3276
1472
2113
51
4623
8928
7640
2879
5879
5855
1246
2743
1835
217
5610
5387
8418
7199
5994
2707
729
6131
271
4491
6021
740
3367
6715
4278
5681
989
7554
7153
9454
7606
1776
8382
5246
1007
4261
7453
2253
7004
9288
8823
8966
4675
7241
2518
7022
9949
9599
3153
6572
4090
9174
7312
3809
5889
1591
9490
3230
9145
2996
2685
6751
4772
7419
8349
2132
1681
2155
4385
5037
7795
9560
356
8823
6802
9226
5845
3103
8825
5350
9675
2915
876
6987
3077
6765
4930
8919
6348
4076
1915
5385
7179
3040
2804
5529
5172
837
4036
5909
2227
1831
5470
2583
654
2272
8161
2851
1727
6986
8201
1402
6253
9077
4741
9330
2195
9672
8250
8543
100
165
280
3631
3205
3084
5512
4729
3922
9548
639
6149
1380
6109
5084
8386
4733
3245
1238
6460
6583
9439
4214
2836
4869
8955
2167
7064
4979
6769
1959
1431
6934
2239
5063
6492
1675
575
7573
5597
6476
8212
8098
7856
673
9534
6242
1758
2779
3832
8218
5714
3272
2432
8551
4493
7740
718
7909
9071
3839
6220
6855
7125
8459
8270
9969
6486
5197
7543
8436
1673
2107
6534
5881
2781
2421
2124
4539
1552
5956
9110
7267
5580
7894
5818
6425
1986
2888
4334
7410
6727
554
4265
3852
5365
2535
3822
1852
7732
7717
288
5758
9824
3174
1639
2605
5595
115
3497
3500
2424
8959
767
4356
6853
6585
782
8840
5825
1468
6250
2552
2023
6867
2756
3740
5754
2930
5592
3486
647
2232
5596
472
1759
7236
9429
3706
7351
9278
7206
6127
8237
7973
484
5091
910
1266
283
3087
2734
2885
1991
1109
9752
4748
4850
5506
4030
6794
5344
4678
9027
7293
1502
7138
4529
931
844
8232
210
4403
4360
4799
2376
4844
9890
9639
2462
6525
2726
5196
5762
4718
6306
5514
5818
7508
7372
9848
4302
9069
4526
9681
6362
6028
6819
891
3312
4016
5475
9874
8419
6187
4673
7147
7383
916
6786
9845
7441
5865
1394
3204
6935
7700
5070
2753
1560
8795
8953
5862
7864
9832
5544
4226
2212
8715
1469
5524
2731
3296
1750
1150
9484
6424
4650
6867
7340
7788
6713
1133
3653
8107
689
6940
2159
2112
6045
3719
907
4999
5933
8771
4831
7829
9349
7043
6545
7170
8920
5628
466
7022
3131
9950
3446
7781
3170
7138
5569
9883
4624
5575
4342
5313
2515
2853
3777
8561
6572
4684
3560
2505
9807
4743
6687
5508
8138
3232
2678
3410
8860
9497
433
8343
9447
231
6124
8969
7370
8046
8852
1994
3621
9546
3659
2488
2399
3789
1049
