8971
8473
961
7829
4633
2056
868
6493
195
4100
5524
9957
9312
5021
390
7656
820
622
132
9790
4344
8178
8642
2690
8151
4541
6349
640
6940
138
8041
2264
4964
5355
6445
5949
7411
7313
2442
3958
7765
7966
268
7077
9339
658
1085
160
7632
7570
9950
8328
5748
4944
1018
252
9485
7368
7244
2778
3858
1637
5042
5174
6992
1487
1123
756
5152
9918
4714
2917
4236
4982
9994
3576
1993
7432
88
5977
5002
38
4306
7102
1334
5324
7354
820
9044
950
3598
9255
2588
4992
4429
5932
6479
1905
6688
7983
8175
7755
900
2411
9089
7246
2339
7434
4678
2427
3412
9680
8817
4070
6783
152
9394
489
7324
4791
7792
922
4046
380
2266
4827
6312
5097
6732
9353
3080
1259
7108
3980
23
2549
1226
2362
9984
5905
1142
9748
1937
6311
3818
5072
6463
9564
1914
3787
4355
9706
1061
4753
6438
3327
9581
9102
8424
2665
8455
7856
3925
1915
1836
3948
4465
9415
2662
801
5320
156
549
3609
6468
4367
8682
9283
3931
596
9423
4639
302
484
9392
6740
164
5325
5842
4940
7991
650
2797
8268
2565
985
8568
3382
400
7582
4183
2072
7739
4732
5682
559
5451
4364
9842
5735
1312
9265
374
7966
6102
6118
1058
2618
1444
6900
3910
9435
3902
3059
4055
2820
397
2623
6202
797
205
6738
2870
4296
7822
4904
1207
3274
5620
1050
9009
6932
6667
5735
4898
9121
1853
5956
8091
3297
9208
8354
9084
3111
1413
3139
2283
1810
2114
8485
8960
2320
1575
8182
2968
9398
3086
4176
2672
8706
1578
8033
1990
4597
3768
6888
71
1973
9196
8162
5271
8404
6516
707
7867
4282
3847
6502
2444
5961
4988
1404
4633
6563
9586
3954
2313
9024
4482
4985
4082
6060
9370
6072
657
3138
2960
728
5112
8508
5243
6735
6913
8111
7442
1132
2393
7641
7635
1190
9955
8975
2594
4588
1890
8533
4894
4204
3909
9376
5541
7992
5436
4912
4064
2446
4402
3377
9526
9514
1885
4769
2601
5150
9233
6396
2635
1626
4037
270
2816
3992
5597
1763
4933
3839
6648
6179
8043
557
5556
9937
8549
7344
4849
2614
6142
9251
5991
5669
5118
4228
6790
4071
9379
6023
467
2014
4002
4505
8636
3170
4849
585
1285
6134
4424
7933
2314
2468
8491
7870
8757
7040
1566
3606
6006
7709
2857
8349
9730
4327
8930
6520
8399
8309
8896
8866
6675
9250
9723
5311
8772
4573
5896
58
7059
320
7991
9373
9140
6482
3595
7897
9875
5162
7855
2233
2871
7065
6935
8953
1392
5865
1825
9791
4174
721
5010
7201
6323
4733
2512
5096
5658
4760
5154
2718
1432
3145
2091
573
5980
2039
4822
2207
7201
2678
792
6424
6095
7727
5377
7487
9944
7202
3631
4118
4276
8641
7671
599
9726
183
2047
1737
4943
7201
4455
6376
6699
2898
3301
9031
4937
4475
1238
8490
3505
8382
4914
9600
6110
291
3440
6054
3846
7071
6525
8122
2064
548
5073
1790
732
7121
9879
2027
674
686
4755
3725
3585
4408
2756
4874
8884
346
3365
8741
8729
4631
8342
1191
4923
8134
3597
5121
5205
6474
3243
7269
7023
4668
5411
4107
1789
1643
6134
8816
2329
7242
2541
5914
1650
1650
7141
6886
1996
6858
1980
7077
1489
6674
4620
2764
4808
8218
7885
13
1044
7480
3634
8067
2149
5397
8526
290
7040
1013
5458
5722
8255
8000
1636
6257
6002
5129
9496
7998
1987
1476
1428
9829
8150
6048
2593
2958
618
6831
9323
1663
4311
9309
6082
2812
1058
4609
9455
4451
5622
4913
173
229
9265
8161
6486
5267
3291
5982
9618
1630
3810
1046
1459
1960
3446
405
1270
4065
7236
6945
5728
1547
2606
8162
712
3665
9123
167
8116
4745
5080
8289
1326
698
2802
7813
5965
6093
147
5583
4076
310
2981
5535
2270
6428
5940
9893
493
3176
3190
2573
1076
5797
735
1788
9462
9859
8307
3930
956
9739
8571
2283
437
1373
6448
6403
3819
2947
8338
7895
3257
1320
9782
1880
4100
5723
1773
4593
5251
1315
3518
2679
7112
605
819
6574
6816
9126
504
7773
5218
9075
6408
5655
6801
9208
2058
620
2155
6749
8515
5413
8069
8297
3645
8521
372
1770
9466
1976
3085
2984
1007
198
9941
1827
3124
6758
7305
9981
883
2523
9056
7291
8179
2209
6499
6589
2829
5006
3338
1344
6771
7759
5994
416
2632
2718
2186
2098
4694
5272
1434
5702
1822
1376
3881
4946
8134
7538
4927
9017
62
336
6308
4593
2545
9159
7534
5375
517
7225
3071
7289
4984
5417
7705
7617
8136
6244
6067
9182
1516
7502
4884
9690
8878
5117
4636
7012
2656
9564
6029
9070
6252
8689
3663
8797
4200
7549
524
4717
4774
3596
2006
9759
9013
6064
3728
3501
2308
9795
2684
176
7297
3920
9866
2527
9038
4502
9539
1694
418
1920
764
6670
6961
779
5468
1161
8328
2344
5879
3103
5940
4237
9214
1306
301
9294
4807
8961
5441
3843
9137
9091
7764
9003
1618
6802
9858
1158
4848
6628
9430
1964
3299
6392
9095
5119
7553
3775
7463
9784
3230
9756
374
8796
7414
7027
8090
8573
5989
3532
2417
5126
2623
6533
482
593
9687
6692
8103
4535
3320
7534
2851
2971
3926
8298
4442
7831
2073
1906
3968
1656
8014
4342
452
5428
1369
8543
4001
3710
8427
2770
5189
7402
9303
2023
7995
8990
8715
6099
9877
8387
3633
9080
1359
3911
7378
5801
8094
5804
4059
8414
7460
2073
9108
7912
3853
6830
2807
4207
540
1234
6977
5729
8636
2633
7752
6632
7975
2819
9083
4205
1207
2716
3285
8918
2979
7016
4719
7425
9172
5131
5840
2984
3556
4948
7248
7410
1778
56
1617
8671
7642
4946
4400
2631
3931
8505
9263
1907
1324
4698
2464
8883
7414
5749
7801
6745
9117
2521
4170
4641
7652
6362
7625
1208
7663
4874
4970
9441
4930
2939
4464
2572
4238
8865
5203
8169
3722
818
6428
5046
5516
8892
3930
9282
994
8083
2379
6463
604
6550
1105
4608
9264
8730
2169
6927
3604
3491
2721
4886
6431
7185
3811
669
2402
5366
5190
6124
2537
7971
7523
4405
3215
7805
3688
561
5888
2419
7025
2845
5321
4482
3805
4586
3212
2326
1513
3169
5818
586
4407
8601
7772
8218
5622
6526
9937
812
2651
2474
5135
6526
6879
8351
683
6919
8912
2923
9339
2289
2120
4660
6771
5926
5598
6336
8252
7112
5857
422
4050
264
9023
1822
8483
4645
8349
8420
1810
7352
7246
6945
230
4125
1648
7265
1045
561
188
6736
9202
2309
7748
5974
4587
3347
8662
9191
6811
4519
9614
861
4783
4989
2684
9618
5987
7385
8038
7797
1089
1636
4742
1319
5762
6391
4936
3159
3304
5124
9895
2506
3785
3995
4832
4724
7342
3494
3916
4153
8013
9882
5015
2797
4871
4051
2415
7210
7788
6806
5007
8877
8442
6102
6548
556
8845
1484
3715
2149
2960
9962
1007
3098
3958
5840
7822
1300
9334
1738
1806
7348
7972
6821
6497
9196
7224
5264
6406
5012
2070
1414
241
6865
7516
3141
7421
2713
4625
7489
4862
3937
7451
2221
7035
7761
8061
4858
5414
3748
2948
7220
7448
921
393
3945
117
3969
9209
6523
5333
7632
4289
5574
4497
8157
8715
8270
870
9692
5759
2084
3629
9563
4306
7017
7324
2367
1875
9090
6115
1175
2662
9915
2096
3055
3860
8565
3376
9422
1441
8709
3406
5730
635
4255
240
9350
2525
1110
5394
4637
3195
5376
4200
7501
2393
7876
6220
620
6967
8688
1795
9629
8603
244
9037
8816
8809
8765
4590
6602
7475
7996
2333
8110
8603
2573
3813
1128
35
9207
2117
3230
4583
6317
7083
3328
546
3304
300
7513
1992
8448
3494
6947
8692
8883
5763
3853
7649
353
456
5124
4701
9141
9586
3304
8066
3399
785
8101
8959
2902
7684
9894
5572
4767
3223
6118
4423
9875
9983
6415
8323
9829
9715
3367
8713
5478
7221
6362
2184
4029
7838
6885
3170
7424
190
7588
7176
7327
5689
6135
229
3373
6029
2153
4493
5604
4623
8916
5480
958
1684
3803
788
1399
3523
5853
3229
744
2215
5413
4773
6405
2299
4295
181
8841
1883
7357
6168
3924
9844
2749
3650
2226
4903
8143
7830
5878
3411
9662
6837
1447
9818
7625
9198
3341
3478
2428
437
2045
7841
5210
4802
6492
5857
4983
1685
7740
8693
7853
8016
4889
6955
1666
7115
1858
9809
1298
4088
9573
7312
925
7372
7130
4902
6571
6823
8380
8999
7260
6777
3192
8822
7931
6037
4679
2915
7722
8771
7960
1928
6788
2849
8883
4806
6317
7093
968
3967
1181
541
1279
2107
7913
4762
7009
4484
1585
1742
9835
5198
4871
9380
4020
2803
1769
5052
2070
9491
3823
6382
7771
6963
5583
6654
1770
1900
3747
2738
2219
4929
9631
3499
3388
3896
8261
6749
8381
6198
4843
4568
1396
9715
300
5417
8870
2069
469
7292
7913
644
3674
5684
3960
9257
8691
2082
7510
2438
1172
9729
3719
803
3228
3459
4699
7841
209
9432
4040
1404
353
5436
7471
7005
7205
6341
9075
4026
3633
3340
1023
7307
5376
1335
2917
4067
3417
427
2858
941
156
2929
8096
9737
6389
9147
7578
2950
4932
7970
4354
5285
9759
1826
8642
6964
4519
7717
7343
4505
7409
8366
8164
2786
9701
1081
3205
9470
7860
6063
411
8017
8993
8507
4106
1734
7654
1684
4684
2586
6007
5390
4223
5766
3568
2866
9082
8088
6935
6425
2593
4345
4791
757
3483
844
8191
6688
6666
6051
9104
7077
420
8097
1936
4526
9831
5943
2563
867
8529
8570
6257
9105
4336
9826
1971
3418
4266
5258
9844
3211
5955
987
320
9438
8184
8511
2479
4850
915
1583
8280
1335
6032
216
5862
2215
6159
8425
9434
1041
6995
5691
146
7683
1869
8469
7453
6135
3727
3649
9346
9683
4637
9667
5473
9173
4530
4304
4023
5445
2239
2303
6781
4623
2520
8995
6838
5031
3772
6272
6072
7119
8316
6218
4802
6537
4687
2255
9025
4767
5905
4723
802
6894
742
6275
6067
5273
6932
6442
7070
9171
5098
203
3795
3970
9198
6985
9001
2970
9610
5074
6441
4278
7644
1243
815
8684
9851
6192
9803
2108
916
605
5354
1658
3232
7773
3283
164
567
354
5688
5665
557
9483
9635
9756
2820
8637
9078
8782
63
5520
3060
7707
3115
228
2743
9318
6420
2546
7778
3688
3151
9484
5347
6384
7257
8630
2900
7825
8984
8588
3490
5894
4423
9478
2002
7244
8115
1080
2378
8178
2952
1791
2237
2420
8371
1333
1738
1143
3879
5869
4832
3383
5353
179
6119
2611
5161
9019
6788
498
7608
6630
6392
2031
6108
8394
5627
575
5826
8006
8753
8779
9797
7343
7551
8168
5028
9289
9311
5259
5158
495
8642
6864
7026
1113
5827
2188
133
2615
9038
4093
5597
5430
6124
1706
176
8104
2281
2354
2462
7387
1133
2259
1082
8684
6779
6110
4326
2442
1369
5836
9290
6364
2700
6316
7477
8527
8504
3962
7494
7542
8055
3092
9324
532
1150
5852
4988
9783
8207
7450
3522
5692
6061
4604
729
9192
7066
1407
1634
4788
7243
7276
1152
6296
3593
4981
1175
8449
5296
8670
2344
3351
8114
1668
235
5616
3873
5223
5399
2080
2673
8922
4124
8734
9878
4853
7926
6945
6260
5913
8085
9856
3189
5589
6152
3134
570
7327
1584
5866
2349
3928
5570
6815
1948
2157
2431
5821
7381
4183
4253
6406
9457
8378
1493
5687
3231
5771
8984
5844
8036
7069
5700
7578
2658
1852
712
9581
5531
2296
1799
4233
6224
3721
7400
8173
5879
6184
3994
9612
367
4600
2370
6176
2978
3863
1863
2561
9635
848
8405
7671
4269
4105
5249
3280
2309
2314
2861
4193
4610
1012
4778
835
4734
2178
5360
6965
8362
5706
6577
5081
306
8947
1257
3284
9163
9473
5846
5150
6673
603
2821
942
1061
4423
4222
3370
6737
3435
3915
7699
4448
8693
4886
5534
872
246
2499
9234
2305
9076
4316
2611
4375
1925
2248
3538
1398
4446
5040
8071
5049
7862
5366
6110
8637
5940
5833
1726
9376
9748
5777
3824
8442
664
5710
9314
7262
8209
4900
9567
3637
5568
8531
8012
7494
779
7903
8892
1577
2943
3316
2978
7157
5034
5441
2146
974
1274
224
350
7374
6002
526
2168
3018
6236
7834
280
4445
2735
6200
4434
8303
4731
8799
2149
1862
6702
1042
3439
5997
710
6417
9507
5744
8210
8005
6718
5836
4582
3421
3211
6936
299
5379
9954
6536
3214
6586
7333
2301
2786
1768
6956
7517
567
9106
5731
3621
6500
9170
5970
7210
1940
5477
9306
150
9835
2376
5987
4417
5797
5550
1353
6097
7281
7659
8985
495
4245
6318
9148
3384
4438
6105
7253
5005
5211
2985
4978
1711
8507
949
5273
447
2778
4579
6950
8965
6955
9289
3382
9105
1191
1087
1554
8472
5098
539
5320
5696
3209
4468
9080
7648
573
6333
9005
2136
5670
336
3847
4178
1285
9120
977
415
51
7927
9381
3359
3568
9115
2464
4759
203
370
9584
1653
909
4904
7349
470
5724
6429
4470
2650
9115
9828
4786
4785
164
4986
8963
1449
458
9941
1864
510
4220
7597
3869
4141
6713
2685
5252
3268
9407
4836
4921
316
9740
2271
7138
5465
5052
1609
8115
4167
1437
9253
5305
1601
4239
4268
9402
4698
561
7618
1560
1134
5216
5429
5275
8281
4466
527
1549
3873
5364
2822
541
1456
5093
4031
3273
6498
5640
7740
665
3429
6994
5970
1382
7585
6591
7136
2283
3504
4755
3843
4638
6323
5624
9913
956
6442
441
2505
315
2157
5327
7208
3613
6773
1240
3239
9623
3232
979
288
3014
4325
2611
4396
1911
5554
1533
546
9058
2640
4390
49
5315
6366
9962
6271
2809
6755
5128
9476
5264
6807
3037
5230
9932
4277
8469
9555
3861
5800
6196
6875
126
8807
7624
2037
713
5509
2583
6123
8149
3325
6172
9816
9692
6135
6087
8853
9242
1215
8329
4507
8022
1366
9737
7955
1995
4558
3862
5857
358
58
9084
484
8865
6708
8873
5930
2217
7809
2054
6718
7486
8226
6534
7178
713
8973
2383
6308
188
713
7167
4563
8431
6904
8870
6779
7814
2732
2636
8172
2791
8072
5009
8008
4781
234
291
3350
8043
2345
6421
5530
6923
2955
9060
3989
1929
1444
297
8469
8509
7464
9384
6940
720
8254
3719
8534
7339
2707
3058
6482
7132
8067
4490
8265
4654
4781
1615
2697
3478
4388
4579
402
7344
9992
743
5625
1436
1040
446
6297
4856
9831
9589
5576
4437
9661
462
1776
2368
9872
8258
5852
4292
9101
4117
8946
234
2085
1643
3713
6473
2575
467
169
2567
1210
5794
355
8602
2593
6652
3458
2424
6241
5386
6861
5902
5848
4990
4623
5720
3248
475
12
8701
4593
5310
8936
3030
3306
2649
9503
5881
9468
9673
4800
7030
1819
5155
5632
764
1807
5442
3188
4400
828
6402
303
3028
1392
1278
5100
992
8105
1465
9694
9050
6775
8630
2080
81
7631
1584
2314
3451
7609
7114
481
5780
2269
2465
6545
428
7907
6085
1181
8735
2487
7836
8115
231
9114
3215
1224
7219
4680
7270
6270
7808
5900
4702
7889
9883
2638
6556
3334
247
3670
167
2380
2292
2632
5277
9072
6891
1362
253
1978
202
8089
93
433
7203
9660
8009
775
693
5279
3397
8501
7531
8099
2742
3766
738
9298
3452
7337
9321
3619
9717
1613
2603
4994
685
9494
2709
939
1472
2911
5380
1565
9696
8936
1226
4058
9711
1919
5689
9460
6772
9573
7559
9514
3339
8297
5165
6792
1987
4486
6763
1704
6099
5719
3051
3136
5213
2112
4075
6686
1375
5808
4603
7423
4744
2181
1481
807
452
7171
267
7224
6744
7826
3091
6435
2476
8256
9579
4463
9094
2695
2519
5193
8414
1922
8329
3627
4034
8757
6665
1761
4565
7621
9185
5661
6154
666
6468
6607
4189
6735
183
7285
913
9626
73
3389
4234
9652
4204
3328
2347
6724
4873
7113
4998
9555
741
5385
4664
3758
7146
5581
7731
6331
1242
3886
3350
7710
6845
7539
797
3380
1177
1710
3007
1250
1452
3593
7254
5656
6922
5954
8732
8147
3067
3731
4054
3808
9116
8718
3919
6262
4299
1650
8946
1893
5536
2296
5955
2381
6187
6752
2114
3716
4815
5121
4966
6267
8714
8573
1923
1988
4527
656
6488
7594
739
542
7755
6207
5613
1674
8821
6264
9676
7767
8158
5213
63
465
3946
2603
7218
6060
6319
8385
7533
7638
4652
2600
6211
6575
940
738
3583
7428
8332
674
4323
6087
6881
9936
4113
5703
6200
3790
3470
4358
5355
9886
4824
9301
8841
8394
1714
5160
6779
9247
2798
1431
8199
9009
4358
9140
9747
4294
6568
4432
4968
891
6871
8202
7179
985
3905
3380
4775
3727
7738
130
3613
8914
5783
2454
3660
3849
3967
6791
3097
3117
4574
7648
2127
8933
6788
8226
9579
9709
9010
899
6952
5882
9101
4132
6867
3006
7512
7994
3086
1602
4476
3051
6869
259
5506
529
461
5825
7321
9910
8942
1895
7558
7421
7180
4347
5648
3111
4056
4658
4011
7360
6892
3112
1492
3759
2471
9004
8105
5557
6959
2581
8608
3828
9193
466
4357
9654
2643
8030
9564
1586
6278
7122
9007
9810
7821
1007
2922
1877
2018
3285
5590
8910
6397
7082
9022
5220
2439
7127
7129
9398
9709
2090
3226
8902
8908
7583
8556
1552
1966
4472
9490
8244
1594
4849
4406
9416
5857
7328
7645
4227
613
3235
3137
3363
6670
8511
4935
9109
5639
2065
8507
5348
507
1733
602
9415
5668
5510
967
3986
9982
6809
2230
7928
1659
6637
3696
7516
317
7694
8095
7283
929
7584
646
3951
6096
5581
3060
1735
3998
1567
3435
4505
9652
4037
273
5321
9547
7592
9307
5881
4402
7890
161
6061
879
3858
9929
1196
1552
8024
8479
8833
5608
5477
2785
1704
7411
2197
9791
7761
3765
3226
8619
9769
7263
8892
5090
3162
6484
750
5395
886
4992
5557
6947
5871
5767
6876
3419
3671
1252
8251
2504
6861
80
1641
4917
7491
3839
4709
5253
3956
4287
3872
3725
1551
9116
5168
1065
5600
2270
2813
2839
7262
4722
6138
9485
489
9367
9256
4160
619
7507
3016
3832
3940
1010
5102
1431
4849
9811
3036
5157
4098
3260
8882
2001
2376
402
9419
4329
2672
8584
3520
9934
3306
9658
5771
147
5377
5028
4307
2349
8887
3675
6181
2827
4685
1283
611
5886
7446
3647
1043
7897
3260
9926
9898
1988
6680
5669
2669
9353
4253
6189
9287
3911
2200
1411
4058
7577
6439
4717
9926
5326
8393
2460
4506
3078
95
5117
8965
7542
8764
6360
5439
8376
2638
1689
365
9319
3711
3034
8672
4316
9224
4311
8228
7776
5722
2286
1705
2161
3356
7984
3840
1749
444
8346
1179
539
3463
6496
4433
8579
2857
9872
6956
1847
7914
7321
1166
1625
6707
9838
5941
5931
502
521
59
6224
9160
1765
4738
2516
9749
8578
617
6545
3276
1796
7084
3091
4645
7870
1670
3854
7742
4978
5701
2008
8651
3220
9985
5359
3058
2279
7642
3560
2800
7702
6137
1960
9467
875
828
5568
9453
1445
2113
9081
9594
5549
2172
591
3419
3842
4445
7514
5173
6498
9522
3824
9718
9508
9183
9129
1787
3178
9041
939
880
5178
9252
6699
2405
80
2267
8210
1526
4380
7291
7472
9929
9463
8063
9701
9658
2508
7215
4831
5358
6737
5007
5077
2597
543
558
736
3721
5951
1676
4601
1130
7280
1300
9887
7360
9919
8098
5238
651
5389
2710
6932
1205
773
6633
863
9633
3848
2046
4992
586
7053
6421
9535
7596
6979
272
1317
2930
8300
2270
412
5580
9922
300
2940
9841
4750
4531
492
139
7241
7425
1344
8015
4058
8559
7648
7907
605
8992
4845
4011
5413
4380
7959
8744
1004
5629
1675
9304
7899
8439
1236
7822
5091
4177
7663
9841
5060
4508
6333
2301
1933
4029
6668
2343
2589
4317
250
9546
3309
1447
9909
5075
2180
7869
3819
3184
3498
5494
2489
7749
286
3725
5571
1729
4254
9587
1571
9314
4095
4256
7968
2380
8285
4636
4723
7226
8953
1326
3125
8615
9125
3034
3690
1305
7255
7509
4490
753
9356
6979
4855
5994
7056
426
7723
7663
6365
5646
3329
460
9902
1297
9192
4540
5934
3916
1766
1239
1594
