4891
9854
719
7926
9896
2025
1533
3758
6515
8639
3114
9846
3494
5460
3254
272
3183
917
6638
5182
4247
3450
5084
1896
2643
9624
7830
2911
7743
5422
4505
8986
5276
1576
3264
1525
3601
4798
5283
6468
3437
4749
6314
6931
6561
5921
7203
9744
3190
3841
1278
7437
3644
6363
5686
6287
2339
3516
5550
6434
8938
55
5421
567
7983
8685
8444
1585
3483
79
8053
6920
1180
720
203
7741
2993
7407
3837
6183
7600
5116
9973
1244
7831
5659
3883
6522
5527
9433
2957
818
5840
8378
1385
3824
7063
6181
1761
6899
6260
6166
171
3792
3238
375
1533
6231
7782
1722
2415
1734
6838
2388
2979
4669
4399
3214
1192
9926
2648
501
744
4840
8879
8481
5016
2294
4662
6777
5545
7274
2944
5717
7418
2534
6092
8951
8766
226
674
7533
1960
3864
9921
1291
4886
672
4506
2430
598
7154
2931
1343
8346
8162
6176
3363
6808
7191
140
2354
4465
9436
4423
1884
1971
6867
7187
7089
7093
4213
4622
9053
4430
895
345
9316
1567
4851
8098
8517
8357
1029
6212
6703
5543
2389
6418
2351
9580
6559
1057
397
2347
1832
8633
670
8699
5821
4111
5792
6386
8733
1198
816
5980
1543
6484
3899
2746
4582
2417
7455
1963
8629
510
7506
7370
6929
6210
6950
9840
3619
7348
2187
5452
2333
9210
4151
8154
3321
9944
893
8407
7494
1709
739
5389
4546
4639
8135
9128
3408
1942
1092
8389
2452
8598
5760
9381
1160
2710
5573
4780
6410
4113
232
8744
3323
4383
3250
6644
679
495
1403
8173
2205
2143
3562
6751
6782
8049
2231
6542
9991
3323
4931
8796
8274
691
4529
9434
9754
103
4214
2516
4216
4446
7612
3891
5182
7215
6887
2213
7710
8291
387
6267
434
301
9370
3568
4703
1602
110
4694
4925
1393
9842
3199
8437
4372
2634
4543
827
3200
3411
1395
7647
1024
5286
9181
4591
2173
1394
2301
464
8133
8569
7250
8435
7939
818
9490
9541
7280
536
819
5026
379
370
3463
1103
9356
4358
1930
2557
7769
3325
6556
8793
4963
5737
3384
7136
7131
2038
3953
1617
607
1203
6404
4898
8374
5894
792
2006
6430
7963
7032
6809
8333
6847
7912
7690
1205
6194
247
8975
5871
6803
4120
834
8892
3857
4323
2375
5895
8276
3992
2854
9479
396
4104
4205
6290
4896
6212
2721
2859
9596
5882
7545
2796
3795
5235
4001
6341
1834
9328
8565
4989
9801
9399
3881
3658
3722
6256
5905
1998
6601
5111
7830
6997
9215
2035
3288
4112
4599
6009
3323
4196
8243
7220
6992
2038
8807
7345
4732
641
3026
3297
1982
2827
9048
2215
2837
2771
4824
8742
1121
1425
205
5303
8422
9420
3691
8062
9884
8290
423
9560
8838
8667
6780
2182
7057
5588
9528
1789
2581
8906
1438
916
1733
487
3131
922
9610
4307
6016
731
5732
6221
2387
507
5641
6078
8569
1878
4368
5345
1438
9559
4012
8218
1741
7421
158
7621
9211
2740
6527
7001
8
4612
7488
3139
5534
3450
7447
7902
4182
9531
4123
2921
38
6117
8999
4960
7995
9719
305
9433
5630
669
4003
7372
8090
4162
1345
3653
3254
4225
655
9614
5189
4495
2753
7076
7946
6552
4978
8480
6084
9102
1401
2474
1571
6752
3786
9566
2823
443
5351
8454
1112
9354
5826
5555
9868
3523
9208
9474
7748
6215
9088
2938
7063
8194
14
5009
4746
4992
3489
7182
446
1242
9657
8369
4346
9795
7935
7169
239
9638
5623
7703
5345
1449
3258
5213
1325
8819
1040
9073
5034
6480
8363
2097
4674
4729
3458
5773
6074
3299
9307
2872
4541
5316
1242
8887
5112
5529
6057
5351
5168
8032
3054
513
5834
2665
2078
7159
1484
3118
2584
6518
5951
948
4968
6977
5677
8426
2750
8103
8078
8410
976
2619
3726
2218
7859
8838
7747
268
541
2915
8300
9948
9780
4134
2613
1859
7645
4097
1329
230
6967
7280
7530
1935
4258
9559
6714
3360
7663
4792
1770
8639
3763
1849
857
7974
7039
4956
4594
7581
4224
9247
7529
4004
9733
142
5863
7379
591
7193
3961
7558
825
1491
5846
5083
1050
8912
4796
8713
56
2918
3704
171
1119
4561
8146
8159
5870
9092
5740
94
8339
9621
4098
4425
6115
9962
1804
6706
3507
5765
4264
4332
3608
6462
5768
4658
5374
564
9724
1782
9834
3428
1954
954
4342
6452
9113
212
5544
1205
306
236
826
756
4661
6941
718
2817
3647
4225
4934
4263
4910
8542
7078
678
3200
8804
1242
2924
587
7428
2705
2541
8382
7047
5345
7495
7259
889
5052
3917
1125
5878
4673
2138
9171
1744
4955
9170
2321
9889
3434
7231
8431
6864
7909
7984
5668
9151
7260
2607
6580
9965
1500
1314
7012
6845
5162
623
4087
214
4540
5212
6093
5566
3703
5264
7310
8658
4435
9631
8548
4221
6863
3331
7437
4772
1315
3105
276
4928
2065
3208
4893
3565
4522
8258
6763
9684
5233
850
9899
9774
2414
2344
5340
6117
3960
9002
4776
4747
8633
9676
8968
5496
3007
2757
269
675
5863
6897
1955
4280
105
6848
4197
4627
1458
960
664
6692
1810
6915
2818
4225
9259
4510
342
3219
3512
1470
7967
8497
1146
3287
3994
506
6045
615
1181
8260
7512
3136
8892
3969
6336
3089
8596
4147
4050
5612
7191
5860
2527
9
6437
1786
871
6780
1358
735
4602
5677
9232
5749
5316
3226
6255
7713
193
3788
2325
4057
3276
1217
8026
5964
4307
2975
6463
8357
8587
3654
569
1115
15
3359
9253
886
139
611
7973
4741
2640
7206
6842
7957
6784
9449
2022
6978
3237
4348
1035
2865
5565
5414
5182
6224
8389
1645
933
6976
5300
1503
8091
1667
4862
7345
8906
1353
4308
6879
2446
3301
437
5641
7610
7222
5090
9632
4200
4680
3980
1587
7545
5898
3353
2727
2122
1742
725
3056
8719
2377
911
3162
4044
2125
6859
2950
9830
7520
6182
2276
821
6619
7917
8431
3841
9360
8063
4393
4040
8396
2333
1585
4294
5686
665
2768
7429
1390
2176
2500
119
3087
2014
4163
5212
8874
3466
5042
6394
6000
3671
3567
2619
7940
1998
2813
7300
6413
3558
1340
1161
5891
9278
1807
7930
6295
4576
1711
4037
6752
4211
4156
6192
2577
4671
7756
1451
8137
9151
4197
4137
2822
7764
3109
762
6114
5922
4415
8880
9480
2107
6393
1724
1385
8201
6006
4032
9129
7717
8069
2233
8280
2225
4777
857
6897
2534
8661
1386
1685
2858
1876
859
6975
4985
7973
9441
7259
2388
4673
3091
4496
7419
1167
2233
1972
7173
6266
7453
4890
4335
6038
9522
2913
816
6732
6162
3350
5393
3900
1387
4603
5776
2246
7930
7113
6571
3724
724
8960
8397
3816
9808
2168
4983
2041
4140
8509
4659
1593
9751
5347
7632
9274
4612
4800
6006
7126
4502
1399
1026
5889
2354
3155
4487
285
6620
1058
4009
7345
6370
8758
7513
6178
927
8848
4572
5067
7357
5583
3013
7109
930
6997
6383
1894
1797
8741
9020
6299
6492
6399
2188
8846
9554
3027
5483
2526
4085
9492
9871
456
4603
7384
2986
1882
6233
7558
6949
3590
9494
6314
7051
424
3311
9786
8671
5108
8527
7691
1407
1371
4090
9947
6570
9996
2974
2053
2523
3412
7898
8746
220
2501
6131
3206
4383
8716
7117
7684
8658
6611
351
5710
3387
3662
5496
2058
5123
376
6102
2882
1747
192
2830
4669
6541
2156
6723
9064
1920
4621
7810
2140
3474
293
1699
4209
9009
8816
1893
4020
1779
2244
9730
1518
2259
1578
9929
7382
1954
6031
264
54
2575
9446
4723
9116
7955
7798
4532
9875
2419
8695
8368
2245
5340
67
6454
4350
5235
4700
8370
7014
6944
4452
4884
5555
6030
4813
2937
4337
844
9554
743
3420
5352
1818
8888
3307
9617
3421
9535
8388
8468
7903
634
3808
7970
7088
4510
3205
1788
9232
6571
5085
3684
7807
6992
6067
2621
6282
404
3465
5836
7499
3237
7540
9317
8478
7200
8934
1899
6735
7323
6719
990
4309
527
8960
7749
5038
8517
5890
4270
1440
7327
4307
9247
4319
374
1868
601
7130
1686
2789
4629
1275
330
3946
9753
7530
9233
8004
617
2908
4723
1607
7217
1603
6919
4966
2993
5436
7208
7263
3228
4535
7922
2475
8855
8296
696
9456
5426
2382
2246
55
9
8928
354
6115
6458
9587
4119
3427
2495
5195
5034
9712
6798
1953
1030
6143
3741
8239
3406
6969
9126
7681
9444
7981
5977
6492
3790
7756
5226
2388
4163
5236
1316
4517
1351
7774
4104
1822
7553
6599
7017
2587
2663
167
892
3694
6310
4633
8285
6069
7954
3763
3750
7398
1745
6079
3891
1887
3835
9117
4275
7999
705
5591
8868
2056
9717
2973
231
7270
5924
7248
6209
8588
3768
7101
8634
78
8086
6919
2499
6040
682
6249
3438
8779
8681
3681
666
2516
9151
1293
6867
6208
6884
2088
4617
6601
5061
4848
223
985
2096
6432
9573
5864
3533
8207
2295
7971
1478
4794
4011
8513
7396
3802
3644
6077
3835
4311
4945
2986
5604
8165
5547
8841
253
164
1794
1666
5012
2018
9003
7108
8450
8577
9325
8336
3136
7972
6307
967
9118
319
9480
6514
473
3124
8943
4308
3787
241
3647
5744
4758
9194
4585
1363
9358
6379
3029
4370
4749
2032
7830
3200
6961
3507
7888
6450
1479
547
3769
598
7218
9601
3464
7691
9077
8760
2000
2865
5353
5647
4961
111
1193
5898
7826
551
8629
7207
4921
3379
9239
2751
2931
2553
2611
819
5355
4090
7718
9124
1040
4937
8725
857
8980
7802
9617
7332
7019
1322
9331
8332
1433
524
4230
5611
1075
2860
2818
2348
6239
8409
1452
9170
962
4063
6341
2669
4505
411
8145
5546
5348
6870
6403
681
1025
2372
8013
4396
3694
7345
9081
1479
4221
3311
7090
1649
2523
9908
3997
8762
8317
1801
4284
5632
5864
6977
8301
370
7389
6447
5916
9089
9669
8671
6122
7046
1043
4136
7795
4737
7833
6876
6216
8406
187
3306
55
2711
3214
4053
7825
7883
5854
8462
3515
8071
1791
1817
4793
9180
4616
709
4622
637
5732
744
7684
6775
1232
1831
7864
5417
8707
432
3824
5246
3738
3879
4309
3304
4284
2135
7539
6491
6949
1055
914
8740
9224
5707
4273
192
2768
5247
829
8500
2343
4865
1627
3576
6696
9491
5345
5403
6275
9169
7002
6365
9401
1311
9669
37
9798
3560
6528
6747
4615
3794
1840
191
9501
2465
383
2269
7712
7565
7121
6407
2430
8748
9983
9127
4591
1681
882
866
850
7884
7231
6603
5548
3252
6641
5346
6813
9521
8446
7780
3316
6638
7972
2817
9103
4707
1439
3167
2272
8560
9574
4703
3661
5910
182
4604
7591
7416
1823
4793
1653
5406
7749
7201
8659
4390
8899
1824
263
7345
5956
3579
335
280
2749
5790
4988
4188
8957
3612
9100
4884
4667
9113
7146
4849
3718
1089
2266
5541
5882
3919
947
3631
7472
5958
4373
6371
4134
4637
3717
91
4568
404
371
7317
6195
1711
7857
1504
5324
3310
6388
9991
2423
9886
4841
2493
975
3459
4386
3210
3730
1686
3193
1202
7644
7567
7573
8131
8556
7642
8222
3124
4399
4945
6794
594
6657
1003
2098
1981
4313
4839
8324
3089
4725
9517
5582
5701
9328
9969
8911
3058
8007
2104
612
2003
6023
4538
134
931
2180
4708
4056
2931
9654
7202
3525
2663
8205
1976
996
2519
6815
9320
5608
7892
8838
7542
9945
8166
7511
5208
7577
5518
3665
8189
3874
9688
2727
4008
620
1260
8717
1028
4191
4723
8230
4069
7386
6435
6045
8382
5306
9212
4054
7266
3456
9244
4809
3402
3763
8672
4962
1340
4191
8627
5881
8065
4668
4961
8425
5288
2573
7142
2668
6764
8217
7250
7185
5603
37
3230
337
5344
8794
4392
2610
2251
9988
7419
2005
3751
6092
6967
1443
6635
5595
7325
1052
263
2286
5829
1903
1211
9324
4571
7975
7541
1821
5161
3145
1858
4743
9834
3554
9890
578
2517
2141
567
6288
4146
4318
8732
7465
5762
5367
3060
9439
2771
9675
8077
8601
7930
9288
4277
2501
3615
1818
674
5128
1315
8885
9872
1150
2439
9762
1728
1308
8255
2295
7597
8753
2966
6329
6218
5080
8049
5631
4519
7172
1658
2596
2125
9589
1884
6402
2090
5499
8221
9117
628
9536
8002
6852
7038
6793
2966
5119
8102
1221
3766
2051
9974
6732
8380
2544
1812
2781
4527
2683
9954
6186
5279
2079
5775
3515
8482
4217
5367
3055
3334
5995
8943
7688
9199
2334
834
2165
7453
5288
9738
1219
7339
6064
4304
2071
4960
2468
4853
9488
5152
1159
5674
431
3238
1449
299
8072
2018
5666
1127
5353
8013
6423
9393
7212
8757
6579
5729
6210
1867
1819
3781
5558
7883
4437
7630
2843
6906
8835
2331
2058
9994
4357
8841
9584
5806
5492
7657
7825
1158
5136
9530
9171
7911
5275
2735
6668
1855
8464
9230
3722
6635
9364
5633
4518
3801
9615
3714
7059
8450
2397
9117
4796
6755
4311
4380
8913
9803
8389
6738
7314
9878
2620
6485
7789
7896
9221
810
9751
4037
6392
9825
7025
5756
5458
1543
5910
1425
1609
2969
9875
4007
8439
1023
762
9102
1756
9675
5257
6497
2766
2571
6375
1738
9057
517
9634
4630
1327
5737
5019
4071
1915
2044
9828
3725
9940
2090
5151
1549
5059
1378
1908
3498
2402
2670
8952
510
8698
4210
7007
7816
6781
3383
9554
2190
252
5541
6820
7931
7630
8192
2002
5897
6588
1830
9623
6528
3920
1126
4430
5332
2504
6338
5182
1258
5361
4135
8120
4059
8345
5128
1875
5126
4863
7781
7317
5115
9674
489
9398
7305
8681
1400
3202
5270
9583
9177
8150
9855
303
2580
5187
9160
5271
370
6770
632
4505
4891
4691
9202
6371
2918
4328
7586
7051
7997
9053
6726
8487
8451
4031
3520
9851
3585
5142
9434
2763
3293
9290
9418
2225
829
8578
3848
7551
1701
4480
2056
2944
5523
7610
9315
4793
1939
3253
1845
6288
2306
8571
4775
757
8954
4648
608
2539
9790
6395
1654
9435
2037
1073
8013
2866
6003
1861
418
4056
6342
8826
7000
8217
6437
2667
3011
4728
5920
4856
1016
4578
9779
2144
5335
8733
6792
2296
7624
2934
8691
5631
2370
7080
3056
383
9946
5411
8596
6716
9468
4938
1895
2820
3156
8332
1840
2519
9412
4112
7375
6780
8691
7154
8924
378
2239
2068
2674
6215
5003
7717
1846
7373
4797
1254
4108
1096
6666
2704
7812
2486
3995
9707
5306
3503
4391
3498
6022
3803
7611
9749
584
2654
3255
5860
3032
5494
7929
5707
8061
2932
9776
6260
6657
4574
7514
765
5670
4180
9821
9834
6666
3816
5894
8325
3671
285
1823
9693
441
5786
9442
7377
8440
2697
9589
1473
4543
3870
3532
8957
6802
3308
5217
9811
4234
9083
6928
6256
9616
6750
2443
6282
6918
8337
959
6942
4974
9135
6635
1767
4921
2430
5496
3362
1479
5086
1187
2375
8956
4719
1332
2111
4379
6549
1922
4966
1984
5203
1222
1600
8305
3665
4235
5223
8354
5194
2165
3329
4329
5153
1448
9251
3935
6945
8965
5414
8383
6504
7789
7339
1223
5473
5802
1954
2022
4077
6920
359
9280
4495
1959
7585
8160
6194
9160
2867
1389
7678
6196
2070
2831
3996
7673
6766
941
6638
8532
5676
3142
2674
3016
717
8147
5170
9024
6522
9247
2296
6881
8527
6791
8840
2464
1304
5035
1625
4171
2776
9303
6719
4846
8486
715
2520
1604
8009
5510
6488
3685
5005
9162
3053
2074
7310
8224
1098
184
3823
3395
7065
8703
6538
5905
1167
7842
7292
9144
2013
68
8447
5084
1267
3285
5800
3787
4889
3809
5649
1378
3846
654
6892
6900
2729
4202
1476
179
738
5299
3574
7803
4002
6465
61
5170
4307
7353
666
2673
3774
9114
7757
5041
8751
3557
8828
9993
3718
829
7723
7565
1484
4615
817
4213
5170
2293
744
5908
7592
4319
3712
1595
784
125
3117
1443
7478
3783
4116
1252
9249
8226
2645
4353
8135
7825
4346
1854
8655
2069
5771
139
3036
6588
704
8206
5233
1448
467
2825
2119
4179
772
9255
656
241
7051
8134
377
7519
5739
5978
5745
4736
331
3881
2562
4677
5735
1217
3098
7858
7708
6135
798
4764
693
6031
6212
1160
5208
4684
1691
2333
291
2347
2574
7342
482
9303
4862
2573
5282
607
7309
5613
4488
6223
6643
6575
7440
9741
785
1500
5876
1583
6264
6570
3966
8829
4082
9175
3513
5774
7860
156
8121
6786
7499
4955
6090
8713
7528
1372
5672
1190
6985
6513
7413
3628
3088
1206
9722
226
2706
5598
1809
8971
8520
2128
7800
2603
7655
7665
4729
5515
7821
2850
2301
1672
7806
8391
385
1686
9763
6058
9228
3101
2571
2994
3081
2011
4200
2803
2237
3258
4754
399
2229
3274
2527
6381
2229
6534
398
6958
2049
4572
6161
702
6244
3967
9094
2982
2005
5209
9040
1234
4662
7963
4228
7744
6326
8428
547
4916
8038
1653
5315
6620
4928
4194
3001
3509
728
9752
6820
9129
4324
2981
9831
568
3300
5277
3550
5305
6839
8942
2891
1501
3257
7119
5597
9584
1899
2497
4500
9938
4150
6167
6558
5430
6713
5911
5292
7441
5663
2112
2922
9987
1445
9105
6908
1097
4383
6810
2754
7574
5753
5646
9075
9010
9117
1025
4946
1017
3522
9446
7307
7672
5613
3865
3103
2326
6128
8395
6119
8144
6859
5393
4483
4656
4499
1391
2105
5234
8202
4859
2808
307
6857
8235
5669
5975
9260
616
6992
2782
6414
651
6807
2028
868
6262
706
6996
1009
3178
5140
4220
8571
9624
8876
9422
7367
981
4656
1921
2192
7464
8580
9050
2052
4250
5025
1312
4866
8369
447
1280
9020
7254
9660
9888
9868
6719
3236
877
9897
4729
5097
4820
705
325
4243
8072
7658
8899
6346
6202
2716
4926
5252
4768
9176
6629
6080
394
4998
6527
8027
370
133
4039
6610
6353
758
9847
7230
7007
4576
8679
1828
5281
5356
6071
9705
9366
4970
6051
5569
7686
978
7173
8806
6506
3803
4887
3253
5153
7766
1280
5524
4252
1671
8486
605
2430
8333
4188
5789
9261
9219
7617
894
928
3688
600
294
5011
3003
2215
9049
333
9389
7856
3192
3192
9095
6445
8345
3213
4077
221
7465
5748
8708
4423
4530
3393
4963
320
9007
534
7937
9901
1462
7978
6853
8109
9341
6209
324
8390
6542
9713
2598
9734
9257
1693
2531
7603
4907
6608
4176
8724
8709
9236
9499
3239
8982
4462
9911
7989
4997
4201
7890
2811
8531
1096
920
7872
7305
7597
6262
199
3662
8861
9934
2920
6906
2465
6875
8165
5426
1051
6890
4135
6640
6389
3726
5622
7204
9990
3611
8553
4191
7853
1364
2722
8949
8637
594
2606
2586
3208
2806
6248
8421
9092
9168
5328
1557
6043
3493
3335
3447
6735
7470
6439
9477
7549
2061
6681
7539
5672
5234
1730
9877
2950
804
5179
7939
7750
7785
525
958
6943
6774
5732
6035
2294
1060
7593
4690
905
7280
8137
3993
4751
4576
3470
8652
2989
6503
6191
5013
8089
4273
4890
7391
5077
69
5331
2827
4207
2208
137
1150
5334
5869
7186
7629
3281
1131
2319
4187
8411
6808
4532
9514
7736
8002
8166
725
857
4357
2090
8946
8630
6980
6337
59
3402
1668
2886
7609
229
3024
5111
5563
5245
2297
3192
8527
3428
1863
9066
8192
8671
3598
7706
2759
7952
2225
9836
8809
6582
1926
4107
1565
5259
444
1624
8661
8465
863
2622
8694
3887
7733
4257
9132
6383
3802
4011
6163
2017
3077
4355
7041
3027
8414
9800
979
639
5989
6140
7221
7915
247
5138
3174
692
6763
8187
5509
7626
809
555
7865
4895
1164
3349
1278
4966
7361
7441
6984
6790
1797
4025
9818
211
177
7149
7202
6166
3290
4423
434
3537
5914
3608
581
2677
8148
2442
6655
8957
2997
872
3852
4162
573
5130
5480
4286
2572
8816
1077
721
9193
7247
7284
9371
4396
4486
1889
7686
5261
2323
7576
1175
2284
4509
204
432
6952
3211
5741
9949
4083
5946
463
1009
1076
5944
5295
0
4760
6372
7073
306
3619
4357
6029
8016
5195
7918
2054
457
6594
9630
7984
5230
4140
8189
5662
1092
7752
7755
7393
8188
3701
7857
9197
1130
3801
4492
7482
4913
7217
4556
5219
836
5265
7600
5204
461
5519
3611
7270
8465
3241
5254
3695
3733
9795
5709
1177
7548
3464
8571
2088
3518
6428
1285
4648
6581
2129
2130
7846
9346
3038
9418
6535
4656
7018
8091
5117
8889
1702
2387
7354
4944
3993
7401
5029
3789
3110
6207
7689
2927
4778
9777
6445
7558
7414
7445
491
9543
5927
8337
5242
5318
7755
8129
9974
1126
6220
5091
15
7923
3830
3722
9219
7823
7475
4248
7964
6938
455
2005
9865
1585
8134
2662
9143
5548
6459
5986
1444
2386
4324
3038
7704
8431
1167
7678
9557
7387
9121
5925
1662
9303
5999
881
3479
3474
1482
1443
412
8289
9801
6629
9875
7935
5643
5370
3484
2102
1357
1280
4489
2033
4318
8545
464
5485
2576
6374
9224
8049
2299
887
7353
8298
8120
832
8124
9602
8627
4889
4244
8428
1518
4119
6364
7162
5841
6200
5616
3550
3832
6457
5583
8150
5003
6048
9987
3931
2422
5563
1980
1073
2802
5685
5723
923
6517
3847
6877
1497
8736
1121
6277
6607
1592
2641
121
7434
5193
5737
984
9025
2195
6568
3527
3550
8968
9866
7481
7742
1782
5813
8815
4584
1499
4538
1859
4368
8385
8737
5865
3474
