6499
8455
6894
866
5509
1520
2466
7869
7578
8505
3018
5967
759
6974
7155
4224
7160
8151
8766
2736
5479
9772
288
1282
7707
2698
504
1172
8060
7552
428
912
2360
7322
8130
7869
5195
596
5739
2773
5453
5109
8741
2565
2083
2248
6789
5595
6752
1907
4683
2231
1679
1323
9865
9387
4021
6721
559
8433
4274
7339
9345
6634
4662
7476
855
6209
4424
2946
8982
9878
8055
4075
2443
6490
2676
9232
8437
9428
7492
3120
8011
9171
795
7877
8558
1168
950
5469
9602
5224
2809
5299
8210
3823
2775
5418
6384
3552
8364
1718
3430
2772
5794
2225
9262
4822
7809
7700
4250
5301
7172
8613
4473
7968
6490
9383
9136
3793
1205
5090
9017
366
390
3580
4189
9517
8998
6925
3069
3714
8643
2851
6486
4437
1428
2101
9259
9238
6153
9861
891
3325
8475
5364
7645
1317
1100
3134
5110
2305
8224
480
2671
4966
4060
3212
4484
9410
137
3905
9476
8780
3109
2315
9570
4537
4416
5181
127
569
5043
1019
246
9870
6383
4244
1187
3835
7378
6298
6140
1954
3130
8811
3273
3542
2023
7757
9304
8512
8014
8780
7293
1123
1095
6863
2013
1863
2044
