9858
2143
81
7803
1136
6554
5237
2682
8643
2573
8059
838
5493
7939
740
4461
7805
4573
2203
9587
387
7370
524
1886
1908
2383
6254
6646
1120
8472
120
7331
6967
6553
5134
8103
9459
6723
7137
8102
5648
5197
5293
1142
3136
6033
1955
7293
607
511
6881
7346
7881
3757
5584
9790
6140
8190
2788
3613
6662
9260
944
3629
2165
2430
8085
1624
5505
5222
6078
1153
419
1371
8647
9907
3757
603
7201
716
1114
434
8062
5347
4191
3646
1489
6683
8188
4277
296
4851
3537
7592
4832
2054
6374
9269
3678
1879
4492
9757
9385
1263
7480
8032
7523
1237
4987
4724
1953
2453
1510
15
7801
5701
13
9290
8736
8202
3568
9033
9405
3457
2977
589
5512
9352
9859
5542
7583
703
5299
3320
8318
2780
7705
5841
369
2692
565
2323
5146
8427
8690
2947
4128
5056
2237
9217
9610
2157
8250
9015
5615
1227
5956
1127
6931
5815
6669
4515
6518
8321
7835
1189
7453
5540
7030
7822
4585
3948
145
9731
2375
5188
9030
2856
244
1267
2073
9854
3425
323
5221
5392
7902
1177
2871
4834
6993
5892
5701
9863
4213
9888
1052
8018
5429
4435
5841
6366
8383
2338
6097
758
7526
5127
3614
7770
2746
5687
3976
2523
2362
9197
4267
6617
375
7138
7803
3720
3031
3504
9935
3596
3392
7340
1615
5173
1775
3808
1539
158
6146
3988
7268
25
5467
7235
4147
4566
9274
8124
7089
1637
7321
7709
4606
7696
4847
2409
7768
4230
5913
7704
7827
5657
5044
5794
7183
6819
9602
8722
3329
2100
9063
6949
2125
4530
4184
6273
5448
3459
4397
8890
5096
8070
6599
6054
2119
1446
8463
9887
5677
728
7591
9856
2737
8987
5650
9920
2158
5252
4995
1839
7352
4058
8789
5830
4940
2973
2103
389
6432
2852
9279
7880
7274
2230
3934
9393
3676
2397
9281
5705
9477
3224
1913
2215
8564
7563
8487
722
9167
3482
2562
6520
3892
1351
2350
5185
676
805
5574
7109
9
1205
4989
7283
9787
5276
6677
3463
7673
2310
5521
3503
5534
7434
2070
450
1350
557
1173
517
4040
87
3389
4284
7790
2091
9469
8466
9248
1395
5575
9257
8952
6917
2893
8739
2193
9570
2203
6218
8232
4076
9721
118
7862
1791
569
5564
2349
1742
6082
2741
8181
5823
7025
5971
7915
2847
4437
7163
4242
13
2773
3195
6930
5666
1934
5475
1588
489
1693
9820
917
1415
6290
8780
9558
6859
696
8259
4953
3130
7352
3134
8954
730
9105
3221
3577
9895
6736
7819
9908
9509
7366
3190
1527
9301
8665
3115
6142
358
9287
7060
8125
5578
2192
7684
8789
2888
2295
3743
6019
9648
3229
1325
378
8687
4546
3955
8582
1282
8126
4842
7144
5493
4384
8671
1146
3049
8139
7288
9759
7426
4348
4237
9356
2892
8273
8146
5781
568
8241
8152
216
7822
9477
6946
6509
375
7253
1443
8009
1732
6285
5153
7225
669
3825
4723
70
1964
8363
6182
5742
9064
419
5099
1956
8692
9597
4089
5612
7838
2241
2181
5660
8070
9127
8522
8445
2733
9965
2807
4465
6251
7960
8042
3272
8137
2765
3343
101
1128
9525
5844
192
6296
7295
8501
4988
6892
2590
6952
1082
4832
9133
6742
9254
8261
1616
4052
994
1582
6859
5459
4185
4819
3501
3809
2957
2618
7152
9410
98
3029
1606
291
9325
8901
8792
665
2145
7734
7618
3227
8918
6751
6322
8173
1364
7938
8577
8710
5872
5436
521
57
6607
374
3867
5916
2992
7371
1679
3091
401
3285
9734
6078
8539
4878
6744
684
2612
4362
264
1531
7465
6586
9704
8830
876
8281
7540
6749
69
8062
3158
3028
8436
3377
8945
7781
749
624
7224
7502
261
6958
9932
8800
1836
6676
5837
4448
7390
6101
5979
4856
9039
2035
38
9915
6668
7578
6664
3089
1992
9823
6118
6781
3200
1415
914
301
2039
8138
4155
2300
5096
4088
7453
6932
764
3290
7732
4507
5743
64
5715
4782
8451
5753
4697
5120
9683
1362
4561
8028
7537
679
4809
737
2094
5723
7391
485
3861
1546
9138
5309
5634
6591
8593
2751
6233
6325
3610
1976
2741
9325
6758
1193
5078
7807
2665
1113
9169
7226
9141
6706
4258
302
3796
6352
2377
7539
6838
2590
9085
5976
7899
1072
8919
6492
175
5152
9170
3785
3480
8263
9462
238
9456
892
4397
8473
2005
3567
2052
7499
6625
6310
7801
6773
2662
179
664
5852
2769
9750
8180
7021
7174
7099
9865
3701
8603
5387
3838
2083
3651
3300
8673
9459
4192
3071
7933
2549
2990
9985
48
5967
6295
7850
2741
5309
4381
3405
7514
3502
9507
5694
523
3033
9146
389
3086
4101
5776
6924
2537
5779
224
1210
5239
768
633
9524
3318
3623
5861
3366
5943
8508
1216
5036
3817
5597
8441
1331
5452
4301
3378
5975
3686
8876
2716
6773
2977
8493
3697
5514
624
274
3077
5863
1042
3710
5387
4360
3686
1248
7727
9629
9756
5295
4665
9926
7245
9458
7609
2697
111
987
8672
150
9863
7741
6923
9193
2586
6972
4707
3210
7246
7784
9074
4641
7847
813
9001
1533
8414
3080
7514
8170
8376
2179
4448
5621
7989
2058
4670
8101
9397
3342
4603
9261
7435
1526
8454
21
4850
9513
3232
8449
7298
8658
3090
5145
9471
8443
3030
7885
1524
544
2408
9900
9075
6856
1873
7064
8914
6543
1517
4664
6237
6120
3925
3673
3998
8731
3694
8849
4596
3278
3650
8246
1936
6740
9743
1408
1535
2773
5645
3059
3317
8053
9311
8744
4910
7536
5809
176
4079
3678
4840
6669
9799
5117
342
149
200
388
5350
4797
19
9000
3043
1955
2092
2787
3363
3628
1912
9009
3039
1582
3414
2351
326
4676
9887
2487
4853
319
6166
6045
6988
2317
7515
3682
2466
4067
422
7817
8864
441
6817
8260
2397
5262
7399
2112
5242
9311
7473
8281
7245
888
6984
7572
5564
3224
59
6769
3543
6225
9167
6883
8542
6682
565
7361
749
987
5178
5966
1429
8347
578
178
3609
7977
2290
5203
3640
6116
3485
886
3356
469
8458
8920
3693
4869
2042
3588
1095
1209
471
5989
7891
1036
3350
4992
8376
4880
958
6157
3228
1536
6335
3189
5865
4977
8393
9506
7445
8230
392
801
5051
5202
9722
5097
71
8116
8685
7518
9325
9157
9860
3568
6545
9562
4912
1273
4443
5871
7430
4023
3759
117
3564
5977
1447
8309
5483
8892
2891
2227
9694
7943
3781
5768
3040
204
3884
1725
7723
9561
7234
3935
3129
132
3497
4393
1405
4292
264
5188
4667
376
1657
8232
2705
3104
2893
8188
1997
5785
6767
8043
3728
6900
163
3120
7104
399
1197
1179
9960
8432
5114
9441
4916
8612
186
2673
9256
451
7861
3924
7179
9519
2156
9884
8975
1401
4424
7324
7186
7543
5367
7266
4443
1882
386
7899
2281
1584
9079
8593
6368
4193
4386
1284
9157
4573
3957
8414
1376
8171
2338
4907
4042
846
1143
3017
2247
1919
342
5786
9462
2061
3052
257
3944
3439
8156
2577
5023
7235
1171
1391
7781
1909
9027
6938
2834
9336
1704
562
7507
4042
5469
1549
1240
6612
4567
9840
4883
1261
5626
4345
3322
8678
954
7266
8469
9111
9844
9844
2698
7367
7587
479
5628
6614
3770
8463
5951
5474
9025
9810
9517
847
7712
7109
3811
8631
6949
8695
9892
8927
9392
3214
7606
347
6833
2427
5810
6677
2272
8508
396
9859
5340
6024
2826
9110
839
5129
4584
6217
4939
453
7064
2651
7563
7227
7634
4512
2274
7526
3440
1667
7093
7398
8366
3926
6177
4176
6955
4801
9036
7351
4661
4376
9727
3839
3486
567
8968
4423
3136
259
4876
6552
9263
2439
3779
6897
3304
6054
4424
3096
4073
1517
6846
2439
5443
9375
6615
2398
4177
5651
6101
5190
28
5828
9029
9866
2747
4349
4289
5883
4608
9166
2435
3871
7957
2567
769
7613
8621
5193
7061
2694
3062
3907
1485
4857
3283
8100
3607
3812
103
9708
9002
131
1888
8031
6350
4636
2380
639
6871
3340
6157
5659
7212
4115
8226
7981
8080
3199
9526
5142
2245
8940
5401
3730
3797
5036
1830
7404
8848
1933
3464
7850
8417
5352
2233
4767
6340
965
1758
3212
4306
7916
8871
7870
8383
3449
2203
6463
6648
8081
7957
8893
7021
3359
2623
818
8395
4453
4574
7244
2738
8038
1446
1155
3390
32
2274
9731
7349
4033
9295
8007
8301
4518
5877
6684
7967
4432
9499
4615
2513
7457
3508
9534
816
6131
6704
9211
6936
7630
2807
9674
5668
606
7182
5411
638
9456
1494
4339
9841
789
2347
8142
5307
8224
1178
9626
9009
678
4241
1522
8135
7749
7409
5303
232
4113
866
7168
8096
26
3194
3764
632
376
5527
7622
6185
7021
1961
6026
4162
660
521
5821
5237
1699
5447
4246
2377
6040
5768
6864
3789
3177
8519
373
3643
9386
7541
1739
9412
7088
1855
6396
7464
7383
370
1
756
2331
6028
1271
9344
2901
3444
4581
4600
5244
8827
3330
1284
947
6546
1426
477
5066
1799
4120
4452
5693
2211
3864
2781
418
6612
245
4153
6982
247
1262
5665
2627
2533
5009
5528
2329
9590
6480
7573
4769
9810
5210
5717
6357
6636
6194
1423
8435
6666
2227
480
5229
2443
3261
5647
9055
9859
6153
6037
6458
7415
1702
5437
6300
3064
965
8629
2654
3797
2555
7424
3608
7765
9493
6317
753
2039
4092
5540
8705
6319
6021
286
8762
9282
2285
4169
5493
8438
6558
1951
5853
8260
7388
8505
7676
4705
3487
331
8503
6042
4107
8463
159
9952
1132
912
1991
5224
6452
7048
7895
8825
7334
3009
8108
5971
7178
9953
4410
3736
1905
6615
8348
5645
5121
6025
351
8608
2708
5206
1002
3167
21
1161
3119
1153
8425
5110
2729
1229
8510
6976
55
2196
9985
4515
8167
3515
4468
2577
7251
2725
5545
1951
8371
666
7976
5074
5626
7036
6632
2980
203
6653
493
3322
4158
8918
4784
3239
147
3294
215
202
5490
200
1069
3658
3715
5538
2587
7318
8263
8132
5621
2986
5150
3598
8060
776
634
4692
108
7190
7697
601
512
1855
9519
5297
5094
6019
4943
1661
2573
434
8213
3643
444
8280
9181
3031
5598
3796
1164
1220
6783
6314
1170
4843
3443
8156
5888
3551
5346
3585
4153
2211
1793
24
3860
3239
6043
8803
4901
8617
5589
3114
2260
6033
1395
7793
5417
3345
1589
2933
917
4724
9247
8439
5920
9042
6596
8160
8946
8294
8097
3099
505
9890
9475
717
9482
5519
9521
735
488
1462
3849
9100
3848
1596
6893
9265
1294
4834
2198
8563
5911
7797
7003
1831
3192
3599
9991
2138
8245
8088
5237
5103
4331
4712
5820
3813
6583
1693
4548
7071
9508
4749
6171
3356
2698
9416
8973
3992
603
1171
2555
6514
5320
9558
4697
8512
9509
4688
650
4107
9128
2239
9210
9811
3304
1382
3624
9887
9428
4524
3311
8936
5626
5834
8644
8324
5251
7617
8668
2206
8788
1223
8720
460
7134
3417
8973
2995
4457
9623
3454
9937
8215
9016
9749
1519
399
9725
7758
6179
4250
1069
5115
9876
3256
3759
4552
4859
1376
3220
7065
6516
795
2137
6976
7929
1906
2301
7277
6363
8277
731
2652
6492
6100
2401
4363
6499
8479
2121
9030
2729
9543
4145
8957
2799
4256
3509
7658
1984
6729
1075
4852
3876
3212
8180
8158
5118
482
5435
7833
8759
2518
485
1603
8618
9239
5966
1469
7718
4439
499
447
3982
996
5756
3133
1604
5617
7143
9940
8698
8218
4792
2574
7782
2973
732
2900
9807
2519
733
4918
5038
1219
6521
8
458
8839
7830
8176
3278
4681
4975
3613
2030
7083
3098
3634
2700
242
9927
1398
4812
4719
3972
2595
4044
4705
1847
203
7224
2581
5121
8614
152
1642
4975
6962
481
9157
1490
112
3838
6465
3725
2220
3548
6823
5855
2600
3417
2134
3998
4582
6853
7970
3529
7250
9027
5376
7453
2604
4309
2575
7570
4461
569
2545
1423
7403
8054
9265
7515
1893
2082
1240
4113
5630
4415
6320
8230
4185
8454
8580
8767
1660
6551
8648
5262
1930
4024
9067
4534
8334
1642
2105
9147
8564
1002
6923
5967
9057
6188
3482
7302
8271
1074
7767
253
1841
4088
4836
6026
8894
3416
1145
6906
6319
9793
2168
8250
170
1236
9136
8504
9230
1241
7651
4146
2244
4574
113
7653
7115
9947
4955
5386
1021
9074
5639
9215
9514
475
1593
8409
244
9091
1667
6563
8884
188
1165
5406
7776
302
262
7006
1543
7914
7505
139
8840
7618
4144
5955
7566
5451
7693
4939
4526
9685
506
4040
160
2100
8801
6756
1191
469
9672
6427
657
837
1834
8433
1139
2096
1791
9035
6362
9296
5526
1555
3267
6023
3862
7185
1474
1556
8476
6000
1241
8983
41
7753
1083
8842
862
2274
5663
534
5053
6320
1371
6887
1105
8863
5336
2897
4250
1698
8545
6128
9605
1812
2151
3468
5349
3626
1376
3826
5978
8969
2809
2371
3074
244
7566
3936
8870
3229
4470
3923
5902
2194
7163
7007
1057
2499
6256
1659
549
1154
7787
155
2966
9939
9975
4668
9917
7703
8494
5895
6672
7655
8267
9746
7899
5833
3683
6769
9062
4505
692
4964
6699
7855
8324
4108
6706
932
5767
7256
2086
9907
3763
5053
9846
3738
6073
9763
7793
4567
5658
4465
2222
277
563
121
6110
598
3242
1525
5104
286
2841
8155
8142
1165
2264
4848
2098
4383
8456
4184
642
2219
5589
488
2309
1662
6603
102
2581
8614
919
4803
8891
1483
1276
1354
8433
870
2879
3537
1157
5720
1693
9299
3238
309
499
1688
1044
5308
5872
1687
3879
7814
8527
2541
5828
1483
2643
8410
97
9915
9565
5340
7750
842
6694
6183
1712
5925
9721
9221
7998
7766
8520
1236
4427
5372
2924
1823
7032
5148
3510
911
9314
8390
3452
5143
9873
2448
3553
9970
8715
3118
1662
6465
312
4709
9000
8377
634
8721
7598
8632
2839
2471
6220
3618
4195
9144
5442
7579
645
8952
8490
9959
3694
8295
5102
3567
743
5007
9889
5810
4478
1552
2275
1142
6261
1275
5871
3247
6349
3470
8232
5540
2293
4452
9159
2840
9949
4601
419
6946
9905
8909
6905
9952
3556
8360
3519
651
9719
3409
6461
4197
1313
8736
1692
3926
6364
7563
7173
9065
7385
1757
4605
6030
2562
116
8870
2511
1069
9289
9457
7327
4551
2714
7279
8107
1074
7150
8759
7146
559
1572
7695
8224
6661
9387
2150
3025
6951
5676
8442
688
3785
3047
6719
6347
9516
5589
8858
585
1231
4667
4264
5782
7382
7895
241
4808
5046
9000
1954
1957
573
6002
182
7234
5389
8684
6611
8692
4360
5053
9381
8146
4452
6100
4493
320
8041
9704
7258
9272
723
1522
5054
8105
9418
5296
9266
816
648
7572
2773
7573
3574
2955
1159
5316
1640
7770
4008
2352
9175
3389
6850
9980
5841
7696
300
3883
3752
7558
3155
4475
5433
4562
8933
1203
9858
8199
2019
6858
2123
4792
4432
2050
4100
1943
7366
5740
9714
1374
4444
5241
4764
7647
5221
6957
1695
1874
840
5447
9432
348
9922
1217
4910
8855
2420
1120
3406
4439
7978
5530
9232
8762
7580
3332
706
4946
5424
6772
2672
6220
8365
3788
219
9939
746
1914
1813
1586
7361
7597
1934
7284
8815
3196
2491
1235
4316
5898
2027
8647
7780
7611
7409
1712
7295
4467
3010
2719
7591
5682
5291
5957
9471
5511
5896
217
7425
7709
8155
4787
1658
6442
8423
473
9638
914
8061
307
3164
88
8954
944
4051
2715
9008
1346
3535
2018
417
1126
7701
5708
7083
3524
1219
9331
93
4997
3392
8248
6136
5051
1042
4559
1876
7033
1825
6289
3692
1342
2729
2646
2286
6780
1713
7647
8126
5248
9665
8543
6375
3718
604
9810
7242
1823
5494
7335
3172
8886
1936
9308
289
2978
219
8518
6363
2045
4807
55
3387
7537
9053
2025
669
767
9672
8796
2367
5690
3691
5094
9408
4295
4905
6651
2471
6751
338
5643
1989
2274
4952
2279
1605
5171
7149
4320
3568
1956
4376
6955
5845
9781
5333
6515
548
5005
1663
9268
695
5354
4362
6456
9650
5619
3107
2121
2370
9797
7764
4360
2072
9068
2991
29
4240
140
4349
7808
8448
5077
1116
4294
4859
6449
7161
1759
7806
8824
1027
4854
4178
5390
1310
3828
7361
769
2301
9732
566
66
4092
8990
9134
3435
5371
9726
3575
9721
3887
8375
1150
1355
9021
2361
4156
6182
473
1962
5006
7852
3168
5537
9594
4478
5717
6956
1599
8019
6688
2166
8085
7132
1156
3571
567
6528
3298
494
2601
3537
5221
103
4892
4243
8817
9048
425
9290
7362
1784
3494
531
3673
3089
1361
9390
45
2961
7409
3085
5127
1846
6569
2635
5418
3488
5515
5068
3982
8116
4957
5555
4572
9849
9798
3389
5249
6576
9031
2611
4712
8877
9494
8385
1966
856
7775
8363
3817
1537
7800
8944
3383
4369
7931
5153
7857
3447
221
8191
7915
5178
3747
2487
1379
9897
2228
6628
6473
7611
5592
1185
6489
5086
9570
4807
5942
3698
9523
6111
5235
7323
1407
4970
8045
9339
124
2254
2786
345
446
701
1876
545
9541
9607
442
8121
2588
3268
2085
8180
4453
4926
9618
376
9733
1913
426
9256
8024
5661
2932
9432
631
977
8771
7107
3231
7909
7453
29
4962
5681
574
4503
5288
7369
8977
7876
637
7414
2408
1442
2340
2027
1818
2073
3940
8596
7682
8316
609
614
7748
7593
7943
2871
4700
7526
780
2153
7556
5743
4186
4482
6598
9475
1851
1927
3703
8840
9341
6112
283
1681
8139
8453
107
8431
7050
7789
6747
7659
4755
848
5252
2698
3719
9953
224
852
8458
4132
2947
2645
8615
5897
8472
6818
7825
2175
5659
7166
8287
5942
5200
2778
4395
5307
1209
7797
9448
4309
1809
4203
1509
7061
3253
1580
3366
3477
2432
8177
3962
5379
7174
2577
1277
5646
9395
5454
4173
1406
8972
2461
7348
4172
1591
8096
9479
9153
2245
8927
3462
4054
9482
1323
7468
2735
2903
7186
2565
5336
5363
6527
7067
2537
5456
4696
4535
1203
150
8709
2610
9123
7522
9958
9647
5465
4406
9127
4618
6652
4406
4432
706
241
5755
4526
2976
8659
1713
5541
347
7076
8420
7414
5966
3876
8463
6853
5080
8613
1914
7690
4088
5788
4000
3736
1254
8407
9215
5872
1411
9973
305
2117
214
6060
6644
3191
1071
4709
5084
1418
1785
9857
5185
4103
3733
3648
7309
5165
2261
9223
2855
2702
5012
3208
6438
6266
1615
5653
8490
3026
5626
8795
1495
2193
1208
4491
1736
8631
9200
3172
50
7338
3029
1587
7793
3115
5235
5102
8280
3848
678
7488
6550
2042
696
2988
4660
8663
4993
3150
8041
6972
8298
5888
9165
5858
380
901
4489
5932
4073
891
9622
3455
2478
7416
6570
7713
8870
4850
7914
5900
8690
4464
7942
9386
3805
2602
4401
8798
2105
2442
2122
403
8331
1287
6261
5063
8540
7102
995
8966
7994
6970
2421
6824
738
5343
890
9608
193
8804
1861
5236
3268
9803
4622
7073
8758
9024
2224
863
7818
4346
7618
6149
1986
3879
7564
526
7333
4912
5844
1679
1882
4617
8504
2620
9960
9394
8580
6506
4550
441
1742
7818
245
2716
1244
9003
8092
9820
6218
5911
518
3836
8412
2504
4067
5977
9383
1400
889
5227
9432
2771
6197
7936
1743
6157
3682
323
9015
8232
765
757
2402
7362
9826
9998
2717
7918
9818
8935
3829
337
2771
8594
9193
3190
923
8576
942
1812
156
374
935
6353
8310
2678
8862
8344
3001
7878
6576
118
4987
5331
7480
4813
5329
197
2732
1500
9132
2913
1837
8255
7859
1030
1445
8782
5959
8740
594
6115
9114
7881
8820
3777
6911
7682
2121
9913
5560
5050
6383
548
381
3864
1713
2062
4061
4445
3562
9546
3711
5399
7801
1570
2782
5599
353
5093
4339
7299
1208
9805
1533
28
3582
8444
7710
5704
4709
9623
7106
1093
6523
7487
4957
8236
9549
5370
9034
3112
4916
2745
4863
9070
667
3997
1021
7372
9090
1712
1024
6650
1517
2557
6678
5100
1001
741
7156
5711
6716
4262
3156
3239
1749
8113
1475
7650
3483
509
7114
4752
9606
1978
3822
274
2327
1195
3998
1418
2907
5022
8068
4424
7579
1099
9524
4933
8192
3032
6996
4908
7294
152
4499
9043
4617
2326
3046
4452
2836
160
9204
8794
2138
9378
5420
818
573
9419
2236
9832
793
6656
4257
4725
4107
133
9658
8651
3166
3006
9911
460
3158
4410
5856
4127
6737
8902
8579
5925
9062
4136
1071
7553
3514
6492
8371
440
2263
6959
6624
3056
9967
881
4133
4075
7367
143
2726
533
3149
2638
7345
2659
7048
9553
6786
137
8455
5366
2414
3870
9502
3486
7775
9368
9978
2498
6160
8593
5809
2785
8001
5776
18
2135
9851
7385
2278
8930
4270
1780
1568
7968
4439
4968
7521
1226
1458
2329
2944
3872
2551
8798
7358
326
4518
3688
9176
679
2281
4985
9816
6635
7113
9834
8770
3317
3572
7400
2247
7842
9180
167
2162
3620
1487
9684
1198
2945
8365
494
3170
916
9292
6880
7594
3810
569
3122
841
9202
8107
657
2189
1572
6844
959
4889
416
8360
3488
4610
3892
3655
6773
3864
1495
2809
5062
4440
1174
1908
3962
8442
1200
843
6036
1363
7764
9158
8556
3318
3617
9214
5508
1541
2410
6467
6431
9178
1179
9919
3788
1424
9927
6913
5288
1422
6074
351
2214
7248
2259
6177
2042
9812
3372
4430
7527
1136
9940
6083
4454
3557
1649
6314
1451
4059
9134
7882
3237
313
4153
3378
8089
432
291
3378
1854
6366
81
421
9966
8692
6598
2009
8504
6322
6439
2383
7458
6380
8467
8264
6289
116
4579
4092
4176
3713
1974
3765
378
2480
7143
8468
2912
7435
1846
1119
153
1927
1540
119
6971
4490
8480
5476
812
1272
7859
4622
4004
2678
2886
6645
2795
3817
738
3323
7530
9064
7088
4261
1544
4232
9081
809
8019
927
8280
4524
9206
6172
4643
6177
7014
9476
8005
4178
748
2217
8800
1104
4895
8038
7749
4042
1856
8487
7365
5738
3904
806
6351
1800
1390
5432
2609
9409
2711
7241
3933
1917
9765
4928
4447
6779
756
8804
7309
1504
1021
2461
2608
2269
500
6710
2663
8708
1549
29
798
5453
7187
7150
7254
8577
2582
6215
4338
5294
3457
8271
3563
9574
9551
4362
6354
308
3167
15
8164
540
2477
7125
9161
2977
3835
1825
8037
1736
1854
8835
7190
9041
2337
4444
7618
4920
659
8308
6566
468
6579
6481
43
2482
844
2749
9142
363
2764
7307
903
5241
4432
65
4570
4619
1890
