2607
6355
96
7795
9897
5489
132
4341
9459
5052
1353
7767
7970
8173
698
804
4568
3180
1648
7317
2323
8363
6434
5982
9266
8027
6766
5683
2598
1385
3925
1557
4092
4021
9352
3990
9510
9485
4683
8969
889
2388
6736
5212
562
7434
6016
5130
6967
4016
8800
9290
2379
1586
1624
7997
9613
8390
3681
8563
6127
7606
6473
219
7980
5825
561
3842
1662
1597
2812
2552
3985
5900
7764
899
9687
132
6030
6654
4148
1182
2296
2879
9120
3920
876
5085
8662
909
3649
4789
4868
122
5008
9200
2299
1922
3042
3962
3519
5854
2866
7504
8107
6982
8404
7794
7114
786
800
7614
8320
9448
493
7440
3368
7721
2525
2030
4983
2526
6819
6203
9000
8179
5403
7652
6453
8445
7966
9972
652
832
3829
5111
4166
8585
2905
7632
5723
57
5246
395
9505
2091
4187
9225
6164
3064
7607
7499
5591
778
3702
943
8957
9105
4947
1763
3903
2913
8087
907
97
1916
6018
4263
6853
5275
1895
8928
5332
3493
9323
4837
5584
3510
414
8101
6575
8021
5600
8518
8799
9303
5813
4108
4760
761
5871
5015
26
3959
5922
124
2227
1940
4387
9081
7215
2635
4361
8899
6128
3685
88
8065
3547
502
6166
6474
8523
1766
4992
7322
7421
7158
1431
2182
4271
7302
3549
4297
7613
9472
4421
9841
7764
5161
5274
4980
7796
9635
231
276
9672
320
8341
3220
822
859
9694
5698
8978
1039
3020
6399
4549
4451
4933
8820
8106
8483
3117
5719
7955
3891
1912
5719
9052
7186
7051
3200
3174
3635
9828
2846
3955
4522
2418
1129
5381
8465
6827
4359
9504
6200
7111
4053
7003
2044
9225
1461
6879
2342
7181
1186
6233
5445
3258
1637
2632
6661
1189
2158
296
1018
5004
603
5540
7423
8085
7273
2240
1264
1633
1744
7464
5096
2149
4468
7140
1374
2281
372
68
5814
1558
2654
1260
4816
4291
244
1478
1833
2402
8126
2851
3758
8730
4743
7533
6815
2016
9773
8079
1
1517
1896
5097
18
2716
8590
7744
4997
8962
4165
812
520
6819
2072
1689
7462
8668
9519
9295
1070
7645
8498
4828
6375
9593
2362
9542
1610
2135
3974
7963
5
2222
9413
6375
4938
8003
4120
9935
6965
8285
7099
3837
1456
5523
1878
8918
4191
1397
4566
5261
9043
9416
6442
1770
9010
5156
7665
6972
7291
1639
1287
3648
3861
700
24
5151
8703
496
1438
2020
5133
8538
2210
2941
413
4088
8211
4605
5486
2777
6218
881
8546
9012
9003
3908
4168
6668
880
7812
4659
2167
1460
4872
2868
7836
23
7923
4684
7814
6296
6169
2704
8506
9110
3117
2594
7322
7722
4432
6451
293
1665
1349
9305
669
5257
9826
3689
6137
7638
8349
4657
5450
9573
3877
9639
5949
8152
675
3763
4448
6845
6467
2954
5955
9584
1901
9629
3659
2685
2433
304
703
3782
5961
7724
9040
5787
1413
1529
9777
6114
6186
1580
2040
6415
1219
7989
4568
1894
1752
9016
5091
4571
8323
7399
4155
6576
3380
4166
9261
5813
822
6316
9596
6784
4040
8636
2571
1806
6517
8701
7920
2704
281
9960
5471
7852
4301
39
6098
2405
5408
1190
6976
83
4941
7484
6659
8321
1650
2272
4135
8825
4941
83
5609
8981
8719
4532
787
5236
3233
5060
4292
9866
1372
6116
7718
5674
6155
3817
8079
7915
1359
1408
4350
6300
8892
7361
4621
6894
5986
8756
5719
927
8839
1328
9908
3910
2213
7048
5499
1798
8460
6143
1665
9832
2259
9383
1858
4767
9552
6290
9034
911
7698
3385
7211
6590
746
8185
9836
3084
3293
5556
4011
8485
3236
272
8747
5449
3672
4246
7248
2132
6742
5265
8316
9001
4648
6527
120
553
2817
9155
1464
6867
8892
5028
9809
5990
9565
9645
9075
2858
1553
3086
1343
4790
9710
91
6591
3382
689
191
5514
7431
5456
183
2785
6457
6710
9257
3362
5879
4764
1178
9098
3656
6206
8907
5999
2123
4904
5074
4982
6458
4512
2677
7600
4223
2768
543
3957
9810
7087
5824
3593
8895
6007
2730
1704
9069
1988
5066
4948
6752
6245
398
6761
8803
9305
2760
927
4209
4186
5909
7019
8698
8586
971
9273
7707
1515
3231
3869
4954
9055
7462
3849
1414
193
5554
483
8533
620
1783
1637
6865
2181
8398
2021
7838
7510
2948
8399
1696
5209
5419
6747
147
2742
6020
7854
609
5603
8075
5563
1010
5538
9413
2424
2083
4967
9259
616
1939
7394
2253
5157
5927
7004
7178
3765
866
6478
8517
8915
1687
288
5662
1834
3030
8034
6041
3640
9990
4116
9203
1000
6006
4968
9777
8089
6287
5388
8705
8227
9135
7311
9736
5062
667
6914
5180
1533
9744
3697
448
1431
3985
2462
9617
7015
497
2010
7007
6839
2479
6211
7839
8485
1179
3968
2927
3819
9357
7984
2046
8492
5295
1782
9906
2314
5048
5086
3848
1144
5135
648
8927
9120
3111
4896
2488
9960
6907
9495
6799
5738
2058
990
4223
9590
4959
3502
3409
668
1487
5455
5512
6782
3589
5418
5449
4989
6857
9297
2485
1992
6297
1412
1113
5760
6308
3601
5720
9567
9448
8871
5305
1507
6214
5881
1097
7525
9383
4506
8193
870
6313
57
4005
6254
5475
9454
7595
2332
5103
6432
677
1400
7844
1790
7161
4152
1743
9233
3720
7543
4457
5377
9050
671
1258
6499
8196
642
7357
2741
1512
22
2798
5517
2628
4625
4971
6575
3310
74
3007
3987
1475
851
2129
4988
1356
224
573
1428
7767
5030
6805
3170
2053
8064
6021
249
8706
3379
9342
218
9753
2140
2088
2382
6766
7059
8957
6428
3486
8317
415
1313
9168
2544
6301
6876
2768
3226
8304
6887
8257
1462
57
6662
9526
6079
3264
4584
5810
2606
1154
5563
4747
3242
4297
7865
6654
9607
4293
140
7924
4708
1453
3444
3604
4106
6673
2724
3684
1329
9611
8293
2791
6021
4956
8669
8452
8220
3253
4262
826
4408
6177
1925
7650
6827
9790
656
6434
435
796
710
5143
8601
506
5099
9059
7179
7823
2744
8509
3787
1037
7652
6160
5993
6322
4612
565
9575
5226
1392
335
1403
3317
4338
4582
9460
4994
1016
9895
5791
8078
1391
744
4937
2842
9804
2116
7018
2548
6977
805
9937
982
6965
2283
7304
7929
2848
3231
3155
592
3567
910
262
4257
5493
9722
9251
2861
5969
1394
940
7360
2139
2229
203
1943
4345
3573
843
7675
4378
780
5009
7695
3063
2313
5624
2264
1896
5131
2856
1815
6041
3118
6072
7886
9192
5324
748
5162
6718
8040
8874
5209
269
9077
7152
966
2650
4347
4993
3380
1480
2
7427
4543
2315
9403
3159
564
4534
6016
2379
6928
5486
4804
4814
4679
6480
5562
9841
9550
9954
8715
4760
223
4145
8264
1190
3147
2612
6183
2880
4092
6186
6659
4987
4853
6063
8147
1769
6949
515
4149
3877
2353
5305
5044
3384
1785
6958
9577
1335
6913
4645
2447
3488
5142
712
1030
4641
3324
3566
7521
3768
6104
533
5107
957
6596
9606
9079
9897
6473
3228
127
8827
4885
5171
2211
6670
2129
1789
4357
5394
6434
6805
5235
1576
7517
6265
2569
7193
9831
91
7313
5935
624
2420
3245
3572
2027
2324
3469
8500
1904
3596
7327
6789
5119
5891
9811
3601
4032
520
8995
6818
7325
4230
4746
1194
6848
7315
4739
6679
3758
2052
8967
4382
4473
2212
4306
2852
888
7776
1352
2792
7724
5032
5933
2844
923
2096
6445
1307
2616
1792
8125
9942
2375
2871
7488
9223
186
2228
2254
297
4280
1221
4679
5105
9785
5338
7957
673
9466
5662
9817
7190
694
5750
6386
7969
7846
2831
9276
6815
976
3753
6757
3351
6624
4245
2574
3162
2825
1180
3459
3458
2402
4491
8563
8539
9829
2873
9213
5647
8535
5382
2837
9229
7485
9224
3550
1683
8407
2826
8498
9383
6579
1607
9086
9555
2205
1660
9069
5030
9193
8881
8488
1595
9724
3404
6486
5905
6277
2051
1552
4812
7434
741
393
4919
6317
3943
2954
4725
3121
1453
460
6052
3060
9547
1959
5265
7559
7380
6648
6752
2613
5136
4699
2337
8540
1186
4594
1169
3237
6146
5981
671
6888
2726
1942
9557
3021
4897
4282
6142
6350
1095
2194
5762
642
505
7380
8201
7886
4028
1306
499
9164
6005
9189
4057
7191
3783
5226
6781
6282
7560
3804
9522
286
5747
9079
3308
6996
3362
5802
9698
4457
4349
5460
1451
4854
2840
6004
9092
6868
7310
9592
2385
9668
5133
6442
3211
8916
8020
9992
5198
5580
3797
4720
2219
5896
3800
1879
2892
3514
7681
8942
4323
2030
4402
2126
3237
3595
8130
2329
6815
1793
8273
9200
1461
3406
1994
1024
2323
15
7369
3873
1947
7518
4946
4166
3414
5098
6045
2658
8612
79
1600
9287
2109
2354
1413
5346
5949
9543
4028
9117
7688
2301
8317
5501
5708
6664
6526
4383
3031
247
4608
4978
7765
9554
5497
7531
4652
7894
189
9616
7973
8141
8903
83
6847
316
1781
2797
6212
5809
8266
252
8111
2935
5754
171
9599
8632
906
8982
8879
5514
3961
6644
1421
9458
4175
6073
3704
716
2042
1678
8857
945
1761
5704
7614
3542
4853
178
5704
3119
430
3815
6055
6184
338
2006
4816
1244
989
3695
3110
1302
339
4531
7112
866
6957
816
1582
8999
2494
439
9944
4255
2496
3910
4150
7349
4088
6206
6821
4519
21
9228
703
6711
7586
1872
7955
8575
5567
1065
9877
2259
1949
3341
3125
8906
4158
1060
7905
6652
1499
4201
7260
347
8112
7762
7697
8552
3968
870
3071
341
98
127
3404
7684
1999
1359
2612
3918
8776
8841
2529
7077
2183
2007
5983
2693
3067
3888
5697
918
4442
9309
1266
8906
3423
5315
7458
7391
2537
530
4084
8987
7009
7488
3023
5360
5199
5635
5630
328
829
8160
7405
9364
6519
3389
2057
5938
3629
7754
3208
4423
3416
826
3329
6839
2493
788
583
5030
1318
4667
4017
4679
8508
7041
39
59
9028
5669
387
9857
181
7793
9221
6700
7534
7630
8990
7515
1737
2199
1939
5153
3025
5268
1992
5519
6056
8927
6901
3726
3595
919
8405
8455
4312
4796
8514
9692
466
8902
9550
6999
3047
5123
52
6933
9106
9042
800
843
7593
2739
5996
6971
4360
4340
8842
6768
3268
5743
6847
3215
3014
1604
1670
3678
6401
6536
3371
3219
1790
9273
218
4837
4396
270
8122
3502
5665
8923
697
3258
8014
3045
229
2374
7386
9071
9143
7006
1167
5990
6573
4181
7594
4595
7860
347
1131
7583
3566
2922
6856
3785
4111
7604
407
2234
7459
6072
1157
8156
9331
5523
1202
5912
7898
4940
1336
3393
8298
2503
5735
4871
3036
9681
9466
7248
29
6949
4831
3595
9871
8039
3732
335
5644
492
2569
9455
6564
78
7611
2247
5601
5165
4512
9851
6457
5848
3244
4755
4703
8979
5978
7739
8661
1796
1340
8690
8746
6171
8637
4969
4211
8722
5304
6207
5566
4225
5662
8482
655
9625
7082
6257
1143
1594
2460
7600
3794
5705
8708
8497
1036
1038
2588
9697
9187
3928
4739
4285
6452
9729
9254
7015
4803
911
9574
369
1488
5236
8851
2144
1213
2285
4753
2356
3879
7213
6309
4025
9270
1369
8874
307
2407
1463
6356
7946
1743
7448
2231
4547
7177
7838
1562
8332
8749
1136
5053
6589
2724
256
8733
3938
2542
3486
2646
2773
7052
8955
6799
6322
6676
5673
2981
5436
3488
9338
3382
1584
6786
5614
6131
315
3452
4046
4999
8553
5182
52
5142
4259
308
3876
8197
2850
3714
7195
5624
7118
2503
8775
9793
9179
4448
2774
4615
4289
8464
7998
5873
5250
3612
8356
1917
3416
2402
6916
1969
7585
3320
7111
1844
3629
7339
6393
2831
1054
9940
4807
8172
2443
3582
7965
1623
8031
7092
2590
8672
5556
6940
897
7159
6904
9253
9076
320
1656
2345
2289
5593
2017
9401
3789
5646
3092
6534
4830
4146
6474
9637
8671
8918
3220
2988
6893
7603
80
5835
6275
5637
2776
7172
9148
9680
2777
4576
1
4433
6921
8642
6378
8939
4395
6519
937
7488
3053
5767
1634
9528
1757
6657
4798
4977
9646
1691
8932
6078
7526
1559
8067
6654
5083
7215
6335
7860
1792
6336
8646
5065
1330
5024
356
5726
1544
1294
3214
949
3413
1200
6829
5170
7858
1627
6499
3856
9670
5431
9934
3549
3342
8002
203
8425
1569
6538
6286
3361
9226
1284
8427
557
2660
8783
6283
556
6429
5849
1506
9843
7049
8335
1365
4907
6315
4217
8763
5985
6000
5050
9534
9343
9404
9738
7768
973
2628
406
4335
8207
8042
9114
8764
703
4249
1399
1259
679
7248
9117
6874
4297
3805
4591
5557
120
8808
672
6105
4809
5722
1992
504
5126
1730
4624
2452
710
5031
6787
8917
9425
2253
4033
128
6502
5432
7740
7181
9032
6857
407
3330
7014
4999
5239
7134
159
5911
3240
4968
7986
5232
5472
9464
3314
6449
1916
4024
7832
5055
9294
7257
7308
3327
7386
3811
5112
1478
7344
4144
4687
7752
3826
1702
9103
9065
8836
9262
4977
8428
583
2963
3660
2407
8779
3326
8856
696
3703
6688
5751
2997
3946
3060
2676
7684
3223
7788
5514
567
1933
201
4671
5759
8255
126
4825
7092
9389
6154
5520
6324
5469
5533
8731
4248
8859
3940
1296
8914
628
7048
8263
926
108
940
8610
3331
8728
4124
250
7013
678
1274
9125
8933
1400
302
2377
789
6456
7898
3465
8277
9783
2197
8877
4994
6137
174
3909
3117
7222
2172
4044
3682
9464
9006
3365
8193
9483
9967
1558
6513
1241
683
5446
2642
985
7824
9783
3793
2074
3249
2070
8209
1798
7300
3203
4287
3826
3464
7404
1048
1989
7800
1082
1453
3159
799
5998
2642
766
7557
9155
8360
4592
953
1002
5578
8777
7137
5723
7203
386
4146
5412
8536
1446
4968
9175
5272
8432
6580
2672
6773
732
106
8227
3891
905
577
2885
8023
4486
8392
6383
9079
9346
3737
4657
4475
875
380
1679
7613
4526
3443
6150
2324
8411
5325
7596
3196
8257
6620
9969
5342
6726
4548
5585
3983
5126
8471
8359
9612
6863
4742
5043
2561
8480
6052
7037
5707
6433
5068
3320
7311
8511
5822
5988
3275
7500
9936
2823
2109
6557
9144
7451
9635
45
9389
3619
5171
7860
1978
1135
1075
3072
6179
3637
7904
2231
7026
3611
5016
2094
6932
8680
6957
9106
4668
6584
6606
4604
9407
8716
7513
4904
2519
7149
4949
1908
7120
6472
6120
5450
3959
3548
8522
6490
7185
2779
8722
563
6390
90
9009
9674
5122
5966
8781
6142
8903
1739
7099
4662
6807
4612
9566
5679
8113
4515
3939
1585
7339
60
7035
1299
3608
1910
7789
7145
4689
2863
4060
7431
9306
3069
3458
4428
9035
8591
571
4290
330
4022
8953
3490
8634
8519
9169
3100
9387
9460
4685
6726
9520
8073
4377
9480
6335
2167
2977
7376
5030
3389
1159
4336
6458
4617
5117
1846
3208
2040
6136
9891
6062
5089
9733
1048
9961
5254
500
5700
4714
1538
2426
587
9611
3156
6419
2298
5323
5749
6026
6705
9138
7185
7394
5597
1803
2511
7443
1363
4551
3579
1254
6965
5021
7339
8013
4982
2593
8514
682
7308
52
9460
7895
6015
2616
666
8313
4291
6415
4339
997
5554
7876
8391
1151
9679
902
4946
7395
1805
4877
5001
8770
9898
2341
3135
1232
4934
1649
8266
8594
8053
4079
2841
4068
3047
3508
8733
7339
9923
9424
4688
5477
7301
3079
2980
3332
333
7926
727
8490
2804
5729
3612
9054
4422
6747
287
9356
4749
8553
4303
2802
8984
7144
3223
2032
652
8308
9371
6928
7733
4059
2405
1386
3490
5386
1070
3823
9664
8150
8665
2468
231
2277
1523
4653
9024
8162
361
3773
3067
4664
2928
2052
1809
6151
4084
2461
811
3455
9389
4896
3866
8147
6282
7356
9885
3705
7531
9549
1855
6196
8370
2086
4825
6245
6739
3849
4407
7100
3975
7474
1765
6903
5878
9926
9406
9962
2387
217
9769
8129
5114
9987
2628
7748
7343
8865
1453
1226
8414
3308
3774
3136
5394
8599
5733
8485
8801
6492
5586
2776
319
3703
9679
6197
3629
5437
6160
2368
5654
2281
6849
7120
2269
9477
4869
9612
8342
6322
7191
3109
5983
7317
2597
1377
2269
8331
6215
1070
4823
8153
3846
5142
1856
9877
7692
1837
5314
3852
4205
7320
6133
1055
4441
8402
6884
5662
4367
1579
8336
7910
1040
4319
5227
3637
2049
3848
8320
8264
4918
9496
6417
5116
4638
4625
1345
8682
6462
3011
2534
667
332
5020
8074
1125
9774
1311
3139
493
9242
1475
8403
282
5795
9983
3919
7844
3831
8592
2460
5102
8088
8877
6570
9078
3502
7916
7761
9964
927
6647
6983
7611
1667
1410
5088
1442
2721
8227
8287
1963
9703
6691
8597
1850
3026
8868
9694
3209
7460
2154
8311
5548
7383
4882
979
7237
2798
8740
3553
77
5387
536
4041
3407
1946
9129
4849
1019
3709
3136
9334
3412
6179
7931
5262
9205
6800
1308
8767
612
9814
7078
2513
3549
8312
3492
786
7462
2232
4339
3892
3971
1227
7933
7378
9526
7062
8579
545
771
8068
6232
535
4247
515
2149
9805
3667
9809
8572
4280
5975
2002
6793
9524
6667
285
310
4129
8869
1001
8021
2840
2229
5954
219
1755
9369
8798
8652
6492
6866
1236
3380
7466
1752
1881
3623
5419
1691
2195
6051
7666
549
2844
7191
7216
9481
3853
7698
4702
1207
2071
7543
3436
8026
4114
1543
3747
9264
6547
6591
6131
7784
9971
9949
9536
1853
3572
1307
9896
2119
7359
7562
9020
6555
1105
6237
2389
1311
287
7091
2518
2358
4634
2306
6736
8748
201
6835
4365
6748
3427
496
4532
9750
6797
420
1603
6721
1728
7851
8840
5439
1766
7860
1994
2871
449
735
534
7088
7827
9404
9447
2461
8062
6183
7562
8263
3019
1927
5012
2798
8775
5896
2548
1924
6317
504
8645
4397
8355
3837
6188
121
8049
8182
9345
4851
5270
6231
1939
3097
5636
1386
1910
3698
3922
5824
8314
3293
4103
3326
2443
9230
5574
4991
1154
1891
5495
9799
2640
203
9988
8828
6676
8038
3363
6021
2889
8633
2253
4828
1730
4241
2567
9992
7939
2841
5817
2605
2486
9920
5931
4929
9151
7858
9920
305
9749
1768
6457
8742
8323
6445
7570
4999
4483
7285
7373
3724
5918
5978
8553
4000
219
7472
3993
4510
313
9810
7116
2799
6082
9399
4080
5233
7257
4000
5539
3359
2120
8348
2101
6795
1145
6023
1795
1981
9661
5520
5705
5579
1498
610
5932
1717
8082
6277
2579
8395
2439
9695
7546
8521
5447
1626
3755
2704
1979
5646
6063
451
346
4516
7247
1491
6892
5394
3472
6553
914
9178
8484
2412
9788
4416
481
4223
7045
3060
8970
9484
9108
6517
8006
4555
4495
8113
3611
2826
3759
6027
3278
4105
543
6877
1948
3787
2271
5421
340
3185
951
8825
1949
7091
9593
2430
1314
6639
1842
285
2475
950
3154
481
1857
4001
4946
5469
6828
8705
7848
6458
9162
8391
3335
7463
2179
1958
2884
8871
1495
187
4048
3444
7278
3642
2226
8593
6633
420
5230
9108
7723
8384
5942
9580
2385
888
1401
5565
5946
9249
8375
1460
3993
8062
8923
2524
20
1807
1395
7867
8346
5444
1311
5625
5438
9889
570
2071
310
5800
7531
8033
536
3473
3965
9273
4362
1719
1191
6660
7320
9566
8120
1313
7629
7044
189
7649
5203
1585
1869
3550
3381
9532
9175
5171
9422
6097
7242
6084
8249
4773
469
8785
4599
4434
4410
5313
2505
5601
1973
9826
5168
93
1139
2797
3489
7681
6798
8693
9266
8667
2243
8999
8200
7770
4170
3974
219
7764
58
8468
8889
527
7253
3488
1313
8015
5153
3819
3617
7126
9997
8785
3572
7488
7934
7061
5169
1084
2106
787
6104
701
9786
4304
8471
308
4630
5042
8072
1040
3510
6962
1567
7115
6802
9232
5131
1956
9403
8748
5434
9400
3885
5358
6889
8171
8772
2058
9255
878
2846
5359
7932
8984
6015
2755
9293
645
7798
3717
1685
1308
7031
9604
8424
186
5189
9907
8494
944
8655
280
345
8892
5639
3586
7063
763
1996
2670
7993
1194
4382
5925
6531
397
8681
2176
7395
6479
5893
5432
7787
9277
1389
2563
9463
6578
2470
4309
7522
7477
4589
4219
2721
228
4157
9784
7343
2506
8807
5337
52
3189
1262
6583
3586
6295
8759
7333
2774
1005
2766
6914
6634
4155
5829
6097
7085
4652
6758
4607
2129
1347
5179
4851
7928
5688
987
5271
8194
6146
6960
8247
9335
8223
1182
9274
870
6294
6607
9997
7299
9373
3263
285
9880
9092
2734
6965
96
9492
7925
2226
839
3104
3429
8767
5144
768
391
3339
6915
7351
7938
2602
1926
9120
1876
2797
1766
8484
2794
9065
4209
2409
5702
4090
7853
8436
1055
7950
7928
8980
176
8768
8436
9957
3887
3581
7077
4278
3272
344
1630
7562
2947
3556
6682
1175
2705
4801
6011
1851
3866
221
4260
9569
663
2114
4357
8070
64
2286
3403
6592
1054
8191
2901
1293
1772
9978
5572
1396
6675
3554
8958
9622
3462
1993
797
6168
6794
6809
4371
7012
3382
8632
2933
4045
7098
7291
8467
7162
9577
1870
106
6983
62
9359
8276
8186
9337
200
9583
2364
3754
4893
1986
3569
6886
9136
6089
3680
2297
460
693
5679
5444
9978
6076
2542
7269
4543
6056
6846
2766
2514
181
9180
1873
4810
7366
7563
5010
3301
9927
5117
8195
1914
8686
5081
7402
1127
5114
9699
1587
2159
5378
3384
2137
7806
5926
5759
8701
8335
8957
1467
849
9139
647
2723
3949
4366
286
5311
7667
213
428
2214
8479
5466
3648
2233
2945
8762
1932
4533
7273
3662
4269
5762
7820
195
1521
6522
4882
479
7989
5732
9618
4989
4807
9919
5707
1445
5230
9726
8010
2011
1941
2842
3829
1941
5075
6775
7055
7008
7660
4328
7022
1929
90
4843
8476
1612
1365
9711
8443
5706
5443
8061
7047
6602
4332
9106
8047
5914
8833
2409
4277
7126
5251
4459
9067
327
1234
6122
3687
5246
6802
7061
3527
6892
1904
8355
4856
9621
8066
3299
1680
9861
7712
5079
6463
8396
4186
862
4311
9371
3272
8588
2849
8523
3047
8268
5202
633
4390
5241
2231
1192
2303
2110
4436
559
466
5645
6533
4884
8944
4565
4746
3009
5996
7561
1405
182
4776
5716
5905
8048
657
8754
2923
56
7022
4478
7042
7764
9719
5625
5308
8374
7736
6097
8934
4554
1742
1819
5790
7038
6384
6888
47
2380
802
1453
8915
5578
3521
1172
9978
530
6279
2901
6939
9653
3731
333
7418
3451
5958
9078
8177
46
1527
3463
952
3269
5282
3095
308
1666
9983
6707
399
785
4512
5666
6363
4386
6838
6341
4916
3117
5595
8207
2771
9326
8540
6541
9129
851
1971
3659
7249
3499
7122
4554
3120
2405
7649
9780
423
7632
6488
7174
8418
1000
2840
1133
1738
9679
3827
3007
9148
5774
1214
8271
1452
6107
1164
6934
3310
3136
593
559
2987
7715
5113
6107
6472
2762
5888
6896
6747
2376
422
1517
9728
3263
2650
1467
9294
2829
826
4794
8603
2040
3066
56
4499
4230
6990
7809
3718
7583
4721
6705
1650
9834
2813
8123
8949
5053
1371
2048
7429
1793
3565
3509
5056
2567
1328
702
5397
2154
5497
352
547
4915
408
5046
5497
3750
9208
9216
1333
3929
2273
9336
115
1438
7459
5416
6491
5182
7464
272
6975
1029
3782
8384
9949
1462
5438
5346
3617
935
5698
516
5850
2459
5562
1348
6209
4770
6916
3895
5051
5541
3231
5167
6980
7042
583
9823
2224
8048
96
5551
5429
230
287
5378
1692
5726
7076
1661
3013
2775
2177
8864
1586
7740
6564
7795
8862
9832
8042
3914
5373
1273
5433
8705
4667
6016
8529
3243
416
8625
8795
5846
5207
9082
7576
6899
1160
4653
8561
4174
3780
