7090
9390
5366
1182
2306
9513
45
2138
7556
311
3863
8829
2096
8921
9849
4464
7450
3092
4881
2427
1887
7079
3986
7322
1007
885
4834
5660
5798
9008
9440
2889
4750
1158
4071
7056
672
468
5546
8228
7131
5762
3409
9227
4683
3258
44
8485
6351
1277
7264
4590
8356
1250
8264
5715
8487
3099
1376
638
2107
7168
3527
3210
8327
3950
266
8999
771
5813
7227
7902
7927
636
3482
2610
3895
9878
7447
6598
1155
4711
1188
9511
2313
9453
5226
800
2552
2954
1438
1011
123
1317
4221
8450
1620
840
3801
2391
6653
1028
6645
932
8016
6479
3542
1911
6357
989
4861
7512
2052
6050
3375
4365
5503
4954
1517
4407
4260
2956
5418
4383
625
5992
9185
2245
6832
2986
988
9837
366
3986
769
8383
465
4311
6646
3175
1652
1508
687
3704
7558
415
4421
9413
1721
5938
3820
5981
5246
5590
6717
2224
1582
5902
4469
8414
5241
1810
8251
5607
5796
5372
342
6261
6035
3341
5788
7687
4849
2828
7743
8759
3243
8516
8172
4964
4455
8344
7297
6053
3934
4014
8277
5517
9917
9099
283
1510
909
4887
3469
6705
259
3812
9318
6295
7153
5107
334
8354
7935
8078
7113
7530
6594
1637
8846
7401
6333
6143
9807
267
158
8084
2136
6427
3535
2420
7937
4444
3659
7758
7501
3918
1570
3172
213
5075
4631
548
9781
8918
4978
3246
2800
7924
1235
1646
1678
7568
7789
1485
4188
4299
5921
6324
726
9457
5096
5015
253
8755
2774
4107
9026
696
3631
9239
2124
4614
6139
1905
3532
1117
1504
6332
5394
2739
4330
7072
308
2119
4909
4496
2771
830
7172
3497
6639
2269
4865
3245
7376
3991
7352
6402
1039
7335
1994
3163
1949
8133
1421
5481
5603
2925
8165
997
5664
2495
4421
2324
966
9330
3172
89
6512
345
9939
3152
8966
4804
6397
2694
5147
101
9097
6186
7436
7443
5702
5737
1928
7123
1218
7531
6400
5735
4880
8416
4582
5653
7093
1900
4983
265
1990
1496
610
8281
4648
5928
3085
7397
8623
4584
3850
4072
770
7638
1515
6472
3375
3443
9947
945
7327
2699
3032
8559
1116
7614
4213
4561
5866
9196
4826
4208
7044
5437
2489
8044
1365
1926
5441
6340
6510
5643
412
7281
3281
1927
105
6656
1723
53
7601
9050
2752
633
3961
220
4599
8174
4781
466
3723
9608
1026
767
1397
3516
8812
9114
5442
605
5455
1953
6249
5867
9234
9530
4147
5691
6187
5870
5744
140
1272
4849
7126
5233
1421
1725
9760
6203
8543
3483
2163
9570
4250
9912
9438
9414
5378
4880
20
833
6833
6269
3053
2419
5799
3552
8111
8338
5774
207
8479
7046
1408
1957
8631
2830
34
4743
9033
8578
8226
7548
4500
8829
3812
3938
8243
9190
5170
8263
6376
2004
884
5781
775
6684
9333
5238
5022
5107
1798
9853
8505
3206
8162
3488
6036
8197
8232
1421
3127
2810
8969
7627
1639
2781
7917
6235
8324
3087
850
4700
1443
1735
481
8571
8419
6166
3809
9793
7625
1959
5999
6130
5166
4161
5970
1202
2358
4202
8976
5485
3365
7945
9464
5004
7079
7381
7591
1755
6821
8442
6455
8264
177
3288
6835
4948
9454
6997
4741
7079
8956
740
9561
4122
1254
5531
1677
3612
6086
653
5450
5803
4950
1266
7159
8381
5000
4751
136
1821
3193
6591
85
9722
6231
3273
4670
5685
270
9411
9116
5578
6504
8677
6053
4110
561
7730
4074
2999
4735
9524
8802
9685
791
5961
8067
2143
7064
8203
3964
257
1147
401
9979
7378
3674
1001
9416
296
6765
8532
5875
9621
3562
1928
3731
475
6010
7805
9826
745
3682
8628
430
825
941
4849
2968
8006
9405
6932
4615
6904
7333
947
634
7360
1948
50
7656
8713
4935
3531
8334
4849
1811
8417
5324
7821
6223
5150
8566
6257
130
5349
7082
7423
6550
50
5429
5955
3334
6397
9211
7019
7344
9846
4379
5644
9896
2036
710
1183
1919
5396
6032
3731
3814
1356
1552
6389
2858
6471
2646
2988
8172
9728
412
4722
6130
2193
7030
5816
4942
6241
2835
2286
6087
7215
4283
2336
5603
4993
3519
7522
389
9552
1253
4203
7260
9158
6944
119
1981
9590
9459
153
5670
6223
4875
8152
4769
1905
3968
9711
8147
3156
8350
586
371
2633
2922
5974
7626
2794
9848
4367
2346
7454
4923
5958
6612
1867
2429
4945
7810
8241
5098
9832
816
6325
7985
5585
4583
8305
1649
9082
1461
6351
9668
8184
8984
8943
510
2962
1737
359
3681
435
7813
8604
6393
777
6824
5175
5722
4634
3416
820
4466
4232
3497
8803
6170
8080
7109
4171
7162
8570
522
3183
3107
5858
2126
3617
8820
3863
3976
8853
4298
1789
7458
7043
2566
634
2218
8288
5268
5634
5460
6086
6219
5310
4890
8741
3390
8351
2912
6905
3273
9786
88
6380
5644
8566
9998
816
2429
326
9669
6727
8468
3479
122
1034
4113
2341
5675
5733
4327
7487
1820
6898
2797
3062
5639
2540
1413
4903
5797
1038
4689
2237
7419
333
803
3769
7501
3232
4095
7171
6311
2563
650
6433
9950
1116
5126
1977
6849
9454
9464
8669
2704
8614
8083
8344
7506
9496
9599
9655
535
641
1892
4306
974
9047
8075
4828
2279
8522
1999
4942
7438
9001
7727
7388
117
2854
5717
6967
8660
1533
1988
7716
147
72
6060
4005
5920
2012
12
2807
2653
1904
3465
9979
951
7892
4807
9582
2767
3158
876
205
8512
8604
3945
8629
7810
9662
1948
2822
1195
289
538
7695
6713
2951
8052
8985
4963
8065
8145
3968
6321
1610
3947
3625
5855
5107
9559
8622
8265
436
8827
6777
5392
9124
1759
9554
8786
59
2376
6333
6700
9266
4028
3413
2217
2081
8751
3532
146
6896
3852
2819
4858
7800
6444
713
9259
6004
5687
3876
6440
4514
654
8184
9990
8765
7738
8776
5176
114
5110
1877
5732
5490
1642
7950
3923
393
7834
4069
7289
1687
3241
2148
5839
9685
9213
5098
5689
4901
8974
8481
5767
5980
6665
5758
1097
755
886
6274
869
2348
8151
6602
7839
6145
904
1762
6539
5090
2184
3828
6777
5425
2328
8968
1462
1542
4066
7152
2795
9393
1985
4914
5373
5003
672
6471
5758
7911
9097
2980
259
3600
5934
4450
9745
6838
2565
6284
8280
1101
113
5058
2878
8793
4026
4340
6687
4445
7844
9482
3838
6182
4397
9211
1185
1421
2034
6943
9332
1131
9923
5944
4731
5857
6746
829
9047
5663
7113
7328
3116
3578
8738
2346
2372
9116
3039
5411
3561
7235
4894
3751
3417
5643
9315
4602
3416
1349
7898
9101
8833
4173
1397
9916
31
4495
745
5430
159
7859
2758
9627
7789
7848
1974
161
6965
5013
5573
6878
8600
6819
630
2018
8814
9945
2972
2230
7646
870
7683
6479
5044
9080
6396
1427
3576
3493
6857
87
7704
5968
9714
5494
3816
8040
2007
781
9405
3932
7660
8006
7103
4642
6376
5917
4587
9348
4500
2233
6571
2183
5065
1615
1264
1461
9394
1192
1306
6251
1279
9011
8571
7345
857
2388
5386
2864
9521
1143
6797
3533
9149
252
8175
5525
6170
9114
1226
7022
1348
7797
5557
6413
5764
3173
4226
5158
4365
5532
1409
1996
895
9981
9342
1752
8721
1080
969
8242
2223
7766
1776
7725
4370
6303
9602
6892
5418
828
3914
6766
8625
9472
9531
4389
2645
109
5899
3363
1993
7309
5359
2889
3642
4701
993
8715
2133
1962
6957
4357
6080
5085
2082
451
1389
8036
7343
6807
8865
7610
9925
3842
3434
5808
4584
2431
2269
483
5794
4262
4144
7506
3503
4138
8559
4497
2853
693
2811
6163
5050
8892
1248
3484
5695
8989
1520
9390
5796
6737
3352
2073
580
6786
4233
5164
5570
6502
1999
7716
765
6144
5222
620
282
3782
1469
3136
4475
4281
9299
5877
9525
6899
9361
1572
5889
7233
962
8037
3971
4315
111
903
7453
696
2419
3023
7199
4418
7092
4316
6914
2314
4936
7197
2448
2758
6685
6923
7039
5984
9152
2916
2883
4865
4488
5124
2099
1802
3162
2422
6117
9625
9677
9923
321
8448
9298
7520
9218
6390
8188
6133
8705
3125
3330
7505
5883
6367
781
9274
8703
9933
8542
7938
4799
3030
3063
3250
4832
6225
2024
7302
5850
1701
3577
6171
149
2875
44
9367
9266
8232
1852
4323
7709
1534
1828
9944
7901
2609
9218
6604
8895
7760
4543
3694
7142
7606
3296
8327
183
5320
5629
6033
7021
9206
8556
3522
8433
4952
9241
7699
3185
1094
8374
894
2628
6555
7191
530
5516
6409
3486
4411
522
8029
4457
4016
1987
7753
2343
2170
9425
4324
4555
6446
9882
3112
6320
8316
4416
5562
2367
7601
3008
742
4848
5636
7297
2039
2518
9165
4800
2357
3577
1674
6738
4386
5691
8726
8492
8034
7248
7917
2359
1804
716
2241
1268
3388
6909
5684
8950
9277
3286
8310
19
4486
3947
3668
6525
2817
2833
7677
5174
2762
9352
8265
3501
5043
6991
1993
9429
4239
6262
8140
2395
3330
6734
3663
6719
3643
9348
2021
2920
8986
332
9291
9824
631
2959
2701
9800
2145
378
1327
1259
6082
9592
4760
1125
6583
3105
555
7174
5720
8695
9570
9050
5429
9585
2121
5425
5285
4143
8345
623
827
7637
447
1458
6948
3148
7610
9093
9879
8937
353
5961
8529
1465
3439
1464
4571
3994
4991
291
9041
913
5693
823
498
7815
6248
5784
8310
945
6407
9137
8582
3207
6947
1883
6355
4557
976
2586
9847
7681
8548
8376
9147
1987
6193
70
2333
1184
6713
7726
2097
2406
4901
8947
6573
1149
4731
4883
8447
7491
372
3381
698
7319
5264
3405
8229
2593
5992
8076
274
892
2804
5773
9231
8997
5843
1564
6533
8908
5642
4982
1315
544
3930
7888
1693
5013
2772
6492
2504
3144
9874
9554
6816
1490
2960
5045
4083
5304
9473
710
2548
2277
6483
1779
1275
8679
9695
7808
7587
5337
9143
5254
5881
3073
3143
3927
8086
2267
419
591
1763
293
6497
4931
1784
5809
9976
2219
1113
5801
2929
3661
8079
5765
5440
9354
4444
5135
3514
8383
6825
2657
3638
2706
2082
3133
6633
169
1752
7053
7112
9867
3698
3609
4799
1834
9419
1127
4054
6884
6929
6983
6898
5008
2748
8690
714
3544
178
580
8280
7003
9590
8270
9709
1672
1403
6343
1841
9507
3396
5305
9374
3446
8915
525
5281
4686
1653
9335
7922
8582
2670
4820
9942
1771
3511
656
5315
3689
7588
3595
692
7178
1865
401
8851
9620
3096
7044
9127
2844
2350
4854
6291
7617
5379
1572
8655
7032
7259
6577
1966
9929
1398
8260
8052
1261
5268
3368
4950
2857
3315
1994
35
1533
2395
5238
1153
5492
2283
6633
8336
985
7839
979
4954
3218
2551
3609
6603
6162
6538
4921
2444
4288
3182
496
5549
8450
216
6851
1307
3532
8845
7695
1417
7593
2933
8922
9437
1568
5555
7773
8905
9746
5105
3859
2965
7656
7468
9568
171
359
841
2615
4647
4023
9463
6549
2474
9680
3400
133
9564
8598
7828
981
6191
7114
9903
5628
8682
1811
9753
7588
1557
4858
7799
874
8867
1620
6794
9038
1979
7636
8005
2978
1659
7468
9527
485
3500
2928
619
3064
7878
4799
397
4069
1913
6653
9697
6948
8464
5802
888
6373
661
8687
7248
9528
307
4042
4918
8638
1678
2923
1617
9690
6743
1144
175
6596
424
7146
6012
8302
1946
6410
2371
3859
3063
8420
7159
7879
575
8047
604
1236
6735
7852
7116
3394
8247
8386
2033
6277
7661
3650
5967
4404
4794
2495
7352
1571
9641
3365
9873
7939
9775
8597
1799
9190
3369
8958
3421
3944
3358
4025
5180
93
1878
8648
9839
6477
7034
1872
2754
4695
5522
5074
5452
6669
7569
2804
8240
3562
6169
4465
1502
2296
3062
9653
7838
6432
8611
1259
376
8321
5285
1909
4766
3515
557
4606
6344
3944
6478
9098
4991
8353
4172
443
5022
8093
9600
9614
1656
5769
4079
3158
4418
7142
2811
2256
9926
7774
9868
6654
6096
1505
8563
7214
1372
5473
1820
7716
5769
8299
6814
760
3004
7339
1204
4378
1784
804
3992
3440
2925
4423
2950
7343
7917
2113
5952
4195
9888
5820
850
2336
7325
9413
9550
8697
1238
7723
6413
7007
2374
9579
7768
5378
3270
5324
9756
5055
2480
100
8495
5405
875
1446
9101
8793
3559
5053
2988
9799
873
190
8487
4550
5956
4390
3247
7194
2113
9660
554
4487
5591
4674
9865
8862
9998
5973
3917
8830
2425
8764
587
3300
6562
9688
8445
6474
1093
7786
6273
8318
7976
1113
2868
3932
5503
6115
7479
7616
2127
8033
8455
7719
2707
4672
6581
9057
645
6850
4239
9422
5614
4826
9074
2177
867
7520
8651
1960
1658
1276
6631
5986
2389
9499
9919
4244
1967
3750
8212
4094
1783
6667
8165
842
1339
4746
6251
8336
7948
6842
4110
3563
1668
3185
2092
2535
7057
743
848
8715
8371
3831
4701
7113
3330
972
1357
5297
4722
9570
5744
2857
2589
3909
51
281
5008
2654
8617
2956
9496
9080
6519
7517
2265
4963
52
9322
2058
7252
8037
430
1083
9090
7543
766
63
5252
2415
1137
4822
8159
347
3764
8421
6750
4045
3429
9405
9014
6385
5253
8094
9257
2770
359
4220
9175
9681
6279
6427
4070
3061
3863
3161
604
981
9576
5856
3396
7065
7031
1556
3764
795
9977
515
4840
9758
6272
3854
6143
1525
1949
1752
4296
8660
2325
9823
4694
8604
2602
8764
1665
6465
8277
8621
3798
4205
829
7195
1271
7860
5103
1387
8655
1432
1902
9847
1190
4526
54
3685
6052
8355
5438
6700
7015
7763
2875
1709
2719
5477
6826
4384
8295
5103
9357
2093
5661
186
9288
6932
8047
4391
4671
3054
5823
6574
9254
3365
1100
9308
7051
3504
4015
2489
6556
7382
252
9431
9092
9323
4909
2270
3707
9556
3725
9416
1649
9386
9602
7290
2670
4001
1681
7342
3408
3857
3916
9014
7222
1368
4674
625
1225
8689
3114
4133
6071
9718
3565
1515
9041
4826
3785
9100
4382
7511
8516
2383
6897
4471
9673
9568
4824
7707
6910
8232
7916
7178
7246
1490
4898
1920
2116
2475
6961
5230
6609
3033
1301
174
4548
6694
1352
4686
5795
2086
2197
663
4469
5446
5134
495
1366
6311
8202
4628
4543
6118
8158
8142
7608
3057
6414
6076
1884
9728
7659
8493
2761
8960
5019
3661
5654
6371
8347
7801
4809
6896
8465
5631
8695
9951
6126
61
6262
4328
1042
7158
6798
5552
1652
758
4961
4418
3187
6846
4146
846
5339
6907
9806
359
6921
1812
3082
5268
5966
4244
8517
783
9875
7212
734
6001
3625
3349
6681
1019
6859
9831
6572
8511
6941
1533
9281
128
8379
3428
974
71
6687
7132
430
3608
5297
9864
5229
1263
4108
98
2046
3983
3662
9132
6336
7287
2481
3017
4659
5692
9200
1231
555
6142
9116
9837
6270
7496
3265
3597
3919
6304
7081
4349
6265
2378
565
7846
3641
4674
7944
2039
5009
1606
1172
7698
5245
5
715
9904
2050
6268
7487
2605
2410
6604
2442
5032
452
2059
4981
4371
8364
2063
5072
981
4441
1989
8827
4435
6663
6771
2826
8025
4729
350
5723
9974
6708
2790
6231
8758
5410
3718
1363
7820
6674
3806
9205
3478
2217
538
4201
6933
2601
5625
7914
3395
7615
6741
4182
630
9864
7008
5007
4593
7359
730
4568
419
9873
799
9177
5283
869
540
9456
3896
698
5013
3726
2916
5551
7928
6201
4505
9905
4116
7900
7520
7209
2082
8151
7074
5442
9510
1667
9153
241
6235
9572
6466
3386
8749
1749
608
5642
7557
4504
2692
2570
8230
1960
4474
2510
8162
8979
2416
2278
3231
6288
9487
1665
791
6561
7107
302
4581
2613
6895
7168
2185
3361
6907
7287
1462
7515
9281
9020
8371
1973
7942
2953
3934
8768
5464
8448
4099
4232
726
7330
520
6565
5347
1312
9479
8807
1614
412
1420
8509
7580
9957
1870
4487
3596
9684
8354
2877
5056
6725
1203
9351
9679
5137
8119
1495
3585
2219
5727
663
5901
2599
3580
1249
3911
9411
56
1877
9823
7828
386
7404
7785
8608
8243
1382
8293
6598
611
9701
3323
1814
9052
9354
3303
7172
849
3240
5743
2928
3903
1644
5528
3836
9245
5791
3247
9301
7669
9423
7129
8055
3179
1267
3016
1422
9001
7661
8020
9612
7362
7696
1427
6415
3402
4730
9939
604
7971
5682
3532
8226
3678
5412
2062
2924
1204
1662
8577
8873
1085
2059
3280
4264
9678
2648
2038
8679
309
6411
8291
7672
459
9718
439
3861
801
378
4465
8772
2412
4350
3350
2442
9762
1765
1718
7318
9779
296
2543
864
8707
2176
1480
8385
4824
9870
7064
5134
6281
5355
9158
6740
1426
9597
6954
2227
6327
1419
7351
8739
5769
7053
1181
1884
8818
2900
5554
8597
9548
8098
5813
4607
6626
3645
2992
1450
3516
6408
2936
6149
8115
2094
2890
9541
8043
9844
8120
4370
7615
1823
9461
9737
8877
6995
7973
7695
6247
3527
2645
2147
7977
8458
6754
4603
2104
6098
2406
1972
2506
5342
8121
6973
3789
7363
6515
8184
3559
987
8907
1175
2811
8368
7264
8040
1715
5237
2087
7962
8764
4732
6461
3094
9543
3215
4049
1647
5665
6455
9971
4523
8150
4444
1497
8291
1808
4364
6475
5367
5351
5382
2894
4514
103
158
8906
1818
5395
994
6133
512
5726
2594
9958
5269
2162
4007
3268
7827
463
9591
2351
4965
4036
3848
3256
5844
8212
9731
7563
9915
1466
6810
782
1569
6968
9688
9739
8716
682
5872
5580
2761
4819
5538
4382
6981
9545
4003
4808
6360
3594
7159
1325
3982
7359
933
6178
5571
7017
3742
1839
8483
6904
2621
6404
224
8661
6143
8940
5696
2016
4520
4809
3187
6410
9191
168
5956
9546
4976
2316
9493
8488
9994
3475
5847
927
9654
7771
7944
9748
9610
2779
3004
8583
9183
3228
3596
5327
2169
9292
3695
3041
4101
6882
9452
3293
7050
1760
9191
8378
4076
8684
6866
422
8512
9066
1350
4518
6837
5646
618
2799
8426
3622
7734
7609
6850
1330
9288
5371
623
9335
4765
4724
6217
569
4369
9619
2329
9913
7998
2757
4949
1216
9532
3461
282
882
4331
3471
2880
4949
2622
1306
4923
356
5268
8126
8039
908
9849
5014
244
4614
6090
2813
1535
6812
2433
216
6725
6783
2974
1674
4351
8858
5136
986
6092
9467
4457
8972
769
3432
6631
5692
140
8251
3818
8179
9159
20
9545
9403
4634
5636
8569
2522
2448
1002
2738
9173
4137
2064
847
8488
922
2335
9474
7014
8155
284
5987
5276
68
8970
7320
208
7221
7491
4740
6380
7511
4285
2136
8497
6273
705
1019
8721
8059
3758
7894
2196
2174
5094
7036
3097
3781
2863
6463
8288
9499
2450
3564
9567
7772
885
9775
4993
8376
867
7726
5887
1505
6214
736
7778
3271
1756
6500
1330
1866
746
9878
4040
2192
6914
3489
5974
9777
9953
614
9276
8755
4179
5195
6528
1416
1323
1521
6144
2190
5599
8383
47
1813
9119
7826
5084
875
678
2766
9093
1424
2644
3134
9969
5911
6623
2295
2040
6576
2909
7669
5332
3440
2864
8212
4856
4187
6085
7352
2730
1685
5735
2777
9850
4855
6955
4935
2082
7633
4053
7528
5410
6698
662
5379
8961
3637
4026
1001
6566
6935
8670
8250
376
7887
6462
1584
2074
2547
8937
1156
4232
1024
3934
4083
2231
7241
5370
666
4875
9423
8194
6637
2473
8856
8368
1434
8845
2394
8788
5411
9329
7458
3661
6057
5345
6475
7642
3772
9023
2931
4928
9607
3955
5214
42
6187
2456
1764
6853
3683
7540
5047
6672
13
255
5040
7800
5452
7434
6588
864
3115
398
877
9173
2096
3705
6815
2220
2728
6098
7148
8687
53
8715
5082
2592
7523
6846
9445
7558
4386
844
4230
752
7451
5622
4904
2904
3056
1492
120
6171
8242
997
1696
338
1054
4863
8910
134
961
2411
8822
7367
1126
256
9959
5001
7102
5757
8911
7841
6601
3141
4945
405
5115
9849
3309
8171
7693
3429
694
5935
778
8743
2626
1833
3606
1536
1967
4568
3947
7141
8287
1425
7397
8246
2778
852
4003
1689
8693
6957
1182
9990
7362
6297
9839
7023
820
7532
6804
1515
9819
3934
258
8797
5767
216
6686
4087
1136
6985
7580
9423
4763
4978
7670
7541
2182
8025
5583
875
4982
6765
865
8696
9415
7056
5719
235
940
8875
8102
7111
2810
4712
5909
4929
4929
8947
9016
6065
2284
2949
5489
7047
7927
9511
4589
6461
7536
6524
3688
2519
3289
4553
7567
2704
7961
3287
2940
8901
8514
7394
6012
1324
2107
8273
6254
7036
3572
1622
9453
5857
4571
4942
2904
8850
805
3845
5311
8342
369
8999
7213
11
9904
4780
9067
7865
4419
8359
3118
2934
5754
5483
4258
7861
3756
6864
4897
3681
8487
702
9538
3058
5645
8794
1909
2802
8992
7220
1144
5713
6220
4709
5724
6124
9490
4792
342
261
9503
3460
9547
5257
8943
158
3118
9052
7022
4367
2733
5509
5070
8623
4920
7067
7417
6829
9869
6409
401
7366
8475
6621
2075
4199
9098
7917
5343
9440
4531
4847
9252
4078
6456
8196
588
9575
3600
7611
294
6333
9472
1716
1308
4392
8783
8725
7573
5005
1487
7975
2371
9962
948
798
513
6398
8716
2209
2190
3247
7056
7795
3677
9864
2343
4266
5791
5943
8229
6086
8628
7701
7802
9936
8446
2938
8661
2371
7943
6500
6698
6666
6462
3999
7464
3328
6749
2532
5537
8940
2131
8945
6735
5809
8809
9078
6427
4601
1373
4656
687
1
8709
4841
9937
3507
7779
4950
5879
2074
1451
2577
5092
4265
2928
2557
7593
9678
1441
3130
4970
3573
8427
8057
5734
7237
3487
2161
8190
4860
6817
8877
4861
1878
70
4798
5386
4202
9748
1265
2628
7551
194
7721
1817
9475
278
5762
9153
1719
8893
4123
1644
3672
2180
7378
909
5667
9539
9099
6879
2708
4328
1740
4587
751
2890
6325
4953
8990
3942
7581
6542
488
5302
4711
9963
1932
473
9116
4
5718
9591
1648
9391
8123
5379
6652
142
4918
2104
7021
3979
6432
5113
4918
7183
8003
1243
8488
6994
1537
2422
9888
2025
4076
951
1989
2361
1424
7457
2365
7143
3401
365
2886
1524
5744
9538
8019
7015
1642
5040
994
4427
154
2264
7962
4509
3507
2803
7855
5044
5225
4095
3421
9301
5046
5410
1662
6471
9220
379
9966
2621
7097
2852
497
2841
8742
8516
6208
6737
9909
7202
1164
6415
9466
5478
7276
9325
8281
5132
721
3506
9227
4143
9160
4274
5905
7174
7097
5125
3906
7063
4098
1003
6267
948
3844
1361
9464
53
8098
5725
3607
5614
8492
9426
7445
5769
5103
5726
901
5825
5585
6480
6320
1097
754
8577
8271
4203
3703
2177
7618
4153
9532
3885
5101
3377
1599
918
9782
6049
2995
9741
1664
1488
9167
5461
7257
4271
1187
4510
6448
3124
990
9120
4221
8097
7697
8845
2300
7752
7374
9919
1906
6907
156
3359
6636
1755
4277
2770
7805
7273
2511
5821
5113
1679
1282
2370
2302
8821
6880
5102
1946
4222
4222
2519
2319
8271
1364
4620
6024
5091
891
7930
1998
7399
1289
4986
9155
1919
7756
3312
5544
267
5485
657
8298
3119
9379
6952
1940
2611
2054
238
6833
2628
2758
9153
900
474
125
6924
5565
7368
1206
7563
4767
8847
2549
274
7118
6657
9938
9014
6925
5423
9671
5223
4894
5402
8528
6835
8013
582
7073
4847
9563
6183
352
6815
6658
6829
91
2223
4197
1297
6139
5316
6496
5040
5591
9967
1698
1881
8981
8623
7305
5005
198
2199
407
8726
5386
8421
5661
8812
9620
1576
4995
6324
8391
1653
3153
8482
3877
7350
6131
16
9018
8979
1408
4609
8946
3106
6491
7928
8081
148
9285
8280
8699
9692
3358
438
8113
5371
9250
4085
6947
4245
409
1690
2251
3562
172
6128
7264
2655
2496
6283
1635
3904
7244
6933
3363
87
1213
1444
235
498
6076
5287
191
9435
5725
4656
1158
1327
5094
4458
5572
5503
6148
4175
5418
2673
303
9034
1680
9151
5317
9667
9408
8914
6601
9123
9001
4166
567
5589
4665
6644
7228
1208
2431
2953
2216
3589
632
7310
4399
6204
9166
548
380
4584
9573
7035
3618
1253
2539
5288
921
8299
4202
3874
7422
9555
8040
4341
1496
2705
985
8724
265
3416
8029
2482
3358
8661
9792
7757
1218
8958
4657
7950
9894
4230
1337
9865
1836
228
1505
2757
8527
5707
2983
2301
1614
1023
6643
3111
81
3980
1835
346
3749
6217
9180
7107
4878
5325
1216
6096
4283
2226
398
530
6456
1736
395
4644
1964
1900
7401
6844
3959
6736
9145
1925
7760
2140
5036
7841
6121
3224
4539
9870
9441
3720
3329
671
5397
897
3120
9680
3123
3518
6562
9580
5254
3309
576
3571
5209
7978
415
5520
4714
5912
7446
8826
8053
8834
3019
526
8410
3911
6748
4203
3983
6429
1227
9380
7326
4347
5412
450
7865
1975
6382
9472
5284
6958
3043
6846
1288
3458
