8718
2355
5722
2516
7533
127
7703
553
7005
6113
4464
3753
6669
8447
182
7896
7827
3861
2243
9591
4311
6460
1566
7045
5932
3203
355
8975
49
1644
8785
5119
351
860
7636
7884
987
5339
8437
7993
7804
9253
8098
4473
4052
4633
2369
8231
8494
964
7823
9157
7425
5741
6202
9709
8944
2909
5037
8993
905
174
4113
1256
1034
8101
9141
8374
3440
3930
6367
1244
9536
817
2070
3588
5450
4439
8172
3944
1756
5995
3101
5533
1736
5655
1594
681
4917
6631
6026
5822
3158
6491
7079
4192
4592
2572
2566
4384
2854
5285
5629
2390
6103
7699
2331
1553
8490
503
1850
6598
6498
1303
2131
4586
3311
3726
1619
8228
6709
7646
4050
9867
489
1129
412
1434
53
9330
5818
2908
4616
7799
1650
7071
1850
3981
4976
6693
4484
3178
3291
7334
4482
1775
8273
7793
1853
9892
6021
8562
3890
71
4782
4380
7553
5194
2166
3958
4524
7984
6866
5492
2136
8517
8915
3986
8850
3892
7031
9687
7070
323
3373
7904
8450
1646
5697
6655
1539
8070
5217
1781
4494
6351
2513
8399
7897
4679
2357
2422
9016
5576
4266
1152
4093
3182
1490
9295
3426
4874
8982
6848
1549
2356
4753
9999
354
6802
6654
8245
1225
8223
27
5719
927
2540
470
8824
3572
2827
1246
2588
8403
1865
92
8848
5047
7934
8144
4825
2808
3478
1673
4357
5834
2778
4356
6189
9581
7362
4434
7158
1938
813
2877
2865
3354
9699
1689
6926
8878
9288
5866
7282
1153
5958
2482
6200
3892
6978
7377
3053
457
9050
7410
2643
1829
8119
8832
7762
1833
9619
4920
3771
432
4149
6636
138
3848
8326
3416
2726
7614
9282
6360
5119
1592
5195
7671
1837
2173
5048
4890
8982
4098
8652
1626
2279
6771
6810
41
4957
6429
4961
8728
3214
5462
1717
3352
9310
43
3121
8389
4009
2403
1101
9128
3996
6296
6799
2185
8470
1847
7075
7452
2297
5727
5430
4577
8851
2241
970
3808
5022
2284
8888
8236
7746
605
7941
3409
7000
7414
1798
7361
9817
2899
2841
165
9196
9640
2350
4018
7839
5777
7822
6489
7857
9605
1066
3060
1846
2036
3220
6868
4320
8460
1457
8419
9066
5750
1828
2418
3164
3626
9780
9333
2877
2621
5851
8425
8614
4553
2443
6453
6683
6618
2942
4540
6223
360
3952
4421
8749
7172
7641
9421
1984
9098
7840
1050
1200
9668
3469
716
3294
9601
6402
6172
2222
2253
949
836
6806
3393
3642
3489
6363
2936
4381
2586
9649
8333
3359
8398
1857
1000
4171
3842
6451
2012
1244
7651
1680
1065
4720
1327
666
1122
3851
9241
3375
4800
6429
6533
4545
71
6375
908
9360
756
9846
9009
5442
3205
3759
3651
4206
7930
3845
657
6294
1442
4660
7975
2507
9380
5654
9526
502
9505
8767
229
4305
1548
3115
5203
1620
9490
6111
7332
6598
2310
2693
8392
5515
2804
8396
6073
734
2241
6730
7029
35
7743
1356
8895
7123
7010
8421
3978
2867
3540
559
3524
5088
3674
8727
3060
9516
4839
392
6115
7149
9437
859
9016
2241
9255
5090
9328
7849
8172
2709
7884
5915
4065
6779
9391
7427
1552
3369
294
5092
3928
3818
6533
3955
2546
5945
3471
3737
6338
5938
7238
2127
6798
6254
4369
6053
7696
3697
3902
5869
2758
8139
8136
6823
1270
7527
602
2823
896
7248
4267
1177
7418
7152
1484
6316
3098
4955
53
5788
894
3643
7915
7692
6250
2284
97
3946
2333
352
6167
5091
4843
4304
8266
6113
8183
5220
8936
5432
2468
9556
6609
9887
6708
8093
6203
9806
9400
2609
1946
6646
2604
9862
4338
8854
8498
788
9153
832
1140
1672
2275
2335
2328
6894
8448
512
2114
3737
5944
935
3293
8905
822
6353
3350
3377
2512
2750
2338
4458
9397
1295
4320
87
149
2819
875
5654
3
8367
7327
8630
702
6007
5524
5503
6519
7639
9240
8815
8574
8885
7720
5748
5238
1070
5477
4102
173
4168
8561
9570
5463
9233
9657
1964
8404
6885
7619
8407
1604
1298
7038
8659
3657
8914
4162
6529
6553
9754
5344
1479
8639
9417
3579
229
487
9057
4332
660
9577
9245
6582
5040
4830
2592
3356
3235
9477
7327
7994
7433
4977
1384
2444
8635
299
2958
5164
6852
2712
508
4684
7703
9925
8263
4285
6765
3672
4969
3777
3249
4214
360
4641
9044
2952
7998
8631
8781
1677
6626
2566
6655
8010
5011
5290
4661
4321
6806
7866
3386
3666
2550
1089
9944
7165
5374
6709
838
6695
486
439
909
7198
5081
6306
6502
9431
1289
5283
1108
7915
7850
7763
2278
9213
9405
6939
3534
6211
4805
6920
9878
3707
4362
9822
873
6088
2883
8063
2784
9721
8502
45
3272
9935
2703
9774
5718
3993
5058
6827
1908
9260
942
538
4825
6700
3830
8359
9263
8635
1632
9141
8695
2346
5315
9568
4786
4550
7631
7570
624
2485
3968
3896
2421
6671
3670
8139
664
8728
1318
8925
4340
8613
5815
9165
5313
9645
3877
4576
8281
5509
70
3328
4207
1737
2896
8993
2640
6879
2916
3264
5716
6884
7160
8137
3555
830
2629
572
5911
299
5849
251
5264
1664
9417
6929
1310
3294
1506
5943
5155
7928
9271
9362
6017
8519
4707
8657
5398
7623
1921
1114
859
9081
5604
767
9912
4585
1339
5823
1236
7188
2426
6501
5204
1843
3430
6514
1489
1288
2457
2996
5568
8080
8710
1586
6599
3418
243
8349
1041
2165
5816
8253
7598
1420
9020
7510
2357
359
9685
9945
3899
8464
6446
9103
307
6229
1970
8149
3869
779
1145
9438
8860
9856
1024
1811
3274
7619
161
667
9784
5977
8920
7383
3749
7940
1245
2458
4651
7283
2403
4902
5747
5202
358
2406
7783
2328
555
1652
9459
8053
1090
4671
7909
8466
6483
7535
6086
2996
4554
2222
8973
9827
9605
9074
4119
7203
7884
5123
4486
287
25
6585
1841
383
8991
9624
9063
9547
1277
8523
3952
8719
3194
1861
3538
6029
5748
9624
9025
302
1846
4350
6481
7804
3424
601
1359
1308
2076
5845
7948
2101
2430
9789
8837
7773
9414
7900
3672
7043
2775
7624
2114
2322
5837
5652
8351
1585
5276
7377
8240
3475
1727
4721
7631
1504
1674
8990
9164
3750
1187
7112
2204
9969
3254
1041
4094
9020
5293
7767
6063
4421
5391
8177
3095
1229
182
1446
9166
5458
5175
3758
5285
3255
8480
9268
1111
6506
4610
275
6609
2149
3740
5165
2118
6994
2558
6213
6014
4203
332
8429
8624
5723
2958
8071
3304
3140
5870
8823
4951
1045
2581
6588
652
7413
5857
8115
272
467
8391
6881
2617
8483
8398
1087
1829
956
3652
7843
5159
3984
2624
136
6060
5582
8207
5716
8723
4077
4539
3674
1475
7121
262
8479
886
2471
6595
1158
9291
1338
4391
8260
9821
2789
9347
1650
97
9352
5845
5257
3336
4821
1745
5748
403
6304
1465
5478
382
6004
9152
8209
9477
5767
3040
6716
8238
9635
7874
7529
7325
8618
2141
3498
1407
1489
1500
7857
7193
3697
3114
529
8518
1211
6278
8922
7515
4095
4400
4249
99
9905
2458
5929
2024
1851
2645
262
7838
6871
4144
5164
5489
6285
5014
3249
4126
6515
1106
1319
212
572
8201
5083
1783
831
357
9298
4926
1109
3548
1377
1014
2358
3658
3038
4209
6303
9653
2048
9527
149
3564
5016
2786
8578
8265
6913
1445
9371
4584
8010
6295
9137
3093
8078
9968
3450
7377
1246
4559
7277
8976
1926
9635
2634
1316
197
5290
7321
8597
4817
7470
2161
6185
257
7091
4451
3522
8537
174
8106
6547
6470
3596
5992
900
3564
9442
8277
1163
353
1906
6491
8631
7894
9125
6300
8091
767
3621
6688
1936
1092
5201
8122
7701
2292
2573
1223
7181
9099
5681
3728
1921
9277
9720
2822
9194
5514
7451
357
2220
9358
3200
7203
3604
2325
3503
1695
9445
3477
4735
1381
4569
6288
9503
8622
8580
8428
9845
5762
3880
1878
5842
5801
1156
1915
4975
6702
3781
2427
7059
2353
8137
6611
9557
1741
8936
9412
9788
4733
2889
4523
6115
3810
811
1970
2432
5743
6751
8629
7857
631
6860
3700
2784
8016
5615
7760
1070
5748
6539
4481
8102
4676
1092
7659
6417
28
3423
6205
1114
6313
7080
3581
6475
4243
5551
5260
9986
8654
241
7844
5637
7101
7896
8422
1469
9863
2534
2539
5611
9073
7020
3713
3749
8112
7724
6518
4493
7500
9075
5607
165
2507
9188
6640
6750
1091
1900
3088
9746
8494
932
5383
5595
5180
157
7065
5043
2691
5956
7007
1764
2977
7072
1865
1089
1149
4735
1934
8649
3810
7541
8814
6317
3081
5454
3067
4173
3707
2508
271
8553
3440
2006
4148
4973
2164
7565
6368
1207
3522
3375
9324
2851
448
1189
292
1597
5925
2227
6598
6087
6120
5412
2405
9202
7218
1824
9727
925
4332
6350
5830
4125
8356
9979
5450
6872
3896
1818
8080
7418
5194
7404
6621
1994
4945
6914
9943
7222
5493
6541
3310
1613
1953
2067
7167
9171
243
6894
6449
4576
3244
2279
5053
7953
8610
503
4825
2507
2321
9257
6277
3867
3013
2899
2213
7959
6165
2156
1533
1658
8697
4843
9623
7002
3262
6791
2526
3506
3685
5327
4434
3282
7606
5839
7587
2569
6342
2412
5076
5015
8022
7705
5235
1035
6956
7448
5346
3121
5957
6880
1131
1006
8075
755
8009
7690
7546
535
1196
7583
5862
5630
7217
9820
1469
4804
8741
4163
3569
169
5530
1591
7875
765
8978
4831
4566
4325
4305
523
7557
5436
1529
1984
2543
5890
9674
89
2777
7222
7673
4991
9204
4890
1164
7025
6047
9905
1188
9616
75
3071
1207
7950
188
185
9133
4754
862
3438
1629
4771
5227
9511
3108
7770
5401
9134
7860
4531
6357
1885
9522
1913
3127
686
8939
9174
592
6479
8790
667
9550
6349
4969
9739
2887
4102
845
101
3893
8827
1225
9120
8338
4333
3242
91
9819
7454
974
2528
9339
497
4442
8819
7535
3381
4345
8127
9860
9488
5146
9411
5837
115
5502
5076
570
2699
5178
815
1526
6403
9935
6216
7088
3177
6308
3259
632
7282
5788
6323
4131
230
1494
1667
9963
5840
6146
6175
5328
1293
1938
7517
7760
7440
2594
4682
140
7772
5497
8018
527
1784
4235
3967
1314
6895
7226
8298
529
3014
4621
4661
9596
2468
2680
5911
8308
8826
2087
3636
6471
4025
1153
584
1466
3747
5266
7958
7871
7116
2328
4750
8900
6563
8717
214
3458
5944
8512
340
5310
9486
5001
1259
1954
4033
7170
6614
2859
5609
250
5683
9635
7755
6267
7453
7855
7885
1763
2078
5001
4091
6829
3902
655
5546
4116
465
7842
8981
805
9505
4819
2158
764
3125
6191
4286
9739
5403
9896
6341
7438
5883
448
3705
3336
8303
1590
5099
6734
6592
5542
3563
6846
6197
5461
7314
3015
3304
6295
3820
2809
7466
2331
9925
591
4874
563
330
6629
459
3023
4067
6342
3472
4124
6030
8127
5715
7481
4861
8659
3024
4776
5505
9221
238
9171
2236
9894
5467
2409
9055
9285
4740
5332
9877
9614
5895
6559
6244
6355
9583
6663
9049
9407
788
1432
3886
2855
8913
8748
1514
1937
9876
3371
7511
6466
2542
9747
2712
4361
8508
1767
3647
9600
3451
9876
5567
9347
6435
8163
2054
2370
4826
1103
8129
5614
2535
2016
8469
7801
7116
6335
9738
6992
9706
7249
9811
8601
3349
2523
9314
1857
643
9313
1458
4094
9189
3377
9793
1977
1540
1847
699
6366
9303
5181
1981
8190
7197
450
5991
4313
3138
5730
7657
9196
9331
3820
4149
2680
6344
3464
4538
3339
9129
2348
3785
4671
5725
3579
6648
7265
1778
3699
9983
1081
8880
1964
5624
2429
8767
1615
6742
1905
3697
752
7453
3029
4572
1603
5709
7268
5067
6599
6959
4196
5299
7097
8867
7376
676
1867
993
8806
1919
977
6240
7151
9293
1864
9581
8060
9831
2675
6317
3529
3427
3771
2910
4352
5374
4971
7972
6793
7923
4932
7341
3222
2029
2561
6951
9057
4428
7944
4215
2699
5273
455
9851
4567
8671
9432
2627
8503
2107
5297
8384
1887
9068
7646
6239
794
2617
563
7587
540
5495
4928
115
3876
7489
7066
9285
8270
1362
3501
969
6636
308
7172
7555
8980
6604
6534
3835
5064
1831
2219
6951
7251
9865
9542
4397
8834
105
1984
5727
1953
3265
5842
5829
7106
9260
1467
1728
6974
4968
9050
9962
5276
6222
7517
4256
9179
4052
4443
4243
2235
6662
7546
5839
2879
7088
236
8066
3545
8573
3793
5498
8190
5987
7680
1648
1599
9147
3377
8573
4115
8779
8536
5743
1353
2405
6352
532
2809
795
1127
1397
3810
8673
7236
6689
2113
7472
1107
5659
2397
4900
7509
587
7239
5189
2236
8838
4336
1965
3764
4803
744
8652
547
8449
1057
6899
5334
219
4046
6461
1616
7856
1487
5204
898
9952
9028
2005
1963
1426
3258
9473
2013
6849
4662
601
5688
8999
8918
9452
154
6014
8104
701
4464
5513
3952
9798
2084
7999
2611
3700
2207
4098
8904
3105
403
7933
1463
2366
5711
1073
1839
7724
7922
2854
4678
9962
8205
3596
9414
8359
9611
3870
5413
427
5736
9365
225
7820
3716
2836
7873
2276
3287
6777
5381
3690
1062
3196
2408
6773
4269
600
850
8544
3454
1880
8506
1659
5476
4273
6370
1439
8143
1783
1866
231
7501
8443
4404
1217
1280
2277
9845
919
5406
1579
961
6469
4775
3369
9594
5397
321
6796
3941
3775
8676
2447
1786
505
6720
8157
1944
1216
6292
163
7799
3793
8606
2203
1363
6238
4480
1208
7157
9887
2787
4470
2708
7563
4192
8654
2960
4513
5451
3253
8289
4127
5700
6427
4632
8773
4584
2929
9989
877
3092
7788
4670
8050
9992
2385
4289
824
3594
7798
7063
6381
2269
6123
296
6461
4778
9608
974
229
2861
5615
708
4914
2043
5341
3687
2979
4622
28
208
4066
4168
1231
2116
512
3616
2757
1337
7210
556
4752
9944
9177
876
6592
1990
5654
6201
9316
2235
5414
1284
2943
6680
3327
4636
6719
2658
9258
6747
2867
3324
916
4098
5441
7780
7714
4550
9117
1277
1458
3870
1221
6987
1098
4165
8977
6752
366
4646
8987
2133
5930
1930
5165
5609
6567
1885
8267
2177
8632
1134
5502
5900
1584
7295
33
9299
1845
9150
576
3304
9372
8149
291
470
2314
5621
3574
9033
6619
8913
7518
2549
7196
2683
4510
115
4568
2777
2292
9553
264
7794
1805
1848
1441
1838
1147
3287
7341
8075
2943
3065
2576
9586
9888
1243
1559
9814
6628
8178
8728
4146
7079
5924
3181
1589
6039
4102
719
4683
3655
983
8830
1812
2831
271
3
331
9910
7344
4758
9205
6761
3687
5144
6649
4930
6703
6464
1558
1234
5192
2056
8313
7468
5237
6255
9859
9339
6974
4542
9346
7957
3372
1159
7140
9996
7514
3823
9906
4858
8582
9112
1619
8621
4256
4621
3551
7311
7437
1461
8545
8981
3517
3211
6449
5106
9466
2660
798
6440
7202
144
4397
6927
7655
7889
6923
5169
1713
3181
6379
6647
8645
4351
5268
2901
8972
5171
6565
6409
6632
1462
5390
6501
4673
8191
1607
4139
851
2405
6931
4405
8902
7680
7684
6557
5570
959
8079
3635
4141
4458
282
2786
8809
1902
2040
4133
7073
8605
542
3705
6419
2284
206
1093
6827
8165
1584
4030
6923
4868
4788
2177
2548
2472
8734
4470
3432
3165
8105
3925
7624
4739
6711
6433
6641
5103
567
3714
60
7461
3771
6480
6098
3977
3925
2925
8495
5509
3308
1770
377
8096
3947
9278
568
9033
3748
352
2199
8206
4277
9823
2945
989
2608
5939
2444
9527
9653
2505
3341
3425
8985
9439
3754
2910
8716
8601
4771
2024
371
1501
120
670
779
7041
9704
879
7393
1903
9085
1671
8078
8383
9012
7038
4322
1456
2918
327
313
6259
3752
5650
2050
7507
8560
7118
2460
9684
9143
2832
1185
5615
3502
8316
9008
9558
9195
6402
1461
4633
4425
5891
9368
9789
9282
3690
1245
2200
4017
7911
8459
4122
3561
6861
7981
8474
3979
441
8158
9474
3273
5695
1442
3128
4011
450
2686
9558
3204
500
4191
7629
6391
3559
7418
2025
3601
5016
4225
3971
2927
9036
8093
2840
5897
6074
1314
6229
6515
5824
5703
6141
1519
7145
9269
1882
3948
1955
1441
7152
2455
1984
4782
5199
1896
8552
7224
1849
9920
7802
5820
2847
6838
3913
2040
9088
6339
3354
1669
2855
5531
3724
8996
7050
870
4617
5285
1170
6572
6726
8322
5380
5062
9456
6931
3310
8009
4155
5160
7929
8309
980
7129
1500
1246
9169
6940
7585
8875
8609
6792
4406
2333
2140
7809
9555
6757
3094
725
9682
6172
9048
1414
1234
8504
8345
4545
2865
8852
6057
7147
7162
7037
4276
8662
4635
9797
5602
2221
8672
563
9013
3079
2896
7506
7240
8804
4263
334
9529
297
6506
4929
1711
4092
9786
56
4989
2651
8909
1046
6150
2423
4436
426
1085
9071
223
3039
1292
5248
9954
6658
4679
9202
4164
1919
8006
4779
2253
3888
5077
5111
5169
6788
9203
4955
3197
545
3959
2106
1591
109
4529
6027
6888
1966
5099
7111
1357
2743
8711
1311
9401
3390
6865
9917
1661
1224
4697
266
5112
6126
5377
281
2914
933
1589
6111
1478
5548
4569
9421
2009
5450
5449
8897
7416
6900
2361
5125
9643
7424
2788
9045
815
9654
5314
8828
878
11
9095
2342
6137
4472
2623
5404
1757
564
7867
9587
2464
2437
9009
4474
7887
4458
9723
1656
1358
8436
6781
7353
5861
5922
6398
3028
5576
1713
1856
2806
8076
951
5148
566
1776
4123
5970
3533
4688
3837
3121
7152
2626
8482
7978
6866
2940
4054
8522
650
2490
1655
8003
4703
7577
754
7731
9505
8819
5940
8663
3247
6891
3811
3813
5019
4287
6135
4905
8975
9973
4378
2479
8951
2860
6810
5817
2152
864
691
2802
9706
8699
7157
4410
2628
4263
2141
2134
9434
4433
7149
2682
1325
7313
2847
2696
1600
8983
7601
6927
5308
1979
9406
4259
4839
6216
6429
6991
3432
7120
6145
3139
5819
9655
7549
4800
270
6042
3286
9705
476
435
8739
8153
7748
1586
849
9348
6921
8451
6275
2229
430
2034
2841
1622
4602
9270
8613
8035
2742
1111
1174
4914
766
5075
9714
1036
1117
3000
7093
1593
3435
5832
6098
7536
3771
6948
6884
692
5399
9512
2922
2181
1546
5763
3803
2500
5033
8769
535
4127
9880
8061
9041
646
3136
8755
8034
4254
8107
5128
2199
7895
960
8298
5431
4731
5246
8667
5424
6997
8179
8346
5530
6077
461
9334
8578
1846
8103
5465
5973
7983
3527
5015
4981
6663
122
3015
7269
8230
8143
5821
6125
5456
4119
7908
187
5717
6575
1963
9066
1107
6661
4596
3536
7122
282
8466
5320
8385
3932
1294
2720
3811
2661
4053
6826
9135
3421
4096
7365
1564
9917
9842
3372
388
4102
9912
6105
678
1875
1523
1785
4889
6119
1673
8363
6402
140
3684
1139
424
1330
212
4235
3991
4265
1061
9478
7686
5157
3196
5603
1426
9390
8975
1814
3493
8887
4271
4171
7115
5794
2308
2004
8266
3981
367
4668
473
403
2159
897
1733
2371
5132
2076
2989
2546
1555
675
4055
4751
2630
5482
4141
7958
3648
7634
3197
4272
8157
312
66
6817
8668
4684
7151
9036
5704
7624
5791
7864
8522
7525
6587
6
9601
9576
8904
7508
6604
2960
8611
9234
4794
2753
3544
8442
6739
6742
2714
1249
7054
9133
8066
2075
169
5217
7463
5874
9194
3254
3738
7716
779
325
4074
6733
6254
2979
4241
2858
5939
2853
8444
7085
1958
1989
5527
5049
5083
4594
2650
8489
79
717
564
248
2286
8027
2474
1480
1282
6212
5548
8413
2890
9623
5146
9144
8954
5740
8354
1245
8593
3150
8330
6903
5139
209
8304
6574
1155
955
5064
7586
1672
5628
4187
310
8
6661
1791
1290
2874
7339
6055
2116
3314
1202
7612
8620
3294
5966
9865
1887
9116
8195
5142
608
4757
3446
7182
5912
4401
2246
9851
2425
4227
4038
2736
4235
699
879
1877
9925
4570
7932
2041
4237
5486
9653
2857
8780
1971
2723
7019
1088
7270
8513
8048
8379
8312
5230
644
9065
3829
495
1491
8056
4533
579
8643
5232
7810
6872
5158
8732
1156
3551
2969
2995
3205
5827
8127
1528
4902
1499
2616
8524
12
664
6904
8324
2247
3900
7390
6076
4395
5233
484
8928
2164
5479
512
6326
8703
2022
5058
9859
5574
8028
2854
5131
207
7334
6659
1461
8833
5628
9985
8845
2644
3241
3522
4891
7141
7264
7319
7888
2497
4155
6816
1013
9634
3681
7339
8337
5703
2397
4549
7629
6777
3755
9112
6984
1089
2124
8445
9922
4104
4783
5120
6748
4376
8642
1640
7870
5906
5311
5758
4755
9467
8927
2120
9101
2608
9459
3791
4663
8208
8340
8645
4986
8447
4109
8322
9537
6233
3120
5811
337
7903
931
3438
8631
5925
5078
6501
8183
6741
2260
2938
6208
1187
5058
1662
147
869
5453
1162
9078
145
9807
416
4944
269
5090
4481
6502
8210
6645
3192
2465
7576
6630
1097
9854
8060
7598
8037
4801
6210
7328
7362
3749
8738
9024
3896
9608
829
1411
5038
7326
7570
1806
2270
7839
6896
3104
694
5107
9749
3886
3924
3677
6868
5021
9883
1280
8972
7921
2433
5182
5249
9795
5284
339
5171
9180
9947
6000
6943
1337
3326
4514
3143
1949
2353
6392
5053
3047
7851
1154
3285
1775
1183
6505
3149
1067
7785
2121
5340
6571
3655
589
6366
8939
7280
1538
4472
7228
3890
1415
4917
3569
5929
4413
5518
4635
805
6923
4034
8656
4429
7320
6783
5612
177
9932
6679
4315
2053
2019
886
2061
8960
3604
7352
6241
5142
1824
9821
5385
9592
1090
8954
1873
5503
824
6508
6308
7747
543
1316
2176
4215
8100
4140
4392
4384
820
8707
2790
9191
9593
4851
4504
9550
2203
7097
4692
380
3270
6429
9972
4360
5383
8197
9864
6207
4706
2524
306
1601
193
8834
5816
4645
2975
6560
9029
147
5268
1819
5690
1213
3022
194
763
5226
3643
1808
1958
6913
4589
8282
1274
9973
6479
7490
2532
7537
6366
2839
9138
6559
1673
1306
7556
1000
7867
6586
1147
9487
4757
6838
7052
7780
3384
4168
9358
7028
2328
1316
3941
6917
9598
1567
3242
2429
5409
5775
9967
1776
4966
5457
4687
2991
6764
2244
3992
983
8830
1491
6822
3587
8329
226
1367
8066
4394
725
5094
3074
8393
5387
9992
4343
3307
3234
6773
8716
5361
6740
492
327
8549
5180
9671
5313
3776
3663
2648
2606
5154
5822
2545
9836
6049
265
7902
6795
7342
9348
9870
5736
1087
6214
79
4394
9448
3204
9463
1162
6296
6307
7841
4846
1487
7512
6511
5263
7527
9160
4221
9034
4982
3119
8870
1031
3384
3124
4179
726
8824
4049
2814
6263
263
9246
658
6063
2450
6473
7225
8747
2780
1419
9945
620
8931
6456
2235
6459
5616
6457
5493
6951
5928
715
4334
9312
191
8513
6390
9015
2562
5557
5278
9177
4803
2288
5241
3605
8761
8818
8704
1542
237
8649
8514
5521
5106
749
1980
7074
7206
3825
4025
3134
4540
8360
8798
1083
3225
1541
98
5788
7098
1728
1317
8253
369
6558
1858
9130
1729
6915
7024
8318
5564
5538
3839
7022
2640
2171
4097
6198
5996
8122
9333
6888
2834
4483
7971
6060
6024
4421
8200
3122
6150
9517
7727
2871
2428
9586
8353
4157
6501
5378
8827
8417
7268
2667
5440
6260
4838
5889
2459
7187
4011
8144
427
3198
2627
8399
5610
5004
9172
3810
4478
5322
9679
2206
8193
2107
1792
6547
2616
4645
8277
1444
9414
1897
463
1206
8158
5301
7095
6969
8840
7459
5113
9268
657
7740
4019
2619
2744
3191
6429
7223
4866
2460
9429
3059
4568
7573
5958
3536
8570
587
1332
4336
8837
1795
5543
3347
3449
8990
316
2289
6449
5429
7909
3458
9521
1928
6077
2266
5120
8858
5841
9986
1319
1622
9397
2239
5547
1708
5775
4117
8647
7108
8453
3836
8903
348
7183
8704
9339
3851
994
2140
5632
8903
5599
5154
832
8028
3772
2304
6887
5965
2290
4558
7587
8039
6797
3134
9747
8924
3603
8395
2384
2056
2231
7640
8757
5767
6344
8096
5970
7338
236
1603
2594
2187
6757
9778
216
6881
2082
3455
2846
724
8013
433
8763
1162
9919
8511
6438
3522
3258
8823
1930
1841
6463
687
7608
2807
5135
3579
6498
1724
5182
5444
3911
8291
5222
479
1524
7304
3934
4370
8028
8299
1155
6791
5813
1074
1654
2252
4596
4912
7427
6526
6754
3890
3566
714
3049
8701
4293
5899
6777
5827
1343
7041
470
6565
7520
1994
221
7807
6364
8249
2458
7519
1393
8272
8593
3047
6876
9541
4312
4303
2420
1066
4545
5986
8132
3946
1039
2426
9846
7817
4605
1189
1210
5076
4107
8730
7070
4328
2889
9787
8930
1700
3658
6675
6324
8604
9722
3200
8145
386
3855
565
7804
8400
2903
5937
2346
295
8363
8544
8112
9320
6086
5674
4396
193
756
7819
873
3646
3958
6155
1698
7616
2830
8022
6220
8905
7574
718
9291
1429
1283
7096
6181
539
3033
4879
834
7748
3424
5298
7068
9510
972
7817
9703
1728
1988
6928
1726
5946
3084
3424
3562
5914
7798
6135
1171
5372
6853
463
6801
8136
3911
9334
5027
3296
4214
5861
7396
7638
7511
816
7148
8483
8633
3203
6564
6973
131
8290
2919
9567
8067
6482
1834
5865
8969
3005
7590
5822
9820
743
310
3731
78
5338
3379
4292
7551
775
1930
5063
1592
5430
3546
6577
8633
6462
3551
5116
1105
2822
4684
5524
5656
6518
1389
4625
5875
8979
447
5696
6075
758
5779
6153
6096
9159
445
9999
6286
8727
5062
4230
509
4961
7160
9142
1423
7063
610
8880
9885
1646
4404
5542
8164
5794
6519
4040
1125
6967
6088
7200
4077
1867
9705
6525
7378
6502
6524
17
5229
1587
4247
5738
6548
1407
1232
4323
8470
8195
3204
4708
9841
7608
250
4358
9754
6769
8398
7232
88
838
784
4165
9057
490
690
6436
6992
7215
6453
8574
5154
7052
664
8054
8460
8249
8729
3282
6444
1933
7990
6285
5894
4592
643
2000
7714
5393
9232
4154
2583
17
8320
1641
6859
