5362
4429
3851
8929
882
8777
4083
4286
9442
8489
9098
7691
7219
2381
487
5504
6723
6772
1398
1316
3768
9751
5382
5513
8983
9536
8097
5352
4208
9738
8563
9571
4167
8767
8500
1401
7544
8936
5687
3338
7425
4786
1029
4644
3519
7868
6501
242
4641
4251
7910
4761
4002
9644
274
9338
9181
8371
4690
3389
4461
9606
9312
8628
8373
7813
6381
5917
3101
2069
9256
526
3207
6637
1523
3078
4506
8024
9672
5499
8627
7583
260
2630
3579
6886
1968
2760
1610
3010
2502
6071
2616
1814
1052
989
5979
7433
3259
9080
5854
8867
5959
5413
5504
7482
8491
6362
1858
8164
1861
485
2099
8473
9467
5678
1712
7787
4791
3322
798
3645
5745
9766
5459
6797
7108
1439
583
367
6871
2789
9234
2830
4555
1090
312
9398
7453
8522
3914
5666
5360
2365
4140
4827
4396
5852
2615
9187
5526
9765
2832
7623
9531
4643
4421
6639
6082
1356
3358
9306
497
2592
2136
5052
35
8801
803
7488
3675
4717
3154
9035
7083
3646
215
1479
5850
2830
7018
1376
8947
9850
9000
8478
845
9773
1470
3280
7481
4828
2586
4330
3773
4722
5735
3808
9875
6538
1296
3551
1255
802
2586
4690
4449
2801
2521
299
1983
9539
8028
930
5741
3380
5761
6587
9505
3583
9867
6986
8411
8805
1316
8536
3527
3403
2344
9755
9941
9992
3306
7549
7147
2244
2239
7948
5046
1113
8247
3381
652
2627
4312
6394
6007
6425
9333
1864
8
5552
8850
4771
4357
6519
3308
4236
9922
2004
3991
6216
8349
7297
117
5496
9542
2356
9796
940
9821
8043
4321
474
7023
4985
3220
9382
7762
8905
1247
7770
4457
6449
2542
8814
2968
2202
9402
9243
4206
3394
1811
8907
7043
1928
755
2937
636
551
229
458
4947
4551
932
1970
5888
504
7704
3651
9409
8951
7773
3866
5401
315
9032
4721
8869
8434
316
9428
8180
8479
8335
1576
407
9091
4513
1044
9642
4743
7854
941
5646
5138
2911
7886
5642
6968
1537
1403
5919
5663
1621
7672
5978
7005
8746
1200
5439
5414
628
9972
3894
8963
1548
4301
4406
2413
1697
4049
7156
9551
1342
9154
1041
4254
7041
6683
1222
4930
4438
3493
593
6059
7518
2924
3064
6264
4124
4856
1678
4752
4828
5572
67
2728
6226
4474
5141
7923
4875
8650
3827
6217
7804
4868
6823
4845
7904
8045
9776
2342
7891
6721
4754
5409
9645
7818
8025
3769
9026
9703
4873
206
1628
4941
2934
7854
9415
4428
2129
4290
3078
5956
507
882
7177
7331
2080
5081
1728
8208
3775
5971
4929
8529
1380
927
2700
9405
4696
1726
5461
9570
1933
7089
863
1219
1295
278
5647
3424
4568
8725
5733
1427
5960
9262
5110
4392
695
6839
2600
4470
9162
3881
9352
543
4808
2052
6300
5857
130
8113
1779
2063
1554
2642
9635
2849
9272
5282
2626
192
4008
8359
1619
6320
3973
6730
712
4668
9921
9664
9138
9083
9897
4842
5978
1058
3246
8631
3267
3377
6744
5046
1792
8299
4040
1427
7500
3312
6710
126
3504
7070
4837
1475
3390
8810
4557
454
9830
4478
6470
5321
9914
6367
163
5892
3777
3410
875
7044
6787
3972
2090
4931
8623
2482
6359
6123
2146
9421
2602
2002
6491
3791
3478
6233
8954
8035
3039
8784
8866
9509
4105
8780
2228
621
1024
6006
4031
8252
3050
7170
2224
1493
2101
847
3975
8460
3322
2474
4233
5924
4476
724
6068
7954
3309
5022
2342
6348
158
1208
2209
4264
6340
4438
4885
3716
444
5268
1968
9846
2438
4192
1339
891
1391
1667
5704
4714
4141
9937
6990
8617
7014
3058
2924
323
4432
5266
3024
4591
2826
5233
5207
9166
6023
6444
9234
6467
1712
1203
6314
502
1747
4005
1393
3139
5672
7097
4205
6165
7035
1195
1135
4049
606
4059
4372
5038
5677
3748
5981
8503
8982
1188
4021
5005
7632
3255
7825
5696
4458
491
6198
2558
848
7592
5697
2873
4689
6254
9038
1724
3801
173
2125
4407
584
2850
5798
6261
6598
1779
1116
1932
9320
5137
3290
6952
8393
7467
9001
9203
7958
5199
1761
8806
2791
3810
8031
3833
64
7070
1909
3866
3595
4035
4625
532
3237
6775
3145
9835
8555
4262
8120
7875
5751
1410
1179
4144
8877
180
9700
3187
1732
7813
8345
4523
1624
6377
4708
8040
9799
6618
8258
9746
653
9236
278
3890
6011
3424
77
4566
4038
8197
8793
9789
5959
6325
286
4836
2857
9986
4375
4589
7799
2721
5465
5775
9098
173
3816
5249
6791
2074
4995
3796
1310
5274
4038
7322
5050
468
8240
9088
5017
3386
8877
977
6063
9163
2165
5272
5501
6541
6214
3301
5614
1679
9076
1064
8204
9244
6313
1348
1319
1308
1496
8981
2934
1887
2655
7984
2355
7248
3424
7372
6986
8654
4701
3049
7817
6867
4673
9671
9760
887
9324
5374
8918
8400
6438
7123
3997
2751
4823
1668
411
6319
649
3346
4558
9657
7682
6913
3257
1107
638
243
9761
1691
9644
3930
4910
4317
9953
4670
5205
9277
6396
4123
7678
9186
7598
8027
8289
8773
9695
8701
5093
344
8399
6003
6353
2433
2917
9610
3540
9907
6205
9653
7950
5849
9936
2861
167
9889
3883
1724
9167
280
2199
3197
5818
6150
1224
4108
4923
919
9161
6368
7615
7560
2372
321
9993
1641
9931
9886
1548
6137
5891
5850
8338
2179
8711
4857
8421
2595
2933
7588
9227
5133
7137
5045
7635
4713
9153
2558
1984
8314
8927
5951
2226
7651
6272
8572
9292
2556
4810
7192
5045
701
3042
3383
9233
1754
4593
7654
701
7526
5242
9928
9011
8731
4973
6646
9796
479
5557
8132
8793
4484
4083
7372
8487
6708
5944
7779
5616
754
1323
661
7807
4365
396
7040
2471
4989
4694
3172
8868
6288
9452
7879
5019
778
4526
1167
1257
83
9299
6402
919
9735
3774
9406
6443
9718
3537
2059
472
4860
9072
8280
5577
9468
5320
4401
810
6367
7573
9678
2655
3378
7557
7675
4156
8435
5194
5413
4870
4494
1815
5789
4229
5590
1547
7024
1660
1436
9083
8485
2648
8155
3117
8226
3975
4789
2627
4785
1156
6552
815
3812
9930
8373
7839
438
3160
3033
5851
8031
3879
4019
172
8108
5961
8072
1484
7621
5860
567
2458
8509
5074
5575
3087
5402
365
5714
187
7873
8618
7355
1685
4901
2080
5876
5339
5240
8910
7543
9623
9141
7914
6148
7250
3875
4220
8734
7848
6432
5654
307
4941
7080
2234
8028
2482
2599
94
9022
6825
5065
6377
8510
9966
8457
739
1657
49
6001
5552
9673
5142
3466
2173
2392
7341
6393
7479
5190
9177
9485
1849
4119
2917
4083
8499
5400
3035
8594
774
9860
3659
7151
4722
9977
1960
5461
7986
2009
1462
3539
8034
6605
7005
207
5349
699
2952
9180
5889
2130
5017
4090
2601
7935
8173
1100
3335
1208
6046
4109
7420
9705
7612
2143
6034
5924
3956
4021
4285
5419
3912
8672
8376
917
5231
77
1616
8184
9258
3857
6666
4275
7947
5619
2210
6121
6719
1897
3681
2766
2358
1102
8823
6322
3245
1210
2246
3553
1583
2884
8972
5495
1556
3700
6412
6787
3778
4381
1323
3036
8238
4341
3663
2538
9960
2226
8659
3032
475
8692
5798
9186
9794
973
5508
9391
2183
4107
2945
3766
6991
8269
5613
8547
1970
2026
5334
2100
6407
3010
1488
997
7351
5151
3535
7312
3729
8546
344
4205
7239
2494
3391
3385
3467
5251
2777
2003
9358
2074
2121
2701
343
7735
1248
8665
6113
2935
765
8872
5945
2253
6221
3296
3757
9757
608
7486
4655
7304
8043
1894
9798
7786
5280
9618
3038
4409
7973
2396
6483
6446
5098
3178
533
2698
1844
6646
1985
8961
1870
7930
1215
8092
7579
4972
7849
4539
8810
2504
1844
3206
751
7994
992
2383
7612
4030
6792
1937
2779
9627
8384
4229
2805
8917
6927
1001
1916
8913
9963
3786
3195
7530
1878
774
8854
6079
5314
7664
4936
3510
870
2039
1504
8215
4422
5469
2245
7566
7406
5024
7193
5790
9253
6350
1060
2533
3704
2976
1446
3667
3114
993
1197
1345
1768
6403
3776
3434
419
8712
6944
7642
7103
4800
5857
1525
269
8102
9091
7676
9479
2636
9818
8732
5339
878
1265
9043
3854
9063
9062
3321
57
6611
4666
8177
3014
8442
1611
3433
3507
4907
1075
610
9707
6932
8488
9977
5035
3931
7653
866
6568
7471
9598
8259
4702
7216
7302
4908
2631
6364
8229
9040
2975
2895
7217
5989
7690
5180
5774
1197
87
6850
8159
9795
134
6647
9772
1521
6931
3777
2387
3499
7600
8338
8110
2302
5554
5412
7211
4537
8128
1792
3578
7455
4688
7147
9796
8730
2328
5570
6279
8767
8772
4438
8562
8907
7438
4686
428
4369
4815
2816
4220
2416
7506
8682
1070
9412
446
4633
3949
8574
6426
3879
2381
7466
7379
8529
6196
6059
4099
8827
4826
9224
9617
9741
4483
7055
779
4911
7776
5595
4079
8348
4363
1585
7030
1785
997
7476
6419
1299
2402
2845
5178
4783
6663
8909
3312
9211
4968
3764
8038
9795
9340
7655
5888
3823
1063
6667
5086
5191
2262
9166
3540
2977
7103
6922
4763
4453
751
1182
5752
3153
379
7282
4289
3394
2544
3953
2605
7512
4069
643
3659
3409
4650
9547
3584
2065
6215
8671
7257
8477
4189
7149
7807
7644
423
2570
2097
1174
104
4201
680
483
7836
4969
3877
380
5274
2834
4244
5696
9829
7904
5457
4479
7451
9042
6545
3666
4065
154
8496
8254
7303
6303
5898
7726
8873
4348
8901
5329
4901
5933
5812
9089
902
6041
9469
2528
8875
66
8224
5056
7970
3682
9535
5421
9076
2432
5440
3141
2586
288
7747
9889
6591
3645
3968
1816
4345
9221
7145
9247
5154
9309
8336
2408
1702
4158
1288
6929
4224
9513
1985
8546
9547
1520
3967
8623
305
5759
8116
2891
6047
5863
9133
8990
5860
9453
7158
206
8674
655
5805
180
9964
493
8940
8018
4651
228
4947
5227
9741
6932
3773
5640
4805
4093
615
5110
6204
8731
4353
2252
4594
3486
7594
455
9291
4753
7013
7965
1760
2818
4497
1725
3311
3437
6095
4315
3666
1043
5894
9759
4327
9668
5400
5484
113
6015
6946
6317
4747
1300
4921
5693
1138
8868
2500
430
9973
9513
4747
1733
8683
9245
9810
8347
2682
5906
2662
2700
3301
4908
2460
7628
928
7860
9465
1041
3875
6411
3711
4974
4063
4984
7020
1554
3852
9520
8336
3825
9034
3083
5559
7717
8680
5369
6064
7715
7627
5078
415
928
9987
2875
8557
915
7087
8022
8309
7315
785
2020
8641
1201
3356
5661
2755
7209
5182
1091
7386
568
526
9297
8285
9207
1019
702
6922
8646
2132
3689
9575
2119
2917
4484
9387
4
8858
7696
7319
9643
6068
2313
844
9424
7974
9951
2985
3156
1042
6724
3724
1569
6021
8362
776
7040
5416
4050
5687
7548
7739
5262
6020
656
6098
1759
7013
4956
9455
684
4599
1875
2997
1796
7651
972
1747
637
480
9142
7361
557
711
3382
5271
7839
6775
687
8241
2462
4587
5980
4076
607
2989
174
8718
2
5130
8173
7038
6081
6400
36
4229
4052
7360
5977
4689
7840
5119
8402
8397
2182
8136
3668
6373
4911
707
4614
3725
5295
6946
4153
2254
6287
679
973
2641
2161
5498
9680
8243
1899
9716
2472
2303
7076
4801
6992
1268
6272
1746
6018
4806
6234
9686
1179
7498
6746
2145
1223
8393
9092
1729
647
5379
2408
7972
8021
922
3471
4053
5517
1722
3769
4341
4025
7197
9143
7369
8465
1767
5467
835
6574
1701
6874
7753
9199
3620
9899
6775
2013
5343
8504
9012
7074
7264
6985
1447
4538
6808
5500
55
8530
5621
4397
8907
2818
9892
2628
7636
1659
8095
8471
8233
9796
1697
2339
5348
5317
8590
2123
7330
285
6979
2695
7359
595
9680
8807
5134
6488
4307
5189
1370
9929
9586
6629
9099
9478
9257
3087
7490
7352
7911
2075
3500
9608
766
8848
4926
9356
971
8608
5993
7950
1303
3353
4898
7335
2160
32
175
2819
5221
7897
9100
1160
4526
4552
6990
3783
7639
4480
7487
1902
2908
988
1511
3674
9836
2789
9383
7160
7749
5376
1462
5405
8729
6360
9092
7241
6392
9268
61
7966
7165
5513
9126
8044
65
2468
8179
4057
6949
5667
5959
6209
3007
3822
9883
9195
2963
9266
6355
713
995
4170
2470
9724
530
1562
3318
3275
7182
9731
1241
4348
5244
6719
2392
1662
9187
6923
5719
2488
8942
1678
8697
1949
5501
8581
1145
4816
4199
3852
1881
5194
8022
4351
1271
4905
2266
941
4532
9448
672
5773
148
5916
8844
8892
7578
8031
5816
9649
520
4758
1328
9217
6708
3181
4150
4205
7997
4702
4409
6231
6248
8784
582
7519
41
9200
8460
4573
8649
5484
346
5149
7753
9190
4042
5331
3573
9858
1333
4093
968
2661
9663
4028
2194
165
8233
6543
1219
8995
2774
7468
7779
9709
4987
7820
8909
9800
2393
3910
5284
9091
9060
3037
4633
3102
4721
8206
9312
6054
8652
280
5067
4667
4309
3613
4832
8894
156
6052
7889
9283
9872
5668
8992
4859
9840
4253
1011
2233
4516
2648
7676
3576
5685
2309
3030
6758
516
8694
9164
9168
5326
4231
187
9635
7844
5019
4882
4353
7423
2771
3636
7295
4792
2628
8507
4632
3233
5870
3218
7749
8518
894
7677
556
3204
7059
7314
72
5753
6479
5592
1080
7062
5779
7067
4907
7150
1949
9260
926
1073
2896
4573
5865
1876
9432
6849
1461
5303
67
9211
3821
7314
3240
4377
6870
300
8044
3294
2405
4523
8886
9837
1585
1017
6905
2844
4519
5206
2104
5445
6279
1352
19
2144
9580
5803
5346
1042
1106
1765
6605
4928
9079
9845
5657
2301
6497
3701
5595
8903
4576
833
8740
6162
8202
1997
5358
2722
7204
7463
8167
3483
5167
4538
1980
1100
342
7326
2142
1448
9091
8747
2728
4523
4944
4738
6824
1442
4791
8772
6697
9368
5957
1789
1882
4160
3787
7240
6882
7343
1055
5049
826
6223
5940
9158
7323
2634
6484
5817
434
1928
916
3163
6451
2212
4253
3275
6
9044
8399
6703
8412
4357
4845
294
8517
4984
3887
5399
2327
4942
6800
9505
7517
9092
8664
1192
1726
1500
7009
2161
3428
4277
1676
9879
6490
5929
9507
6496
4973
4258
9552
9738
8615
749
6384
3484
5733
271
8883
4412
5214
2036
3917
2731
1128
8933
3924
2855
6786
7285
1368
214
1563
3044
6446
8053
8973
2305
901
298
6563
6805
36
1531
7554
2773
5015
3287
3044
251
7699
8258
2287
7969
7342
9767
3254
1266
8974
40
8551
342
6607
114
9738
3053
4519
8711
1710
1773
5362
4625
8578
1750
6156
6133
4523
1172
5772
7568
1423
9824
2178
62
7793
9520
9829
7399
7138
5156
7440
5690
5498
4047
2156
1589
3452
3028
6652
1514
4801
2014
6139
3379
117
2296
5864
4640
9820
1637
8560
1243
1461
7091
7657
5606
6611
7486
3005
102
8994
6797
5792
845
7196
4300
2434
7000
7328
9086
8514
8481
1101
4654
1861
1218
3302
4077
2210
3122
5714
7123
4365
3527
4214
2022
5485
7177
5860
4843
7279
1207
1640
9423
2052
8837
76
4486
5837
3756
3572
704
2238
1025
5358
451
8595
8660
4528
7158
8134
6595
4281
8851
122
4847
7225
5608
2024
3085
6803
9304
4292
8443
5079
2696
3632
5155
7182
5822
8912
7107
6526
1150
4484
8236
7953
9432
3248
2481
6590
1382
9076
871
233
5551
5718
7458
1159
4094
6895
4314
9750
7540
2757
4830
236
2742
6337
3771
8564
5249
7230
1442
2751
1714
6030
704
1146
9278
3186
4088
7012
8614
1311
7245
4165
3381
1055
1676
7476
7950
5990
7226
1842
5100
8408
2079
7842
4746
2202
2758
9995
9432
552
9099
7498
6582
6155
4997
5860
9341
9085
2872
4308
397
6469
8473
3778
7524
6502
1254
1826
2492
4833
3669
3944
3241
2100
1786
7987
4302
896
4335
86
1448
9786
7584
4382
5941
2581
242
1635
1667
9466
5943
8416
2287
768
2194
6163
7270
9801
7990
6115
4634
1659
6411
4227
111
8198
8567
4413
5446
9254
851
3247
9040
8435
7629
1333
7369
4224
2968
5388
3690
5263
3804
2330
2384
2350
8493
6006
8503
6483
8473
9489
4494
4885
3717
4605
9435
8636
5370
4881
7890
2573
8128
3282
7361
2110
4615
4730
6334
3936
6470
6376
5551
6626
8706
7935
8976
3552
294
7480
35
8767
6969
882
3652
7038
1839
3087
5674
3562
4321
9916
6135
8801
3198
3496
911
4166
4578
3597
4454
7400
9974
5
4026
5032
4293
9355
8584
4587
6835
8620
3354
156
5854
3359
3547
7693
6446
9221
7607
7119
9138
3743
5921
8688
3591
3184
9206
4522
6782
3660
1922
6756
18
5949
1788
663
5304
6725
5250
8491
5345
4956
4999
7551
8315
8546
1596
1114
4120
9204
8233
9610
9299
506
8298
9242
3691
3857
3764
473
7517
2039
3581
3887
4340
1721
4550
5996
8446
6152
839
143
7461
2190
7694
5776
737
9291
3242
1209
4847
7828
819
498
8334
5469
9740
8377
5678
9857
8850
9548
1896
8783
3435
2588
505
4338
8584
8951
490
5775
5447
7951
7965
3141
80
5054
8784
3322
6263
9983
7502
3434
481
5837
5256
6574
4214
934
6431
9417
482
4679
8200
270
7267
5057
4608
2203
361
5098
7978
5808
9402
5943
5301
5834
998
438
5508
3613
421
3011
7048
7255
8848
2304
3829
9414
9590
260
8831
6425
4939
3384
6695
8558
8441
1303
761
8802
2753
5091
4610
8507
1034
6264
4341
8384
6702
9850
1998
7123
2861
5398
4378
1709
4054
8207
7475
3644
4819
6307
69
6110
6043
3116
4668
4484
4419
1781
9639
3525
6872
4249
2032
4259
6865
6374
8995
3567
6224
7345
691
9085
2743
1421
7146
6797
5981
973
6794
800
7280
3215
6911
3323
6332
7931
4160
7103
9713
3799
628
2937
4400
2661
3548
1266
5387
8896
4833
1611
6241
1876
7048
8985
9650
546
2134
5631
1519
5280
2783
5152
4848
9694
4827
7532
3978
5339
987
43
9138
1616
2980
9891
629
2881
7509
6016
1777
8694
3979
8018
571
7379
3355
221
7925
1842
2204
5796
3474
4987
7300
8322
1034
8480
5854
5012
3819
6842
5055
9310
4810
4387
9201
1791
7268
6710
7807
5397
5404
8138
3416
2327
5517
3123
8900
9794
4965
1104
1942
8440
6092
9243
3114
3478
7723
5321
8490
1542
8515
3545
852
3325
7932
6405
1468
1553
9467
9275
6950
4872
3765
6718
3551
9282
6194
2452
5428
7511
9908
7370
2303
2352
2965
5418
5830
688
7091
4320
8583
5606
4217
5787
5283
8502
8545
6751
6407
8012
2378
3357
9236
6143
6428
2788
1777
2622
1592
7205
6485
7852
927
8789
205
3893
559
6035
933
7650
6708
5868
3256
7277
1656
8539
5779
6553
1642
2186
4565
4020
1896
154
6515
8324
9294
8292
7298
886
1849
135
8738
9128
8924
5295
3021
9483
7683
307
7133
4391
6175
389
1668
4183
5280
3800
736
3274
5986
5302
7294
4234
5456
161
8910
1102
4805
2560
1988
3006
2696
7078
2135
1620
2374
1508
1104
57
1815
4589
800
7991
1331
8820
8526
2963
2620
9263
6238
4959
917
9884
5545
2725
46
4456
3827
4851
7016
2167
4210
9712
9245
6345
1333
7971
4205
8789
4380
6021
9730
1532
364
1061
353
8890
4025
9325
4505
6615
636
5422
6499
6182
8147
2897
638
8326
4101
7654
493
8311
3719
9739
4656
5052
4062
8861
193
8443
1234
9923
9975
7950
7337
6680
6841
7714
2358
7698
4329
2994
3121
7180
5528
7620
78
6166
5947
4179
173
2792
2490
3892
2531
3498
5296
2946
8711
1841
7741
9946
8116
4068
7896
1805
749
1089
9519
3107
8788
200
2453
8261
7381
7982
5881
7459
500
8180
1638
7025
973
480
917
9856
3978
2565
2802
2689
4406
543
8987
8875
4612
3236
680
1713
4325
200
1172
9465
6752
3625
7726
4133
7959
9960
7944
4812
8140
5934
1837
5465
6414
2755
5322
392
1672
4476
9434
2431
1372
4773
1306
2336
8009
1986
401
8687
8538
1573
8152
1643
1550
2231
5776
5862
2191
3721
674
6683
9655
2511
8501
2422
1618
175
9166
3291
4651
4952
5722
2375
9726
3380
1063
7735
1718
1464
6422
6609
9389
927
8252
940
3158
380
6802
1701
453
3828
4736
6461
6339
3237
8883
7958
3412
8049
7601
4416
3002
9675
3143
9080
3055
4207
6815
1125
5671
9590
7734
1413
517
5986
2353
27
2719
5507
1728
3172
9335
6464
9633
2026
9702
8516
6336
9466
2918
3937
3882
2272
9964
3378
1352
3019
7585
4519
497
9608
4109
8231
1021
978
570
9726
1005
3289
1585
9085
6461
920
1902
6095
9299
7956
963
5635
7422
3881
5925
7657
6153
5889
1035
7505
5261
4972
8377
5758
932
2486
3989
1954
9817
911
8032
7174
552
9618
6260
7014
538
8162
9461
9837
2470
424
1825
9892
4306
7750
3901
6811
3639
1288
669
8900
6260
9046
4658
7193
7884
5000
5499
7701
2263
3531
4876
2816
3149
7488
9830
40
2002
5643
6229
4472
6067
8054
4364
6725
2156
4618
9889
5796
5906
558
1048
2167
9604
5707
5712
7488
7059
1211
1542
9322
1094
6418
2138
4244
258
8320
636
2260
3963
3217
6732
6383
7624
7448
9460
9780
2066
9349
5576
7973
9907
2977
6492
5863
5036
8556
9704
2095
9767
7598
7769
7213
368
9908
7809
626
4580
8445
2886
4896
1663
9618
7631
9287
3418
7091
5419
5485
6441
7348
9810
2700
325
2654
4916
5361
1210
972
7456
7329
8570
1577
4542
8938
7837
2352
9564
2418
7149
8802
7314
5164
4772
4945
803
8190
8388
6223
27
1181
3571
9837
3882
3896
8843
5150
9257
53
6122
3065
7382
4692
4642
1925
9982
2480
629
9546
1250
7778
8348
4916
2943
3120
6213
98
7662
4601
6321
7690
5783
9892
3879
6017
140
2723
1167
5749
2776
7289
8814
6511
8333
9809
4788
8315
8641
5417
4213
9891
9547
8913
4807
8842
8385
1020
8941
6047
1973
5262
89
7756
1507
3969
3773
1647
6692
1292
7397
5820
4933
2563
2331
9618
2372
7119
4285
7365
8888
8498
7256
4788
3763
2063
3630
2148
9435
8923
4548
1409
538
4637
5517
2045
4958
5643
44
8002
6935
3793
3823
8221
2709
2506
7839
1433
9626
2125
8799
4866
6975
6055
9654
739
4471
3285
9239
3906
2208
139
1667
9098
1129
7185
1143
6087
9180
7540
442
6115
1333
4265
4336
394
6771
8528
1828
2749
653
627
7616
3980
3034
7270
1071
7505
6907
311
7764
5468
6802
9431
4566
7931
2968
2062
371
2148
9602
813
4616
7287
1430
5304
7682
8201
3832
9510
951
837
6489
4919
4818
9523
8541
5889
7029
5449
2552
4793
7269
9355
576
1835
3638
3545
3897
4009
2045
9851
1174
6661
7139
2604
1966
4821
7158
5798
683
4461
6636
7172
9380
7806
6695
7921
3695
76
9722
6248
4869
6991
1955
5446
8827
5593
5343
9076
5955
7388
8928
7129
402
2419
6086
2368
3592
3244
4518
4275
7705
7506
7799
7085
5312
4494
1358
5360
4571
1081
7960
5792
8072
9915
7590
3251
1860
9285
8680
7815
3026
3960
1297
3428
6379
7383
2148
6323
627
3018
6950
8332
525
4749
1769
2189
5595
3127
7549
6518
4208
1861
2311
8633
8128
6253
8236
9989
5539
3268
4156
4917
7228
5453
8345
9959
2836
6845
6282
9815
9863
9584
8147
388
4333
6268
2578
9929
9396
6479
2799
9956
8341
1462
4941
6469
7716
3178
2810
9607
6446
6967
4524
27
2420
2869
6338
1609
6066
8973
1424
5929
8557
5924
6318
2891
2192
5248
9172
7940
8079
8323
7897
2772
9786
2838
9242
7502
2368
8404
3461
8815
5371
7985
5194
4144
7206
1532
5753
3272
505
3529
9201
9063
5805
1871
8306
7998
3471
3830
5938
1551
2153
187
4323
1939
3026
9917
5793
5394
8322
9254
561
45
3591
2107
4189
797
3640
6294
4069
497
6176
9623
9560
1981
7846
4218
6331
1318
8048
8622
9221
202
8809
3544
8493
8187
9814
4287
9934
8136
9893
6847
8181
3485
8955
8723
4282
2595
5017
4704
9444
1193
679
9005
9527
8525
9575
5858
6195
7624
4480
5416
4178
9642
8961
2671
4181
5127
3310
4115
3263
9556
963
7796
3041
9918
2871
3675
8865
7889
4731
8309
5434
5410
3666
4961
288
3242
7172
6483
7218
8004
8252
1396
3998
3565
419
8180
8692
3730
2295
1955
3286
3258
6103
2679
9528
8975
6354
4745
3216
1086
3055
5002
2848
3073
9964
9488
6315
3488
2324
3533
1492
576
1281
5491
4141
1701
23
2833
5431
2318
1140
5069
1929
3595
7748
1457
8922
454
6203
2138
7892
5610
7141
741
5035
3457
6581
7703
3297
8905
1236
1141
5833
8870
2984
9974
571
3007
9159
2354
5326
6651
7423
7255
247
5171
5064
9169
1977
7619
7660
9870
9581
1153
611
4617
962
3544
2320
4259
8802
9908
5400
4635
8778
8385
962
9349
1392
121
1703
3070
3125
5478
6677
3372
7001
8094
8893
8979
5713
2905
8849
1647
4058
5812
6264
5020
9356
4936
5631
8158
4844
7384
2794
9975
5769
108
5676
3513
229
7380
2936
9706
2858
9613
3078
9860
7707
8324
5191
9773
1229
4040
1420
1640
9852
4036
6660
9208
5324
8644
7367
6520
6028
6513
6495
8149
6621
2172
1662
3202
5904
950
2909
5114
564
2339
1326
4623
7015
6517
748
8245
557
8520
9885
409
2556
2897
5970
7880
1541
9689
4401
3921
2554
7248
2070
5527
9420
3733
8729
1676
4683
7990
6791
1599
6682
8117
2575
3697
4635
3323
8294
5192
1844
4531
1954
752
7429
7924
4985
5322
3965
5738
9244
6519
2986
1314
2046
8759
1399
7127
435
2435
1470
7226
4034
8152
5344
2961
8201
6331
6285
6496
7875
4481
1027
9829
5233
4808
4105
6570
131
8070
2308
5727
941
1647
7041
2987
406
4793
115
7193
7228
1585
4420
7614
6089
6116
576
642
8799
3213
3490
6674
7694
870
2856
9279
5678
6961
5850
2161
1384
4510
7888
2325
6157
1282
1665
2915
6075
8132
109
9655
6069
4529
3621
2158
6997
549
2800
5796
3762
2643
2470
7808
3513
5326
3440
9191
8640
5642
1353
6376
152
5593
5053
2662
3227
6718
5577
9302
4850
5686
5309
919
6567
8931
9429
3564
9480
8582
5712
9595
1225
4535
3755
4738
6213
7195
281
4853
2837
1634
7581
9342
3580
2635
2004
6807
5705
7581
2462
6908
3268
4123
4179
6187
3054
3609
9752
8887
8543
1816
4834
9768
6351
8589
858
2565
5785
1139
3770
4974
9126
1352
4316
2706
339
2672
5865
6044
254
8327
9304
9874
8803
3484
6061
1857
3445
2165
7096
1988
3982
1930
8108
333
6872
8966
9250
2657
105
3021
3983
5583
4373
8300
8289
1064
7324
507
3460
7578
5186
2765
3804
3989
2601
6218
2199
6046
8383
9295
4386
8717
7578
2494
9051
4450
7812
8301
3459
4269
7674
7442
9853
8399
2094
4494
9463
9419
5001
9276
3349
188
2041
7154
4177
994
9724
6376
3392
8107
2024
7778
3177
5954
6624
2228
404
788
6881
215
5057
908
4009
1262
9307
6104
5757
8771
1875
7110
8047
5224
3650
6440
8730
7828
3786
8454
556
7178
2914
8932
4956
6091
4886
7932
4671
1642
8720
7904
1857
129
8812
5867
7744
8120
8323
9853
3243
198
6963
7642
5422
614
434
