505
4794
4220
8959
5350
1398
8225
4283
2706
4316
9169
638
8987
7164
5710
3244
9021
2191
2056
1240
6287
176
9563
6140
9771
9761
3104
7413
1536
70
7847
2041
4864
8419
7352
6566
9817
5578
7201
2523
6246
2723
9513
1586
9887
1575
4830
8908
119
6886
6501
6406
3415
6064
8899
3186
5826
2003
6952
3714
8425
1151
5755
9641
9571
9459
6207
9388
1389
9761
8264
7636
2484
4129
9222
2371
2057
404
7631
8528
7290
4132
1286
7057
6549
185
6596
2375
2188
3548
2441
6965
4699
8196
6606
622
4007
9166
6363
5397
8927
4627
3033
1411
5108
8607
134
3517
9011
4117
2045
2653
4602
3332
9711
1151
3517
6307
9878
2058
6207
2319
5375
7258
6867
1982
7881
874
1148
4244
2623
75
5223
2008
7838
331
615
4324
201
5978
8441
2246
4984
3043
1930
1047
546
5448
3706
424
3858
9913
9095
9233
7171
5962
7567
5052
3189
5067
9296
5812
5142
871
7821
9332
1203
4788
3656
7756
7119
8450
2
2103
7845
1933
3150
8392
3733
6856
5168
3943
6769
4264
9528
292
6578
7096
1697
6119
2163
7345
1932
3658
8217
6105
9342
5772
7245
9351
3528
4364
7801
3530
6467
5646
1815
5969
390
1900
2825
1911
2195
5946
2527
1724
2591
9105
5172
4288
5225
7335
1633
3509
7345
9850
5966
6688
5622
3211
6039
9150
7576
3840
9033
395
5838
7200
6365
2581
5453
5542
4492
7648
7841
7019
9372
432
2476
4544
4720
7701
8232
2705
7562
5577
2556
3528
8617
4530
3092
4656
3681
668
4848
9066
1063
687
2618
3780
9620
8071
9323
4112
5720
7164
1131
1444
3948
3607
2341
8668
7661
6925
1373
1575
8854
281
5104
7472
4812
4548
2128
4845
5216
3329
263
2631
4016
2881
6412
9988
953
2087
4100
3025
5603
5231
821
9551
5190
9514
4571
9203
6439
2296
779
5294
2578
2235
9118
3742
6783
1246
8587
8351
4575
8850
982
4943
8083
3746
4931
5388
2185
5383
8413
7788
6966
5587
7339
2157
5101
8262
7712
7893
559
8491
9539
9489
726
8657
3231
7509
6255
1818
5860
7183
7020
3195
8478
1455
3293
3410
6844
5479
5145
1609
3267
2112
7196
6959
621
2298
5221
8333
6543
2132
6825
6082
1621
3903
4739
4852
7765
994
3022
9977
8177
6394
3172
6656
7850
6466
6418
1046
8297
1563
2655
1564
27
9852
4875
648
8502
6449
5334
5045
4933
2159
1127
6555
2414
2218
7759
179
3212
7134
157
7742
9880
3329
750
4082
6147
3520
5128
4444
1435
7784
2361
1463
3988
3588
8463
2490
37
3797
7535
1323
2308
5014
7878
4723
7232
1989
4902
6796
5475
5059
890
5356
4741
1640
5790
888
5160
919
1685
6596
5055
398
4411
9043
3986
2874
7885
376
3024
1772
1699
5332
3138
5929
6407
370
4270
1310
3518
9746
2721
4409
5102
7462
2401
892
4703
7562
8163
2740
510
9570
9490
1273
4965
9828
499
2850
6556
3523
974
4607
5208
4112
536
7967
4482
4807
5629
4353
905
8351
8762
2359
2165
1163
3251
3220
5077
7767
2312
1939
7337
1802
3212
2303
1631
64
1505
4539
9939
2480
9147
5147
6592
6035
9467
7427
7194
5096
1780
8099
3447
542
458
1965
8057
62
5185
3135
7829
3850
1426
1518
5652
991
173
3635
1055
8031
8175
994
511
7322
2494
3455
3357
1961
882
6904
7057
2662
5003
6857
9556
5462
8822
3966
1876
359
3453
9705
4209
4879
7575
6214
5870
4101
9849
6925
2132
4376
4272
2643
8050
6766
2450
7760
8727
3333
4664
5784
2347
9667
8993
1904
1481
4167
5870
3357
4527
5675
9414
5088
554
3342
7654
2777
7443
3856
9702
9575
8232
326
8570
6283
7092
1020
4043
5819
705
5059
7956
3053
4726
6949
1309
2560
1117
3531
5917
1996
9206
1684
3436
9760
5026
1091
2537
8821
4947
8592
8396
3179
8918
3318
5814
2363
690
6209
8182
1396
1268
2490
4449
2347
5792
2110
4907
6909
5641
7176
5257
4847
8860
8693
959
238
6136
9849
9059
1083
8441
3807
615
3711
7125
2781
2426
4168
8991
6961
5564
6611
9451
6365
8958
5243
8475
217
8504
468
7394
113
5315
2606
8807
2626
2845
1295
2475
8256
2379
7268
2064
9346
980
9189
2127
9758
9709
7470
6719
5273
434
6171
7990
9392
7766
2817
5962
2623
3285
3356
2736
4952
2314
7895
7579
1511
9191
54
9768
7922
7323
1832
3620
4655
7373
2099
4413
7083
9570
1133
8708
6356
3656
3051
5748
7774
5868
8062
397
5506
7770
3134
458
85
7381
8037
1596
2924
4444
7716
846
1767
9548
4466
2774
3274
2918
3539
6709
8840
4672
5417
5196
4680
8468
7296
2455
689
5359
2852
6195
3129
2338
6653
9566
6072
1043
7515
8996
5487
5231
6195
3606
1132
7013
2732
4406
9931
6271
1115
8771
7296
2884
3967
8328
7705
7616
783
8394
2975
9988
4589
2456
8678
7594
2023
4750
4989
9538
99
6828
4769
6294
6786
2253
3307
9518
6659
3239
2142
4126
8362
9438
3363
8682
7766
1068
6298
4902
5814
9273
1242
6755
1729
6272
701
104
1023
5691
9642
7474
2519
764
3768
9306
3017
3427
5176
6029
3018
7318
6507
1381
3108
9870
63
7227
7290
6361
2129
9456
1986
9723
2563
67
5995
3265
172
3370
8956
9814
844
7827
6930
4612
7133
9948
4392
2310
2329
7410
5980
8836
8791
9089
5059
5206
6316
8701
7919
4797
8158
9905
4520
7073
9973
515
338
145
3886
9294
6311
1082
3474
9594
2047
607
9542
6439
9269
8223
3849
5250
7059
8993
4339
8470
4199
7007
7172
2119
1804
1682
8376
6324
8755
8349
3191
5446
4846
3429
1092
7510
4512
4566
7104
6559
1526
2998
9350
795
1221
9551
2397
4632
8544
3088
3103
2744
95
6627
1215
1899
4661
9591
4575
9768
4293
7767
1566
5491
1196
2659
9353
5708
7225
6457
8619
8751
5807
4321
5899
7028
3873
8296
8013
2417
1385
7468
1513
7832
447
9080
6084
1460
8672
659
7580
9317
8426
9147
4808
5975
1806
4162
8035
9031
6971
6655
4135
2779
7328
34
6159
1201
8330
524
9971
6067
7992
1484
3900
8439
565
9984
6251
5589
6995
3832
4906
5422
2979
6066
1397
4785
228
9432
168
3552
2439
4303
2683
9768
4337
8842
7321
9020
9367
7292
5087
3711
8777
5339
8503
5694
1675
4754
1283
8671
8586
2541
4093
7917
8607
1842
2702
5188
1274
9223
8740
66
3526
1423
6186
4216
6617
3507
3236
2336
800
4675
6048
5929
15
4551
1623
1690
5657
9258
6713
596
1799
806
8513
406
9000
7568
5594
6627
6791
686
6693
6669
2109
2879
7237
5079
2738
473
7415
3538
5149
9815
9467
1516
718
7442
9558
6376
6700
6272
6972
8499
3430
1837
8906
2431
9405
852
9058
2548
1539
2103
5570
0
1334
2807
5079
4072
3281
8847
7611
4782
8662
3430
2650
9381
873
2208
2109
7573
8480
5433
6073
1911
7270
1331
4342
3028
2183
9752
1928
74
1855
7498
75
3189
306
1506
7261
9939
6705
1224
1073
1720
4655
3723
7453
5528
5931
9562
9453
764
1347
5526
2675
4969
6857
3369
7997
5393
9473
9926
1819
1328
3776
8246
869
434
9753
4482
373
2810
5707
1446
4530
6714
1521
1983
8594
7453
7897
8047
4569
9244
9926
7244
4214
3135
6965
8563
8528
6438
8489
6700
4118
8618
4946
4987
9052
1051
5821
9426
3862
7880
7224
8392
4594
5098
6728
9540
8903
4625
7588
3472
3870
7514
716
8084
7001
4033
6647
1882
471
1489
8582
4589
6459
3528
5928
5511
4580
1749
1289
8442
5982
4866
3186
576
9964
6266
117
8867
892
4057
2339
4762
7923
9407
9198
4924
3440
2197
6806
263
38
5388
1204
6497
8917
3484
2009
9849
5233
3298
4643
7567
4516
7829
8144
4480
448
4613
9699
1340
8670
8390
2454
2945
4149
1652
7869
7589
3849
4676
4204
3888
6416
5408
6737
1685
8892
8746
1534
478
8397
6177
8045
9265
359
2541
3746
807
3506
9797
2147
8528
8188
4601
1473
2337
2605
5695
6279
2806
6723
6835
3046
3139
8596
9784
4825
7488
4882
6359
4318
3279
8889
8716
2545
9248
7609
2643
6407
1116
8792
4906
5996
3332
9507
7470
5670
8464
3165
8301
1270
9888
5136
4317
9379
3732
453
556
7573
5335
6916
8243
4967
2157
3311
3864
7757
7273
6507
4164
4741
1651
9070
737
4984
4929
8207
7006
3393
7724
5307
1015
3964
6795
5332
9696
6880
5785
252
805
7473
3520
5400
2440
5677
5064
6304
3434
2337
9163
3950
7078
814
3020
7815
5798
4301
2375
9156
7694
6451
815
8710
416
7611
394
112
843
2532
364
8000
5
3885
3400
2445
5914
4816
5101
9349
7153
4264
3299
4231
1430
2672
8399
7229
6973
774
2737
1020
7225
3553
6082
3993
1164
6476
457
8359
9008
7174
6359
5365
7411
6111
7810
3325
928
9263
9026
4433
3527
8678
5017
4958
1350
3416
8539
4675
542
1276
5695
4119
4829
1777
8113
2345
4606
4922
7056
9966
2096
9767
5332
9507
2231
9494
2833
3159
8758
8211
3944
8637
6889
8961
3595
4591
8729
8486
9267
9271
6115
1314
3391
944
9444
7856
9642
4050
2778
3050
4016
4875
2818
9348
734
5049
5195
3567
4560
3953
1779
8504
2590
5020
3818
2538
9612
2547
1024
8879
1819
7139
6545
1562
4436
5989
9418
430
39
8548
3480
408
9775
6298
6108
510
7699
1303
4077
2259
1608
2208
764
4199
7229
4582
3089
6841
3481
4113
2072
5300
7605
8617
3214
8393
959
2632
8823
7350
7533
8655
7758
7308
1306
3867
7818
9005
1522
8248
1265
3131
6808
8381
7330
4037
9315
419
7230
2796
884
5654
4449
8489
624
7663
3234
1583
296
2057
8933
4181
7065
3044
1489
8371
6911
9308
7376
8433
3908
8641
7916
716
3374
5246
1106
2689
2017
4688
5486
2902
343
9935
7743
967
7598
7330
8902
4246
5739
4187
4779
2804
7231
6269
1175
494
1929
4904
5280
2189
9897
3196
2905
3272
4795
4011
2313
3164
8700
4151
2418
5395
438
6514
2714
4389
3844
1616
8635
9583
2155
9767
8740
5739
6036
9915
2585
4317
1171
4217
6506
1069
3766
9411
4341
8561
9775
6654
8077
4827
7158
496
222
7596
7010
2936
1985
854
904
6973
6789
9411
6740
5529
5150
9128
1797
4088
3445
2968
8305
9951
4037
2071
5714
4730
6984
1841
7737
5062
6668
4895
5558
3242
2491
2568
6178
4477
9774
3434
1450
2915
2846
8190
8445
4348
7318
6594
8436
7115
9562
6742
3418
3600
8813
5484
4682
5798
7326
2419
860
346
7314
2770
3589
6158
1690
9767
635
7816
9554
8437
731
2400
2979
5528
6748
6649
2122
5185
3764
8037
1927
3534
1637
7092
9018
2671
9242
6344
5091
6454
6691
8757
9224
6632
4915
7266
2751
1902
5082
2305
339
2166
4705
3318
7694
1454
6319
6169
2991
83
4206
1270
3617
2195
8362
8988
4866
7605
5332
6309
411
8375
5067
9636
5007
6334
6902
7759
8237
8337
64
8576
503
1122
8247
4549
8928
4566
7070
1919
1002
1276
9541
971
9823
7903
9959
1042
1860
1644
7351
2272
6371
8770
8260
7731
5105
1514
5490
3342
6203
1906
8270
6706
9380
2869
7608
8308
3788
4678
6579
1142
2307
6120
2113
8482
376
8425
9524
8588
69
3228
7212
2792
1998
5472
523
3455
3339
2365
3149
9542
4272
1420
2601
4
641
209
4665
4429
1239
1244
1923
9898
3717
4037
8381
445
8814
4257
9033
5235
3837
2598
8027
5836
8070
8551
5643
7761
916
8793
7304
1540
213
9905
7897
7206
6466
2562
1636
7705
3806
9911
3956
3875
3948
8689
4320
9114
2946
9706
4349
3136
2304
8729
8972
6726
7280
4615
4488
4548
3408
1792
2441
9973
8049
338
7180
4515
2900
5168
8572
3058
5079
8880
3286
5380
7569
3958
846
6868
3664
1548
4
2320
277
5328
5399
3909
6295
9887
8457
6056
8031
7250
6029
2432
7588
9561
3299
6840
1081
1871
9899
2513
7104
3185
4245
4673
3495
5091
7893
3512
6639
7897
5832
6916
3225
1231
825
9521
7470
5635
5577
1853
2885
7958
637
6826
3872
3936
3666
4953
2160
9917
3818
9264
9454
8063
3937
2950
9507
1831
6462
6146
6080
8646
9415
5658
6230
6592
5179
52
8579
7108
1906
7817
1418
2543
995
5290
2832
4661
6596
4992
931
414
4256
6737
4830
4545
9687
4337
2728
2501
6835
8809
1148
2602
4467
3730
9195
5998
3782
4126
3106
2040
1943
876
936
2938
6167
3768
3952
2763
8760
4883
9529
9368
1620
4359
3913
7660
5048
6642
6513
1884
1803
7661
4486
6270
7743
33
2268
1526
4160
1726
3566
6103
8954
4502
5394
5121
8270
5698
4236
3382
581
3766
2750
8553
4477
6664
2565
9526
9658
9079
1410
1461
3092
2248
4083
836
2282
2703
2362
6442
781
2280
8897
9735
3135
643
4857
7757
6341
5445
1140
3274
9211
242
8180
41
6906
745
9567
2916
6176
7329
4377
9269
9577
8460
6457
8211
1163
5171
4653
8296
7451
9903
8032
6938
546
2889
4696
6888
4686
2188
6514
250
2430
4694
291
5689
1792
6210
8605
7968
3539
9335
3589
9468
4147
46
7680
1663
1569
8685
9959
9021
8588
7991
2311
5487
7232
7007
8727
1919
9195
5241
2169
1626
6288
8812
3667
8080
5022
2272
6048
4913
7959
5990
733
2107
2388
8413
3770
3958
3451
3729
9331
8391
8073
1642
230
5305
8650
8957
3576
4197
551
2097
2175
6839
909
5842
1271
2283
4467
3671
7196
2426
9661
7930
4533
2050
2695
4655
2360
2498
8385
1691
890
2810
3333
1120
4467
8335
78
8044
8885
6981
6493
1060
172
7403
3255
1443
6038
7722
1466
9587
148
1128
3869
4682
9530
6564
9337
1890
9063
4074
9933
6305
3236
3266
7425
7704
7954
3855
2100
6839
836
8593
4251
7360
2348
7506
5155
8387
5228
6622
7974
5377
7750
1843
6411
3632
4759
2100
1874
174
2527
1807
6479
5763
5073
3905
3467
9379
7760
1919
2570
4949
513
6822
2309
2861
4328
3817
7600
5909
439
5574
1286
4541
3769
4049
8173
8529
6149
47
8703
5028
1854
5183
792
3279
5440
611
9011
3200
2531
1581
4501
3044
8403
3163
2257
9084
6980
9858
4993
7419
1784
2631
1960
5554
3032
6485
435
5533
6532
9138
562
4738
673
1354
8017
6113
8317
7028
5666
848
4962
6519
244
9717
9682
8854
8801
3014
8712
146
433
6848
9129
8745
8754
8513
5230
9189
4047
8114
4680
4609
2852
5353
2315
7222
7819
632
602
3485
7833
5564
6356
8077
5282
6039
6931
435
9053
1995
6934
5839
8844
6063
936
7598
4577
2519
3140
4976
6985
7820
9585
9838
9525
1900
3412
7344
8884
4014
7181
6717
5931
3538
4795
7565
5929
8078
8000
1334
6426
4934
3525
5270
7350
4462
9220
8279
3333
8712
3255
318
6532
9192
6508
6058
7444
9920
9754
6328
287
3288
9398
2570
3178
545
135
9107
8623
4487
441
5049
5774
3967
6671
9476
4781
2244
7755
8114
956
7362
4784
7489
6554
1293
9899
3998
7565
6005
6678
4204
9293
6076
6774
2471
6621
3261
7930
5245
4101
8372
6646
9875
8691
3318
9351
3472
1914
3458
7938
2870
820
2722
6711
7374
367
6610
7724
7933
8968
4402
2137
8261
479
5264
7085
3452
4877
5015
5049
8978
9739
1696
8853
8430
1366
4556
8254
3280
8014
6192
6150
5186
8915
9214
2560
5634
2176
6636
3567
1144
1039
2057
5758
7870
3673
2843
7674
8550
4210
2724
7529
3950
4420
2734
8732
2138
7291
6987
5418
1657
3179
7920
6844
8446
7134
5756
4081
9311
2393
4000
6807
9784
6057
2565
4006
6082
1760
1680
4633
5971
756
8514
6273
5176
1248
5005
7314
4891
1992
9084
6549
5172
3357
9745
9970
491
5501
403
6154
4246
4404
2962
382
6813
5527
4388
2896
7288
2421
7529
9611
3177
2395
5884
4706
3643
889
8372
8535
2882
7457
1436
4406
814
1181
728
7657
6682
1132
164
929
1888
3126
7663
8701
5005
2052
7949
8645
825
1830
8256
354
4225
4140
5060
7869
1382
3433
2756
616
7242
4192
1374
4408
5373
8454
8417
8407
9586
8581
5688
7826
1707
3352
2880
6713
1756
829
1710
2581
2660
9967
2935
6885
459
4348
1106
8193
4133
214
8809
1375
4406
6535
2135
6131
4990
552
891
4576
9134
6579
8755
7193
6283
1635
258
8039
2464
1969
6972
1476
1936
6260
4714
8747
608
5820
6941
4741
2387
5750
2468
6793
2286
4603
9277
7276
5155
168
8204
641
3099
6959
7835
5735
4946
8093
126
7411
62
7099
8887
8350
9711
9953
7098
6671
2126
391
7764
4513
2493
232
7658
4779
1187
6935
8407
2694
3455
2964
3336
2907
6275
7523
8642
1222
5616
8768
4985
2031
2219
224
6733
1930
178
183
8601
2304
574
2717
3169
3068
9301
827
4199
488
4115
8959
3183
7570
8275
2871
6829
4550
394
5471
2124
2362
592
3461
745
2811
38
7479
1094
6568
7662
6047
5224
8237
8765
8393
7657
8066
9220
1856
8555
3335
815
8090
7258
5442
7313
4087
6345
7707
5911
8469
6421
2855
8283
7167
5666
8321
4646
3112
4889
8660
9160
6465
3249
4277
4858
906
2343
4078
2763
7250
3766
9930
1692
7376
5373
9005
7815
1718
3064
3726
6539
9486
6581
1174
3005
8600
5847
7651
8064
7088
6311
7224
3553
9561
1501
8411
6819
197
8842
5934
7447
2608
2217
9140
9984
7590
4497
7799
5660
7562
7878
8551
3400
811
6078
6405
5763
1925
408
3828
9014
3071
7404
8919
8984
8906
7331
5804
9103
2525
8090
2902
5133
307
8394
1469
4249
2892
5620
6261
6806
9850
4813
6558
7014
891
9315
2777
9168
9723
2957
4534
9146
362
3454
8131
9268
7137
287
4723
9662
8377
3977
1147
8685
2372
2616
2934
1616
4588
9196
4774
791
361
1332
7805
7604
6999
582
3124
6722
9892
7659
2220
254
1113
351
5874
4602
6990
597
4264
1720
926
5411
6757
3298
4379
9691
1266
8967
5239
6040
6110
1952
3724
3915
5908
723
850
9033
3797
742
6692
6018
996
4157
2721
6870
8759
9712
3819
3023
7784
1097
4786
4541
4396
9165
584
2014
4484
2176
8055
595
4128
8131
862
37
8855
1712
5422
2652
8806
2114
8670
9802
2623
7744
3024
1382
3808
3195
757
1592
645
1895
6133
1393
7412
6717
3407
1896
8893
7814
8843
9374
5946
6058
9411
4801
7770
1185
3805
2929
3299
2476
9083
2274
6572
8460
3656
380
1655
765
1972
8652
9012
4457
45
6424
1174
3453
4672
6420
1267
3516
5794
7213
5926
1557
2014
3696
2742
5820
2977
2393
4648
2061
4667
7572
521
4675
7952
8528
1792
6276
7181
804
733
7226
7228
8259
679
1900
4679
1947
1768
6825
5512
7694
8382
7527
7743
7476
9699
720
9869
699
2781
888
8271
3302
5563
2575
1831
7355
8851
9012
8159
9584
2590
5387
7843
3270
3640
8875
1569
5408
5700
7081
9455
435
960
3550
7911
7011
4270
4133
7710
3404
5021
2333
3058
585
4908
1241
4292
111
6605
2452
9695
9196
4191
3891
2466
4183
9118
4035
5944
4818
1116
5399
5253
8429
8949
9517
5440
9571
3650
3151
9327
8671
1836
2386
5608
3097
3627
9901
3208
233
8705
9256
9429
9248
3147
8247
3432
2265
8634
9376
3435
6102
1127
8689
4531
6428
4558
9972
2351
8208
9475
1679
3231
7663
417
8840
760
4044
5093
3969
629
150
3225
6410
9398
2724
1009
2830
4989
9643
8558
8424
5746
9685
3465
277
2465
8023
6601
4817
2583
2428
2848
5815
92
3265
1007
852
3661
2452
4821
4291
2602
4398
7053
2000
7122
8063
1183
8463
7706
9741
3240
9804
5779
3057
6434
4596
7433
9387
5765
16
1816
8613
2183
1908
1878
9542
9112
1892
1994
286
2535
948
4684
9588
2949
8159
4003
484
6622
8062
225
9862
7866
2356
2920
652
6953
353
40
2718
6721
1856
7684
8905
116
5914
4799
5580
7806
6794
5866
341
7742
6903
9930
7043
5062
285
7527
8036
8347
4105
7899
2566
2813
7171
3218
9766
3876
3258
8837
6949
1466
2873
2206
7934
8787
7006
3515
6594
3800
9381
3287
7894
2636
9569
1290
7698
9855
8817
2087
8202
2922
6338
768
5736
3509
339
1854
3737
3597
7043
686
1416
6268
9245
9350
5056
6251
9217
8002
6403
4951
1289
649
7587
859
1939
1638
7066
757
3725
5268
31
63
2389
2119
9924
2728
326
3661
2677
3721
699
4093
9990
6296
9796
1398
2547
9013
9400
8950
316
7041
9600
7904
4252
7891
9542
1318
8648
9619
6587
5032
9682
5328
7151
9606
8056
3829
9619
7085
7551
6670
7531
3893
2967
7327
5291
1866
2692
1043
7169
3009
8084
3121
7265
8689
1012
3159
7
9661
2778
2946
4693
8812
8274
8196
4770
2682
2026
4389
9768
5929
7411
7299
6174
6730
978
1465
8597
22
8860
5766
9383
6944
8887
6648
5633
9899
6159
1993
5912
5289
4939
6957
4101
3214
1506
8871
2248
3532
9612
8368
5813
3376
5667
1987
106
2997
9804
5055
9372
8664
821
8755
1960
6060
1756
3946
5960
7915
5939
8224
9557
878
5182
3658
444
6688
8882
9045
6572
8494
7413
8737
8222
9433
7076
8329
8782
6880
3384
8154
5544
558
6910
3856
6618
5018
7802
8930
9285
3741
7155
8842
972
8689
8853
7768
1729
7735
3165
4653
2581
579
3390
804
6364
466
5485
5146
7346
8869
3301
9242
5779
6563
3098
2398
7933
7253
7680
7218
994
1187
2413
8318
6228
1266
2439
7957
5353
5604
2610
7934
2535
2352
5090
8899
2818
575
4046
6516
5797
3699
2110
1576
6614
5209
326
4547
2462
8007
1765
9808
5546
4178
4479
1775
1796
3270
6084
7149
8874
8695
5084
1410
1047
174
6661
218
7102
7059
6734
2899
758
5197
827
7372
406
1154
1919
9220
5513
37
5380
1059
567
6211
9186
2364
9481
5271
9513
4708
318
949
2470
7717
1124
9131
4287
4578
6191
7374
7477
3301
2571
8304
674
9329
5810
8945
4901
1323
8982
281
8735
5902
2845
4273
8266
2326
5896
7779
3386
6214
8729
5856
284
6205
1340
4571
783
7531
1945
4612
7184
868
9268
4210
197
5079
3156
5098
2754
8490
1732
7841
4392
4577
2115
9010
3255
8011
6790
6642
578
1871
8850
7214
4428
190
1785
1563
4073
83
6175
1258
951
5443
5468
1149
6874
4976
2599
9629
9819
4331
7470
563
5260
9585
9574
8516
3949
2716
1510
879
939
6712
8093
5367
6903
9878
6930
7328
6313
9457
4938
3617
4900
6759
1118
1775
1735
3717
7756
7906
8049
5226
8470
3309
1164
4396
8177
5113
7112
6039
5992
8051
2752
4085
9770
6007
315
6700
3335
2981
6157
8274
6598
7409
5033
7716
5536
3120
1433
3292
7379
5834
8519
5849
5496
9683
6597
3673
1148
3709
6065
7140
8112
8817
7577
7882
4824
4244
934
4511
7225
7091
9137
175
4500
4170
7891
6389
3643
5677
9681
1022
7863
8200
3223
3359
4235
9820
3385
1735
9881
9450
8875
7993
4619
2804
2227
5795
3401
3161
306
6978
6604
9444
7154
7456
9966
1397
3845
3609
3426
3527
983
1290
8079
4206
1001
2315
4026
4386
4050
259
188
9278
4604
4807
8434
6831
602
8187
6344
7261
5166
2948
6705
8672
405
3023
69
602
2985
9848
4129
3968
1138
2209
8175
2139
876
8553
2878
1278
5165
3066
6908
9769
7874
1695
6601
4828
9882
9297
2089
5048
2246
5146
3720
9003
8170
142
9605
1155
9990
3735
1475
7480
2296
6002
5971
9524
908
8849
7154
6073
8268
4063
5842
6142
2110
8795
7322
1992
8093
9412
3393
6691
910
3465
5694
9080
3607
5299
6587
9949
5386
8063
3781
4034
417
6105
9910
1325
1306
7065
7398
9574
7480
3241
2068
9590
8388
9391
1582
6481
5155
1327
3172
6065
4793
5218
5146
4752
6870
8085
4702
2256
2500
4835
2643
2918
940
2553
595
2247
9618
7994
1821
3450
7587
3890
3040
5975
9633
975
8809
4788
2302
1981
853
7095
3552
2351
1848
422
437
2902
9030
9289
4089
1673
8559
5030
579
9155
7277
6549
7149
5450
0
1088
5692
3040
7063
5325
4015
5872
6465
2670
4206
7319
6117
7758
9670
7965
8180
6459
7219
7210
2101
1309
5236
660
2691
5815
9815
6320
8716
3316
1770
8716
756
3815
8109
7820
5492
2124
44
1958
1146
602
5629
7264
4712
1651
1581
9244
4463
8801
2807
6564
6462
8043
3576
5505
210
9744
1825
8926
3060
9947
3995
3817
114
2104
7989
5607
580
4385
3917
1727
4988
9546
8991
6052
1197
6924
5297
5660
2077
8104
2224
8539
2499
5801
396
9061
1897
2221
4339
1309
8521
8334
5126
8635
6790
9467
594
7371
205
4511
5450
1545
4057
793
7597
5255
7717
2894
7267
9795
7350
5844
4686
6201
7997
5083
1614
9894
3656
5954
1203
2177
640
2682
7165
7431
8501
4111
1154
8706
8623
6604
251
9032
7397
7849
639
1466
7095
7907
1261
798
3751
5948
3351
1748
1031
4966
7994
4687
7272
9197
3217
7912
1879
6734
1695
381
845
9201
9087
5820
2157
5691
4853
5906
3540
5492
7373
6987
3399
8634
7785
3502
4582
1137
1602
1965
6103
9596
3005
9727
8794
2574
3991
7025
5660
5687
3758
6505
1240
2846
8678
3398
4889
3531
5656
8429
5375
3029
5416
5127
8016
9554
8629
8950
691
232
916
3146
9828
273
9225
4974
2847
3216
2000
8507
5255
5758
1364
6496
4956
42
6246
9845
9925
1902
4626
5301
1284
6395
428
9300
5949
9057
8250
2992
5641
5518
2490
1822
5791
1715
6796
4990
4931
8796
3497
6539
907
4862
3035
5863
1256
5633
2061
1182
3887
6687
2835
5171
3082
3263
823
5383
8672
9074
8375
4314
944
7217
6136
3088
8932
9284
8078
216
4433
1576
6755
5340
2790
6142
7555
398
1775
5968
1580
5662
9008
767
7186
2090
4030
8009
3826
2703
3435
8553
3369
4380
5771
5857
3820
4703
5141
1898
1271
5926
9826
4378
7618
8968
520
5174
9367
8647
7494
7299
4310
6502
8067
7848
4945
2097
5857
8771
1152
5645
7324
873
6377
9447
6730
197
4151
8224
2095
1774
502
8274
6153
8121
7242
6673
9647
6609
1673
7141
3909
2335
3644
8328
183
4941
6777
2392
64
7930
8037
7388
5155
4414
6836
8238
963
7339
2814
3059
5465
3316
7685
1618
1437
4927
4644
1084
1537
6317
8226
1798
8652
8222
126
5187
9515
6903
7579
9579
1185
1969
3319
6341
6383
155
931
7347
3846
3745
6758
5664
7061
795
7282
8499
5722
8278
5935
7259
947
513
5409
5951
8735
5535
1138
4602
8791
5070
4181
9976
7039
7501
2669
3422
4008
3600
7121
4207
7345
231
9871
4407
1026
3505
9258
3101
1784
5193
360
9083
5707
2122
5035
794
7657
6173
5397
6448
1243
9578
2777
4634
3431
5446
8057
7440
5399
1530
1647
2744
8114
7870
3503
5492
1375
2761
8593
9511
4307
5306
8595
14
7428
3630
7160
1437
6155
2557
7886
3751
8488
7015
8385
1919
8813
2794
9359
4212
677
7358
3309
8791
1580
6812
635
2956
5926
9229
2467
233
4535
1062
6599
8315
4692
3759
9752
7200
2669
3990
951
1157
1005
5688
3076
6171
8483
8788
383
9160
2498
3692
4303
4079
6857
4938
3387
2783
4167
5854
9368
5054
6917
5967
9721
7961
6078
9474
1513
8747
9816
8816
9904
822
4505
9333
6993
2988
4473
3728
8500
6971
7421
2803
7402
630
4093
789
3413
4613
2996
2781
6019
9913
5100
5741
4226
1178
1567
2092
6278
1383
908
6182
8557
5413
1867
1902
4753
6340
5631
3253
9664
9404
2408
3418
34
6502
560
3447
7467
3556
2580
3486
9821
7680
9227
399
5210
794
2491
1488
2178
3400
4023
7087
5165
2242
8990
9919
4935
4621
9524
951
377
8285
4369
411
1139
4929
210
8606
4837
9142
2092
4658
6822
1320
5058
8384
8466
7549
9873
6996
7301
248
4084
2467
2490
9426
8738
7425
4047
4614
8376
776
2899
9098
1187
4038
379
7749
8996
5217
6891
1089
9875
65
8761
1285
8449
3579
5187
4674
576
2488
1274
1012
1307
3765
438
6397
7542
837
1012
2271
1613
263
1369
9152
654
1748
3253
9650
3317
144
739
9545
6561
5852
830
1362
9432
6017
2389
6360
4858
3663
3724
2517
3780
4162
8915
7675
1351
6279
9946
9316
6542
7667
4820
7196
9415
8073
6847
9085
4569
3938
8630
7482
9791
5812
8844
5575
1830
1233
1935
3040
1249
5659
5557
1381
