6173
824
9056
3876
7103
9002
9544
3646
6669
4364
7194
2437
8789
4041
1522
9710
4332
6504
7192
475
2316
2388
6050
498
9974
4337
3538
1223
6348
5448
2604
8873
6272
8013
2749
3376
7015
8645
3374
37
9361
568
8826
4502
962
348
4212
5294
3204
7756
5769
5520
144
1819
6019
118
2508
5909
7693
8856
1357
298
7729
3982
8311
6830
3710
1678
5475
7084
8067
1188
4004
6893
5690
4966
3593
9902
6612
6797
4010
2381
8670
4154
552
4689
4273
3060
6950
1966
8268
4660
8616
2349
8642
3279
9179
2352
1310
1006
5788
9377
8546
6144
6271
4236
7463
6216
490
4075
3014
4500
2809
1684
5007
9713
2725
5632
2774
6027
3950
7394
687
2567
9744
9329
2198
5275
8033
9860
2634
173
9238
1180
6318
1861
5417
133
8077
5907
4208
7443
6760
7017
9127
1767
6731
8204
7399
5857
4232
1349
9603
4919
268
9347
601
8819
975
4986
8679
3609
1512
7917
4789
7830
6130
206
4315
560
2466
8523
8003
5578
1893
3483
7345
4976
8039
1096
7185
2271
8797
3140
3543
9066
8840
496
7885
9815
5482
6564
3424
6994
834
4565
1176
3316
4772
5491
3876
3590
367
8232
9168
8612
8067
2865
9940
6106
313
7125
8378
9110
6617
8273
8176
5457
8769
2413
5272
603
5330
5048
3950
2516
9614
5126
5832
738
6970
6061
680
3689
4293
6200
8653
2360
9065
8593
8466
5730
2070
3196
4840
8687
7821
9369
4145
6590
1782
9417
3546
7112
4466
7496
5980
432
8974
1813
1170
2296
7874
1850
2337
8519
8050
990
7231
3467
9583
2049
9197
1653
5246
389
341
9419
9758
4486
2362
7893
255
5908
1357
1073
9756
7338
1505
8730
9151
9027
7379
3377
7229
9716
1896
1631
707
5479
1450
6642
7528
647
8296
2774
7389
4989
2194
7147
9475
4556
5040
9730
6816
6398
7156
6572
3736
8661
1654
9239
7689
5385
2616
1270
5102
864
2902
2161
6343
4352
5155
3871
1352
3451
2998
8741
8440
1544
2240
4267
2452
3633
350
5620
6383
7506
2192
6471
2519
198
5710
6560
5584
4678
7831
7038
1894
733
5551
4589
5085
706
4812
2789
510
4162
1530
5302
2058
123
9570
4510
3756
6272
6482
139
3778
5026
6610
6297
5225
8672
2858
7161
9702
7041
551
1596
7774
6102
6185
9211
3160
7349
2001
3670
1512
9883
8973
3570
6
4895
4433
3762
7519
915
253
1297
5942
3215
3946
7519
1887
3156
4680
1589
197
5231
3185
4323
7685
5722
3535
845
3072
1888
868
4584
1771
6193
4506
8130
7440
8939
8244
4959
9855
8498
2608
2149
1713
6554
9668
9953
6063
700
1542
2612
2283
1080
6936
6320
3154
6823
7165
2578
8711
4385
3514
6834
578
8021
1316
4370
6960
9561
9329
3167
4411
1937
5316
2476
4844
1336
2429
7259
2036
324
9871
671
7756
6807
6991
7262
3630
509
9841
8693
4894
3355
1880
1825
7728
3196
6195
1041
9109
1877
4208
3520
166
5877
5997
1362
3565
4778
8621
1954
1454
8493
2625
9210
1652
5969
2825
1635
6478
2666
6680
7724
2373
8560
9549
102
8109
2097
1143
7218
3974
1703
739
492
3932
3088
1855
3850
7866
6828
5804
5673
1673
4781
1235
9678
750
4060
1313
7228
3078
7993
4953
5452
2906
854
1906
1015
2951
9401
8233
3277
7456
5324
122
1389
8412
8329
1591
2631
5157
7395
8304
6831
2176
5891
2861
9279
9952
4174
2859
9382
8519
4164
4834
7777
1371
3092
8792
4322
2493
3378
3952
9950
8702
426
7691
3467
8755
5634
2450
264
3029
7106
7095
1557
2997
6308
7188
9301
482
48
8684
5354
4212
9870
3131
5583
2963
8276
6258
1808
8006
6562
8110
3060
3340
2153
2879
2095
7787
5329
2359
816
2435
5807
8726
1785
2115
5914
1086
8950
5962
6122
656
6527
5993
3787
8462
8956
8415
1072
764
2773
3986
8875
2186
7326
1028
5065
9421
8816
6747
8133
5984
9182
3940
4710
7319
2407
625
8406
1357
2939
4528
2013
5818
6873
2153
4281
5829
6920
5353
2946
6046
9340
8173
8232
6666
9201
3297
2440
4369
6396
573
6706
1931
865
1416
9250
3272
8393
4008
4630
7685
4889
2995
3503
1762
5148
7784
3944
8421
9490
6890
4467
8830
5063
2699
1848
616
2348
640
1338
8745
1213
8044
676
2078
5812
6278
5351
558
287
6333
8243
5176
9328
1746
6938
829
9531
7234
5602
5373
4124
69
555
5539
9120
2403
6156
7820
3044
3846
2917
609
8242
9945
9040
4054
6224
4391
4612
2863
7076
9207
8039
2756
954
1329
9937
6837
8564
5539
2210
9040
1960
2765
4580
1080
1520
7088
5253
916
934
4522
1526
5528
4468
566
9582
7044
1309
547
9907
4737
9754
4298
7493
7060
5627
7431
3897
543
9322
6107
9584
1283
5224
516
8715
6745
7604
320
7661
4890
4843
5539
418
9311
2457
6352
2707
3766
3251
2614
8503
3006
6912
2349
6418
8891
6132
316
5787
1806
2775
1723
9441
8000
2239
8157
1097
6195
4829
8758
7437
9672
650
4207
5335
3107
6911
8042
3226
163
7008
8081
9521
272
430
5939
5516
2914
2607
1303
4721
5383
9378
4162
9735
7969
8671
832
516
3501
5942
7953
9525
6592
8512
4861
9700
5423
9255
2926
1938
2616
1007
1459
2888
7790
3751
4756
704
6358
6059
1777
1741
1789
5940
1476
9758
4611
8660
274
4464
4603
8227
3990
1195
3091
5203
7247
8515
810
173
6805
3426
7533
4617
2667
5323
8368
7423
2379
1078
9835
4157
9172
1624
97
7000
1383
1060
5661
1657
1877
264
6237
5867
1459
9328
7422
8707
4195
8232
5232
7353
8011
2765
1970
678
4440
338
8101
6820
1416
4288
7329
588
5913
7426
7589
7296
4838
9602
5305
6715
9866
7894
8934
7677
7223
6356
2736
7770
941
7969
1475
8952
7086
3445
5982
7879
3783
435
1051
1552
4724
8380
8492
637
2158
2433
4285
3348
2035
9590
64
1901
7485
5350
5931
1060
8059
8667
5182
5352
2988
6658
4304
6427
103
6638
4306
239
7073
5357
8143
1797
89
6635
8786
2247
5421
3071
5595
7456
9014
2011
5710
2851
3714
1641
3911
1773
6660
5445
7125
9649
8455
7781
2428
4911
4419
6734
1502
1492
8443
9645
9642
8532
2632
8428
7131
8053
7852
9078
1862
6866
1090
3924
9717
1156
5565
9980
2929
8577
1777
6406
4578
6585
539
7006
1496
4958
3740
2998
2802
8535
8995
2444
3419
1627
7225
6902
6033
5077
5981
4247
8295
3423
8171
4364
4579
88
696
3860
8665
2473
6618
3244
9058
7157
250
6906
2115
343
9904
4917
8878
5251
3714
8650
3231
939
5552
5616
6016
1533
9863
663
4956
8034
5027
5887
4474
5723
9747
3139
4548
6365
2735
9959
3522
9338
6865
1989
9681
3122
3259
4911
8373
6973
3561
7956
7912
5466
3572
280
6999
3435
7295
8308
7821
2322
547
8647
8045
6647
1787
8945
3012
874
8904
2887
212
5770
1228
9893
5244
4487
1157
9969
7812
1070
7926
2076
6536
1498
2356
3536
1286
9651
8196
9107
8325
8743
7755
2722
5390
5894
1668
4755
3120
6924
3994
3333
9046
1574
9578
4290
6062
735
4260
226
8158
2186
2303
4694
36
1011
4582
1322
7015
2778
6782
5340
7874
4537
4415
9616
6783
6083
723
9903
9359
1069
9588
8406
2644
9167
2696
5058
6254
3308
5284
4412
1846
7587
5459
1883
8599
41
3205
1966
9172
9987
7306
3398
876
1721
3014
4011
4156
90
267
3516
1159
9855
1922
3803
5374
970
8861
7981
631
498
8745
2477
4437
4204
712
9388
4246
3918
1354
9770
257
8661
3168
7486
6734
2534
7849
7243
2624
8116
759
3784
4324
9033
3939
9698
3
9153
7679
634
9651
6425
9464
4088
6981
176
3477
7579
446
1183
7349
7056
9844
6869
4542
2931
9404
8743
174
8380
6860
7285
2164
7536
6318
2456
7234
2673
1609
1266
9660
7612
4043
9124
1700
1024
9300
1529
8604
9747
9065
2305
3155
8909
9175
7697
8192
8579
2792
4718
6959
6004
2003
5476
3540
8321
7932
775
995
5893
8393
655
3505
2436
6131
1557
3460
5431
9439
8416
1530
8504
722
4685
3765
9897
8734
1958
4828
1527
6676
8139
3883
8680
9967
7424
3353
4251
4551
700
144
2944
7707
3649
5380
3838
5207
5192
5622
4646
9961
7152
9502
683
8190
3267
6932
3276
5225
8112
1155
8254
2603
5039
3286
8923
2463
6639
3174
7014
3692
9671
9958
1399
3320
1690
5238
4879
3234
860
5877
3195
4364
5379
230
2554
4999
7162
2183
224
1626
3338
4830
582
8377
8116
9505
840
1108
9031
4206
4800
8702
4164
6199
8375
2206
7789
3254
5441
8649
5484
8636
9366
7215
8867
1920
2214
2381
455
8791
360
3794
3621
942
2171
1738
447
9364
2846
9478
3570
3998
8181
4087
197
6556
2645
7987
6162
8086
2988
7998
6723
2354
1566
1942
627
3780
4323
1082
2571
4683
1228
2545
1977
3400
635
2424
9116
3481
8255
9038
3831
2788
3125
4028
5696
5771
8367
8210
209
7708
6209
6932
62
7775
5226
7041
7907
5902
4476
6831
585
5704
9376
8915
5456
11
1339
4572
9844
5946
3611
3675
8734
3088
4055
4430
5211
8775
2641
5421
6483
5202
8705
2897
2977
3932
6291
7236
9834
767
4067
6771
6471
3443
5686
1928
9806
3378
2852
9650
9324
6463
9677
8059
5904
3733
8841
1115
2508
7834
6536
5343
3036
5242
8240
2365
5526
4531
9602
5360
1650
3669
8483
8122
3465
522
6402
3271
3900
5606
9274
3224
8422
5303
7635
4326
5388
6477
5441
7896
4311
8330
9591
3700
3572
7832
6065
9098
8715
5667
810
366
5689
5645
4840
9154
6167
7594
8777
67
3200
4403
9644
1622
9707
7279
5948
5095
108
7742
9344
772
6072
8935
4472
5996
3119
6889
1446
1835
2557
8608
8553
8246
4253
3393
3752
421
7339
2529
6840
539
3285
6484
8514
2992
116
814
8087
6576
8556
7431
3700
980
2719
4524
6976
5838
1414
8422
4025
323
7030
8930
4921
7636
8675
8673
8057
6014
7554
1249
2906
839
7734
1420
3831
4202
2234
8271
778
7143
2054
4479
8123
4773
9003
5100
6964
417
9874
7341
740
3257
6272
5661
893
4947
686
5302
7314
8241
6551
220
5432
637
1640
5616
4839
226
3887
5618
7369
2293
6449
5493
3419
5452
6945
383
2222
6819
7724
9314
6428
348
4976
3673
1648
2014
8975
8962
6607
1879
9182
2040
8868
7174
4008
3708
7400
4247
5678
1122
6540
2127
6615
9959
3931
9912
6694
6153
3083
4419
5468
9512
1119
6796
3185
2767
5162
8513
1729
1770
6744
7263
162
5612
789
4170
5672
4542
4769
1350
5664
1309
9829
8631
7621
113
8543
4315
2618
1626
5086
4438
1138
6206
1234
676
8973
2749
9189
7055
4519
2285
670
1033
7897
7812
1555
3570
2354
6324
1272
8018
3985
7454
6649
1606
7567
5192
5922
6537
6818
1008
976
4309
7214
8562
4985
2540
1311
526
5947
5830
2811
2969
3215
708
781
4770
630
3135
1094
8255
1153
5080
2061
4154
3038
5980
9346
8960
2517
2517
9969
3493
6826
3535
2056
8163
2427
3367
8689
8374
5550
1500
7696
8765
8560
8477
9888
5543
7965
7334
3798
5470
8766
5859
9625
1805
1839
5323
765
708
7840
7086
4202
1018
6974
6258
9181
9401
9625
4222
4128
1527
5722
1824
6645
4283
301
6533
6178
8266
3867
9976
3737
8986
2187
9714
791
378
5037
7908
1086
9230
1347
5288
6600
8321
7898
5782
7722
3876
4
1850
5403
2079
3674
8400
2714
328
4933
8892
4946
5153
5220
8683
4139
3759
4749
1282
4137
9787
9190
1575
5369
537
3216
1969
5210
7466
4103
2933
1342
460
4783
3098
2539
4810
1498
1605
5138
6432
497
84
7937
2069
5120
8428
5828
9869
9710
6317
6008
5252
7892
7729
2142
7460
9699
7352
4927
154
285
6269
614
1421
5719
3153
6231
7218
4758
7721
2
1607
7805
4291
3676
9277
2719
9504
5499
2429
2173
7859
7681
66
5589
6175
3878
1640
3528
8805
1794
3813
1427
2409
1586
7146
1914
7817
716
3025
5538
7070
4632
9696
1361
4661
5325
4080
517
824
2861
2691
5036
6895
9109
625
3070
2987
2265
6598
8145
4059
6764
9572
6468
8350
3070
4735
2520
139
7760
4410
7209
2392
4106
4923
3405
5784
5355
3923
2960
8217
6614
7996
5112
5723
8621
4534
8710
7238
1133
3207
1298
4249
9131
4118
8951
8554
8853
1471
8693
2965
5882
2254
1710
6340
7177
5115
2124
2533
9038
5085
7102
2004
9433
8566
7727
8055
3100
2790
1645
585
5997
9295
4834
5129
3414
3786
3683
8619
1609
8728
7937
7491
7334
9647
3832
4512
4762
2308
3397
153
3745
6851
2157
3179
5417
9885
7586
8517
9027
9231
9103
1376
4879
289
6505
8293
427
6540
3264
2037
1620
1201
5880
8955
7200
9712
9819
1963
8373
9568
2116
2118
6419
625
1649
1836
510
5587
353
5889
1171
5808
7266
6050
2450
123
695
2877
6664
3959
1266
4636
1513
7147
3591
8713
3211
3410
7028
1584
2978
5496
55
5749
6122
8056
7585
2984
3644
4291
8874
4815
6451
6140
865
8901
6263
1560
8131
9279
1871
9397
3916
9736
6544
3859
4802
6108
3622
1830
7692
2952
3679
4099
8702
9801
2156
6287
2785
5800
6930
8011
6967
3382
4151
7832
2283
6767
5744
414
2398
3967
6164
6314
56
9060
6526
4858
5168
148
3040
2861
3100
3071
6960
8154
2872
5468
794
2010
1268
7724
21
8235
1106
4173
2419
9742
7292
4515
6508
9690
8483
2672
2357
4891
1733
8883
9749
3253
5383
9141
6114
4835
2213
9427
2990
1437
1247
3784
3447
2516
1508
3469
7103
8967
3994
5875
8709
7638
390
1569
7328
5225
594
9685
116
8679
4920
6217
1932
303
5359
4399
5139
3924
3826
8129
5361
5073
1913
5161
3941
9773
4982
7397
8740
5328
3272
3801
2966
3662
1723
294
8888
2317
9980
9004
996
4900
1574
2928
1556
6933
7327
6695
7209
7505
4824
8922
8931
3089
4083
2872
2862
9065
6621
7955
4393
9893
8108
7359
3556
9831
4006
8796
2148
338
4152
3144
5238
5726
2425
3146
9011
9752
9841
6220
3610
1017
5143
2541
4106
5578
1765
3321
4644
8387
1276
5389
4632
5736
9101
4540
5568
3107
3336
7716
3445
3841
7213
5035
9567
5990
8182
4931
5742
8023
7503
5704
9041
8998
4597
9499
4577
6363
2820
5573
1102
448
962
5734
6185
6415
6627
8105
9522
9963
2173
2967
3804
9386
4355
9724
5376
2537
1007
7471
6912
8510
9527
2305
7509
4125
1805
2086
6840
977
4011
7942
7778
4973
28
3963
1389
6655
8420
7263
2971
593
6583
3127
6332
938
9203
1708
9827
210
5531
6739
5073
5059
5397
2582
5536
3554
1020
2376
4531
5031
6670
2309
6356
3050
2624
4097
6058
1044
1361
9029
1638
4296
8508
7970
5234
7712
6030
1413
4274
7914
4504
9347
9325
9901
8281
4861
3455
5653
7237
7987
684
259
6648
3393
3309
9273
3842
9367
317
1555
4748
8307
5851
3257
2629
7437
7321
8660
8850
7947
6574
3355
3647
5899
3256
1928
760
3064
7582
4349
1051
4618
4608
4051
4363
4269
3324
8206
3637
9994
9761
4737
4653
1965
4346
7283
9402
8019
5943
8253
5967
8869
7960
9614
1120
7568
7894
8232
632
5476
2581
8035
6447
3541
2087
810
4162
5411
5368
7799
1757
1482
8889
6411
3447
3235
46
9201
1255
2341
7454
3574
1210
1766
3188
2330
9335
1082
6914
9967
2911
9495
8003
5710
9388
6442
6520
3550
8205
8241
7702
9963
9723
2943
2726
3170
6178
2772
2371
3785
5113
6178
7359
2675
4296
547
1357
3631
7982
8271
9951
7245
4118
4306
2955
9858
748
5827
3408
8953
4068
7462
5268
3791
405
7994
3313
2936
7118
5685
6721
8583
8215
4081
7610
2511
980
8967
2495
8962
7238
2446
2559
7708
6752
5514
7566
7500
1342
7327
2805
5410
4789
8074
9202
1547
2420
2515
4483
5891
4552
7556
826
9119
7989
8437
1631
8970
7404
478
4284
995
2924
6844
8703
6028
8710
6270
9880
52
3597
2685
5463
4738
7111
1017
2637
5884
9884
3472
1775
789
1029
8953
9908
5370
7390
7891
4340
1147
8369
4977
8494
7645
8173
3549
3673
6883
9819
3553
6936
9768
2591
8751
859
9702
6120
3496
1938
6004
6969
3713
6793
4350
2667
3054
9720
6409
7297
413
7556
5667
1742
2402
9664
9915
5952
9690
3150
2123
9595
6438
1892
2186
5189
9103
8241
1309
8951
179
3666
5920
245
6811
6622
9264
9865
2695
5673
7163
3108
9582
9182
1202
1984
5198
7469
7936
4888
619
60
4484
7058
8304
3022
8599
3759
1263
6261
2710
7795
9927
4983
8040
6738
1605
3656
6604
4300
9329
119
3760
5263
5653
1314
3600
851
8783
7888
5740
9403
7948
224
2813
2604
3246
1412
6363
862
7673
9074
5009
7600
4057
9401
691
2014
3057
3647
2667
8738
3766
2779
4002
9419
4094
7602
6622
9229
5490
2362
8632
9791
8938
1445
8747
8537
9210
1463
5751
6883
6889
760
836
7298
161
1527
9312
3218
5174
8331
8308
5292
7463
2310
1063
7909
6264
7685
7138
8107
6400
5771
4250
1690
3568
2997
6579
9130
812
2330
6014
7701
9442
3202
4999
9603
1081
664
9173
6255
5347
7482
7899
2810
6144
8962
719
2409
2999
7858
6868
5751
9981
1118
7442
9901
467
4021
9032
1280
2704
1398
8981
2146
4600
333
8102
5681
7349
3627
8288
2696
1109
6187
5507
3606
1501
2578
6015
4500
6788
9235
252
3121
353
4046
3023
820
4419
2055
2100
3475
9805
7434
1974
757
7767
76
6438
5116
3703
1078
7812
1165
3617
9671
4771
5118
8602
7138
5970
5390
6373
2574
8512
3078
6620
7887
3898
7392
6294
2351
867
6099
9785
2841
6856
7552
2917
9646
9020
2973
7076
3184
490
693
2856
5261
5811
7810
8751
8133
9552
1476
708
4416
4554
3680
2303
8452
1072
8597
803
1940
1048
588
4781
4256
4492
4051
3902
3512
3376
978
6697
3866
8023
5905
5479
3834
3715
582
8320
9619
2058
9028
4036
6612
9060
6339
5064
133
1289
2220
8425
2337
9160
9558
6594
3653
9961
6848
3517
3337
4179
6566
3555
2202
2471
5386
2389
2538
5968
709
2158
8026
6089
2546
4638
5149
8885
6055
1634
6526
4627
6411
5216
3787
5970
8162
3792
2283
1362
3662
5621
5541
228
5528
4096
2700
915
6485
1590
3235
3546
3748
1262
9635
2646
2252
1136
7884
4659
9123
4410
5638
5534
5978
9426
7856
4140
9570
140
5503
3232
2113
7396
3461
7641
1492
2513
4908
7977
4103
4496
1523
4204
2110
7510
6850
4362
4999
4734
5374
4122
5497
1012
9656
1475
6790
3865
1968
6361
4005
3823
5945
6118
1219
5758
111
2712
8271
1372
7041
8727
5868
4917
9283
7978
8779
6133
8692
3778
7220
418
7900
9069
1431
3909
6896
4573
7774
8864
7286
8131
2687
3232
4249
259
5342
712
9323
3614
2084
6364
8693
4304
7633
7976
2282
6413
461
975
191
4033
7745
4444
9454
9176
8353
6351
102
2479
1567
7388
610
4255
6972
1211
866
2315
8275
189
2281
6712
2905
974
1016
539
5302
3299
3304
5763
626
3495
6149
8371
7939
5603
3900
2644
1954
4002
1475
9874
1390
8437
4129
8363
6000
1347
7030
4276
1536
9311
988
793
285
2004
1332
1939
1655
988
4054
2281
4484
203
7005
8775
2159
7257
7772
4113
1259
9247
3987
9001
4037
4468
3716
37
2167
746
4313
3703
57
1653
849
6694
10
8533
8633
1665
9522
2688
299
4006
9243
3656
9133
1402
913
3257
1868
8524
2505
2207
7525
6542
3028
7594
6579
5195
4692
7245
5251
4750
5250
6100
7796
5260
4633
2782
6926
4155
5470
3577
4513
1065
7233
9999
2468
8146
3256
4336
6670
2113
6543
547
8655
9571
4493
1587
4767
9186
5184
18
3936
434
2470
8084
5695
7103
866
8973
7611
2688
2550
8476
3754
9783
8475
6222
7929
1732
6910
951
197
3453
7850
8853
9377
2344
6792
496
1530
8328
6866
1818
8762
9336
9902
809
2791
7121
9782
402
9809
2332
5231
9915
2115
3706
6137
6396
1790
3047
3699
1988
2853
1550
7193
8582
3894
337
9078
1776
8665
5944
3594
7427
5280
9848
8237
4423
6969
4371
4826
3131
6704
6409
3046
5171
115
5536
7920
8258
4935
7971
6598
7788
9521
3791
6370
9767
4128
5448
1543
9145
7744
1489
6572
9376
7690
1161
3800
4659
1885
8626
4142
4941
1387
7189
112
1502
2725
4384
6112
7660
2356
2710
1801
8229
2853
4523
4349
6981
6324
2244
6126
4068
86
9051
3445
7776
6564
7245
2435
8449
2223
6578
3390
3610
119
9855
1464
9196
591
7577
6856
9299
287
5009
7529
3141
9533
8230
6474
5857
474
8953
6277
560
4356
9722
8336
7272
3319
7124
2074
5542
54
5464
5504
6525
1671
3321
5721
2263
898
2577
7914
7537
3939
1795
7030
3472
25
9857
5681
6852
5162
1958
7412
5870
8033
2101
3142
1352
5577
5216
3247
1983
7033
5103
8508
8704
8424
4229
7319
9322
3158
5234
3212
7097
3381
6594
6921
3407
6451
2602
259
1613
913
4023
7483
8946
2476
6978
298
4405
2194
9897
6388
9227
5001
4896
4284
3425
9125
7955
9100
8636
9541
8664
5733
2923
5258
2655
6330
8062
1609
2941
6027
2522
3316
9863
7820
2145
6841
4471
6550
5387
4368
2939
4615
5721
7835
5251
5499
3313
3206
951
1949
9100
9615
4034
2023
4873
3041
4705
9287
4651
3998
5315
3525
3666
5178
1346
5811
2019
5817
2362
7406
6537
1653
8373
2259
5840
9976
7758
5505
9535
8709
3806
8635
4676
7841
658
5901
7234
1715
5189
8237
5713
504
1763
9379
5682
9461
1543
4053
5278
257
1459
1815
1910
9833
426
7750
6161
4536
9608
5696
9597
3414
4331
4273
1255
1341
6527
8490
3056
1716
6727
5121
8572
4842
4501
4254
4303
2396
8307
5933
2653
6118
4101
4563
2303
4527
8665
8465
9064
8273
4161
5013
1688
8493
9287
9295
9834
5814
4137
9243
3882
7217
4364
2454
8411
5217
6708
2715
7613
1367
5000
266
7485
9101
4829
9789
9981
9847
4606
5397
4472
8767
410
2512
3612
6049
8160
9799
8215
2297
9042
2097
5866
9758
4551
4278
4976
7611
3345
2589
5330
4697
9208
2816
3799
389
8957
132
236
3563
5529
1061
8682
2291
3573
2295
4693
1733
2094
2908
383
7488
5006
2601
7246
5909
6879
8574
9873
6576
1164
5203
1274
6724
4371
1425
7113
9680
7909
3702
9595
9790
4763
8278
2081
4688
573
6774
6422
9019
6035
3157
6507
1041
5758
105
3302
8990
8680
3175
5566
6196
8379
3192
2920
9102
969
6385
8783
8878
87
8378
8668
1202
6656
7102
5891
3581
228
8665
8952
6263
1822
5459
3656
7580
1917
6959
6570
597
134
8489
6793
4865
1681
6065
320
9003
2450
9103
7881
8890
3833
2902
92
6842
4
2335
423
232
1000
5728
2848
2822
7539
6504
6755
9456
3463
3325
53
9950
1814
3198
1167
9848
9263
1487
8851
8066
6942
3084
6956
776
5986
7048
7618
2342
5736
4393
2575
6736
121
1775
5911
7661
8279
2666
7117
8095
5991
3523
4397
4158
6721
5564
358
2337
3404
5561
403
346
8645
3711
1122
4632
759
5092
6974
6495
9486
5901
9584
9607
4028
5495
7268
2308
8161
738
6755
504
613
1152
1014
3686
3068
1372
6023
6472
6933
2778
3171
1931
6489
645
6563
3601
5738
9889
6448
5224
2143
6032
1183
6171
7879
4804
4831
2392
5542
1586
9249
6155
9090
263
9841
8511
7988
2217
1335
1273
1347
4506
3204
7837
5152
6119
7790
7242
2361
4238
2466
856
6623
1
7027
4502
4805
8211
3247
347
6149
2496
2854
1592
2759
9048
103
7099
7617
1438
8373
8964
2297
7929
3153
3801
4049
943
1043
2762
1534
9861
3618
8157
9862
6997
9011
4668
1560
2258
1367
7710
4754
574
9302
3866
9622
5757
965
3591
7195
5690
2555
9492
3620
2061
3293
4021
3004
688
6783
890
549
6753
5399
6764
3750
4411
1432
5311
3021
9151
9373
4128
9725
8675
7994
5699
784
5311
9290
7979
1002
8198
3824
4622
259
3469
4995
9615
4158
1778
506
1059
8531
5905
7823
8633
6668
5607
296
9690
4759
9669
3818
836
4696
8164
6536
5480
3475
2178
9812
829
6728
3636
5451
6987
3457
6798
6603
3967
8576
3461
1379
3459
9366
9202
8445
2387
1162
8741
2077
2273
4763
2247
9461
9459
411
2349
1292
238
4528
1104
1068
1256
1092
2871
4596
4549
9670
7551
4869
4598
1012
6248
4410
6730
1802
9207
9117
2964
4300
7546
1589
9063
6145
1051
4875
2908
3400
6167
3147
4280
7271
567
1889
4715
3438
6485
5616
9460
4036
485
411
1400
6733
4821
8130
8536
380
3600
7852
4680
1146
9442
3744
3644
6845
8619
6552
245
4786
9699
878
8409
6618
2767
3124
57
9252
8740
5869
9640
5578
6280
1040
2311
7453
9170
7199
7833
9122
1404
2514
6621
7198
6258
265
4043
1229
6817
640
6015
2869
1518
776
9487
4285
252
5896
9889
5344
8118
9529
922
4398
569
9586
8204
6092
3137
6037
5214
4541
4903
8187
1739
7513
8452
2134
8742
1622
2775
1109
4491
645
1885
330
1283
8489
2579
1172
3834
697
702
4756
1447
7623
4342
9651
3715
3832
2041
5282
8373
6944
9821
6465
810
8274
8599
9552
6248
7726
7014
7091
8372
5251
7421
9655
3741
6352
7179
7575
7049
7881
2331
4849
1857
3026
4500
1924
6858
6541
7206
1583
9838
3380
8048
648
1654
6648
6552
4254
726
3566
1345
9098
5170
5118
5105
8911
1471
2285
6486
4872
6518
5169
9721
8375
4547
574
300
1405
3467
3858
9341
3305
7238
7389
305
5244
389
3210
9498
1116
3128
7195
214
8298
2314
1672
7209
137
3957
47
5009
475
5217
1083
5203
9764
1657
1855
7522
5124
2065
6863
8430
5656
604
5087
900
994
4649
6751
8462
7778
3946
5028
2428
2612
6700
5990
2749
7009
6037
4111
3837
1254
5194
9040
7371
6851
7247
1245
1975
9312
8108
6757
4968
5064
8197
2221
6058
2846
8972
872
6976
9270
5901
9405
8235
2601
1747
984
9611
7784
1447
9800
5391
6641
8840
2762
9844
6087
359
8172
1751
8467
4929
6720
9883
9478
8941
2294
2325
4265
3166
5653
9887
9067
1410
8122
8021
3157
5459
3984
7294
6906
3784
2685
9900
8976
1799
6096
5063
2158
4268
3166
6977
9198
9886
6860
5028
5179
9154
7353
9444
2321
9359
5684
7740
769
3806
2113
279
5617
6097
7573
8876
6233
258
5128
5209
8409
1224
6624
567
5493
9791
3896
1043
6029
756
6071
1209
6263
9777
7005
8584
5488
2689
2676
6257
2848
4790
2888
8465
7239
461
3693
3473
7071
8821
8682
5480
6398
1659
2399
8243
1450
6295
9286
7479
3404
1709
5040
9667
7838
2046
4603
3326
1087
7279
5936
3935
8421
5176
8753
5661
5638
2446
5486
9061
7620
520
4542
4018
2179
3293
2261
9981
9589
7899
3813
9345
9608
8853
9012
3799
7251
3615
3477
8339
7246
5765
2274
5668
942
1027
7681
6580
9826
3167
1993
7446
3687
2887
1464
2219
6181
77
2200
2122
7976
2365
1467
3936
7571
479
4087
4822
446
7565
3161
7692
3330
1788
3360
624
9167
1041
7204
5345
560
5550
2791
4248
8437
607
2819
4618
684
5019
3092
5012
3737
4559
8949
1308
1390
3036
6130
1836
6953
5644
5881
6636
3784
9241
7260
2951
6635
4465
4649
3547
6367
7440
4147
4804
4400
6966
5775
5084
1986
8867
6449
2075
9779
5398
3383
1169
4786
5865
9358
1740
1509
5239
8376
1645
832
5636
949
7467
6453
5598
7367
2820
3038
1514
3977
3790
8481
9752
5227
6819
8619
1676
8894
8398
7074
2277
5920
8212
8142
5278
6304
6004
6869
1032
7649
7701
3021
8598
1521
9474
4196
8888
8647
3587
402
2624
7377
8883
8728
2604
2054
3699
4280
948
2098
7706
3225
4370
2271
7720
6000
8575
3724
2869
9608
7725
6922
2629
6324
8443
8455
6872
7331
3454
6811
4086
2430
4189
9321
1158
3145
1376
4858
3778
8676
3308
7836
1902
4030
107
5974
30
5035
6050
9251
995
3775
6173
9976
6451
4617
4783
3324
8300
8238
135
8738
668
676
8060
8179
174
5788
9389
304
4464
9049
8140
2718
3079
4600
8692
9461
9635
1094
8712
6982
4870
4885
6958
1321
5854
1741
4645
4155
6331
1133
9245
3352
8161
3657
7883
4687
9445
7272
4991
262
6321
3132
9332
5752
7732
4377
5213
3719
5471
3925
701
341
8810
4011
1663
1017
2104
2660
1524
8436
145
769
8140
4659
4427
6023
9346
224
3295
4338
486
5968
3822
6171
1720
7906
548
6933
1625
6019
858
8678
2713
6020
9041
4376
7037
1145
3388
4913
5933
3534
5683
4073
4545
110
96
3891
6686
9743
8229
7173
5711
8403
9696
3783
6309
244
716
4286
6263
7926
2964
5328
299
8357
9704
7336
5855
9445
2250
1788
9331
4285
2214
3876
747
8662
7767
7433
4758
2349
958
469
752
654
605
3414
898
1321
7700
3514
5600
7017
8842
5899
5374
4899
9587
1229
696
8189
3018
27
2474
1584
3903
3221
246
8022
655
5004
6723
1613
1826
3828
8620
8783
7242
9518
104
4942
9384
5704
1959
4579
7955
3686
5830
7543
4915
6526
5732
4285
6553
8207
5869
6808
7780
2468
1182
8435
3824
4258
6401
2002
8086
5021
785
1680
891
7242
2974
6628
9298
4934
1207
7254
4972
7037
1149
9887
9915
6881
525
6468
5088
6394
9628
9221
5214
810
7656
5391
5068
409
3745
9506
1782
4531
1186
9026
8125
4161
2006
3775
5447
9565
