7381
419
2954
8530
6658
2869
5412
7183
9337
6852
9930
5317
6073
5144
6127
82
6887
7548
6843
633
7054
4978
1516
4593
4004
5993
5106
6010
9768
553
1927
7150
7324
4881
2032
334
7750
7444
7518
3439
649
7448
8756
6722
8944
1235
3156
2184
8783
0
2817
2190
4978
685
3135
5334
6678
8241
7696
2798
5146
9623
6300
8822
4504
8333
9156
8606
5777
6674
2045
6426
474
801
9501
5771
8388
9009
7955
7172
5361
772
5714
339
7809
5201
2025
4487
3442
6073
7285
4940
5696
3586
114
6552
8271
9270
5158
4048
2297
3555
6827
2771
708
2680
8542
9097
1689
6497
2621
7051
3621
8335
3742
7782
9888
2120
2269
9682
8193
5907
4622
3890
5845
4736
6794
4116
358
8305
4516
2655
1860
7695
1779
2569
375
6673
1666
8417
9523
4287
5468
3144
8974
5562
927
8862
7682
9548
8544
5876
1807
9518
6118
4004
606
2912
8120
7316
1217
8989
9972
3078
6684
1751
5647
3412
4776
3665
1829
4299
7952
3649
3796
3278
9211
4723
2140
6894
623
7036
9122
2431
2906
5240
2787
9864
8152
7260
7180
5722
6249
7152
5152
9285
5255
799
2697
32
816
878
683
8768
4527
4479
8398
91
9202
6890
3337
6178
3926
2459
4961
3184
7699
7748
3048
2203
5008
228
4277
7609
3733
9429
6895
5340
228
5944
1724
7396
6823
2408
6164
7702
6887
914
7793
2442
7804
1130
4972
8082
3589
9933
1266
7640
4033
666
6196
9042
7247
473
6651
980
9903
9898
2672
6483
5843
749
3880
2666
3157
6396
368
6396
7311
4514
5190
5115
5644
162
3198
5586
6447
816
9578
481
1483
5774
5875
8730
6248
8878
6062
2503
8777
5086
8986
4620
5835
2866
3638
5344
5615
358
1741
2926
1224
6931
4393
6869
3446
3943
8807
9893
4760
8385
374
2595
512
2601
1325
6760
1480
3739
9263
257
8825
4601
1229
4661
3820
1219
6357
9435
7929
8098
8713
9154
1382
9458
2375
1180
3402
1182
1073
4514
5919
7800
7109
6431
401
4786
3191
1881
4877
8806
8490
3702
9760
6071
4715
3580
7290
1073
3015
1572
5523
8080
726
6905
7538
3101
8085
940
635
5511
1806
6554
3311
8915
2986
64
53
2529
8298
4930
7688
3140
8633
7448
9212
9700
7380
2854
773
395
4426
2649
4827
5152
9554
2365
4605
3992
9658
1592
5855
1464
8147
5518
6732
7485
5582
6785
6366
232
8068
4054
3373
3053
7854
8937
2753
5234
1791
9879
1981
6218
2528
6808
7722
8434
5526
8680
8778
1536
272
4633
3000
4771
151
6084
2256
2086
9222
8623
8670
7290
9029
2043
343
3236
980
3096
8470
9124
9327
6804
5342
1855
9964
9416
6642
5490
4448
1772
7026
4721
6406
6379
5844
2909
2463
4453
1347
1685
3076
18
5327
8457
8413
5670
8045
5746
5119
6516
4870
4446
9672
6564
2654
9636
5980
5648
5127
6781
7420
8505
7854
178
1236
3698
3088
3700
8151
787
1737
7579
7157
7065
2389
5571
2735
434
1317
4206
3302
6187
8653
2974
2751
7659
2611
5083
3307
4090
1864
727
8947
9718
906
184
9769
346
3884
7920
7485
1973
5500
4643
9038
7889
6566
8126
4675
7883
2332
7978
422
7337
952
9525
4996
3563
4608
4655
4005
2825
1735
2953
8895
8993
9489
8664
9339
3373
6585
3176
1698
8437
4171
7089
2678
737
5215
7353
4972
3899
5331
5394
1237
6284
4919
2585
6199
5880
7241
6557
8705
8976
5862
7600
7969
5351
2617
3660
5076
9202
6836
6774
3991
7360
3863
6669
8097
5430
374
3070
9330
5706
4816
567
8342
6088
9504
893
1968
6745
7450
7025
2073
9664
977
42
5015
3594
54
91
9148
6891
6866
3139
4251
7081
6160
8700
2512
6535
8122
1842
8593
2939
8761
3287
9027
8265
532
995
5011
7983
4372
7084
7647
5349
3479
9015
5296
3533
9106
4444
6776
2324
3936
7379
9406
6448
6080
1918
9335
4202
112
4280
3493
8873
7567
2520
7138
8100
9867
8501
2435
4239
1938
6434
5941
1769
5449
7589
5302
908
8385
8431
3232
8673
5810
8990
5122
8242
7260
809
8797
7372
5090
2290
6245
9009
1163
9736
3461
1030
4589
2248
1622
2879
5035
3915
1000
484
1504
6303
7744
6241
1086
7329
4915
3248
6319
37
1491
3580
7198
6640
7304
2288
5282
9902
7650
6445
9638
7463
3828
579
9712
1802
9811
4747
5717
811
1583
3573
3466
9328
9814
4552
3009
4729
4153
9328
1118
1996
9260
4669
8636
6565
6957
270
6467
959
3068
2457
8423
6896
9388
8135
5050
5551
9234
767
6363
817
692
6181
6497
6858
734
9506
7940
1239
5187
5410
3235
799
79
1871
7364
7037
8493
183
4348
1561
8992
2771
8457
4733
7258
3507
284
6492
626
6647
3662
7670
2829
6511
4529
9915
6018
2469
7506
7557
7879
741
8356
7959
8964
5721
1348
7457
2256
2048
9019
7601
1172
3828
2334
8430
3688
2618
1275
4314
5618
1289
8337
4799
7800
2866
1066
170
1687
8572
7727
5918
9313
6084
229
4629
8157
7929
2086
6765
6330
7457
4366
7502
1286
6700
2284
4974
5671
9911
5640
7641
1200
3977
2440
5353
3195
9858
5523
1234
4782
3251
3505
447
5687
86
5076
3844
8016
7162
6961
4346
4620
1328
8200
2258
4380
484
7232
51
396
9224
4044
7948
9554
2836
3301
9101
2694
5177
336
3828
4780
193
4275
467
279
9351
663
8295
2866
7624
8993
3838
8952
3545
6096
9685
4030
9680
6088
778
8904
133
5078
8458
2969
4732
7560
2016
9909
4248
5844
1041
4441
120
1508
4720
5823
8523
9368
8689
6147
4713
2527
1452
8259
8623
1137
8641
8303
7225
5771
3560
7358
7201
8370
6680
8285
5930
8696
8194
6530
4540
5587
7323
1012
7095
8396
6836
5618
7764
1877
8118
8829
4405
9570
3440
3028
7059
8433
7684
4284
556
1244
7995
4110
9614
4675
2395
1897
9723
6942
4779
615
2529
2103
7980
9625
499
4816
1595
4615
6693
6065
9796
7450
1987
9589
6831
9046
8022
4515
9683
4931
2111
7678
9041
8077
8705
1436
6326
4780
8378
1106
5395
908
9561
9727
6885
6412
895
4832
7379
3941
898
7175
1391
2885
6764
8222
8284
1139
9089
7967
6070
7552
5645
1463
1982
702
2899
8308
1834
7630
5766
3581
8538
5327
3309
1775
1739
4204
6607
5470
8145
3857
2646
9537
3095
5762
4111
1379
3253
9553
9346
5675
3457
1343
7138
5439
8397
38
3748
231
4020
5866
3812
2558
7546
7121
685
9285
1326
7292
1108
5823
7502
3754
1712
597
5868
2176
1976
9122
1729
1322
4797
1538
9017
1936
6978
7414
8326
7078
7645
2346
2944
1457
1256
490
4931
1941
6128
2609
5585
7236
8432
3087
7342
6497
3684
3210
8673
5660
2332
6754
3334
7130
8292
2351
5418
5270
9765
3744
8700
3762
2442
7997
5220
3698
4839
151
1991
7319
2760
7576
907
7544
664
8249
4041
700
7812
2714
2713
144
9468
6047
3626
4113
4751
5396
5735
868
5492
4436
4631
7934
8785
9851
7984
3624
6354
9975
944
5466
7552
1851
3010
4568
6453
3404
5268
4265
6118
7981
761
1939
381
740
6052
5132
6136
1787
2352
1629
2575
6983
5915
1360
3186
3900
1337
5892
3875
8633
1358
7779
6836
721
2347
3289
4125
7616
3906
6595
1949
1020
8534
2330
8112
938
3814
4248
9078
6167
2229
1653
9502
4497
9366
2689
8397
7055
4933
8624
5688
6292
6404
2524
3365
5103
2166
7490
9071
2424
4085
1021
3444
2620
9703
1556
9910
9870
2157
8988
6037
738
6994
1891
5235
2712
932
9984
9767
5866
8609
1807
8510
1365
683
1875
6468
9201
9365
5540
1626
9802
2913
1422
2422
2616
2979
8685
2486
1488
7673
4875
2226
4667
3119
3814
3731
4051
3798
3498
9917
8759
1657
4779
124
2341
6654
2945
1542
2371
4837
9520
2174
7750
943
948
6718
3922
9633
5557
1762
7307
6784
340
8326
9903
4154
2058
307
4305
1908
6576
3064
3566
1356
9541
2259
8010
8838
3801
382
3675
3322
2556
7777
4265
3504
4495
4539
9490
6404
6301
6797
3189
2993
1475
9444
7148
3533
9751
7805
1794
6328
869
5360
7684
6762
7619
2046
5600
7772
8780
9275
7446
1336
3404
1711
1193
7900
2602
683
656
5255
3832
197
8249
5307
9642
1749
5193
9393
9554
6987
2073
6775
8699
9757
3538
2670
8156
5490
6794
6936
1118
4241
4625
4522
2304
5818
2422
1259
2853
9431
6514
3037
9628
1115
8344
9270
2864
9889
5016
8770
3228
7089
5546
1927
3199
5436
949
1355
926
7744
8291
2044
8337
9268
6567
641
5086
5341
1900
4291
4772
4767
7328
753
5882
2025
6375
5099
1914
1391
3869
5143
4833
9415
3422
4384
4851
724
5739
2130
4820
382
4174
3157
6003
7093
150
1089
8787
8403
1733
3559
3170
5413
664
5404
7438
7040
503
5705
4783
4373
7200
9616
140
622
4000
1344
7698
6091
3474
8870
2826
4000
2027
8829
1094
8530
6270
6233
6933
4355
6144
6455
9769
6809
8211
7207
3849
8715
2912
8632
9440
112
4601
9580
7087
8601
924
1137
1045
750
8
223
4751
8387
9052
2197
6917
1674
8430
202
6030
4574
3009
5799
7735
1221
9358
1584
6288
2271
6569
5728
8735
1170
5308
5822
6123
2585
3312
7168
3335
3320
3743
4438
1707
9147
2987
4977
822
1417
1531
3204
2344
4541
5355
79
2114
4713
8016
8402
3336
937
4130
2072
2107
5790
4246
4582
8375
7558
8103
8063
878
1846
8853
8938
994
1841
3915
8168
9610
1798
1372
8306
6339
6727
4738
8453
7792
9106
3207
1129
43
7337
3201
2150
9480
3799
6732
4207
1358
4835
8622
8588
3034
7476
3878
4028
9317
4145
2196
5279
5944
9920
3586
8635
2999
4676
7089
791
3782
6648
1920
3825
338
1473
2327
9818
5273
5411
4025
2983
6599
2648
7923
9633
6476
1802
13
2145
2299
8561
7424
8243
8481
7362
6879
7832
2038
320
8623
5820
6968
6896
5997
7306
8369
8324
3476
9994
3736
7502
2977
335
6502
7253
6320
2978
5407
6333
5123
7706
4894
8899
5950
9727
6262
9181
7559
4652
9501
6182
473
2821
3078
6470
128
7800
1147
9956
7794
4883
7458
7124
1570
312
729
7890
9642
6136
4223
1117
3842
9117
17
6144
8844
2631
5325
6403
7283
4826
8937
4108
7648
8368
579
4128
6168
8078
4084
314
2961
7895
3790
883
8207
4519
8773
4202
655
2996
5319
850
8465
5336
6994
3661
7967
2320
6416
5251
7146
5353
9359
1146
3721
6290
1626
6241
4368
5711
2908
3681
9958
6698
4564
4517
7570
3337
8719
8225
2685
4039
5427
7502
9375
2422
1163
3695
4742
7579
5298
8240
2933
1009
9387
3006
7300
7365
5600
8020
3076
4860
8054
3034
1558
8970
7552
5480
8660
6271
3706
1345
6662
5485
8848
6038
7907
6363
6085
2649
3943
1383
890
3228
2392
6629
2586
6044
3994
8186
417
3423
3046
4823
2809
957
3793
6713
6437
2453
9337
6495
151
5999
1981
5351
8389
9888
1714
4474
8890
5657
2209
6132
5237
954
9113
7824
6998
9459
6010
3767
2882
5409
8590
2044
6366
2384
8757
9155
1189
4446
5651
7692
6798
3984
3043
5187
3872
1110
6014
9114
6767
4575
5246
2005
5529
4359
9829
8880
3819
2191
2647
3053
7600
1238
5097
318
9974
207
9474
7515
1005
1477
5208
7803
5461
4603
9343
5685
5713
5357
4800
8833
6284
46
7190
1814
758
3371
694
4577
5562
3341
3982
9515
931
5432
6185
7257
5639
5659
1125
6644
7136
6333
800
8949
936
143
4635
3002
1852
9435
1835
8136
5833
9025
9950
6591
2396
644
7520
4310
338
1503
3825
7621
6935
6363
1231
8926
2022
2356
1922
5511
5041
2722
812
5977
2865
5447
5331
4717
4882
7166
2854
7068
6191
2804
3659
4939
9801
1180
9250
6491
2683
9427
464
5970
5790
1695
4896
4165
4051
6818
6028
9092
9541
6840
1422
8758
2288
6753
3476
3522
272
6330
590
2815
5486
602
7755
1639
1782
3357
4482
817
9136
4947
3139
1279
2994
8035
5444
3398
1205
7824
8842
7098
4664
6616
5857
3304
9722
9333
3179
9994
2015
121
2809
3853
723
6916
1845
8857
6625
6327
6026
5762
7626
9165
7041
621
3552
8837
371
4758
6661
9213
1856
7677
5830
7713
7334
5552
3398
513
1898
5413
6986
1059
5619
4062
7976
7464
9271
4601
3791
5298
363
7770
815
3756
8391
4368
2593
8762
5478
5606
4327
3686
3284
157
7752
6970
2061
1150
3835
3959
2916
821
5019
8535
4883
9347
2351
4155
300
6142
5805
7016
264
6620
772
8655
7340
9718
3769
2818
5324
8097
2857
4960
4606
609
1930
6668
8111
5765
6979
1027
6587
8350
5914
7822
7697
8265
8329
7998
760
486
1366
1024
7107
2138
6032
799
1856
6153
3618
3533
4250
6475
8493
5209
3436
424
1877
1547
6189
5208
2575
9128
3559
4841
6951
7608
9459
1632
1958
6571
2119
3324
3947
5578
5463
9979
6377
3671
6133
9995
7204
6735
2822
5698
8296
6258
6122
6525
7806
8663
1734
6733
7792
1645
7926
1095
9253
7385
2727
1212
3956
4846
888
7904
424
6351
4235
6802
6375
6720
3149
9931
9808
2324
5629
8104
4934
8103
4630
2740
3119
6364
5825
911
4361
3752
2006
3614
7489
4733
1178
7798
5932
2067
2054
2708
4770
2641
5862
1145
9362
9012
1077
5522
7688
3058
3626
2622
7514
4608
1715
633
7324
7540
1544
1685
7644
9902
5300
1486
987
2830
9284
6919
4897
7690
5980
9668
331
1842
813
6045
7206
8242
1567
4894
1301
1546
7517
8815
2506
9232
5800
9831
3124
7344
1516
7121
3598
3168
8607
4585
2351
4243
7857
7248
1933
3837
6916
2264
2031
4082
4662
9238
8676
6229
4132
6329
4127
8001
1496
6634
7233
7296
6465
6710
992
4333
3831
4590
3854
2438
5528
2557
6681
3385
9805
8614
3574
3074
7230
5605
3508
1892
4843
2184
4474
5328
4866
4953
3329
6362
1587
563
3659
4404
7273
4651
5090
7456
5594
5296
9894
1122
7853
6575
859
4010
1541
4433
7084
5123
6390
6944
3368
7586
5481
4194
2914
347
9147
6243
6709
7087
3158
6720
1491
6783
1372
2933
4239
3318
4581
485
4440
2434
3412
1651
6445
4953
2436
9881
6429
8826
3178
9797
2764
8659
343
5678
9006
9490
8274
2067
2929
7784
8788
4421
4568
6512
3706
5159
9830
8288
5645
622
7074
9057
2273
9871
363
1061
6105
3144
9887
9283
9293
2652
7942
9636
4682
3300
9126
9308
5367
2056
7093
507
2829
8013
3371
2887
9524
3201
7527
5169
175
4602
579
8800
4473
7294
9861
578
438
6101
9861
9731
8753
4155
9367
9787
3807
4845
9096
5527
3253
6189
6034
2434
554
9406
1674
78
8959
9201
1600
9135
3803
2179
7935
4629
5825
4149
5207
6263
250
1421
2346
5355
1928
8065
5142
5736
9262
590
1263
2516
6779
3649
1302
3685
3055
2976
3764
8367
2178
5364
7502
2333
3895
1789
6962
6072
5938
8522
8687
2540
6295
1033
7895
8223
9098
3038
311
8360
3628
1574
7228
6760
1576
4883
445
983
4211
561
9350
2741
2277
3204
5075
6172
1346
8389
2244
3636
6911
931
6177
9558
8316
4072
7782
3766
3462
8093
8479
7091
6020
2059
203
3948
6942
7000
4931
7506
7562
4282
247
9839
7486
1674
2364
8832
64
960
2469
3327
8244
8646
2886
6560
9070
7020
6679
2533
1465
5158
9624
3837
7217
6179
7785
512
3179
2717
8018
741
6999
4617
6933
4485
6292
9297
9670
2708
6609
8491
6035
4853
3489
5273
7766
2559
2293
4445
5092
3759
5955
1068
7596
9524
7247
1734
36
6779
4451
4406
7520
1450
9024
805
2287
1668
102
8309
4376
3064
6800
6763
4269
289
2037
2035
9201
682
2832
4293
793
5139
1714
4742
4664
5313
6476
1052
2092
927
5459
9613
8729
835
418
1016
8855
6873
5678
3231
6289
2478
6346
558
9120
4735
8946
8321
5418
1778
8966
6211
6918
680
953
7934
5994
7429
8986
8086
4708
4445
4051
3437
1632
822
806
487
4047
6484
70
336
8962
6417
7246
4434
1152
6192
2755
2922
7971
1722
5486
1241
8754
6439
9175
4748
221
8161
9187
1281
8959
9590
4719
6943
412
1877
7431
811
8361
3853
1147
3675
6622
8394
8110
7775
4586
7217
7049
8909
5291
2535
6502
4046
5327
2029
5146
1900
6543
4333
3181
5502
3924
4252
8797
688
6129
2580
1500
4490
6434
8999
4518
3056
7393
8980
7183
8332
6197
4233
3593
1489
6768
96
5535
8447
8477
7033
347
5020
1367
3529
522
1643
7781
5672
2331
3911
8252
183
4753
4686
9183
9271
7743
6576
8251
1278
1260
801
5511
1206
2290
8632
1302
4177
7079
6131
1210
3779
1152
8929
7308
8026
6924
5089
3698
9256
5352
1951
5791
106
6637
4974
5729
732
7903
333
2011
9163
1134
3874
369
9776
8858
8023
305
2290
4155
7867
6069
5307
6797
3377
3333
3721
4818
3384
9329
171
5335
5121
6629
1972
6447
8710
2705
4350
5395
1068
3514
6529
4942
235
2657
153
8259
2962
2443
8766
830
8512
425
3979
8241
110
4052
3059
3494
9734
9582
8829
1207
2563
7154
7654
7626
6211
2005
3021
7279
1871
9551
8573
2106
2208
5078
6717
1523
7521
1835
8705
6033
2260
9036
4274
8723
3088
3686
8569
9174
3268
7399
6733
2184
905
4388
9810
7116
2745
2831
747
4616
8734
5672
3074
7295
751
6144
8818
4624
7979
7523
658
6592
2911
1284
5315
5999
1322
3884
1526
4591
7635
8259
3127
4892
8999
2937
2008
1744
5768
9107
6360
4503
1132
5787
1798
8235
1931
6968
2859
9910
843
9869
6502
3754
1154
8169
6105
2476
8406
7631
3419
2393
2243
6546
7286
1242
5835
5646
2987
1604
1106
5699
2459
2238
1486
609
473
3417
7577
9684
9680
4772
9554
2534
8526
7060
7056
983
9536
5462
4967
9308
4207
7210
2206
1493
4804
8042
7140
7791
5998
4598
9843
4809
6836
7681
5418
3661
7451
9347
3345
7131
471
9251
6017
5349
6311
3073
6332
2200
8535
1299
1508
9095
4861
66
588
9666
8108
4080
3809
458
8678
4
5267
1866
7686
7037
1879
5137
2736
1577
8620
3207
828
4637
4908
7140
7711
1241
5692
2598
8892
7200
1693
106
3618
8634
6124
1727
2714
6285
8537
7745
6290
157
5963
3976
7194
7843
5465
6283
9420
4085
5842
6600
8722
751
92
2785
8344
5784
1736
3588
9336
3429
3694
2955
8415
9818
1034
1130
6104
9571
5227
8746
9728
1190
2722
3275
9033
4539
9558
4805
8624
1752
1406
3698
2503
1498
2836
847
3635
4572
4436
2971
4353
4482
5926
2769
653
6960
251
3109
2884
5478
1855
8964
6668
929
2239
2054
5468
8149
6859
444
9902
4617
494
2405
6116
3330
9605
9751
4254
393
9074
4960
1227
5001
7729
1880
8313
7980
4989
1197
9810
6844
162
2830
4125
8753
4884
9593
6903
1744
6389
6805
6361
6884
5562
8829
6566
1519
4932
7173
8264
4007
2133
9492
5360
9862
1372
3673
4194
2714
1223
356
5910
7737
3186
36
6490
8071
5981
9745
6167
2371
2902
8880
5607
8465
7710
8525
6336
8994
5698
953
3001
7831
445
4713
4045
8169
4739
4591
7235
5962
4947
3146
51
4486
3182
2893
2557
5515
2639
8724
4238
5541
7604
6197
358
1666
4723
6695
661
6773
4000
14
957
4445
1080
1354
8966
5819
5946
6202
1781
7245
5700
8184
1731
8882
1077
640
749
3716
9364
4988
9258
3321
7537
5968
1339
2260
2663
2000
5386
3015
8367
6343
7460
9447
4049
2779
5266
9995
5333
3399
3593
1033
7935
1676
6267
9012
2317
7016
2729
8033
8356
8339
7706
5894
4307
9046
4506
3323
7398
9892
6338
5765
2587
151
1564
6637
2930
3182
2984
8263
2933
2929
5648
868
4606
1915
9881
3275
8931
8962
7660
7288
3653
5367
9534
4312
765
4040
7635
8163
285
326
281
2872
6829
1845
5861
6111
1380
5198
726
4313
8127
6374
5182
9085
8289
1415
2360
7220
6729
21
860
382
1740
394
4694
2505
787
8682
7020
7424
5360
7301
6648
2189
5499
2510
8300
6879
7708
9026
7544
2187
5400
9078
1273
3689
6845
3633
7261
3574
6
8122
308
8098
4868
5003
603
2007
37
7624
9431
5397
1277
6080
7586
6776
4942
2238
7
2650
1264
7552
4837
3016
2982
6110
3057
9828
6096
318
3402
2454
4792
3711
553
6013
5066
1156
8020
1455
5132
3804
6852
6410
9884
790
9538
4826
9380
5898
3828
6996
3450
5017
12
2784
1128
9421
2612
3576
9739
2367
6030
884
2430
6583
6897
3848
4092
1269
5303
5576
5073
8507
8338
4957
9297
7877
6135
5029
3775
9963
2025
3577
4981
8389
6361
2461
7810
5326
2389
7549
7693
8419
4785
6475
1355
1682
323
1799
2952
5626
7375
4377
4133
5714
5687
9782
9943
1822
4811
70
8138
3188
3647
9471
1577
6360
1932
9387
8038
673
3288
2083
5444
8074
8558
6799
6108
8881
8598
5412
4507
2326
9790
4992
8040
5477
4774
7983
3651
5937
4405
1789
9125
8052
1260
7054
764
9544
2793
5155
6569
6082
7238
2014
508
5797
8813
2968
1030
3764
8381
1890
6090
4523
6882
482
0
8009
4817
3651
298
9222
1793
5776
3626
9405
2830
4390
5302
5624
5897
1871
8058
3136
3885
4918
5285
2699
7886
6315
2815
2619
8205
8905
7142
1440
9387
7142
5801
556
7146
6099
9778
5291
1875
3404
4696
1058
4146
9998
6682
44
1870
1092
3180
2107
2362
8465
1158
6600
1132
3973
9220
5690
9230
6362
7130
4969
9857
9283
5525
3355
5382
5303
8646
3610
8707
9694
4668
2854
9693
7702
2898
7915
8794
2430
22
7508
895
1181
4108
2027
1506
3328
4069
737
6043
1199
5706
2252
482
1232
5607
2217
2887
605
5827
1595
299
495
801
6344
4549
3699
611
3343
6129
634
851
3376
8167
1311
1755
9673
4640
5825
410
683
3376
6117
9287
211
3701
4894
2428
6588
1851
4607
4535
2150
1454
5336
4847
6003
5387
5458
9346
1516
2444
6549
1244
611
7860
3000
285
8852
8825
7047
5887
8553
9516
5174
8764
3217
6420
1192
6158
8271
2151
693
6774
3605
2382
7973
9608
7769
3431
5306
9286
5876
8207
530
6487
2420
9882
3124
1272
8707
172
7160
7261
9688
8686
2377
9258
5107
9922
5416
9730
2073
2461
2856
5679
4843
829
5287
2613
4261
594
8251
6489
8801
5133
9328
1221
5016
2453
8846
75
8977
2358
3688
8665
1044
6066
7923
2503
5988
9691
8586
8061
8505
1442
92
9700
2272
5380
2313
6533
2326
6916
9374
7479
2050
8702
5053
7066
1155
3899
3493
132
2609
7182
5150
5
3248
9425
2509
9236
5469
7447
3649
3974
8889
3742
3674
1161
5474
2340
4046
7800
9256
3420
1631
7658
2123
6684
4724
9630
6935
8218
6115
9544
5400
1265
9550
5000
7042
8411
588
2511
5858
4237
6485
1099
7979
6512
2261
9805
8852
2659
7605
8108
2432
5589
2119
907
2273
6843
537
9209
1413
3004
5105
3165
4269
4655
8165
1312
9418
8753
175
1628
9343
6661
2728
3674
3173
1341
3480
8377
352
7437
2837
2784
3026
4956
43
5300
8152
581
861
5917
9937
2318
9083
4207
3326
3600
1871
2744
8706
2046
725
8049
5059
3453
8075
4584
1146
1555
9313
1498
5345
2151
635
8371
7107
678
23
1611
7611
7236
7529
7549
9555
6612
8108
2881
6564
6331
5625
5270
4729
2702
9671
9789
6155
4099
725
3653
5654
39
1504
7351
2190
2139
5723
5649
9169
2098
7261
6781
9335
1142
682
8890
4106
8790
1771
670
1473
3748
2293
6202
6451
8316
2343
8958
2415
3069
8964
4422
9460
468
1773
1650
8959
3848
3651
8128
5947
7264
1261
5282
8406
1943
524
8864
7085
8647
9535
8558
8747
8180
1113
1550
6496
3456
6861
5264
6525
5825
9686
2337
2645
7811
3987
1604
1660
3991
9732
3959
7607
7346
5593
2366
5641
6117
1230
2727
1116
765
7637
9863
8945
8750
7766
1794
2207
4627
3410
5084
452
9448
7422
3097
7259
7761
1053
5271
8104
7137
9230
5712
4483
4823
8078
125
7292
9308
9204
8408
6426
6841
4624
1723
1944
2390
9869
503
7017
3279
1939
3821
2727
5713
3270
6339
9827
4323
7962
7931
1460
7193
9995
2296
8368
4425
2421
2013
86
7977
6773
6512
4818
1397
4587
3114
139
809
3617
7156
4088
5557
7329
3168
1270
599
9507
7449
1274
7469
5381
9087
1014
5376
1383
5735
9802
156
7748
6240
8133
873
2752
2951
2271
3691
2418
8762
4500
6035
5919
4941
7944
9600
8109
5567
6552
3968
3016
7826
7789
8397
6913
5156
126
4648
891
6280
4804
4991
2520
2937
5864
1624
2241
4487
5315
4659
3250
6168
694
5521
1109
4991
1473
5570
558
8025
9538
3574
2204
3679
8324
9117
8835
8450
118
6078
1082
4922
7421
3602
7860
9638
5226
101
477
6893
1112
79
3061
8158
5600
522
3149
3426
6092
3707
1451
1982
3634
3655
5662
1958
9125
849
6760
9243
6928
7842
517
4349
1444
8377
339
3022
4830
817
6267
2294
896
9329
453
2849
6203
3602
6275
2296
3662
4078
630
7296
4086
2644
5606
3211
3494
2366
8806
6774
208
9323
1123
8004
4053
7815
1026
5235
8632
7293
7530
9528
2974
7983
2377
9178
7937
8652
7826
1599
2731
4808
5247
3169
7453
7205
6380
947
9571
1538
7721
6131
7213
5196
4135
1266
3011
5161
2854
1643
8807
384
7524
1781
8367
9901
7311
2656
4906
1489
608
3989
6298
2207
7158
3751
9413
9890
4698
8984
7780
8771
5116
4993
3967
9251
2612
6979
765
5466
4974
9572
5850
2498
7705
569
8752
1369
3225
3658
2858
3833
3999
9156
6041
7509
2907
1806
7399
3957
790
5179
2728
2258
172
6696
7862
9136
27
4979
4602
1353
903
6804
204
8608
3725
8956
9977
3303
8966
2836
7136
2965
8344
9529
474
1252
1335
4225
5209
8478
9404
4290
7088
5928
986
1302
1417
7365
6281
2371
8718
3536
9176
8922
2145
9253
4230
8474
2556
3196
7662
6045
2513
6007
5574
9339
3611
3262
9916
5172
8092
9320
9462
1532
1601
6800
2835
9370
517
5468
1741
5588
9005
7269
862
7502
6523
5093
5976
9079
4641
9991
5124
7155
2350
7051
2846
5961
6665
2763
7485
4757
8435
3300
2641
6388
100
5476
5758
6970
7297
7500
2558
6302
4769
3420
156
7644
8513
6132
6724
9507
2475
8200
3014
4825
1603
5860
7138
8268
4975
4624
9377
3411
7924
2019
6151
4376
3847
1910
1346
1144
5762
3904
3798
6883
3677
3954
4528
2190
6439
7604
1697
8914
2156
4711
92
3760
6924
7230
2028
1899
1854
1406
1662
6130
9777
7814
507
3624
6076
1853
1121
8190
2110
1271
5073
5787
5226
5953
4329
8017
3557
2379
3283
2066
3442
3375
5826
366
606
7854
8618
8812
5612
6632
4943
1741
4446
5450
1718
6874
3655
9191
5064
2117
462
138
4256
2040
2443
8586
57
2353
7317
3341
4419
759
6716
245
7478
3674
4451
6096
2487
6416
9080
7430
8157
3527
9232
9875
6753
9239
5418
1818
7709
5881
8308
1965
7921
751
6903
4331
3104
4220
7672
7523
1332
740
4120
8810
4415
8572
1258
3254
4988
338
684
9497
217
6268
5725
6971
1859
1143
5141
5920
7024
3449
7886
1298
552
1141
5629
9
5362
3301
3884
3046
393
8005
1856
4808
2929
3114
8062
7917
9804
5098
7414
6374
7718
3139
3345
5930
635
4838
1850
7659
4639
6088
8957
5191
7230
938
1552
8944
591
5437
1990
985
9794
198
5793
2723
9664
208
640
9468
1658
4406
5842
9377
3898
5539
5307
4533
6729
3509
8544
1368
9598
3854
2912
3180
4792
4464
2124
5384
6253
466
6369
6047
7016
8514
8770
6680
8722
5762
2500
381
169
4695
6110
4067
234
7769
4952
3316
1278
3496
4684
7228
7350
3948
408
8495
4765
8884
3879
1018
5702
6600
3418
2718
5114
2188
9398
189
7951
1899
6922
4472
6594
9384
4891
3180
7153
9843
6496
8431
9691
7533
2012
3394
7833
2420
1889
2598
1305
2120
9969
7007
8720
3387
9726
186
5575
5476
6727
9878
7375
3649
4350
321
3033
5593
9854
6538
1788
2702
1322
1480
235
3334
4874
4421
5754
3115
7019
3411
5235
6988
6771
307
375
2849
493
2303
8325
7221
8533
2053
7222
9236
2374
6608
4829
8580
3146
6618
1283
4468
4450
7870
7802
5676
2291
9909
8791
9311
3320
378
2651
91
685
9379
2940
7530
8034
7618
1103
6567
9671
8326
5803
8397
4934
6985
6978
4432
9955
8261
8901
4405
2483
3055
81
4775
2964
5224
438
6285
5602
3089
2728
2639
2468
5669
169
502
3287
1273
3422
9310
5951
5577
7707
7237
2562
1037
1669
2517
5650
6922
3274
8134
9978
9707
2909
9294
4931
9699
5579
6885
2788
4660
9524
1609
6681
9694
8463
9968
7319
1885
5630
3270
7463
9689
6859
6377
727
4880
5247
2729
1803
8521
863
8133
4581
124
7427
9512
9823
3007
6398
2612
4019
5922
573
700
1968
9036
7020
9287
922
2650
8909
4737
2339
2120
1114
9418
7001
2713
2148
8804
1235
3011
6937
2168
9488
4364
1680
9311
3723
4430
8275
7742
6705
8848
8442
8673
4237
5462
4313
1511
4464
9574
6248
6804
1695
3714
2574
5048
6428
4722
204
4015
4086
7141
6183
3574
7857
4215
9237
7933
8646
3865
2027
5351
2713
6822
376
3302
8636
1041
4813
3101
616
1061
6257
8663
1128
8831
3711
7556
9906
3915
7923
3992
7408
4106
3918
1617
8321
3155
5902
3319
7020
7930
5022
6086
4752
5399
9388
3388
6440
554
6489
3408
1615
9098
2071
9095
7930
2134
6651
4188
2401
4574
8180
6161
5032
8450
4131
9706
7957
33
3025
1330
7963
8048
7416
9067
9799
3156
2456
2591
62
5297
6000
8030
4396
4423
7125
8678
2910
129
2866
1663
4703
7398
7825
6088
5848
1956
5794
3805
1989
8819
5135
6305
3219
8903
5372
9370
8412
4180
1962
4826
9478
4314
2856
226
8737
9982
5256
7999
111
8122
9663
1166
1872
7488
7254
7720
5796
3048
7877
4137
8220
9365
6794
7791
4620
2167
7162
9384
6347
9124
4211
2177
3438
7067
8755
8527
7049
4011
6527
3512
8485
6190
4679
357
30
1933
8077
2178
1334
2307
6315
9554
1672
3110
3697
2644
1629
859
2029
4328
6335
6240
2858
6125
9659
1613
1005
6709
5625
7532
221
4110
74
1252
820
6456
3186
8897
8634
872
7556
1301
6778
9228
763
475
8225
8744
7687
254
9425
4022
2846
2283
148
2505
3896
1153
9214
5873
5037
5788
6336
1463
3392
7156
7919
6578
2405
2905
3802
9962
558
580
5542
7674
7408
119
2770
5095
373
2195
9117
3219
4478
5617
2077
4727
3122
1291
6952
4511
3431
9640
5974
6824
6796
245
9754
5554
9502
9909
1868
61
489
3762
4087
