7897
3882
6857
2992
607
9053
8462
179
9883
4079
2256
4610
3554
9899
7915
8065
3331
7555
4040
6507
704
637
2613
6258
140
2522
4478
201
9364
8240
640
3613
8474
3849
6606
9082
9254
1420
9261
9138
1851
1517
100
5405
1416
8015
9823
1099
5571
3863
3958
6275
852
2924
8885
992
5446
3363
7545
1162
7955
8185
4776
2782
2035
7734
1864
1289
9154
7477
6779
1005
5346
3232
2763
6762
1247
2586
4214
3170
2801
8172
5797
3653
1096
1034
4646
2895
749
2191
4057
5057
6729
5185
7839
5116
2919
9703
2757
2073
3532
9537
9431
8878
2769
2194
1992
368
4780
6206
3539
3933
731
5688
7586
8179
6723
8584
7426
3824
776
7836
8881
3857
3021
6720
8973
5941
2775
1730
8014
6307
1267
3797
1537
388
5991
3530
757
7123
6088
648
1056
3171
6336
4995
1351
9411
3579
5129
3236
707
2965
8469
4564
2339
5190
3537
8280
7965
5268
2646
625
2887
6444
2162
3276
8787
5692
385
2263
8133
1033
9671
1304
3721
4666
9007
9485
4598
4137
9073
5305
3454
7542
9870
5793
9084
9759
425
3402
1379
9424
4027
4267
2220
6189
3895
1007
8234
632
3270
2719
8017
2942
4023
8090
3960
3031
3927
8558
3520
3000
216
3326
6895
86
5472
2331
6197
2249
5733
7577
1673
9760
8196
3893
2302
8443
1253
6888
9075
875
9607
3444
169
9982
1534
4130
9365
1814
9040
2885
1166
9256
2564
8061
5694
4388
6745
1892
6637
2478
5821
4663
8591
369
8556
893
8812
6161
4133
4239
7037
92
7683
7206
74
5569
7688
9440
7383
3081
8677
8550
2337
1241
2963
8032
5629
6060
6276
8619
8539
8449
3282
7130
8818
8190
4375
7630
4352
4860
8221
7741
4952
2256
4947
5026
4177
8988
4466
7913
2069
3144
2815
758
737
5778
5142
2719
8191
1418
1338
6730
6219
972
212
5037
9162
939
2667
9866
5799
7240
7607
751
9496
8907
2129
3674
7895
6596
1587
6316
6092
4402
7074
6829
6532
2217
5900
4723
9987
7238
7805
6207
4562
4369
1244
3725
5308
264
3591
1107
7504
7551
8210
3353
6458
340
7027
4353
3288
4966
7021
9380
5720
4095
2561
8604
6312
8462
3328
6300
2052
7485
8859
6615
1855
103
6692
7163
367
6635
4623
4224
4186
9185
7577
644
5877
956
1349
9165
2274
8370
4897
7994
2466
3811
6598
5130
2273
6278
7782
677
116
6641
7292
1971
3097
336
5486
3464
6972
109
4040
1158
5647
7969
8155
1524
5277
9504
7042
3903
4227
8291
8249
6693
2102
1200
8175
727
7478
5958
1405
7594
8951
5049
5917
2048
5386
1404
1865
2358
7865
5905
9868
3512
227
8023
1389
5504
3880
4783
5760
8107
3074
4009
1152
1529
5209
9327
2256
9040
1637
13
6634
589
5063
2552
2637
6801
308
4502
5511
8173
6760
5379
8038
6987
9755
5779
8843
3635
562
4603
8094
9988
4965
9246
1517
174
4925
126
9214
2915
6491
2201
3504
7906
1105
2493
4707
1413
6996
218
5938
108
1950
3976
3447
1705
9755
8642
1692
6669
9598
9786
6658
4563
5384
4527
4737
309
1005
304
3224
7497
2505
3080
1755
3610
5574
6463
1375
8922
3033
7313
5382
1335
1290
8829
3040
7397
7471
1084
4067
7069
870
7077
7984
2606
7956
2722
9268
8962
9378
8844
2811
1883
1925
4566
1845
3851
7381
9572
9125
6767
6885
4507
8102
4527
3336
7495
1925
7159
8579
2344
581
5802
5773
8565
8408
3729
1287
4028
2691
7017
2873
1854
5252
4798
2773
7097
5001
154
6669
4126
3273
9907
8633
1376
4434
8321
8871
2711
5480
3802
1407
6061
9604
7180
4627
4365
7262
2266
8393
6305
9284
1266
8160
4536
2416
933
7986
7417
7439
1007
7895
713
914
6528
2089
1701
4849
7312
764
6682
7466
8524
2743
3423
5704
7370
7788
9318
5989
2533
5624
5273
152
3784
6161
8920
1069
4147
2690
4860
1507
585
5573
8773
7114
4014
474
8315
7678
7591
4997
5145
6115
4093
8568
8171
7815
2708
7490
3804
1593
3114
5429
1745
3250
7943
7018
4319
2090
9708
5531
9949
293
1105
8723
3759
1471
5549
8427
9150
3140
9776
647
5607
3869
9215
3779
1685
1923
7621
5489
3516
735
7271
1614
3985
5214
8632
4656
3656
4692
187
3606
1337
7644
8681
1449
9116
4230
9876
4618
7371
9652
5265
9330
3522
832
3109
1559
9107
730
3400
8975
7817
671
589
8154
5885
5573
9162
5894
265
5702
9500
1603
3346
8181
3052
8814
8763
9280
9784
2486
8932
5049
1817
8806
5881
4926
6717
4988
2009
118
3964
9826
7141
905
4333
9379
2831
3495
5273
3096
9197
1125
1051
8896
9306
455
4062
8069
9735
3847
556
5020
5248
2373
178
1130
3651
6896
2470
2012
3366
2786
8191
507
44
2524
9886
2875
6019
1511
2323
1569
2636
3375
6817
1942
3830
879
6364
9918
4726
3272
4938
9975
1997
1468
7457
2000
4716
6279
4013
8082
5418
2204
4942
5462
1080
1180
4689
3451
2692
7012
5020
5328
6739
1837
7271
570
2717
9987
6840
3795
3259
8130
122
1608
9598
7579
3608
4315
211
3973
8749
5629
2529
3691
1091
3609
4872
2132
7061
7564
9144
8433
2892
5884
6623
6515
2806
5692
6502
9646
9487
6113
7776
9610
7721
3726
3541
7682
8041
3752
1655
6791
9381
537
6834
6824
4146
1706
8956
7559
9270
4453
2345
8515
6689
8968
5030
9495
4660
1533
5493
499
3998
9621
6461
8072
3347
6355
2106
7741
107
3761
884
5841
650
7718
9017
4797
5777
4326
8708
1399
5131
1053
9914
1820
21
4945
1315
1033
2830
3160
7885
3180
9133
4346
1252
8832
701
3358
2925
7161
3472
3809
3002
4122
7880
8371
5271
9
9049
3980
1408
4180
1385
1323
6000
1407
2620
3667
8792
5450
6827
6677
4982
2312
7376
6235
1145
8077
5945
4070
5238
5769
4232
4592
6244
2112
9316
1515
2121
8365
1847
3529
2546
3233
1204
8546
992
3824
2214
9784
5626
5393
2814
609
7706
190
3196
5203
4619
5493
9273
9858
7615
3505
802
3859
1969
6470
5374
442
4836
3574
3972
3734
6807
1528
2280
4151
1705
846
3935
7331
2592
3101
4292
6650
3291
3840
1853
7911
5686
1126
4121
3301
984
1275
7160
2953
4098
8886
3396
8934
2460
3720
2668
5619
1600
1300
9770
3305
8499
58
6989
1091
3159
1281
7741
2803
1474
5946
7066
3512
7072
7539
6813
4408
5166
325
7362
9264
9211
7110
4550
8024
7182
7218
3643
8782
4871
9766
2088
3370
9824
9077
813
9335
6710
4906
8490
4536
852
5556
8048
4276
9447
1213
8685
4614
1538
6047
3878
7102
9509
8429
1478
6691
1999
1473
5473
3222
1239
7561
2944
7415
2990
3757
6751
9701
8663
5241
4237
9515
7150
8638
3792
6597
9851
8829
1211
1390
4876
1442
4844
737
6223
6322
7428
4574
4147
2901
7797
5387
6815
7093
2802
9805
851
5905
5858
5866
1147
96
1734
4649
8734
1878
1246
4937
707
8810
6327
1935
6604
7523
2672
2827
197
100
3753
4345
9353
7902
6084
2520
4996
8886
8678
2199
1144
4536
8065
2291
984
9799
3292
9718
1677
4538
4656
2384
3348
7335
4319
9952
1211
6991
9131
7760
3443
2885
2105
9149
787
8189
1669
2135
3428
6699
4334
4572
1236
2400
3215
2220
8551
6507
8291
229
7397
9299
8965
7098
2986
3285
3402
549
6628
2534
8310
6424
1771
415
5573
8910
4957
3594
1046
4737
6646
5380
5661
7882
4132
5228
6454
2684
8087
1097
9265
5484
396
8230
2582
9735
7867
5985
284
848
4871
8594
7272
6642
5362
9197
5552
6671
9143
2950
7760
5789
4683
3421
3671
8815
8649
6478
7851
3088
7575
7116
8572
7972
1699
7507
4059
9566
9844
4343
6766
4715
9290
4038
7709
4652
3235
3261
7675
8731
2564
5435
4520
7247
8856
4544
6062
3857
1022
266
6945
8597
7382
1869
2921
5433
9376
6980
1352
9220
1324
8118
287
6966
2157
7996
1618
1744
7610
9293
475
174
1080
1348
7421
9936
5892
9835
145
6914
6453
3442
5511
188
5311
8433
5621
1040
1765
6973
6612
9441
1444
6900
6407
9953
1248
4377
1697
8858
22
8525
5384
1102
6225
9157
7390
2117
5345
7535
9031
1798
977
894
1986
2641
5679
7608
3681
7445
933
6645
3238
2377
9897
9646
2330
1146
4023
380
6356
4046
5257
1741
1500
1482
7250
8891
9951
2595
2778
5334
746
108
6228
2732
2749
8260
6692
2782
5705
3978
9427
5295
6355
5677
4941
5038
6823
5317
1770
9531
9363
3379
7624
7215
1213
4875
6106
1164
3822
8885
6498
4568
8993
9078
7301
8094
7338
345
876
9395
4323
6655
4691
7031
2332
5984
8421
5507
1301
6543
5039
7016
9922
2663
4232
7487
3890
338
8651
7713
9223
1501
2281
4568
579
5934
2662
4270
2632
9890
17
6955
2898
4708
338
1582
693
8759
7090
8346
5302
8481
5363
1576
7496
9595
9063
1387
9933
7714
5452
5509
5567
7733
77
2499
20
9092
6769
2652
5334
3138
5959
8232
7847
6298
6167
4892
1409
3257
3238
6712
8090
8601
8288
5586
8196
7352
3325
4482
1418
8777
9991
3338
2863
6420
5837
2883
1864
8958
1887
7199
2096
4198
1783
6295
496
7950
7539
1906
7559
7130
4970
5649
5731
9610
7588
280
6962
913
1114
4733
9691
7457
8071
8906
3877
260
1789
5742
9218
28
9293
7666
4226
1076
3962
1075
9027
1501
9333
2938
8631
655
8588
715
265
2528
7347
3580
3441
4813
8313
9484
2270
2736
8390
2499
2996
6531
8241
8566
2911
3886
6232
3490
4963
6546
917
342
8048
250
3280
3031
905
8220
98
1170
748
3797
4750
542
8610
9415
6378
880
8503
1121
3380
1499
4004
7973
6417
6916
8212
2650
6758
9527
9196
7675
9869
3596
7925
9501
2980
5182
7722
3078
2704
4822
3228
3807
1716
1838
9574
4447
9071
8078
5568
8803
5929
5924
3128
2347
9192
1340
1349
5950
867
6897
3625
7088
494
7902
6590
9826
3084
664
9256
2141
5486
2484
5948
3555
4323
5522
8002
9746
9952
9922
8549
5882
5846
1677
4581
5039
9370
5930
7341
237
2827
967
7326
9673
5221
3916
5851
4658
932
5108
6799
6418
7592
9099
6325
8267
4621
4327
8013
926
4249
6562
6808
6448
4592
1389
7839
3962
3671
5180
551
2850
6147
4229
8876
7721
4497
4727
2379
5429
9835
9178
8200
3780
4629
4525
2047
5602
5205
61
6528
9454
2975
3336
2254
3919
1077
93
4233
4748
5274
4785
3951
7773
5366
2827
5494
9864
7554
7873
5293
3742
3403
3493
7522
8032
4371
9569
3635
9576
5982
163
5382
8958
9852
7637
9229
7281
7730
3463
2030
9356
4600
2333
7130
9966
5160
8976
9830
9066
6850
5124
9160
6605
4969
6682
4638
9340
2604
4625
8916
8586
1140
4299
3896
992
8288
3126
8274
2370
2941
6656
1727
7541
5341
8857
7507
501
7833
7338
5919
1035
8814
5080
3993
135
8114
4983
9476
7070
9608
4744
2009
7100
5395
5905
4445
3683
5383
2719
6054
8324
5727
4133
5865
1068
9342
9725
7921
3527
7063
3840
915
2229
5272
4908
2364
9739
9891
8192
6809
5851
2937
8818
2951
4684
4724
7396
4720
6459
6467
7126
4784
8546
1259
7001
9614
601
6726
3887
4128
141
4080
5043
2370
5704
9951
1087
5443
6194
9279
2253
2045
2216
1071
1349
3253
2147
8745
7973
8607
1565
5099
9743
111
6358
3096
6078
6959
6175
9965
7439
6316
397
8835
5039
6102
5138
2478
1545
1333
1757
3798
9730
326
1222
1079
3579
3369
6177
1552
8328
7742
6651
4423
7853
9361
7520
3931
2672
3695
249
111
6363
646
5298
7754
6748
437
232
8294
8122
8342
8444
7852
8668
9666
5284
2247
3036
1461
151
7716
9203
6802
2140
3408
6163
9660
7340
8835
9707
3941
5298
2422
4587
597
6529
7688
7386
6761
5982
5508
5103
778
9712
123
445
1348
2370
9833
2809
8873
7549
8364
2027
9689
1773
4542
5701
5465
9729
1760
5758
5028
535
345
1977
7064
8033
5715
177
367
1223
1633
1146
7287
1756
1591
8636
479
1424
7797
9352
5325
6162
1380
5015
4287
5922
7068
6104
5652
8829
1862
7032
5716
8559
5361
2780
6593
1076
2957
6960
8651
4590
4458
2290
2699
6049
7278
3178
3825
5076
8882
9151
7590
262
518
1877
2537
7586
4333
4541
2767
2547
7925
8483
1106
9638
7615
4051
714
6925
7364
5717
7867
1822
4359
566
4224
1638
96
8049
6714
8979
3552
4304
9241
4070
2533
8130
8009
3218
2671
7128
5765
6948
1964
6871
6586
9579
7275
3652
2856
4639
9369
724
6461
3729
7642
685
1719
7739
5087
8433
6718
4991
9089
2311
9062
1622
6794
3423
4840
9465
551
6957
2766
2515
180
9352
8447
7455
3005
1303
2094
8726
8379
4908
8807
6022
1945
526
113
7032
5311
6831
2024
4400
5494
7438
6022
2288
7213
7214
8106
7764
4171
872
6632
704
6576
1431
8159
5933
9086
6606
1012
7466
1514
9819
9840
9811
6698
9953
3196
2009
3136
5220
6410
8630
9010
8784
919
6223
5999
5377
339
6522
2601
3323
7226
9177
4754
1738
5111
3841
4696
6123
7659
2562
2294
7499
2373
8992
7452
5569
7354
588
7141
116
5570
2503
8900
2841
5078
1251
8218
5418
7774
819
5093
1352
9997
6200
9442
1460
6393
4138
3935
4052
3052
2581
7903
5426
7926
1707
7347
5280
2295
4489
5396
4217
6992
648
7059
2071
1900
5277
3841
9674
2449
5286
7378
8798
1486
3173
6610
4231
7311
545
4635
6716
3126
2538
2142
7404
4245
9489
2684
2892
330
4432
7110
7323
5081
521
5746
6981
2150
5939
3007
4599
1225
6737
3397
9064
9910
6359
3295
3574
6904
7931
290
6383
6821
2432
139
1067
8273
2824
311
8604
3608
3773
2279
5041
4294
4377
8374
6445
316
1381
7396
7893
8119
7146
3309
4381
3505
6605
7955
6762
888
8245
3145
7709
7029
9636
8776
1655
8812
9088
6611
2421
2861
5242
7462
3508
9619
2189
9953
6287
3570
7349
532
8041
847
3842
2423
4353
6799
6730
1115
7687
1328
612
5396
8357
248
525
6364
9061
5965
2975
1482
5178
4569
5296
8686
540
3837
4991
6827
7408
8693
3712
1801
9540
3906
576
3893
705
7307
5008
8392
8635
1972
140
3344
2221
665
6061
1282
2982
5388
9116
8161
9958
764
3199
498
4602
8191
3678
8362
3236
7390
6515
2776
1296
7092
3022
8353
751
4382
6745
5738
6355
3237
5434
8576
3903
1495
6210
6885
6884
1678
1398
3194
8794
4598
3692
9748
9141
7370
8110
2377
1112
978
1505
8760
8070
4527
7113
5173
8910
210
911
5265
3448
2697
193
3703
4193
6403
6940
7429
4433
8339
623
3227
9289
667
2976
8430
4390
7438
7159
5502
8416
8664
615
2838
3192
7728
8011
2102
7939
5274
3719
7739
7972
3912
1442
8517
6667
8382
5946
1100
3073
2921
679
2362
3588
7
7144
4330
7446
655
9833
2214
9320
448
1405
8864
4528
9416
7318
8819
1043
1037
6558
9015
1301
8000
7532
7968
2735
9830
5420
2160
9103
2451
875
2691
2459
8019
7022
6257
5027
3207
8471
699
7
6228
9563
4535
1997
3233
3355
3040
4270
6265
2055
1923
4266
5939
9891
3353
2121
1663
5513
1224
4114
6388
267
6573
760
3641
9182
2139
6848
4006
2838
3207
234
8753
4095
2231
1986
7450
5271
2608
3715
3678
4531
4333
5969
774
4038
8090
2437
5904
5666
2903
8644
5934
5829
9404
9575
5011
7895
2776
9017
733
2335
9252
9486
6430
7835
1472
3880
3107
4080
3948
3137
4963
4633
5459
5737
5024
3549
8174
928
9216
7430
9572
1502
3259
5329
1077
4622
3224
205
3640
310
2541
9244
9796
8971
7079
7621
9204
6538
8053
9504
6028
3017
489
1487
5106
5513
1388
9633
6441
604
7063
2366
8458
322
4047
9536
4944
7271
6093
4936
3933
8634
532
82
3958
7612
7703
3162
502
2108
9018
2882
1477
9507
4369
6584
5021
5758
6217
7814
2714
9632
180
1173
9954
4227
7061
1250
7851
3154
2539
1784
8141
3071
8218
8451
7035
2273
7965
3890
4382
6983
6772
2211
6490
1142
5147
1511
3252
1364
9326
5966
996
5858
3491
7302
6438
6904
4905
641
6411
3796
8777
4552
3219
6996
9355
255
9269
7320
497
3
4303
7269
2215
7145
4763
7362
8657
8015
5079
4335
334
2427
6545
177
6082
9335
7082
7339
9976
3493
1135
8754
4397
4354
2102
3752
961
1371
7424
1458
7727
8079
8728
9942
5224
9843
3656
3881
4211
5087
4568
897
7515
7466
1074
3597
6801
4508
936
6778
8001
8423
1884
8750
2777
3986
8854
3739
1709
6278
5197
9436
4357
277
5730
9582
6473
9387
9815
684
4474
736
1581
8341
4554
9007
8290
1355
3516
5578
4485
7869
4001
2721
6620
3131
6707
1826
6870
4769
8105
8419
4205
8814
5049
6288
4748
1522
5675
916
2206
6501
8004
139
1195
2558
9146
9485
3913
2662
1416
4751
6884
5417
7472
3504
8548
4180
5330
1770
5301
9787
6542
5858
4954
1591
2146
9702
9465
7821
618
8023
675
4974
8162
8222
7532
3660
4059
1446
2675
5475
6197
9559
893
21
3063
5793
553
4745
7564
5854
885
4106
1713
5839
2049
3859
5541
1514
8033
2512
9537
5060
7486
4051
3282
5019
7711
7341
2817
386
2817
5366
9945
62
5387
9360
5855
2293
458
3419
8147
1343
3877
9860
7182
5926
72
9075
3792
8105
1587
9681
3165
5426
3732
2799
6797
7796
6492
5966
4534
9309
7684
4480
9371
9423
192
1579
1716
650
1350
9864
8345
5228
6076
5527
7506
6148
4603
1299
605
2542
980
3770
7968
1065
2921
1117
8861
9414
7083
3395
5075
4767
4227
799
543
772
2378
2259
7774
3728
2123
6120
5308
8200
7999
2815
700
2602
4114
1306
1497
1446
1428
5817
2511
4350
6935
7724
116
370
7472
5191
5138
8051
2342
5681
8823
4720
4292
6598
4801
6416
9070
109
968
7069
2924
1668
6024
3390
9326
7521
4837
755
3338
3700
1457
273
7777
1573
644
5249
3116
2134
3300
5459
4167
8476
179
8459
5074
1332
1227
4144
1442
8547
7565
4366
6568
3589
7757
5894
1110
8946
6649
4449
8998
4458
1074
6775
6031
8070
8376
9148
6556
1677
959
7075
153
7490
5535
1579
8823
3114
2075
265
8014
9640
983
4582
3230
8740
476
692
4038
3478
1493
3037
7936
8920
6164
320
6990
4541
5820
3547
2570
6779
6974
2723
4269
2509
654
3092
1976
2729
9709
9990
8721
693
4572
1951
5785
1400
8996
9824
1230
489
9213
5519
9409
5377
2191
6400
6270
8011
6299
8840
4790
3273
7915
5411
2135
8569
4856
463
7650
4565
6805
6372
5258
1377
4675
1044
9129
3671
868
6712
4161
6433
8583
9922
8162
774
2674
4433
5137
5325
9625
9927
4951
7541
1690
3438
2462
6546
3901
6465
1112
706
2837
6370
8435
3864
7414
3916
7536
4634
6980
8049
7419
5563
7971
5582
2689
646
6367
7826
5971
5992
4105
7274
9885
5796
712
8700
2342
4613
5165
9806
5319
4354
6177
106
8218
9943
4023
5754
930
1003
3803
8349
2919
8127
283
5608
5125
3002
3435
1096
8995
7540
8371
5232
3336
9083
3932
2031
49
5449
1837
1720
9803
8014
1827
8022
4310
2202
3776
5240
3205
3932
9941
6124
8411
6577
1733
3536
9579
5168
984
4926
9060
5707
159
2397
1143
443
4428
1192
5893
2617
2912
5696
632
1091
70
1294
3293
3847
2886
2851
4131
2827
8975
2542
5756
7060
6078
5336
8580
7062
262
7641
2770
6773
6390
3913
3569
7170
1457
9462
9787
721
1510
6771
1813
1581
8065
5106
1780
951
7957
2263
131
3285
4805
5887
6697
7235
7575
5278
649
4190
9271
9771
963
5661
36
4532
2831
1493
346
2618
2215
1857
9390
380
9790
3807
1838
1570
4759
9796
185
1242
9433
4990
7129
6130
8577
4705
7760
9226
5247
7031
8998
6210
2692
5386
7095
1875
6880
3793
846
5447
2002
236
2179
1792
4043
4017
9714
5154
3813
9899
6396
9598
1241
9878
5729
9818
935
3489
5397
6182
521
747
8744
9565
6133
2191
1441
9365
5985
8639
1164
7987
8875
3343
9780
9270
7361
5846
777
7526
2098
3525
7125
3339
3403
9206
9510
690
9047
4907
6872
9568
5654
5617
5486
1787
4160
3279
1153
145
1918
2317
8133
7145
5661
4265
2767
9374
111
3544
6900
8561
3422
377
1901
6825
9583
1411
7516
8631
6318
740
4551
8324
2709
6389
111
6870
9668
7616
7015
7938
9934
1500
5083
1947
5765
7851
7673
2229
7747
4573
790
1169
4951
9043
4347
886
454
8215
9517
3124
8955
421
1448
1665
6810
7912
4887
6479
5528
1902
769
1814
3403
5853
113
5520
56
7786
7749
4155
2360
4892
1677
3663
3935
6024
901
4390
591
6771
3866
9546
7192
1667
7563
4002
9579
8802
6833
1459
705
7603
3274
460
9808
3387
2332
6216
7526
6434
371
6238
1326
2048
9901
5261
4424
802
6003
5015
3925
9870
914
1117
7889
4829
1472
7468
3632
8305
8927
689
2260
8553
1149
8420
8293
9833
4636
5819
6267
5008
2057
7593
3408
1958
9207
7833
9112
5210
9200
3038
1432
6466
507
9321
1296
1979
3141
4928
6637
8421
5617
5249
6974
3118
3670
5267
2951
8306
1086
9219
9666
3143
3164
3075
1453
2371
7260
6918
3934
6460
6308
1718
2927
6815
1040
4223
5147
533
5503
8136
8954
1120
3385
5929
590
7055
7548
3541
1714
4987
9112
1380
4482
8629
4455
5936
7352
1715
9206
1286
4528
1866
3005
7455
5033
397
8030
180
930
9885
8316
6237
1005
8054
8518
7947
1461
6066
7840
3175
1053
3305
4556
5536
1934
9011
7824
9286
7079
3382
6925
1607
5248
6282
5414
281
3031
9796
6814
3961
9681
1482
6550
7038
9536
5068
4985
7350
7487
2825
525
4892
6130
5081
6780
4416
445
956
55
3876
4338
6980
1835
5938
3262
7249
2572
6293
7045
5738
6606
3078
7220
9509
116
3109
4577
1453
459
8416
4278
7336
3309
6761
2418
6441
1177
9215
7398
1232
3091
8088
4564
4926
4027
4178
8527
2951
6823
1924
8689
9782
5002
2261
9291
1470
5370
220
2923
2181
4989
3553
9518
4650
314
8288
1091
7844
7503
8489
5428
6946
2930
6345
8224
6957
523
3103
9908
3699
5027
4949
3481
6381
7210
9124
4203
2581
9344
7126
1114
685
7031
632
5335
3698
5272
6427
1542
9127
1268
3322
2425
4198
9667
649
7507
6543
104
3767
242
1483
8716
3723
7864
5927
2847
2067
4860
8543
5545
2326
9229
2577
2959
916
6275
4583
7343
4169
3711
8612
7491
6136
9162
3511
3138
6670
54
3242
437
296
4726
5506
4019
8942
1433
3218
7362
2645
8113
2907
4971
3694
5484
4282
4611
8111
8866
1954
2280
8929
6918
6124
5065
6081
9635
4555
9103
9689
7798
9540
6337
8876
1398
356
7818
2831
9926
5180
1828
8039
8088
6800
1734
9924
7434
6345
4388
2652
4651
3020
1581
1570
9144
6647
4003
5131
1202
3106
1172
5352
8998
7509
4228
397
4217
8399
9580
4143
3579
7761
8535
8019
913
269
4296
8347
2966
5036
1000
7617
8056
2581
5539
3553
5580
5894
8684
3135
9000
9857
4839
4351
3718
5420
1100
7936
3819
680
8431
3750
8441
6966
8122
5706
3587
8770
4054
6553
3806
1406
523
1862
339
6062
1767
2272
8309
452
1759
7309
6661
6598
8012
379
2018
9112
4667
2189
9793
3099
5940
4586
65
414
293
3653
9184
699
6558
9342
8457
7081
7556
8796
9496
9324
1068
7805
9776
2827
1466
2789
5778
9479
9520
7796
8591
4188
6338
4736
7287
8630
5675
7352
9044
2320
7357
4580
3019
3916
274
1476
7349
7830
6624
6845
7154
7693
1002
3282
6872
2469
2423
2650
8300
1944
6799
6891
6132
3137
1628
3419
1767
7303
7123
7163
9623
833
1743
8994
1101
2017
6822
8450
6199
3446
1648
9706
7491
2650
2988
4364
1471
5412
3366
9771
3708
165
6663
9840
9654
4643
9611
1421
8298
3086
4936
4273
3919
6679
3267
5020
5048
89
3471
1248
9887
1471
954
7379
4121
294
8095
1945
2058
1461
1716
5766
7979
4731
1958
7633
9374
1569
5407
4024
1008
343
8297
4927
3375
1564
6300
8423
8005
6123
6023
4245
7594
3329
1624
8067
9976
9719
12
8386
7532
1729
4153
1863
6460
2463
9497
2187
385
1256
6211
1393
1599
861
2672
4974
2425
8972
9750
6783
5095
2125
1028
9041
1807
9004
7109
1783
5075
7121
169
8959
8850
674
823
1663
3138
320
3850
3523
7928
6413
1268
9527
7274
3940
854
6052
2913
604
9187
4360
9081
6567
3402
888
5571
511
2671
646
7632
9193
5957
2835
9867
6780
4498
9357
3452
4700
9232
1380
7465
500
908
4740
793
8114
7144
58
8718
6331
4418
4151
9250
4172
5040
4821
1035
7711
1819
5020
6904
7776
7855
3124
909
8705
2481
4361
9757
1714
5742
7222
2214
3002
8314
3007
1116
5458
3065
6186
8141
3836
337
3743
4360
5377
8564
5396
9441
6735
416
2697
864
4623
5821
1773
9680
8303
6134
9437
6369
8228
6659
8583
1230
1326
7943
8698
3136
7360
4884
7630
7548
1574
1373
1909
6951
6290
3657
6392
3025
4073
5442
241
5048
1263
2014
4728
5918
4501
4165
2287
9081
7176
871
6664
8502
5166
5362
1639
8878
6599
9269
6427
8173
6994
4688
1476
3284
8345
4221
6310
8770
9663
2903
3818
926
4918
8546
6845
5771
9063
9132
1204
2591
6355
7868
1094
7873
9583
9085
6752
6182
4706
9531
707
1700
571
2183
4985
8916
6404
7647
4038
6067
550
7856
6994
1820
2754
191
3943
8169
9323
5148
760
2031
3016
8206
9904
2599
7291
3008
5133
1997
8891
5840
3698
9462
8024
5035
4730
780
2682
8768
6848
3232
2976
194
1405
2082
385
5348
251
6060
496
7364
8091
3513
5570
7996
2464
2862
7356
7598
1211
6248
9790
4909
5710
4166
9944
441
4947
8978
5561
1795
2211
8538
1989
3616
620
8726
5316
7224
4786
5813
4588
2878
5678
158
7226
4494
3020
4582
2092
4232
830
8235
5493
6541
2401
1790
3334
7348
768
8895
5495
9331
3785
7484
9299
4406
6210
4616
1630
7349
429
6218
227
2459
2728
3805
6953
5749
8387
5398
6333
5570
3633
8178
8463
2386
9968
8149
9735
737
7044
5230
68
830
9067
9368
1588
1629
336
9570
8978
765
2140
5557
9576
4868
9362
6529
6969
4102
1927
9654
6024
1912
7833
4487
4299
4153
2636
4034
4890
6032
5616
1311
3214
4683
7031
1154
2665
7367
724
1643
4484
2864
3553
4060
4085
9267
589
7406
9721
8869
7061
5745
781
1246
6584
5080
5399
5572
5466
290
1605
1083
7953
1171
2118
1336
2326
1135
8703
3050
2779
3187
2267
2684
3599
2704
1951
4188
110
1673
9409
3523
7418
191
4769
355
5271
169
5927
7090
6811
7532
4525
1116
5056
2995
2452
7382
4131
1155
6784
3262
694
9051
5946
4293
8107
4249
4833
4570
5922
4243
8093
9693
786
2863
48
2409
9384
5975
9499
2547
9860
376
3663
4916
3372
6115
2298
7503
3622
9082
7117
4316
4486
9415
4961
2593
3664
6146
7163
9587
6741
1609
9280
7527
824
5680
6289
208
1655
5788
2755
1515
6165
6418
6431
5889
8885
5081
9744
2507
516
6861
3175
5002
6276
4488
3947
9940
6986
7463
5879
3728
9072
1511
7607
6248
7191
3896
6456
8847
6037
5563
6714
8554
8333
9498
4443
7218
4579
4187
6077
5095
7400
5604
6449
28
92
6749
6320
7078
4212
2200
7158
9636
63
4766
5884
7255
5014
8692
2454
1051
4255
9168
5957
2588
5018
400
6158
5950
939
8587
7397
4691
4191
3847
4719
635
6948
7392
7713
1160
9592
1224
7148
9655
2342
9384
3262
3708
8076
5716
4760
8683
1237
7069
7623
6255
7470
133
8557
4761
8720
5955
5805
2911
6154
6876
3546
3102
4268
7611
614
212
5187
4114
6220
7529
3498
9482
1238
7926
1551
2350
2961
2788
9419
584
5395
3241
717
305
4355
5789
6260
160
5052
2414
7036
4950
1868
1305
2561
2482
1517
4101
6596
7737
7982
6446
3572
5572
4372
5123
7922
3685
4263
3694
4269
6010
3287
1338
6315
3994
3479
8927
4154
8531
7693
7543
3481
9561
5200
2394
2043
3069
6495
4991
7159
4478
1437
731
50
2161
2206
4325
5846
2821
4371
6467
8831
7658
4157
1499
1653
7636
426
2159
6167
8120
9702
6000
4033
1254
8395
6077
4324
4890
7420
1483
5720
5210
8566
2123
3723
772
6448
5922
3593
7171
2389
8776
1181
2899
275
2834
6887
7054
1346
9407
1526
7400
5407
5559
8655
3802
7988
9331
5045
5409
814
765
6971
9380
9240
694
6504
5688
6616
97
9211
5358
8873
393
8257
5501
9579
5144
8907
925
4551
433
4678
6311
5992
3333
113
333
2664
1510
2094
9830
2276
9065
9210
1516
6111
5714
3557
2728
2163
9120
4438
7388
9513
9047
9241
9093
4191
8148
6370
5095
8581
1048
1406
926
733
7871
7611
9749
9382
9705
9579
8010
5122
5141
5878
1233
7207
5787
313
5722
4908
4751
3111
773
3798
8704
6218
4342
6853
2589
5789
1786
9989
3547
9064
723
1418
6675
472
7152
2732
6404
1514
7854
7897
7393
9088
5105
9532
9401
827
4440
4153
290
1566
4303
8995
7784
8645
2200
373
4434
3986
363
7981
9403
7438
5752
2430
4262
2904
5163
7018
4419
3017
4916
8164
8457
21
7696
4211
7200
8489
4716
3843
55
9019
2838
4191
7665
1390
4565
8451
1728
1280
6433
1131
5070
8537
3562
9332
1441
5077
2703
2212
4446
7619
6728
2904
3992
4425
7115
1192
9266
1831
5035
5673
7202
4225
9864
1219
1967
4429
9671
3696
2061
2456
1179
3483
993
4741
9168
8786
6170
1871
7351
617
9490
4079
3521
3482
4856
6988
1026
4122
5171
6062
9795
2373
6639
9660
3593
8607
441
9616
8655
8855
2072
9834
2338
9417
928
1506
8203
7098
3377
1906
7715
9219
5986
7588
2701
7194
928
3728
1317
6099
6142
1112
4825
9133
7124
8418
7740
7566
8034
6395
2773
6458
2582
5111
5875
3510
2970
430
608
2699
8689
4676
1919
4675
2264
972
1869
3193
4700
9538
5644
7194
7003
469
6328
4127
5239
420
8045
9625
3168
818
6083
5750
2282
8310
9260
5252
8741
6220
7951
7430
896
6222
8457
9513
7195
6678
9058
8247
2569
4702
1794
9572
1524
8122
3699
6763
4894
8097
6389
4414
8915
2472
164
1197
7135
5776
2801
2228
8349
7105
6010
5597
3327
4467
5110
522
7497
520
5122
66
1575
6916
5990
3099
1390
6042
9862
6284
4139
2603
699
9406
1428
7215
604
8563
9344
9757
791
7693
6862
6801
9642
190
7620
4753
7064
1469
5273
8538
1536
6848
5454
7526
6299
6844
3568
6162
9481
4059
5117
6532
3466
6545
99
422
5108
9443
179
5899
3488
7042
9052
3131
3584
6672
4236
7000
8142
5861
5539
6030
2710
993
9908
5361
4190
9829
1523
3671
3888
2993
6555
7354
9538
6654
4128
4647
2450
4308
6898
2290
7702
5951
5421
1286
8975
6009
4638
3469
1871
177
9499
933
7523
5760
6294
1713
5589
4170
1736
9477
7163
8291
3184
6701
1297
7312
7700
3747
7972
4599
6038
5674
6902
7811
3312
2229
3821
7951
5699
2044
4480
1550
2977
2003
7310
5623
68
2899
9793
8156
8729
3308
2799
8265
10
4097
1929
4062
4196
9902
8661
234
1928
1915
4398
1593
4145
4571
5896
6196
6615
376
7746
9592
8732
5057
5215
8800
4308
1361
6957
3037
4669
9756
7654
1031
205
9584
5094
4402
5838
107
988
7766
2023
1738
5711
2520
6309
1607
8716
2924
1984
2814
8868
7068
7871
4084
5868
8532
1797
9177
7921
6466
5286
5576
7498
1843
1512
2592
6245
7350
9051
3586
1468
1074
5324
7180
9946
1634
5139
8662
910
3475
7829
9779
543
5700
215
2764
584
2012
8293
8506
4830
3579
4082
8680
1775
1946
7624
8020
9296
6676
7958
7116
7750
9635
648
7697
1269
5788
2711
8531
9263
