540
8310
6159
2593
8525
8923
3177
6889
7216
8035
1720
7148
8469
400
8923
415
8025
3295
6063
4701
1254
3180
8803
7241
3828
2852
4862
5968
5564
3393
1584
2456
1704
7743
1401
6581
6666
931
3471
3882
8966
5191
7382
7436
1943
6305
4203
9968
5953
267
1021
3559
9799
9825
800
9979
2677
5662
5948
4593
9055
7532
7050
759
5275
4803
3693
8293
5734
7164
8527
4701
8707
5910
8489
650
8567
2692
6971
4520
9311
7992
8079
9110
7817
8879
9090
6847
4541
1390
1440
9949
5274
4842
7060
549
9646
753
8842
5380
7917
3721
6433
2976
9631
1274
3627
8199
319
598
9071
9630
8590
7151
5093
2760
2382
535
9607
3276
1925
7399
3225
7199
2242
285
4100
1888
1039
9294
3620
5308
3015
54
8285
2647
1328
8264
7198
7999
8862
6269
7630
3804
9772
2723
2916
2155
9610
8875
5431
1535
6275
8656
5086
8517
5293
9186
6757
2684
4832
377
4345
7847
6783
8982
6846
4464
7246
4044
2463
2460
6666
6445
2616
2790
5520
5533
4945
5130
4408
6728
3017
7035
1736
8103
1904
7030
3641
8661
9714
8473
5391
411
6321
8526
9393
3167
9342
6639
3564
1806
5451
6582
4603
8068
9372
124
9953
670
1606
713
7398
4624
7749
5487
9079
9653
2517
2721
8315
8583
1194
58
8995
3867
8584
4740
3387
4279
7732
3303
6085
3183
9885
7040
1251
5609
3516
7556
2631
5123
8270
6382
6099
6019
1869
5178
5672
738
4251
339
5673
5446
6749
4668
5665
1686
5761
9052
5965
3493
2355
8402
6676
8592
5442
4280
4202
5311
1836
6833
434
6458
3215
2885
2477
1436
4415
4502
2174
8667
1193
7848
465
4295
8868
6130
5981
4629
5183
1946
8122
7538
6700
1151
6131
8494
5431
6685
3805
3619
9870
591
78
9438
3476
8907
874
7892
9761
3049
6559
7307
897
3376
1602
6117
9506
7583
747
1041
5881
5221
4932
2581
6372
1063
1075
8155
4100
1233
8127
3970
1824
8205
3408
5301
3464
4283
9545
9578
3684
2456
6885
933
5832
8487
7050
5338
2422
4149
6380
8303
5723
1312
7236
2095
8727
4663
6603
9179
5896
4730
3149
4073
9287
2910
9374
9103
3545
8919
8681
7229
1375
5566
4514
3559
405
1564
8897
2827
2066
1629
7482
7789
2941
1070
6236
8020
5734
2839
7199
7982
3921
6701
2055
3208
9611
7781
2312
9508
3052
7345
6737
779
2912
1251
4338
3317
9167
3236
6145
1233
1217
9979
5374
511
1050
1611
8531
3136
802
2083
1118
4724
8784
9526
4284
4747
3659
2948
4255
6712
294
7344
3843
3206
4947
8182
2875
4114
7770
5372
1700
8987
5352
3426
9498
6402
1389
4382
9538
2192
6465
7008
3268
1601
2886
7552
6348
2898
6853
6955
5962
7147
4299
9805
6705
5598
7987
9580
6064
2109
1305
4116
1097
6657
7543
6947
9411
8932
1329
5301
1124
4146
2309
4392
5747
1548
8297
8447
4446
5150
5402
408
8649
6053
213
5354
1651
4553
1286
7716
6662
2591
1832
7759
5600
9375
1059
5011
4660
2388
312
2136
6535
8974
6529
8634
522
1178
7082
1320
2680
2484
1728
1329
4890
8293
6683
6541
2846
4321
609
9509
6913
2442
3620
8865
8169
4679
3877
2829
3420
541
4966
6307
9515
7847
4941
6389
5377
2023
7709
8057
860
9437
5738
5750
7731
2421
8643
6929
3094
9253
2790
6359
1695
6411
5225
9864
7442
9102
9046
7214
9643
4012
3521
5511
8211
8463
1900
3588
6838
9610
7997
7698
5399
3735
9800
9482
2508
8444
6412
5602
7697
9202
1962
5744
1965
7187
1960
5760
2641
1006
2974
8636
1370
6496
499
5933
1311
2400
9521
8149
2010
3870
5848
3761
7605
2000
3244
113
444
9656
2068
4493
5210
4030
237
7176
7569
2198
2936
6562
9556
2262
1550
7279
8758
2050
3212
69
4450
9086
8219
2812
2956
419
2925
6914
2419
6169
7027
9216
5825
9095
3709
7388
9477
299
4564
3398
8849
3852
9960
8405
6114
7863
2036
1225
9913
5249
1294
715
687
5865
9879
9995
6284
2804
6909
5056
8974
289
624
1151
5736
4333
8539
5214
984
9455
8612
9833
9659
4925
8239
5774
2788
6627
6999
9053
1876
4645
6120
8915
511
5999
8911
3147
5155
2172
4555
481
2461
5179
1633
8198
9513
6524
9764
497
2332
4728
331
1991
9653
4922
7765
8793
1549
1116
7846
9778
2114
318
5045
2625
6317
308
2124
7825
2481
6680
8306
1294
1859
9939
5844
7724
2816
5608
8222
5148
337
4905
7139
9990
6179
1257
5136
4080
8725
9334
210
839
9653
1608
9816
2322
1916
1941
147
749
8621
8454
2044
480
4745
7888
8205
7561
3497
2779
9061
3834
4036
2553
176
6567
3810
1664
6999
8887
999
7210
9727
652
5170
5895
9326
7086
7836
9474
7836
2809
7928
9880
3290
9025
4120
7847
2939
7617
6978
2000
7803
7366
4553
4332
285
4715
5996
7284
3603
6995
846
9682
3999
6016
5577
3326
3103
9766
9152
7291
2575
3432
7171
2217
2457
7643
6416
5396
1613
3394
3749
9416
7112
4654
100
7397
9370
6097
4682
9325
9444
5528
9007
9796
7897
936
9474
7352
702
8626
4643
3278
8410
8166
5495
867
5809
1912
2616
7422
1658
6365
3191
8771
1019
3291
2520
6741
5740
7202
6066
1537
9083
1425
7685
6980
8714
7159
684
9416
2137
5327
9046
547
3493
894
7766
9302
9158
382
3077
816
3099
6268
5939
471
5911
8460
3564
1652
2014
5983
9541
7449
7408
7226
781
6122
737
1465
1891
2874
6792
937
9773
285
1831
7539
5940
7341
4274
5369
8158
7373
1637
449
4196
3900
5261
7761
5552
3628
3744
1445
1077
7504
8671
1859
9979
9408
3324
1870
8634
6469
9159
8407
3106
7343
2299
5398
4684
6573
767
9194
298
2404
5996
847
6305
7609
8608
8209
1237
8704
6007
2315
6208
4678
526
2539
439
202
761
9073
6671
6273
3833
9778
3616
6132
5176
4652
9057
5944
199
5707
4700
2547
6554
7357
156
1514
1919
1394
218
7926
61
2779
8956
587
5318
9395
789
6080
4821
7461
2353
5006
3591
2321
7490
5119
3325
6547
7415
9876
8606
8468
2423
5161
5825
2580
6675
4096
3974
6894
2022
4035
6025
979
974
1343
6726
1763
3775
7899
5576
2480
2905
5519
1153
6747
639
4479
3294
4406
4355
8253
2874
6779
3414
8700
5711
6441
9148
6037
9687
1171
6424
5712
8502
7398
3408
1580
9161
7183
9480
1090
6016
8737
6609
7169
5485
7248
1648
5131
1655
2356
3384
881
5487
6798
5933
1198
9592
5082
3587
9279
6253
11
4992
1107
7409
8400
2687
2922
1935
2167
4012
7951
7257
622
5121
2742
4222
3121
7873
2229
5477
1258
3111
964
4408
9044
8514
4000
4126
2101
3280
6731
2112
4624
7838
5873
9376
6878
8796
1311
9045
9160
5615
2654
9782
736
5396
357
3857
3270
8938
5687
880
2049
3003
1640
7446
1518
1993
7924
9971
1625
1008
8436
6249
8846
4309
1977
5724
9457
3288
1122
8618
5255
3776
4752
5991
5525
1461
6201
5147
400
8240
2379
8801
1243
4019
6247
9113
6012
524
5437
7637
1532
3873
238
6730
4534
2215
8807
3992
1856
9929
8962
7111
57
3714
9455
1934
5176
2008
7081
1928
248
9460
729
7843
9832
3329
6957
2196
3853
2394
6186
5385
2619
6424
2115
7153
4992
922
1145
3200
7203
107
311
3613
174
6118
1899
1702
8126
8981
3630
4726
4793
711
2570
977
4040
5879
3174
4245
4625
9360
5982
7244
2136
4450
749
3480
1724
1895
6680
8928
8354
6992
8893
4880
9462
792
6582
3941
6125
6564
8667
7271
3628
7589
8248
7668
9820
7774
8266
797
3486
4248
4393
5623
8698
5143
9103
423
3390
2136
5703
8096
9128
948
2977
4942
1740
5911
8883
4218
8828
3903
1489
2456
7844
6089
6476
7665
3864
4742
4814
7350
8991
9208
9325
4041
703
4781
4464
4093
6917
6519
8541
2397
7467
1518
7339
9208
3782
2575
9778
2610
6478
1267
1418
4322
3708
7894
8339
7572
2637
9506
1275
7980
8714
6952
2021
9417
8085
2838
9862
1354
9357
8403
103
6825
6274
7443
2385
6408
6370
2163
5370
9200
9782
6788
3522
3490
4682
8214
7415
3671
7720
5042
8003
2786
8346
25
8555
6432
2863
4769
4138
2220
3172
4242
5397
5798
8037
7782
2206
4407
9945
7576
3607
6079
716
3481
9570
1751
8047
3337
5422
2119
8379
3426
4905
3077
9803
9812
9509
9018
4581
0
1238
4106
4242
2988
9904
2279
770
8463
3038
7068
2391
2997
3147
3108
6478
9069
4859
4526
2406
6633
2997
7137
6411
7903
215
6214
4067
6076
5232
8649
6076
2823
2755
6670
5811
9011
8949
2933
7474
8339
1
9866
1336
3149
9326
7815
8570
4185
8693
977
818
1690
4466
7230
5945
1033
9796
13
7110
1381
5014
9538
4204
7769
6209
6367
3132
5158
9300
607
9850
5654
6825
1186
5155
6151
5353
3725
6688
398
1054
3858
8441
5521
7440
4386
6554
7237
751
16
8618
5765
9555
9174
9886
5764
5541
3019
7274
1193
9978
7124
6847
3155
4663
2002
5658
16
5728
2346
415
3134
2556
5208
8655
9997
5946
1562
7234
6698
1578
2204
8815
7485
1378
5054
3249
3271
4425
6876
4464
4403
4000
1312
3910
5015
9666
9568
5032
5394
8266
1799
8529
822
7007
3536
819
2953
1450
4405
6003
9381
2961
4819
6866
4339
6225
6468
3962
650
3344
8427
5053
3696
6091
5315
8712
5757
4883
96
7504
9501
1895
2385
323
5254
2273
7495
4559
76
8252
563
9457
1214
1734
2675
1905
7959
9143
5868
4961
8839
647
6366
2536
6738
1681
7600
8847
6564
7696
2703
2417
5943
1440
2740
1197
3714
6587
2108
3790
4840
2671
9599
6054
757
2274
4311
5068
7770
179
29
6609
826
6395
9145
3916
8076
3097
2764
992
793
1819
9761
6736
3260
2502
4285
6974
5441
6394
7116
281
5417
6715
2687
6175
5341
6999
7595
3111
7178
3977
9721
4357
372
5218
8273
4801
8316
7389
2145
5461
9209
1907
2198
2469
761
2835
5795
6202
9229
2911
6484
999
5978
5523
3526
1319
2522
1121
4431
6053
5098
504
410
1823
2074
5035
2976
390
2425
5121
2204
1634
3380
4402
455
493
3589
6250
6696
9171
5513
9532
170
1491
5055
3696
9162
3930
1169
9945
6335
6268
449
6745
4443
8876
8132
7419
9266
557
8892
1470
8543
2273
2224
8998
9118
2166
1600
5814
1337
7113
1698
1507
4956
3106
1555
4119
7036
2724
416
9723
8992
7218
2820
3435
6094
952
7206
1712
7862
6099
3183
6405
4724
1759
1756
3842
277
9708
6009
1614
6822
7707
9473
8130
813
1028
2249
4201
3753
9018
3924
9097
6236
6744
2533
2330
4049
6091
4042
1911
2190
3577
4668
3266
1689
6424
7109
1966
2485
9470
3581
5659
7177
3054
3789
4343
4083
2391
4896
4188
1409
5173
3285
7645
8269
5818
9975
2318
8262
369
581
452
3947
5250
71
5636
8026
7180
3954
511
3002
7535
6170
6531
6942
6312
874
7377
8703
2123
1565
112
3648
4850
4109
1917
7021
436
588
5283
805
7521
2087
1104
2771
2158
6740
7150
5690
7047
4013
8692
4582
184
5224
7876
2848
2450
5253
1551
925
6818
8015
4573
1669
2124
2843
8690
2560
9783
325
9717
7304
2412
822
6428
4571
3914
3578
261
961
7591
8954
1896
4127
530
9772
6975
2980
5026
4878
258
1844
2893
4831
9865
1369
7674
4907
281
3809
5232
9999
1114
7645
7173
7542
2216
1087
1120
8829
8401
5063
4135
297
9191
4665
6421
6166
3998
1447
7397
4256
9644
290
5439
5861
1660
9466
769
1941
3275
2353
8292
4389
9998
5465
8283
8566
2905
9403
7396
1306
819
1531
7955
10
2549
4376
2528
2899
2176
9925
7155
8172
6568
2594
4033
8228
8412
1154
6521
1688
3508
4814
2429
9858
6631
713
8425
9536
6468
2173
7194
7287
56
5149
3649
2605
5878
6178
5504
8054
2455
9011
2578
9023
7958
2963
3603
6370
470
125
4410
3978
1291
6840
188
7922
7553
8613
7459
373
786
4653
7661
843
6155
7662
9800
2033
3840
5305
6439
2648
668
9017
8023
8626
8332
1627
4997
8802
1752
9407
9132
3043
2599
9321
965
152
7934
4776
6878
5073
9430
4539
2268
5585
2201
2068
3970
2394
3725
409
1394
4394
5778
9417
3020
4110
1044
4369
9265
9148
129
8397
8543
2728
7718
5861
9233
2005
637
6111
7078
6419
7002
5698
8356
5555
7766
2326
7949
1492
2735
5695
5886
4865
5113
5258
8976
2509
9628
8241
8010
9757
2990
2905
2485
709
8766
1718
2714
5756
4181
6144
2175
1183
1842
532
6739
5960
9210
1040
7452
1946
6736
9690
6811
8201
1301
2139
7062
929
6732
5072
7038
9723
4330
5875
432
3096
3946
9498
5204
8127
1994
3732
9311
3836
4264
2402
9796
9826
3442
3601
8124
178
9643
4936
4731
944
3427
1794
8225
160
3218
1615
6235
7548
7491
6667
6997
7789
2517
2201
2268
4511
5933
7931
4699
6549
333
847
6376
3776
800
4500
3954
444
5788
8686
7740
5568
6832
2318
2080
50
3933
8315
3951
7776
1334
948
5565
203
9501
4186
4714
5435
2117
5765
8336
2451
2964
1064
2579
3765
1917
2885
561
4057
7923
4653
9625
4755
6971
1705
1158
905
6372
5109
5033
7706
6057
6951
7909
5558
1137
8975
7345
9606
1092
2034
2057
4057
3098
988
4174
5015
3874
1087
9073
1797
5740
8698
2905
9064
6756
4063
6321
3128
9172
1354
7187
1581
8305
1448
3491
5794
6776
837
5401
7868
2871
3810
8277
2321
4799
8803
7337
8673
9890
6410
6822
1983
1460
9727
7399
4568
3790
3720
4049
9314
1426
1236
895
9732
9036
4387
5526
5812
1576
7279
33
799
1090
4662
3120
5889
3466
457
914
9708
3219
4088
8043
1032
3816
5442
5600
3958
5514
9649
9625
6941
7237
6872
3025
2626
1259
4903
8438
9187
2183
4823
9986
3273
9486
3107
5514
9304
9916
6428
9012
3136
516
3408
4168
684
5202
6120
995
717
5770
6972
4010
9359
3844
7035
1985
5104
1938
6776
643
4121
7951
630
3746
3789
89
9260
3093
5
2040
8458
3141
8909
1866
3661
5945
7068
9782
6940
7785
1904
264
8147
7615
4109
5182
5953
5565
3473
9081
6208
3946
7032
6838
7693
822
6927
3305
3915
3285
5346
8725
2778
4255
591
6440
200
4012
2574
3493
8149
4478
3757
6297
8445
7866
1479
4398
3431
4952
3479
9640
8899
6864
2830
2944
7686
6110
6249
7953
9395
1595
6679
2173
5850
3622
4965
2403
7634
7539
5896
5784
8369
9653
2081
3167
3872
9912
7565
7303
1217
7397
3295
116
4261
2478
3060
8299
4940
5661
2604
687
7257
5635
9212
9459
5610
4178
1862
3244
8069
4110
5380
2791
3764
3813
5958
3988
78
9875
1291
1295
7272
939
7763
7885
9769
7175
2536
4709
2836
1493
5396
93
3480
960
5905
9090
5138
7767
8687
9560
1878
419
2351
1994
4233
8309
2334
663
4536
9977
1958
8161
916
9721
6046
7037
6896
4935
1746
6084
2780
3494
6178
6260
4455
2083
5351
5945
6202
4038
5505
4432
4457
4208
2778
5042
8869
5112
5705
3406
5090
4015
1567
2358
88
3965
9396
3336
8900
7494
9421
1680
7341
5599
7941
8148
4034
9644
445
6588
3682
2303
7373
4491
6511
151
5886
5381
1616
7943
8787
3058
1959
354
5416
8399
4319
1164
1736
9572
5011
1157
7604
8704
3108
1897
6852
3494
1541
7297
6434
1575
9600
3807
2419
2464
311
8305
7845
8279
6248
2984
1337
4559
9690
3105
9311
361
622
1047
6285
5633
8556
3890
4337
8016
2139
7541
1510
3681
1190
7944
1608
7143
8104
4027
9607
8415
2332
3804
6694
4933
6788
4383
5844
2830
7488
1507
3191
8110
2554
5829
95
7462
9719
4432
5478
1858
8325
6988
1891
9516
1285
3500
6659
5741
7527
6266
4156
6212
70
7202
7497
3210
1585
3341
2392
5425
4849
1935
9888
3755
7764
9983
1218
3835
768
3048
5694
9093
6389
3937
8609
7674
7437
5268
3415
1317
7886
3923
7529
4308
7477
5026
3870
9062
4719
6262
839
5920
8198
727
9676
2314
711
7246
6150
1479
294
8196
6924
6683
2133
5534
709
5923
7154
476
7240
5041
751
4769
5701
8228
6147
9572
3642
866
5834
4482
3139
384
5209
9167
2699
2272
2765
5201
103
3059
3397
7028
6095
5530
8914
3156
1453
6068
9985
8693
7461
736
9814
3163
8965
2313
2735
8959
9532
4921
3441
2671
1658
5003
1838
709
7275
4603
5910
3731
4014
9307
759
6461
1189
6025
5970
2643
2093
5955
7688
5907
6691
3855
5422
2008
6168
4509
968
5700
9430
761
8371
7440
5764
6561
8149
9392
1164
4059
3123
1531
9718
234
7992
908
6259
3962
9903
4704
6269
3943
6963
9313
7798
2385
7673
319
6894
8641
2371
2677
5755
7095
117
7871
3656
4619
7263
1173
8678
6738
2704
8397
3324
7048
5657
5935
7363
5560
6992
3632
9503
3955
2945
3654
2693
619
325
5939
5612
2696
8616
7719
9791
5086
5591
9800
9705
9206
973
4735
5945
29
9484
5621
3429
5141
1557
792
7053
8549
777
6557
8856
74
6563
1549
7045
6888
3841
2658
5936
2457
6729
5728
3895
2320
5528
3600
1527
2853
8336
3824
9234
4172
5797
2663
9314
7354
9808
6367
2255
585
9276
7464
659
2191
5365
7705
9079
9206
6715
1368
1664
9796
7096
5559
2117
8976
5512
9996
1829
200
172
7415
4372
5969
78
3686
9676
9886
6406
1931
6823
2034
5747
3835
4226
1113
7892
9657
319
959
1025
1983
755
8121
3895
9224
3449
5759
5572
1630
5959
5744
9045
331
8066
9124
370
7742
5362
6776
6025
8538
8810
1773
2373
3036
2886
6617
9046
3205
7576
71
1541
8331
4545
1788
3908
7994
7547
9480
9625
3506
5225
8670
189
9643
4146
559
7385
5861
3687
9762
751
8850
7887
9476
1886
773
6093
7284
331
3669
7356
8224
8352
1901
12
2260
6247
3911
8093
5872
3769
9670
895
3958
9313
1393
870
3050
3606
4557
2812
4357
3407
700
3833
1646
7825
6278
8930
4508
9947
2638
2732
4652
891
2744
3264
7139
3007
1357
9363
6776
1027
258
7087
340
8004
7957
3390
7962
2514
2555
8672
2274
9607
2505
272
3784
5136
5554
8293
5083
8193
1025
6087
9084
122
9352
2575
3129
709
1939
9906
8089
8549
6993
8429
6553
1302
8172
868
168
7079
9540
2442
6686
8397
9066
470
3533
4621
5115
4969
9166
6141
1056
8250
6263
408
826
5744
7470
9117
2002
5559
7666
8995
340
572
6649
8512
1440
6818
1943
980
5612
4981
5729
4679
1804
9263
5652
6919
4232
4818
3060
1640
9420
5675
2049
6598
1420
5871
5715
3422
1430
3382
8770
8122
3954
5419
2987
1746
2237
4930
9078
4202
9912
4807
5233
1716
4070
885
4987
4654
2055
8048
6295
1475
3723
4696
8074
1495
567
141
4918
8349
3523
3688
6471
3829
5459
9458
1927
4049
741
1005
8251
653
5813
3484
8721
6235
721
3708
7242
2776
8108
9889
603
8184
937
5029
9679
1504
5171
4597
6205
5046
4637
9028
5228
97
4839
7155
4146
5580
8161
8749
2585
326
2233
7658
2913
9306
7718
6507
8434
5827
6396
9037
363
7333
4067
42
5189
9238
992
7746
4284
5629
6775
9512
2078
7966
3020
2576
3546
7533
1325
6131
7859
9910
141
7124
9216
7859
9984
7650
3686
2732
6688
401
6418
7107
444
7959
6345
7788
5706
6981
9769
8833
2846
1848
6799
5866
4424
345
3399
5750
2828
7610
2012
2969
1086
1229
7180
1070
5231
7219
3803
8271
7620
221
5378
8064
8180
1723
2204
238
5057
1974
9071
4255
174
2222
121
950
8919
9872
3052
8099
7482
5065
7420
4920
6294
4601
5991
1525
1820
6146
9797
9440
2719
1527
3857
899
9603
6061
7490
4660
4387
2913
8915
4561
5136
5388
5512
4055
5260
8564
2155
9094
3629
5927
4014
6275
528
6357
4153
2348
2503
302
1789
5222
1829
1998
2474
1432
8059
9964
6092
8799
9229
1359
3360
4365
6747
5224
4773
8359
3789
3280
7453
3770
9207
1468
46
9736
7825
551
8436
6681
853
6577
8255
2682
8575
729
4115
2987
7045
6559
1786
6275
7919
1498
6992
1018
6723
8117
9378
6864
1397
6831
634
6957
4651
7032
3045
8829
7583
1481
5510
8436
8059
117
1119
2986
847
1586
5973
4244
8145
4111
6871
6064
5610
3864
3435
2333
1981
2813
5549
9731
9644
6183
6688
648
9568
9733
5829
7151
7566
7691
5588
5625
7808
3059
8612
8655
4645
937
9252
2790
5049
6123
5207
7011
6339
8642
9344
8321
7807
1245
4404
3803
7428
7444
4451
6996
3529
280
500
1095
7971
6088
3073
5780
5499
8037
787
6496
8974
39
9286
375
2515
845
7386
8854
5839
3082
7175
3646
4327
7931
7450
8108
5375
8253
5104
8904
8534
5604
0
2857
8044
9425
4989
9895
7462
5777
6391
6436
2168
2030
3164
4683
2875
550
3538
5067
3633
7065
8713
7960
4997
2515
6068
6724
769
7525
5629
5655
9481
1981
8512
3878
1406
3502
3773
8868
5631
165
1656
7799
2195
4820
8835
1422
5371
8725
2841
5356
5790
7907
9668
7139
422
2089
3864
7543
9614
5845
3198
5447
4178
1711
9325
5584
1565
9451
804
7196
9616
2460
1347
8163
3633
6534
5937
5356
5259
5131
712
7402
3038
380
4541
9812
8821
4757
7356
4787
602
6906
235
4780
4969
5912
6716
6534
5363
7520
82
1331
6333
7782
5846
6318
4316
8136
1674
5928
3267
2386
3330
2657
9118
7871
2469
7940
8981
6177
2727
5935
9436
9314
7068
4405
5227
3784
7292
590
7657
3726
8274
342
1508
4120
6660
2177
2256
8334
8105
5523
7072
1435
8180
6190
5658
7002
482
4639
9531
9562
575
8967
8876
7643
3373
455
7779
665
7398
5436
743
5672
5778
2252
9792
2438
781
8401
7124
8886
3924
4196
6673
8457
387
2331
1811
7221
3323
1342
6783
3898
310
2012
7893
3683
2467
5672
700
9865
7461
1443
1889
3239
47
1682
2030
828
83
9154
6066
359
3351
9091
5168
90
7775
6979
7311
1098
8322
447
4996
8632
8811
9241
8667
7630
4913
9367
3848
2374
7162
5737
1966
7210
3771
348
4390
206
5854
6809
566
9205
2252
2086
5647
27
9066
9311
1125
3740
6110
2473
2372
4921
1714
1039
2551
2980
6758
6399
1706
272
2137
24
3834
5908
372
8225
6115
6227
1386
3033
1784
3638
1471
7432
3666
537
6743
1143
4277
2853
3617
3001
4126
5331
392
6677
4663
7150
3077
6370
7423
1566
6394
7609
3826
6767
5834
6293
9346
3572
5678
1130
3563
7150
4914
3581
7687
1657
4724
8317
862
8341
1318
4988
25
8063
8018
4688
5213
7447
7410
8988
9013
157
6598
2839
3276
8784
9133
2622
8709
4811
3752
2272
8313
5019
5853
6001
6676
6929
670
3891
5271
8340
5231
1648
6403
3249
2688
7969
696
99
6957
6061
256
9907
8901
3532
5044
4386
2506
3753
5549
2610
2377
3863
7629
4582
6216
658
1511
6886
4549
3134
5226
6132
4782
7982
5734
7471
5951
2782
3922
9260
8844
530
9168
4097
414
564
4835
2920
669
384
5530
3046
599
3160
3980
3167
3818
5491
53
4719
4978
1632
851
9760
5966
2937
3583
1917
5720
3857
1177
4564
4387
345
8661
1153
7261
9848
4073
7930
232
5956
7328
7184
5468
1308
351
5638
3152
6757
357
8130
4741
7560
4242
707
6850
4178
2624
2570
8035
3801
7134
8775
499
2147
9928
7760
1995
4002
2043
8579
6310
5723
5763
1778
3384
2467
7416
6536
9224
4125
1018
317
8037
1612
1024
4887
5790
0
3809
3826
153
943
2601
652
9442
8881
4765
1437
9235
3160
6369
5545
8883
2132
7323
2267
951
1091
5155
6527
1568
2525
6844
5958
4138
4220
7197
9928
572
1007
106
726
8302
9059
7730
7745
7941
8847
9182
3528
2007
1903
9074
7243
4036
2749
9510
1339
193
4666
7867
1761
3543
1063
4071
7681
5284
1269
3962
5856
2276
420
2934
6930
5832
665
4675
125
9512
210
3653
1520
2113
2727
8763
2501
5477
4625
3841
2022
5643
8060
3783
9187
9123
4207
6868
759
5476
7182
6616
4104
7603
9550
1034
3435
6567
2062
3560
6080
2272
3565
3952
4385
6293
9067
6887
8122
3692
7080
144
5688
5140
279
4875
4263
4486
8095
5023
6314
1630
7991
418
9233
3893
7805
9020
461
9867
8932
2893
8491
2497
6845
2876
8790
5912
6115
3264
5956
9547
3408
1644
4687
40
2871
5303
4526
7319
6678
841
8949
1021
7611
8182
1266
1768
3554
8079
7987
2486
972
6478
1335
7817
5707
6478
81
8174
9742
2390
7722
9503
386
8761
9543
3258
416
421
577
3446
7614
9526
4467
1578
4060
2086
3346
3966
165
1334
6452
1138
4164
7787
5307
9871
617
1741
8046
360
4131
5768
9863
4517
4529
5758
4127
1298
2531
1056
4744
146
582
9212
1724
994
1298
1422
4960
7815
9108
7764
8953
3273
1904
613
3144
2521
2354
1190
2881
2837
3310
9096
3706
4192
1206
7834
5490
3738
8890
234
236
5825
5798
1960
3171
3448
9734
4484
1264
8843
2248
6569
2116
4152
7182
5260
3026
5888
2803
5907
8725
6113
1356
2432
305
8914
6618
5795
2652
5508
2382
2888
7685
8180
1200
7209
7981
935
1693
9245
6130
3941
2166
8246
4446
9349
9858
7472
5237
2661
9731
315
5127
7439
2747
1784
6354
9365
3932
5358
1225
6314
8247
5263
846
5799
2472
8827
3086
4165
4424
9216
8106
6591
3814
8904
2292
3673
6376
3881
2686
2460
4196
7813
9899
3295
9598
2605
2660
3530
7964
238
6196
2563
5501
7042
8362
7973
2222
7801
8490
6646
7017
6596
9589
7184
1853
8233
857
4581
2115
9895
7041
2663
7709
3293
5959
3659
5898
4971
3541
3862
1561
9737
6425
7062
3131
1140
1387
5353
8941
9877
8352
2310
2826
4293
9494
4679
2527
6703
5612
994
6599
2654
3657
660
5947
9616
671
1845
940
4212
2060
2501
301
4837
5916
9784
5977
7303
5138
1270
3533
9842
9933
2711
4135
5779
3742
3014
2483
9354
4008
5434
2008
7666
2446
4307
3634
3117
2505
926
3681
4565
3428
334
9402
9344
118
1732
2999
1608
3002
2884
1450
2935
5595
1938
8715
9337
4952
7550
8692
5313
9336
700
9331
1782
1360
2965
1251
3865
244
1284
8430
3672
1618
4184
9368
1736
5916
8719
3345
5271
1604
1147
8206
7199
3085
3273
2889
4390
7175
1581
9703
2863
8633
9034
997
9993
8351
2248
3858
8595
3532
8640
8619
1502
9177
7987
3239
5093
3059
2936
364
4663
4083
4923
8214
3521
4548
1103
7911
8076
9036
7614
939
7670
6648
1937
4015
4999
537
4226
3595
422
9218
2214
1924
8395
6554
1515
9841
5965
4451
6557
628
4887
1480
5194
8408
2381
2650
6319
457
8038
3933
1396
2060
6933
9685
6076
8284
223
302
8231
645
5872
6798
8921
4268
3352
437
4109
9317
1240
666
6297
6127
8499
7843
4535
880
6845
854
7689
4884
1139
5437
6944
8072
5123
3020
6357
1698
9674
940
8695
5547
7738
7616
6167
7442
4405
6628
6759
5646
7294
9408
8125
2145
3604
2661
9377
449
9867
7066
5333
7359
2504
8630
1783
3979
8002
4492
2029
7677
5433
724
9576
3171
4692
2095
614
5450
8723
3725
1096
2369
3134
9221
4515
3090
8234
3892
3539
4454
7311
5225
1813
6167
3855
3596
6498
1857
8089
8527
5886
3522
5603
1814
6693
295
3909
3659
5745
2632
7385
3193
5002
6871
8767
5869
9961
7001
6113
3500
1455
3424
5077
9620
5943
5284
3217
2441
7142
7658
968
9380
1180
6571
1195
4225
3219
5104
7885
5316
7737
1622
8510
9091
8493
7277
4960
8454
630
1073
8306
8438
850
9736
8058
6793
5020
7627
5587
8514
5285
2907
7895
2817
9479
9090
3395
9050
546
1280
4366
4635
9254
2876
3726
7747
6505
5038
2553
7136
2464
859
1926
3314
595
9984
6459
1968
3964
2046
482
9249
4954
8377
2067
785
3819
5462
6187
718
3094
553
1705
2348
9782
5432
6447
6287
6822
9000
9775
9286
9859
1701
8952
6807
8038
5412
5127
2002
3810
5609
1251
5116
339
9670
2253
510
1484
8440
7580
930
8994
9286
9630
5128
1070
6077
7767
7892
5077
7543
7179
1289
5596
2483
4448
9986
7895
9575
1988
8058
1536
9592
3174
1875
5614
5428
8738
3451
220
6318
4381
5566
5604
4012
694
6674
89
8462
919
1519
2357
4450
2808
7953
6933
7256
4292
1181
3183
6280
9239
4719
2224
8765
2947
7839
545
1685
1290
766
4355
2023
6332
6312
6035
3379
9338
2477
1841
257
3996
4198
4707
6804
8503
7993
412
2795
9174
9947
5428
4765
4666
7652
3530
3965
1843
428
2002
3133
7546
6358
5157
3878
2670
7544
7257
2008
21
5450
2266
369
6000
3325
3525
856
1318
3937
3
6844
3884
5431
1609
4903
9436
1492
8868
1279
1920
871
765
5818
3581
2274
9696
2603
9818
3306
4611
6192
5108
3229
6561
1109
2907
87
8317
4225
376
8320
1070
613
104
9031
1868
9540
523
7088
819
8795
7959
7936
4613
7892
210
662
495
29
320
1459
2573
5428
4688
9134
2889
3947
5573
7558
8173
5950
5879
5595
2915
5983
978
4783
5523
1502
1871
2694
6649
6183
631
1263
4075
841
8277
923
7222
8597
2382
9795
377
3422
8930
9619
7370
855
7177
1895
3157
9408
3842
6072
5391
4820
7207
7266
2674
5431
9961
9324
1614
6944
6939
2041
7785
5216
2964
1360
165
1698
1155
542
5121
6437
6513
2491
7293
43
738
450
9451
4580
2875
4843
9400
82
8461
2075
5513
8422
1399
3479
1718
8338
1873
9504
9906
1189
7216
71
2888
8371
6965
8009
4809
3479
6852
8454
9874
7590
5256
9325
8522
8131
520
7922
8214
8982
6349
79
3756
4100
3559
5475
2438
5432
1331
8696
6621
8547
8767
5861
6918
5733
3870
8079
5564
7074
6533
5438
1016
1790
1115
9538
6273
1636
3813
839
618
162
919
4374
4263
830
6201
3053
2614
7532
1750
9235
6079
6869
5097
9350
8954
5319
7429
4518
8746
315
6308
6114
8457
7424
5653
4730
9060
5818
1922
6030
5980
2841
6756
6595
23
2958
9649
2637
6842
7751
1872
2922
4620
3321
8624
3575
4993
6053
4445
91
2720
7106
6205
7529
882
8210
8612
6294
4028
534
2324
6361
9727
5432
2956
9750
4742
2605
2387
1585
6708
611
4507
7681
285
3131
7608
1630
5536
2053
1721
4609
5511
7926
8490
6393
2489
7102
2687
6517
3988
1363
2878
3715
3148
5835
3465
7890
4792
2204
9475
7853
2816
3982
5534
9453
3465
3142
1083
5354
1547
2804
6315
7059
7082
4805
9804
9571
8260
8844
2441
2248
207
1671
5964
3355
3858
5781
1246
5003
7986
7073
2856
7154
7408
8390
6607
7225
7884
7690
2579
9431
6846
5246
6490
3928
6404
2647
9852
4664
1491
2293
3264
8050
3964
9228
7758
4175
1362
5356
9178
5700
2429
2034
2854
9837
6776
5813
7063
4660
9855
5994
4091
6701
1241
6934
6981
3997
9581
6833
8661
1072
5478
1925
5474
5795
7506
3232
9970
5220
8588
9148
920
1018
7534
126
855
4310
2291
4270
8970
2146
265
3061
5199
1506
9995
2180
1855
5928
5366
516
3352
7196
8793
8827
2991
2651
2059
9313
7871
7000
4813
5143
4370
2347
5269
5225
6657
7560
5848
5627
6058
6113
5041
1257
3971
1388
9790
5826
7317
5156
2694
669
2352
1487
5848
1696
4139
4260
1009
8362
1260
5823
3506
5630
4522
5127
7207
1180
9040
3055
3159
5098
5520
8200
2708
9491
9589
2498
5317
3258
4006
8011
279
6358
5851
6128
4406
6342
388
1768
4704
8000
3943
8210
9982
8465
9690
7189
5997
8730
6597
9157
3828
2117
3709
6536
1609
9650
5386
3278
2908
9392
1290
3188
2103
3493
9316
6509
9835
6056
4629
4539
4056
8572
9102
4038
7038
8792
7579
3035
7522
528
8544
7702
2646
2254
591
607
1904
5977
3885
4813
5370
1527
4353
3825
5020
3669
6686
1207
6077
1316
5747
133
9888
1201
523
3278
9993
8102
6314
3867
4983
1210
1569
7629
3464
2160
4588
5369
4490
4825
6534
6212
6353
887
37
7725
908
3075
8933
6985
4391
1032
3470
632
2233
3993
3910
8578
8447
6576
2445
3430
7787
366
7411
7603
8879
1999
9324
9721
6825
5858
5933
9530
3097
2322
3607
4005
5397
8892
990
6141
6276
812
6773
8509
4805
7035
3439
9605
9964
5884
9387
4103
2603
6799
8058
7834
5150
7383
7555
8327
3241
3488
7857
6339
2162
7817
6696
7559
6709
4039
52
2986
4851
3177
7847
6009
6565
1287
1966
6529
3523
1353
6984
2478
4504
5042
312
9655
2425
7867
7982
2019
7707
2192
4710
9869
9
1406
3781
3070
5445
3833
6056
6649
7011
256
2658
9928
1543
4624
6457
1418
2329
9793
3897
6834
1187
4209
2841
9965
2077
7175
1984
9784
9367
3046
9654
5728
4452
9787
8799
6250
3620
1207
9251
6983
1463
1909
6911
9358
2885
9720
777
5214
9513
1026
8400
7053
5235
1241
7018
3664
8417
9002
9801
4136
2048
5807
9865
2852
5594
5016
5454
9214
6223
4705
2550
4039
