2140
2432
3439
3159
9031
3309
5895
3275
4497
9730
653
7147
2223
8959
277
1034
2232
171
9410
6341
9475
7922
4356
4607
5215
1831
5703
8430
3844
7566
475
2337
6351
266
1848
5382
3576
7743
8657
8073
3826
5662
1572
6049
4621
8201
3435
6854
8372
2845
3195
4199
7120
3903
8806
2335
2087
861
7118
2283
8428
3945
4620
1131
4211
6469
2865
7787
564
1522
2212
742
3536
3784
6791
8157
8337
227
1363
3061
9424
911
7260
6544
4814
6067
5232
3253
3280
2350
5537
8060
6295
157
9191
6858
2978
2056
4646
9895
9930
3210
637
3466
6995
7429
1624
1684
4008
9339
4746
9784
250
8358
6329
1417
777
1561
4670
4058
263
207
2118
2910
6717
1310
9768
6047
9718
766
5942
9649
3977
2932
9467
7324
361
7443
9008
721
6783
106
505
7033
8465
3186
4802
9242
1099
5825
9652
1362
2384
1771
624
5453
9433
393
1501
9151
1159
3795
5152
1488
6727
4620
8812
3440
2063
4173
513
8846
4279
1019
2232
9096
557
3386
4691
1657
9211
4343
3019
1596
2466
3644
7049
1899
389
4902
1051
7900
8698
6203
9389
1777
823
4553
1570
9239
8726
2083
4437
9358
9454
6669
8454
12
6408
9497
1669
5619
193
4688
7215
2659
4684
4265
4559
5073
9167
5610
9326
4217
8165
8715
5995
5341
9620
7565
4580
8347
6000
9017
4057
5455
2039
2511
5467
8447
8361
7136
418
8554
8176
7634
1213
9213
8251
5772
638
3770
7734
9964
4340
5900
5031
6687
7593
4652
604
2173
9351
6604
7542
3408
2059
5933
5919
3878
732
632
7366
1151
9186
5543
5137
400
4756
9740
2524
5394
9862
259
1711
4202
2511
6742
889
104
1394
7845
8629
745
4450
2523
4153
2861
4809
6425
6740
5541
3409
458
3044
2596
6001
8181
9348
7109
4273
1872
8856
4136
8483
567
8338
7346
7309
5580
7450
5056
9777
2431
2153
4227
4955
2659
3441
9764
5436
6533
1657
8845
6991
4702
7793
9345
9235
7141
6454
3509
5366
5310
7645
201
2229
2335
7548
9539
4267
1350
947
4045
3782
9452
4624
5089
2111
8065
1205
7547
950
2862
2745
7942
3916
538
7287
3152
7680
93
6661
9398
1756
4306
9599
3985
2993
7147
9876
7261
4850
823
1306
8632
276
5930
73
8739
348
1278
6287
1298
492
5384
5592
4409
5922
9231
3913
