2966
9461
9749
5851
9182
6878
7418
5047
7904
5818
2100
9492
3412
9118
3156
1829
4472
9309
2317
2872
5116
8534
5725
710
3550
1179
6277
6126
2237
8827
165
5203
4640
6266
7407
174
3145
4825
1574
1049
6995
3674
6893
407
9145
6402
8588
3617
5711
906
6490
828
5792
8567
7890
9343
6098
519
5469
8335
5698
1986
3539
339
4604
946
513
7749
2123
8439
5151
9118
2114
2044
9526
7611
8446
4466
7580
510
1724
422
1338
7517
8989
5580
6860
5088
6100
8681
9775
1798
7019
3314
8489
1623
612
5355
5725
9087
3794
7228
8206
5908
9272
4084
9871
4071
4902
7452
4581
6627
7874
2271
4144
3216
4203
7356
4656
303
2389
4431
8454
9408
4098
6943
7383
1062
2298
9460
150
6093
6688
4708
8353
2313
8792
8225
6384
3694
5677
7317
6673
9903
5940
817
9471
143
4525
4127
6799
6914
4911
5253
2674
9009
2196
58
6423
4495
5870
6573
588
2559
1281
8941
4872
6425
3518
7608
6472
5547
4925
3145
1803
7217
3963
1274
3712
8488
5402
511
1755
6665
5764
4429
5674
4313
839
8449
8808
6710
5023
5748
9269
2656
1041
493
9082
4560
8101
1906
6459
9378
5051
8262
6595
9014
9537
6659
3855
1291
7171
1962
7956
9287
6391
9982
3600
3583
8431
8760
293
9806
4508
5914
2463
1902
6407
7897
2814
860
9803
9273
238
4854
7536
3185
221
7073
6196
428
4716
3367
2390
2672
9007
5133
9006
8959
8716
7437
7720
5361
7244
8580
7627
6059
482
386
308
3296
1246
111
2570
7836
1317
6458
7373
7890
9883
3570
4670
4599
6937
3412
3623
2296
4898
2629
1256
3614
66
5328
5328
3662
3908
2955
6073
743
3342
6381
391
940
2844
9313
8777
514
5771
6150
8404
5654
9720
9427
6605
3010
2839
228
1658
7737
2857
2914
7704
9276
4594
9384
9290
4855
2339
5364
1950
2033
1745
2341
2974
4590
8007
8103
1456
3778
605
9860
5785
6678
5639
2390
6040
4831
8971
7698
8920
1828
6965
6624
7456
7911
6008
6747
2766
4700
2111
4716
3085
208
7058
2411
1150
1417
514
2606
5195
7472
8819
7332
4150
4458
6075
6542
9289
1398
592
8210
3226
7557
1186
7035
5469
3547
3782
4587
4599
2245
9304
7684
2453
2714
96
3604
4131
6962
6210
5678
786
5029
9363
1288
5840
5438
7830
1481
6836
8423
6043
6414
2332
3582
9801
4153
7129
3583
8741
8080
2180
8045
2116
4634
7111
2212
4590
7594
5527
7152
3272
6313
8534
2635
7602
4374
4425
5432
5855
7613
207
8251
4028
2540
1833
3829
6693
5314
3765
1786
3394
2297
6183
5510
6931
3294
4075
7873
888
5954
5026
513
2267
3560
9500
9869
4286
3926
1654
141
1539
1861
4744
1919
753
6577
2101
3799
1891
2218
5585
1637
4515
8121
3500
7799
1415
7575
5672
8656
3529
698
5521
2148
610
5021
8370
4896
5299
24
1390
6839
8237
6134
5110
8991
9064
3563
9142
955
5781
1079
8945
6649
9200
2445
4448
6968
6372
6472
5624
6253
3523
7497
8401
4133
2518
6771
5382
4170
3147
6772
7361
1385
9258
2471
6728
8322
2387
5870
5630
8168
6949
4575
1169
2502
7020
1969
9470
3392
8442
1446
9645
1965
8943
4398
2450
7813
1170
7832
1983
669
956
9344
2054
215
8168
8782
4889
555
1004
519
5075
4306
5094
6245
6808
2114
4566
2630
1858
3008
4076
7855
1325
3019
8606
3776
7184
6128
7960
5520
6797
8917
4864
8852
5484
9384
3986
373
6291
1343
7245
1367
2001
2339
3964
8809
806
8530
1439
9016
7891
1867
3224
9216
1238
1830
9344
8422
7958
7305
3942
4755
2574
5159
9959
4410
895
298
1135
7187
1641
8380
4906
3642
720
8870
8803
7878
3752
6594
3246
1643
8461
6470
860
9699
8300
6556
4473
2610
3861
4768
3718
2787
9927
3677
7197
822
327
8333
4361
8320
3065
9267
1962
137
8137
7117
8015
8242
3711
1262
9885
8524
4084
7097
8223
2385
3654
9049
1347
3867
3817
5065
6655
3744
5095
204
918
5422
8537
1632
3743
7955
899
2057
8092
5389
9175
2460
3631
9238
74
9868
7763
4158
6966
2338
6543
6972
7739
4243
839
1556
9308
3846
1652
4403
4051
8923
6178
8940
555
6273
6895
7806
4682
4988
9547
3857
7448
3178
9448
7522
9399
3563
8032
2717
2253
4576
9689
9993
5171
6880
7901
4479
727
9554
5235
4778
8477
7765
3718
5384
4038
614
3190
8720
1954
9090
8930
5754
8620
4730
9628
8019
8293
7660
7088
6898
8588
3129
6891
3759
10
4793
8239
737
699
9826
1867
5528
7591
1937
912
7981
8903
454
6701
857
9544
1983
6611
8165
6713
2591
2536
1358
252
9625
8257
8840
2754
1500
2600
9116
2645
7191
6205
3344
7017
8072
8872
960
10
6136
8941
5265
2943
1994
6123
8839
3978
9086
3356
7043
1678
2245
8402
1930
1870
3011
7122
976
4511
6074
93
3509
3265
6298
3205
6634
723
2078
7594
7085
4566
6535
2350
3861
4882
4825
2701
8860
3912
2409
5903
5590
4654
657
3872
2876
20
7346
3853
884
3421
298
4393
3038
6596
7598
9673
3671
6028
3619
756
6947
6507
9459
808
1389
4284
9861
249
4548
2271
2504
6490
3277
9514
362
6154
9534
4061
7
418
7482
305
1163
520
3253
8762
6545
6925
1142
165
4033
8089
6672
9844
5250
8061
4129
5111
4662
5029
3734
3518
1520
7012
9384
8234
3166
5271
2295
3173
2041
9777
9830
3205
298
9435
8319
6843
6360
9461
3360
6746
3903
32
6590
9153
4445
7071
4264
5459
2101
7999
5330
3621
1363
4714
8207
4529
6337
503
4054
8379
280
3884
1584
6930
3319
9903
126
6032
5716
3486
9130
9619
9871
2072
8772
4316
5496
9389
6128
7597
3740
7810
7570
5103
8876
5777
9632
5214
2632
3686
3593
2913
3922
5177
6195
3593
1432
6321
5977
3500
9808
5107
3120
6031
7180
8244
6699
2676
7633
2827
6625
7725
637
547
2828
9514
2676
8812
1080
5309
8850
4673
4574
9124
6202
769
2718
7634
7091
8695
7486
3251
155
606
9282
3687
5203
5981
6363
9188
5161
9340
6914
5798
6239
9742
1664
8915
4907
9096
4224
3757
3769
8798
2882
9971
5920
1952
3957
3011
647
1444
6262
7154
8402
1896
841
3605
7877
3556
9146
3038
2896
6060
5189
9135
2154
3205
4403
7061
2302
8627
819
2423
3778
53
2395
6050
2005
2704
9061
9004
500
1675
6159
5255
3571
7000
8860
7800
557
8006
7191
9805
418
2380
8941
2573
1937
3344
9634
4239
8323
6805
6663
8453
6858
5410
4503
5215
4466
9916
4220
4967
7943
379
222
7866
7379
5434
5667
4288
9793
2858
4094
211
1590
3035
9136
3527
2731
8771
4119
7406
1928
7134
5860
5139
8896
6715
354
3362
6632
4574
4681
927
4953
4903
8794
8685
6690
4461
2973
6483
3671
7067
3046
1613
6454
2183
1492
9185
7306
1963
6592
9234
5449
8804
725
4345
1871
1080
4060
4855
2006
8741
5783
6960
9997
4577
1997
6687
5390
4970
9522
5413
8390
2568
7026
4844
1103
4870
382
8409
6834
3326
3996
2283
8482
4721
2981
353
2153
7041
5209
4160
5782
992
7472
5779
1921
9469
8818
7311
791
8340
9076
9181
7261
6102
378
8364
7324
7112
3126
510
438
7122
2794
5272
8195
2127
5625
349
9168
7186
861
1302
8178
8333
7082
6451
4154
2252
3762
4945
6945
2838
479
4206
5292
7209
8922
8969
4321
2048
9479
1111
5522
8625
6383
3718
752
8360
419
9920
5547
1280
1223
77
9613
4657
6529
119
6909
6643
5064
3854
5834
1895
4412
1126
5456
3335
6447
6129
1735
5927
7240
7258
4552
9975
7328
1657
4688
7747
1577
235
9027
9152
312
4992
3809
6841
5111
7071
3485
6527
7277
9319
4775
1690
6797
231
1377
9597
6361
9464
5524
9953
6722
6428
6281
4050
8085
969
8149
6015
1204
7176
5167
7868
8520
5329
1062
3631
8752
899
6511
6029
218
1286
4071
3367
1517
1800
9316
7878
1265
1192
7832
4339
7621
4113
8390
2058
1434
6539
8073
2638
68
9593
506
8588
4922
7920
8572
3674
8819
5083
6055
5389
6369
127
8757
4238
8279
4425
2117
9544
5618
6301
3884
3239
6766
8626
1649
8200
1517
6075
7190
1585
5668
4048
6526
6942
1969
1450
6968
788
6533
3023
6178
9254
9502
1287
9844
7782
5712
1961
7326
7682
4614
7562
7273
7732
6188
8923
2284
7706
4998
5826
5643
666
9875
2169
3960
8196
9971
928
5336
2856
3951
1514
2110
9806
9153
1955
7588
1218
268
1266
8900
1235
8829
6174
5319
5017
5097
7604
9075
6447
9782
4719
3465
6009
3240
7425
4205
3212
8353
9542
6068
8656
7408
4531
8462
6562
2838
2402
4132
3106
3669
3032
693
2498
9206
6013
3867
655
9969
2943
7102
6103
7662
567
2113
902
4344
6318
4114
2697
2212
6535
7706
5973
1066
2520
8887
3904
4923
3019
3362
8592
6051
408
7442
1610
6421
1309
8617
2742
4252
5720
5197
1914
2639
7310
9169
6984
9981
3283
6033
8545
9818
3739
4518
7236
6260
3405
1140
7535
6424
855
2479
8828
1263
9921
6790
4036
1230
5407
3130
1835
7479
8327
3749
119
5638
2918
7103
1971
2554
9488
516
8724
3228
5035
5961
5840
4792
3453
9727
1217
4308
2206
6397
5571
2127
9539
5959
9709
1298
9089
1544
8778
7417
1646
8897
3055
916
2352
1378
3470
8192
1894
8547
1420
6929
860
3612
1722
665
3339
9291
4974
1897
2040
6897
4024
1579
2857
86
2877
1946
1630
8007
5715
9628
3256
5122
545
1960
6500
367
153
8395
8914
7925
1676
9774
1538
3398
6792
1229
9041
1766
3127
7433
5015
3503
5364
4224
9941
4594
2523
1572
2601
8238
7552
5858
9713
8097
7818
6213
8465
7971
960
7379
5897
2637
3506
3787
2387
298
1368
1429
8416
4495
5214
9783
4351
579
360
4292
5173
2883
2216
7774
7473
9769
9984
3538
7866
7803
9752
6331
2126
712
63
4375
9701
9921
4514
2089
6571
5883
9870
1339
6730
5084
1122
1081
5663
1482
1726
7188
717
3942
4963
4543
63
4947
8081
7930
9102
4185
613
7581
1250
7028
1956
951
3301
2823
9392
9872
8706
9262
1211
1788
699
8686
2870
2714
6520
948
9903
3590
4890
1218
8133
1306
2517
2566
9236
1620
3104
6201
5553
4354
9582
7509
1657
2883
6684
1050
2756
5390
6664
319
7179
3715
9005
6401
6430
5526
7349
2685
9116
8591
3903
3601
9897
6420
2519
5485
4392
5623
8039
9945
6329
7621
3807
7987
504
491
5389
9612
2234
8405
9932
9413
2121
8937
2166
4903
815
5867
7588
9931
4458
1491
9884
708
4263
2404
2545
8656
8027
584
8601
709
4557
8760
5048
1414
9252
437
1026
1486
5194
958
7251
3667
6248
9417
8570
7063
5284
6158
3347
6094
7649
3231
3154
1913
5635
2052
6921
15
2636
1874
724
3546
635
5772
4960
6239
2561
5986
7725
7755
3297
1328
1423
5897
745
9993
9312
2381
6152
2659
4827
153
5891
4334
8418
7878
6386
1691
7893
5374
3566
8617
8920
553
4389
232
6792
6950
2571
869
1058
5868
2197
2481
8117
9294
8826
7429
1675
1330
89
2854
1484
2332
7188
6254
210
9926
7946
8104
5301
1512
6721
573
8417
7463
806
5209
765
3377
6078
1823
5597
4627
4304
3714
3921
9483
1143
1948
813
7584
4802
8649
6268
8343
4904
6479
8269
2850
935
9922
714
4008
496
9131
1471
7654
4340
2237
1031
6770
412
2980
1397
1069
6694
5318
552
4189
3618
1365
8126
8420
15
4394
3115
4919
7225
7737
4121
8160
7659
1187
2169
4507
318
3640
8513
1010
2229
9544
4132
2642
8876
5529
3711
1922
7199
615
6112
817
1980
590
5589
8347
1336
8705
9618
8562
6442
3739
6722
453
4926
8891
4961
1596
8884
9826
8958
1113
9371
3090
107
4599
4971
170
6522
2170
785
8986
9339
2766
9576
1281
7465
7264
6338
7084
5826
2780
7175
2549
9585
8454
7792
898
50
6676
725
9009
4142
6448
2099
4249
1047
7071
4420
7569
5593
5205
6555
1285
4323
2483
8918
1789
9748
5256
5225
1926
8036
2400
4475
3973
854
8620
4872
905
5296
5597
6266
9438
2045
4717
40
3092
8140
812
7014
86
6017
9921
7723
6693
8757
6641
4834
4857
1897
59
6783
6285
2459
7611
258
9666
6231
5130
571
1527
727
3189
7318
9124
7906
7358
8569
6047
8170
5583
2485
539
1856
208
3584
613
6849
8418
5470
8746
4829
8606
5031
3641
6217
5289
3307
8800
6772
230
327
3851
3419
3997
2976
7677
7707
7897
76
2229
3480
2561
9121
1688
2769
2705
2302
9618
7476
4124
4716
8657
9082
6099
2298
1651
7741
5605
451
4513
5835
7131
8364
5606
1128
7692
3284
5188
5589
3360
7417
5421
5922
6538
7110
5043
5596
5764
1014
9424
6240
5730
8081
5323
8182
380
6974
5923
5985
7426
436
8173
4557
5152
3779
2037
9197
7063
7225
1138
424
995
6560
2698
7533
22
7741
9481
5786
5107
8905
8378
838
6987
53
9020
7367
7028
1295
9704
806
8083
7877
1715
3235
1657
104
8784
8720
7330
9923
5496
4677
2835
8194
2210
2857
2288
8044
4995
7395
6949
3373
4585
288
3427
9957
7655
6807
1252
7360
3965
9335
1589
5680
8923
3246
5784
4059
8319
9466
3982
3815
4143
6817
8362
2706
6026
7002
7102
1021
4397
4051
747
5335
4340
4174
5292
8347
7333
6545
2059
1298
2232
3649
3330
7507
3247
5466
1567
7918
4933
5549
1734
5428
8719
6448
4486
4745
3450
7940
5767
4199
1992
2866
9534
2684
7040
4827
7383
725
7724
5795
2023
6308
5796
5353
3816
9043
819
5383
3314
2104
7284
1400
3885
2355
7848
4723
7101
7650
2664
9220
1849
1008
2086
7736
44
5478
8915
3779
6203
6639
9574
8226
2947
5370
9931
3115
766
7102
4850
4080
9207
2135
5480
9444
4490
9680
519
7943
7330
3183
7163
5531
543
5601
3267
6939
1079
8534
719
3634
5173
6645
8212
4473
2016
8143
3940
9134
5246
8791
9566
805
926
1398
6601
1768
7430
7120
9712
1112
6656
3227
6643
3551
8829
6263
491
6260
4797
7562
9895
6323
4207
8107
7148
2575
2603
1088
1709
4201
9879
7627
1358
7157
9025
7959
8926
6455
1431
8638
7567
4439
8217
563
7991
7046
3178
4834
9659
4327
2396
9554
650
6603
4013
4150
9179
2968
5239
7240
7169
5118
4868
8527
2276
245
2838
7554
6701
622
2544
620
5061
761
7535
9404
4160
713
4238
3819
1393
2986
9725
2043
9590
90
2546
5121
3059
7785
2361
6580
9255
3581
1460
1531
3827
4298
9085
6880
1272
7981
3852
6334
8743
1388
2090
2903
8453
6329
3074
9846
5667
2799
8242
5257
2889
788
6730
2300
4925
5444
8881
4180
9025
341
2064
2852
991
7501
6084
8616
5483
9937
4950
4226
7677
7040
3481
2482
9721
6555
8681
5389
9354
3275
6998
8595
415
81
7248
5340
5525
2481
9520
4550
9174
1584
3755
165
9086
9839
8781
4569
6128
83
5147
157
3476
8628
2640
9549
5183
7673
1290
889
948
4641
5836
1363
4722
3084
6703
247
5565
6223
4797
4739
4160
4904
1257
9598
1096
6390
4167
7224
2826
9314
3734
6302
4294
2726
2203
9477
399
3494
6718
1347
8135
2554
2710
2857
5639
5765
9456
7556
8340
4253
2296
2500
5510
9905
2098
6606
6295
2617
182
9121
8283
3916
1775
2577
6642
331
8406
3393
3825
5124
4740
8312
7679
3802
7521
9670
9567
6977
7226
4260
7582
5874
6760
3092
5779
5211
9698
2075
4180
6233
7548
2464
149
5676
5041
3144
6007
9800
6537
6184
4924
7630
848
8955
1432
4721
8625
7352
8050
5852
1612
5632
1726
4724
5077
7506
6287
1127
5933
468
7360
9833
2932
3862
5509
4325
7006
7868
4125
3543
404
5402
1173
1252
4357
8958
5973
2983
6310
375
5187
4274
2360
3265
8998
7437
771
1638
4916
3056
2106
2277
9242
1390
6139
1103
5715
9497
8972
6193
9392
9376
7947
6918
6981
2304
5876
9306
1639
8538
9682
3178
9164
2042
6444
4514
5831
7215
6152
747
6624
8258
9376
5866
9648
1867
6969
1716
1364
2293
7909
757
8022
5856
7675
1355
4512
9903
661
2504
4793
6695
5682
3957
8737
2126
8471
920
5694
4624
8020
8670
2882
7396
4536
8883
5616
7857
599
6980
6503
4860
4089
4525
7068
8116
5880
7932
4371
2893
436
9164
9589
6119
3121
4678
4597
1593
1951
291
2569
9971
8961
5451
7367
9849
686
2983
4059
1285
6316
562
2497
6757
1439
9565
1226
3671
7498
5597
6564
7934
4762
2505
405
4235
3536
5003
2180
5487
1646
4749
5458
608
6553
2825
457
7239
2161
4516
4877
4829
1430
7374
1586
2869
6940
9164
6540
790
4762
9457
8724
5876
1962
5482
111
5498
6837
2292
985
8483
7041
6443
9091
3594
5621
5901
7186
4134
6769
2063
8963
8200
9437
6901
7421
2729
6066
3962
3519
7180
3419
8596
3056
1733
430
9519
7232
7267
1811
4569
5750
5205
7365
4842
5151
2986
7095
2337
3472
3864
752
8787
8416
6542
2040
5838
9271
8106
6152
9143
1638
5923
7739
1046
4008
8169
566
1240
5436
8729
2162
7538
286
9527
2380
5438
2513
5827
4127
2337
9692
1232
1124
4460
7774
3164
6650
3397
7623
2802
2540
9261
5077
6631
308
9086
1152
7226
6678
2940
5955
8840
479
2594
8367
9211
8032
7232
5039
8511
9569
1083
6095
7045
5543
3869
210
2194
3619
4185
1348
6159
3446
2778
9143
106
8216
6647
3684
4894
9588
5992
87
6419
8586
8454
5630
2970
2039
7021
7833
7960
8104
3929
5006
0
4150
1568
8546
7769
5753
6246
281
5551
9024
5776
2010
3592
2423
5694
8487
8363
8038
8574
4782
6624
3380
6765
5946
1771
138
3780
9732
8243
7709
1090
4595
1859
2658
3141
5981
4763
9387
6262
314
4764
2038
8676
8356
813
723
6843
9177
8761
1769
311
1738
1502
7076
7684
9625
3567
1464
5709
1810
5525
6799
6405
7385
5809
5898
9718
572
5285
2332
7239
6401
722
5915
4758
1535
6638
7953
712
5400
6075
1024
7138
7577
4452
1174
3554
8019
2639
9264
6181
8164
6063
8938
1901
8225
4836
1619
8797
6474
3951
2388
2875
1025
8304
7633
2561
1294
1939
3273
3046
8014
649
6536
1943
1454
7711
5497
5825
350
4761
2007
4866
7177
7297
6768
5402
8486
4739
551
4960
5043
2940
4187
6068
7596
8173
8629
8890
112
8255
8289
8126
5256
4825
6421
6710
2536
1918
2536
9238
3032
895
4105
6561
8192
7225
8315
6678
1964
5218
7990
3359
4510
2178
9428
2106
351
4409
7349
463
2664
5638
4941
7921
6815
1362
4631
5704
9632
3519
1294
9016
4414
1751
5577
8959
8976
244
5637
7293
5463
3628
652
9973
2158
6432
2080
2509
842
5781
9324
3506
7771
4265
1427
4586
1979
2411
6642
7963
5930
7937
6980
6697
9688
2557
5656
8665
2802
7645
2310
4617
7625
2962
4590
9783
9395
3022
8644
237
8803
7968
95
6574
8585
7875
7513
6916
286
4155
4880
2568
2092
1860
5617
8133
769
1273
3150
9923
5271
5460
4540
2896
4774
5483
9032
521
8505
7676
7110
7309
1997
7206
235
6934
1433
4100
3851
1719
8256
5083
639
6700
3295
6257
1185
416
3882
4335
340
5505
6147
1232
8402
7274
6715
3786
7795
1573
1462
1258
8882
9811
4816
5469
6746
6249
9570
6949
7968
4178
2032
4959
7230
1679
7568
4768
2095
1451
9103
8787
6956
1603
20
1710
8877
3087
5496
6672
4660
3311
7930
9894
3122
2746
1716
6220
8995
7638
3169
3315
8168
1553
4627
5398
3232
2195
166
5328
9998
5622
4115
6955
7225
487
5017
2454
9927
6866
9126
4587
177
3409
834
9651
2507
8902
5872
7855
6540
9041
7522
4708
6947
2149
6458
179
697
2977
1859
695
4951
5975
4002
2176
2814
9020
982
2741
5886
108
3681
2415
9869
4515
2066
8729
3417
7938
6584
9957
3332
458
1017
6631
2608
7475
6810
9657
452
8670
352
5403
997
4355
3931
3811
9727
4913
6553
5613
1374
234
4380
7595
1101
6446
6324
870
737
9260
7179
421
9719
8196
7052
8679
2023
214
8336
8828
8884
8688
583
6233
9395
867
6397
9122
5780
2950
1087
3506
9536
5467
7454
6989
1914
3778
7859
9003
3039
1390
9424
9110
9586
2828
4141
7961
3042
2477
6789
8279
7517
7373
4512
6913
8240
909
2387
372
211
3475
231
6099
8942
7685
3088
7208
7815
7299
2563
854
8689
8339
6316
4627
1167
457
2589
4210
9286
9378
2489
6804
3103
3353
69
7695
615
2456
4420
826
2283
4651
6926
7578
8688
6366
1138
6503
3666
3702
3710
8707
2041
26
3335
9561
6836
2276
3771
6122
8006
2612
9278
1110
2317
9347
5157
2932
8156
9577
111
439
580
3389
4369
9268
9755
5508
2124
9773
9210
5834
8481
7603
2212
8168
7164
5400
444
7287
1523
8450
6251
7153
5912
4921
6501
1070
7853
1009
647
4316
7800
7580
7705
2170
3200
7461
7678
5324
3586
3240
7510
8419
7195
6075
6587
4360
1475
3383
7999
9350
1834
603
6504
7746
5524
9357
5168
9729
6718
2168
4046
4518
9748
1751
6688
2948
5564
718
4625
5503
3958
2135
3922
7506
4562
510
8218
2390
245
6217
8092
2079
6820
948
6178
8696
305
1346
8426
7023
3514
2472
7894
3262
575
4582
2563
6140
1653
7188
1643
1963
5675
1917
9469
6590
8779
7687
8980
9025
3905
7072
1104
7077
8021
3634
2126
4678
4981
552
8054
8495
9376
5948
8110
9951
6882
673
2443
8535
4213
438
499
6240
2356
9968
2830
1135
7656
1810
6512
7913
5235
7617
1342
9608
1251
3468
4286
2584
372
8692
7432
9748
4640
5542
6052
1523
2567
8495
58
3132
5286
557
9372
3994
6878
2203
1481
4534
4013
7994
8799
5600
1963
141
5208
9566
9962
5847
2151
334
4539
9583
83
9180
1477
6135
7055
4044
982
7113
7176
6268
4023
6548
262
7253
5103
1744
1787
9117
9738
6938
1069
8053
3431
6278
7619
3393
2125
9770
3728
3016
5705
163
8548
7182
6298
5603
7578
3632
9069
4754
9901
9444
7655
6515
6697
2758
4611
4836
8227
701
1774
9297
8754
5205
1927
6374
8599
404
2496
8679
3420
8202
8842
8321
5384
1492
3924
9315
5124
2993
4069
1377
8789
8076
4245
5486
7187
5208
322
1766
5910
2096
7415
1016
3654
5694
7390
2253
6098
6239
7284
5871
4441
6126
4192
6177
3970
4468
5492
5446
3814
5914
3176
2603
342
7421
8090
3881
8981
8412
5648
4891
6861
3063
5908
515
5110
9650
9120
1208
5889
2756
3431
6682
5234
3975
2860
9204
8444
4704
4650
2258
6970
4178
4861
7313
7951
9303
1194
6933
4068
6842
1824
7281
6258
4084
7796
7720
3735
3268
8928
5976
6024
8712
2659
1258
2687
1871
6814
1131
2927
7816
9741
9898
1995
955
3563
9946
258
4757
3231
678
7952
5056
7959
562
5492
2107
8282
5579
5375
3562
1556
7751
2274
567
5361
1314
8790
8527
2445
8069
6344
8539
7967
4691
9494
1530
989
6104
2640
4221
6783
6944
5629
4742
7506
1121
6850
2140
3053
8577
5702
961
2681
4329
7880
4394
5643
6670
2922
8088
1091
9266
2979
5411
309
2473
6941
1298
8578
5933
1871
1713
2877
7500
6455
383
4974
9657
2523
8027
4587
4578
8988
7268
8907
6868
1662
4550
9890
4584
8990
981
202
1970
6392
511
795
9686
8162
5725
5619
33
7438
4849
7534
246
1584
8860
9903
460
6887
4490
5038
2227
8110
297
9095
9773
4847
5337
709
189
6318
912
8511
9063
7775
9307
8749
2289
5032
720
2323
8823
5569
6209
9069
3506
5069
8972
3966
8308
9815
5356
535
7925
5653
5982
4050
6852
1319
4760
7041
7637
2024
5553
6700
9799
4860
1801
8441
6244
2522
764
5067
4443
3325
488
4301
8394
9461
8267
3054
5628
9975
3589
3553
5628
9571
7604
2480
7242
8716
9522
4879
740
1427
7932
6891
2639
6085
5332
8883
4959
6096
303
9403
9421
791
56
4167
6604
4676
7221
2232
4651
7162
2138
280
3085
6094
9112
327
4810
4986
1559
5550
6413
5843
2441
9052
1928
7774
4288
6888
222
943
2643
5996
8086
2699
163
4691
7375
3737
3275
2027
7251
5413
8659
337
1507
7771
7016
2669
2758
4927
8219
9171
770
7013
4576
2699
4787
5216
9587
5009
6159
2230
1005
4245
4929
7521
5288
8657
7610
8564
684
4861
329
9343
1550
8189
3466
4919
858
6224
9846
9078
1748
617
6091
6324
3316
7230
7892
2903
8591
4051
1485
5949
4648
2766
9822
9937
1423
7432
4853
2107
8645
5182
7802
6548
3371
1269
1467
582
3845
1313
9660
5593
8282
2103
8269
1598
5685
6161
853
4276
6564
2338
225
7565
5105
47
3854
2880
3831
8707
1340
2477
3889
9142
9025
3613
6763
6844
4195
609
8157
207
6202
6440
8662
824
4390
4347
6985
1596
4975
9902
286
5201
7467
1743
1600
1321
4624
1784
28
5964
4261
269
1458
9638
234
8222
6482
4429
5183
991
988
7737
3783
9650
8561
8174
3997
1899
6122
8973
1801
6408
526
9268
8152
8478
6941
2776
262
6969
8740
875
3590
198
513
3825
4772
3347
4606
9955
4339
5595
4045
8122
5245
2606
2648
5595
4505
8770
920
6306
5179
7798
1926
3331
6276
8867
2459
2891
2188
7551
3766
5779
4101
632
5956
8874
3979
562
5181
4670
2509
9226
9145
7755
8185
1793
9702
2690
6916
622
5349
8447
8420
7275
8130
1048
2495
589
3939
4683
8140
4058
6814
2241
4690
9122
7467
5021
6037
9001
9692
8546
8227
8837
2653
2764
6982
2355
1807
3898
9329
7156
8697
7749
783
6827
5150
9630
3768
5441
666
8260
9499
7480
502
541
2955
4321
5563
8992
3322
5255
7538
7902
444
192
666
7426
8899
2473
7677
8229
5981
6374
2330
6765
9554
7480
2747
3322
2922
3413
1583
8773
7246
8437
9315
201
9110
1230
5545
2433
2837
3083
6687
3281
9627
3705
7059
4879
2531
1088
3108
8512
7463
1790
1629
3369
9271
4377
6691
8545
7790
4626
3670
5036
9415
9337
1589
4878
567
7134
7311
9756
6570
350
3037
2549
4055
6449
7428
2938
7537
6888
1451
1352
8679
9432
4721
4302
161
7765
9199
7952
8743
2869
9340
4511
2207
930
9389
9126
8064
3052
8883
986
3402
8272
3536
3809
4721
964
6748
8611
4205
4551
9963
2884
3983
4685
7186
4145
2450
2737
8449
7545
5606
4141
2056
4165
5071
1445
3292
9488
4497
8527
6826
4251
6799
362
8061
7873
7679
1161
6484
1884
5712
6447
1120
6047
7484
4658
6544
6286
7395
1345
3832
9353
5487
5888
3519
6910
3686
3163
2750
8183
1690
9577
2435
4841
9939
6848
2714
7618
8009
5550
5854
73
1998
6974
6120
5834
1632
9017
2121
5379
362
2305
4733
2201
8193
8252
9112
8231
7767
1862
6415
9457
1439
5202
650
7731
2050
9717
5349
6411
5267
7556
6484
3617
4530
8956
9452
2515
7973
7925
7894
4688
230
2627
6889
4775
7231
2353
3007
4998
4216
5774
807
2007
976
1458
9738
9378
1175
1440
5789
2794
8996
8625
6412
9878
7581
2216
8745
1907
141
6640
6595
6723
5619
9836
1498
2851
8542
857
7849
2758
6631
8657
1117
3959
6467
856
9689
3994
8648
1830
6788
3996
455
3200
3874
8037
5416
2620
9944
1909
5612
2891
8632
1231
9079
6483
4082
7621
3692
8284
379
6676
3293
7849
635
9760
5057
6677
3754
3705
8507
6894
7701
8963
95
7927
7000
1863
6899
3296
125
2511
6187
5109
95
5266
1592
529
2888
5285
8813
9619
1961
2106
7468
8948
8218
8877
1977
8324
2582
485
5219
6635
9448
1666
915
2800
9881
4166
2448
6
3030
8635
5116
3125
253
3060
3654
9493
4697
8820
9113
3010
7278
2933
8311
5497
1811
288
3821
745
7125
5392
3733
6573
7058
1000
5725
6940
5166
8173
3298
8196
3160
4766
7673
3414
4179
7680
2907
8876
6500
8372
8239
3778
7658
6550
9275
9469
3190
9449
6566
316
1193
299
3241
8252
7651
5319
1544
2818
3492
1194
1014
3005
5961
5040
2771
140
2720
5678
5368
9220
403
3607
2998
8061
6509
8626
3882
6052
4427
6800
2720
5620
3452
5961
224
1103
7632
8120
3921
7477
9315
1288
482
1628
6328
3253
8120
5400
5283
3488
4620
2038
3448
3970
99
6309
8948
333
2361
3375
7134
5081
5348
586
7395
1924
8041
5027
6397
1963
2504
2064
9603
2986
3692
2283
2591
1812
7683
7875
1652
8655
9913
5100
2625
6365
1410
1574
3050
123
1301
184
5205
3001
7122
8952
1278
1516
3979
7675
9831
2836
9739
9434
5822
9783
1717
4766
7947
5752
2641
9599
4407
8906
1052
7032
1623
8814
4958
4674
8937
2612
1210
494
5613
4685
5798
3243
6201
9778
7270
6032
2614
7009
5466
4788
3144
3535
9554
7443
5639
8547
3395
46
3806
4447
3430
5429
9613
8389
103
4902
1001
1314
1749
2966
2351
7547
2562
8552
7325
9832
4584
6291
3194
6402
7432
6338
6289
3338
134
1928
1886
3529
1974
5692
7976
5404
7473
3941
145
7577
8843
7498
5243
592
6817
7594
8140
9379
6146
1817
9211
7082
8109
2405
9836
1893
5096
6125
5231
5230
8053
3469
8759
6379
9161
3087
8135
6635
7028
8281
564
5871
2131
2159
6464
8948
9753
956
8327
2251
2773
3891
5685
7234
2648
5521
9127
7744
1646
711
2974
6051
4180
8085
2430
3342
1172
6917
6329
4552
5198
3245
424
7330
5404
3240
2630
5157
4196
7310
3760
6969
1201
9445
556
3849
1318
9683
1594
2964
394
920
5367
927
5358
4149
4269
2882
1066
6950
7435
2617
195
4211
6299
1951
3803
8929
3460
7999
6239
7220
1320
3792
3017
1876
7642
4335
7912
5588
3651
4658
2860
5370
5585
4570
9519
6206
7453
6937
9508
1240
9554
6055
5451
5853
8006
9254
1135
7818
3605
3726
5038
1277
7519
4407
9506
1513
5094
7418
7101
5097
8428
6313
467
366
884
9986
6572
8337
3276
2433
9577
2830
8488
1380
5036
2847
634
2523
665
591
6249
2056
1868
3768
2815
1374
5281
7910
5144
8734
3007
9925
1400
3475
291
2284
9813
3215
6973
3089
5648
6550
2272
489
4282
7308
3336
1268
9831
353
1859
2432
2409
79
6201
5225
7806
7834
9487
2950
2921
2494
2875
4321
2321
9518
6605
8487
2734
9930
7928
4734
2832
200
1575
7114
3860
4911
8382
43
1617
6593
2476
4026
6672
5029
5603
4478
9215
5090
3781
8488
7585
3008
2809
6258
2527
5766
4745
1613
5696
9026
2699
8528
9226
4275
1994
9439
5538
376
9482
7155
6969
8310
1182
9994
9691
6785
4472
8907
8228
4605
7395
2165
7614
6557
8423
6493
8675
9521
8106
724
8547
7157
5604
4125
1432
7599
3564
6971
7975
9399
4126
1297
4061
1660
1291
3753
4798
2115
9012
3026
6721
2759
5191
4335
5668
9966
828
4344
5839
5286
5068
4386
8795
7024
4864
228
4623
4780
3551
8951
4179
4029
248
4593
5690
7891
8346
6840
6
3710
9866
3079
6469
1409
3766
2138
7727
946
2834
3567
6232
4254
4305
5028
1278
9169
1608
5902
3950
5159
4853
4481
9188
1453
9074
1230
9344
3772
8070
5702
7482
4288
8782
3952
2049
2548
2442
9777
3495
5276
9696
6079
5882
4001
7459
7160
3171
9067
9414
3473
578
4267
7954
6119
5720
3381
7349
1416
7153
1772
7119
4636
6060
2253
4940
4462
4801
3734
4239
4648
5362
3935
728
1244
4288
8187
8404
3811
3607
7819
7284
537
8438
1591
6656
511
4972
358
1927
8477
2130
5398
9465
4542
7651
4405
9004
8805
8139
9595
3453
3501
9882
533
1097
4171
8721
9502
4334
8680
3673
7971
9217
2111
9562
2226
8974
886
2584
902
5715
4714
2652
5181
5608
304
9586
4613
9109
4078
560
8914
3931
6795
9448
5029
7318
4521
883
1652
3201
4556
9623
8770
3019
9185
996
1994
6423
3580
9248
2139
4646
1900
7320
255
2204
3258
1220
7665
3688
1780
6580
3972
8575
2380
9001
2245
6901
6236
3898
6454
792
3521
5224
163
9059
2573
2157
1834
6153
7757
325
800
9658
3997
7407
8214
7256
8627
5880
7296
6759
8812
7620
1687
1192
6621
3932
4445
9209
7830
899
6353
7704
6123
6517
3115
8696
5026
4949
1202
2784
5275
8354
2442
9272
5761
7008
2880
740
2888
6529
7499
8052
4149
5538
9244
7123
9471
3689
6332
3653
940
2686
7709
7064
5555
824
2112
581
2126
9666
9717
7401
8020
2159
3025
3781
9168
2258
873
8408
8787
8373
2813
9288
263
2057
6411
9734
2099
2744
9740
9391
1782
7449
6455
7337
4626
4920
4270
6752
4586
3988
505
8959
6147
3530
2740
1667
2140
9966
6428
927
8339
9241
216
4954
7650
2979
4689
6101
2075
781
5493
3857
8230
8300
7546
9208
9572
1817
5960
511
5805
6465
9470
8304
6348
8562
6324
8488
8528
2752
5768
3219
8345
2336
8174
2347
5315
2863
8449
7391
9996
294
7600
4578
4946
5147
3787
4519
3316
9747
5030
9121
2565
4500
7425
5265
3062
3749
3753
1591
2853
5873
4810
7550
8209
2984
9898
9877
2199
4699
3620
8547
4993
7572
3126
9939
9071
6913
810
2387
3012
5840
1508
5577
6692
5286
842
9755
5387
948
7698
4593
3173
8860
2143
1383
8197
2041
7612
6748
6740
7584
5296
8085
5156
8422
8025
4228
1687
8835
6615
4699
1028
4476
6629
7720
6114
3823
3827
1501
1123
1525
2446
4297
386
4590
2032
4935
2983
5996
1683
6076
3580
6979
4161
8736
1753
8538
2964
3440
3726
5932
4492
4754
6760
7473
8826
9226
7648
2654
7079
8772
531
9526
9421
7269
4116
1453
2204
3451
7449
3888
9527
1029
7219
3689
6117
5325
8579
9082
5117
2305
1366
9609
3411
4478
3434
8590
3704
1083
7596
783
9855
8127
309
9276
1749
777
7081
3953
4229
882
4193
3756
1911
7765
3797
8028
3090
2377
3462
8207
1034
1180
4169
798
5658
7603
5740
5714
5038
3336
6498
1245
7815
3159
6873
9564
3937
3954
9870
4518
4836
4063
8274
3099
1828
8424
1128
1270
7153
942
9478
4539
8475
9999
1689
4133
7602
7429
6200
2641
7117
2698
3886
4933
2209
7112
849
2498
1066
719
7016
2255
4783
1643
5354
2963
67
2834
586
3572
129
64
8111
8604
63
9801
2737
4017
3582
5289
3010
7052
4339
3249
