1985
6549
361
2834
9047
1427
9906
2416
34
1041
4059
5389
4004
478
8223
4590
4050
8352
1006
8513
3308
7421
4666
2398
1439
8249
7687
801
5301
2027
4050
3638
8576
4411
2824
3975
2191
2730
6391
2225
3771
6802
3966
4128
7280
2190
5070
1330
6894
2429
6196
6555
9850
862
8953
7641
5463
6640
8443
764
8667
2493
754
3595
3257
3579
7571
5448
2661
314
4025
2785
7117
7992
6913
4397
6534
1983
2080
9780
4412
8276
6335
615
5490
5288
8256
954
1929
6699
8070
596
5545
8825
4192
8802
8756
8115
4250
1417
8429
4627
4202
5546
2619
7467
6296
9153
5803
8376
8934
6567
3004
5269
7182
8494
558
5439
9448
2487
8490
7519
9435
4035
2696
3627
2837
1452
1742
3439
9221
6524
8067
9776
2070
686
7243
8366
9840
3046
3094
5126
9614
6098
395
3148
945
7305
4939
6745
6144
3430
4264
5580
7465
3312
5559
303
1116
3654
94
338
178
8161
6466
8600
8848
3709
6967
5040
3108
61
6518
9074
2512
3265
2222
3457
571
7162
202
3067
592
819
8647
4409
4131
559
1064
1600
565
1159
1938
743
9320
4756
5695
4520
8465
2662
5912
7925
9076
2430
6999
1588
2048
9222
1397
8971
2736
1599
2038
9680
8770
7038
4089
9254
3949
5154
854
4514
6313
9144
1609
5633
3900
7304
6506
8717
9967
2418
6643
5395
1201
3642
6983
9601
9216
4732
8572
1952
6331
610
1632
5102
4000
5722
708
7949
7228
1562
2463
3541
706
4072
5526
4606
7729
2032
3323
4048
803
6318
9443
8356
9961
2778
7957
9177
7510
6529
7482
193
3491
9114
5295
7492
1188
6003
5441
8416
3917
4257
8309
4623
8329
3836
5581
2410
2220
5257
6458
9375
1575
5901
7731
7888
8679
5688
7066
2541
8569
900
2735
2061
14
4382
5905
7555
6738
1346
2323
655
5603
6985
1631
285
821
3564
2695
9393
5173
9154
8769
6749
1407
2852
989
6439
4893
4407
8980
3462
5307
1715
1875
1674
6098
7780
5581
2836
5479
7904
9843
7434
4889
1474
4071
2062
5039
6767
1456
212
2273
6577
3313
32
5781
655
6471
674
5062
5452
489
370
3519
8716
8396
5969
6497
3977
5157
8328
1881
5001
2114
3123
2827
6186
1537
4218
9305
9345
783
1578
5922
448
7962
1704
1103
4434
8730
6166
6238
9219
2888
6109
7936
7636
2079
785
1613
7236
9113
9846
8589
1227
2969
7769
3765
4507
1987
3070
3852
9122
1000
6127
9571
8963
4183
674
9749
2913
3192
5987
2133
2432
2096
6421
68
527
7206
1681
7764
2671
7880
2705
250
849
474
4016
1708
8814
3438
1913
7936
4439
4392
7507
9754
8575
4534
9503
7840
4078
5490
6325
6511
3938
2746
2931
4466
9952
4613
8582
8975
8845
1287
9226
6046
8114
9594
4107
6928
3032
6020
1216
3823
6764
5076
3577
1691
9610
3080
9531
3688
8570
2209
6551
8861
4955
9483
3327
1260
448
1909
235
9293
9548
5813
5339
7662
1759
9446
942
4792
1818
2159
4967
4934
7235
8545
6625
3197
1625
2509
3237
6548
4718
9789
5409
9673
5624
5088
7285
6072
6997
3873
1717
6545
6038
7056
560
7798
2855
1502
8942
1025
13
3909
5960
3600
2454
2585
6797
432
5094
6387
6980
6164
6176
8741
2190
1800
3829
9475
4224
7178
3348
5941
3723
5739
9349
4283
3537
2204
2138
2479
9582
2151
2740
5542
5752
5195
4479
8901
5627
5926
5288
8959
2090
7816
4052
4280
5968
4233
3756
192
1411
3456
2485
5134
9195
1835
5770
9084
391
7908
1563
9973
6411
656
5515
8515
5851
9995
3769
7830
5921
5409
3141
4363
3226
7193
8644
9194
1426
8752
5739
9189
8560
8224
4323
7756
6411
6445
3192
6803
705
1108
6776
7117
1764
8644
1984
7615
4991
5753
1797
7264
1163
1290
1627
741
4835
6623
6287
2613
5375
2026
1802
3936
6603
2477
8044
3014
8923
1236
9817
5980
2344
2946
9449
4108
7942
1434
8075
2933
3539
6224
6549
1054
7514
8176
1795
2349
4800
8083
4962
6527
6461
6764
463
9416
9242
4859
8783
4517
6096
4952
497
8440
7898
9947
8901
2192
1381
6976
1477
4920
3201
8026
5975
7067
2555
4122
9417
3707
8557
4379
234
1371
7496
7050
787
6738
1909
9570
1255
4357
4523
1752
2798
8773
1699
8051
7318
9432
1379
8795
705
932
3174
3032
8000
5729
7154
7417
5788
5712
8148
6022
7083
5644
9424
4222
8734
7686
145
9989
2043
1020
8094
1193
6145
6145
9244
3463
5578
624
2259
6283
7908
5433
9315
5908
7514
2821
9677
3302
8533
4178
5676
1968
6174
1453
6191
4909
9139
2688
1250
1182
3708
9344
2376
9853
5490
1620
3317
7420
8596
1928
55
2857
3713
9370
8765
7579
8543
4795
881
7077
5325
2909
5397
1499
4362
7940
6408
3501
628
7659
1036
688
3355
3412
542
8845
1384
211
2617
6333
2139
2672
9190
2204
8394
4307
9783
6938
5454
664
367
779
9925
5764
2279
640
57
5039
493
685
2698
1529
1374
6054
4941
8268
1251
2678
8479
3869
9011
6970
2893
4553
9174
1288
8860
8957
8226
4315
5973
4945
5094
5898
7061
3725
6538
7118
8765
7032
4156
7815
4913
1882
221
9855
150
7825
8885
4981
1694
7896
1951
939
8801
1125
2227
7661
82
6805
8328
2407
1750
3423
8305
8812
3500
1196
5930
2265
4580
86
6433
9493
1968
6654
5700
8470
4479
4585
3451
2525
8833
5402
3465
7634
2879
5692
5296
2961
8850
3624
1720
600
3399
26
9412
6900
7574
1695
5517
2154
8133
1950
1647
6454
4957
3700
4924
5788
8285
4728
8314
7119
6482
8131
4753
9362
175
6401
8675
9025
6378
396
9626
6129
6774
5390
3029
4348
3437
4899
2854
1571
3201
4501
8025
4510
8201
9301
299
2839
381
8613
9958
6864
6744
1063
6226
3271
3817
1253
2297
6547
1649
8275
2676
8423
3665
2058
9123
3455
6957
1977
5026
6510
2831
9403
1021
7384
5056
1320
223
5438
6285
6533
8654
9381
3949
1232
2652
7766
2485
4949
4313
487
3224
6989
5262
3242
5399
4386
6697
2356
2715
8075
5219
5546
7478
6240
2931
8886
7560
9506
676
3845
6040
9330
3226
6341
6914
5878
459
9400
7180
4772
6239
404
8113
1501
9998
3513
2239
6695
2221
1307
4770
7440
6853
8600
3680
6136
7487
7592
1995
8163
7789
8035
3846
7367
728
760
9598
1187
6512
6778
2311
2751
3534
424
605
3533
289
2844
228
8863
4151
1351
2655
7357
9951
6336
9845
3790
280
1840
8306
4422
6227
8504
1789
6955
9264
7739
8142
2129
4517
453
4880
4404
7230
5485
7937
3871
4682
4517
2734
5185
2220
5390
8894
8524
8078
8740
2314
4710
6932
620
9132
3160
9124
7274
115
4741
5013
4610
6870
5883
1415
8102
6639
8645
9940
928
2517
974
5445
1603
6159
4018
3345
1406
2542
1423
6498
4856
2486
3430
1829
1618
6590
7305
5244
3058
2046
6610
4020
5268
8845
5435
3371
5484
433
3311
6412
2950
637
8209
905
6796
2227
4251
4554
4769
2026
1052
5978
4512
4483
7807
2483
7425
1464
7727
6835
9863
689
7207
5131
9534
2643
4854
5018
3076
4517
1430
2378
5154
5992
3283
8303
8219
3886
2857
9341
5913
3910
5319
6777
4745
9478
9260
8522
942
3340
5358
805
4029
2565
5937
9916
1560
7143
4934
4636
1661
2717
3366
3167
8709
3002
1470
3280
6888
4328
2621
9153
4590
4292
5931
5687
3770
1543
4209
4713
1235
5919
1870
1617
4837
4159
1533
6397
1303
2819
7386
9316
1888
752
2483
597
3754
3954
230
6995
4634
9203
2500
5576
3496
4783
1263
3618
6327
1824
4683
3914
7744
6554
1883
2581
713
3416
5330
2016
2588
2716
1332
4476
9821
168
1426
3575
4122
8008
6922
5108
7211
9423
684
7059
4206
8299
678
6885
123
1713
7152
4219
8267
9035
6800
5333
8804
2131
7349
1392
4847
5034
2220
1020
5202
3646
4596
5676
1654
7870
7136
5218
3645
4172
2277
7852
2471
9307
1089
8946
7373
8241
3166
5640
7277
9966
973
6081
8449
4675
3825
9649
6061
6045
669
7615
6044
1617
9643
7698
9488
6779
9268
3133
951
1546
7337
9774
7205
8427
8720
4578
6668
1886
6571
297
8205
3896
2730
6654
4923
6555
6303
984
2601
3325
8599
8645
4942
8242
2695
782
1373
1964
268
2324
9862
7605
2098
3419
2384
819
4350
5405
9057
921
2054
7262
1169
4785
3917
6093
1340
6572
7077
293
9897
2029
5290
4840
6623
7986
1974
7997
6302
2242
6673
2516
6200
5124
5935
8584
2295
6637
341
1352
7558
2396
4967
5080
7181
8884
1173
8521
1808
4602
5167
1706
2983
457
2898
9607
4795
4872
3956
1097
3467
6981
3613
9667
2105
5901
4603
752
2538
4945
2105
6449
3693
7072
1529
874
2308
9054
5747
4116
8
914
2174
2992
7724
5072
8951
2519
6297
9259
3617
9764
6240
3582
5783
8346
5835
386
9098
8374
1683
7555
1175
5376
979
9056
6250
9639
4462
8350
3756
4470
9264
2282
3814
6988
3707
2765
5860
4
2024
9477
6120
8265
9411
1903
2963
5247
8641
8413
9973
325
2321
7500
5701
9652
6556
8304
9292
1018
6654
3048
1840
2270
1682
5655
5611
5389
4772
1471
5393
6797
948
7865
1414
6711
6120
729
8310
1114
5494
8283
1439
4167
5783
3492
3820
8691
1796
3112
6061
8450
2512
7902
7073
4194
9909
2684
9584
4681
4155
1329
7830
1455
5547
5596
8166
8019
6325
6477
9133
8172
1112
6924
2339
6896
417
2511
1939
2213
1975
8001
7016
4487
5903
4089
5034
5812
3125
970
6845
7280
8651
4676
8735
4198
272
6901
2218
2950
9730
7703
7474
843
4628
6165
4091
5045
8677
6030
3610
652
4031
6978
1492
6286
7419
2878
8450
544
3848
5296
7824
2499
6324
2911
6698
6596
6165
5268
5898
5895
2971
9724
6738
3951
5890
829
5348
919
3212
8959
7923
7243
2289
9415
3530
6061
2293
1980
6605
2493
3628
782
4993
9952
3693
8043
2901
6210
9663
8799
2106
2634
8524
5196
2938
766
2378
8286
1685
5590
3597
9608
2833
5887
5376
2715
1948
4021
1048
4905
6515
4676
5687
7860
4629
5733
5903
7530
1943
5566
2681
401
4552
7557
5598
7490
8323
7976
2129
6360
9918
5726
5969
9103
7965
7697
1819
9913
8070
2867
4819
937
3895
6858
8797
4876
8943
1052
2406
7239
2970
1440
7640
7523
8997
9590
1365
7321
7566
9846
33
3836
5573
6002
2940
3538
51
4759
9804
8122
3978
975
9059
4225
7833
4209
9102
3129
5261
1508
368
8232
2948
4360
2107
8298
3951
9824
1971
7869
9671
2004
1706
1596
4359
4646
5134
4410
5757
4938
8884
6087
2265
4296
312
6451
8505
9414
9580
118
7275
6300
4702
6575
7012
6809
4873
963
2986
3196
5185
2657
5201
3243
605
9560
4241
5739
322
6350
7030
5559
2437
9295
9855
9101
5746
4712
8516
1678
4830
2143
7978
9533
8718
1343
2694
9944
2306
5680
3140
3843
4689
4693
3438
5294
4253
7679
1034
928
381
4416
6487
2818
63
6342
1920
5810
7406
6788
7488
2236
5283
1819
1769
4001
3162
816
297
1820
6496
3438
2016
1186
8131
5454
2832
8737
9486
218
9665
9867
4634
2504
9038
4698
5198
7310
6860
2604
450
700
1192
5733
8871
9314
6086
8385
130
6384
6558
6626
6174
8574
4164
4305
380
6997
9394
9866
7215
5411
6086
8202
7915
5124
9252
9465
2434
6112
2069
9236
3164
3262
4969
2036
2576
1055
421
9058
7439
6979
5684
3613
1905
6201
4271
2286
9550
3665
8504
3117
5429
4590
1319
3344
6066
571
9162
4852
3035
1231
4088
2552
845
9057
4588
9773
6465
1361
8831
3904
4693
868
3870
2950
7069
4493
5236
2971
8158
93
6088
9939
1035
7408
3284
7102
4331
8798
8306
3719
6381
8747
6271
7227
7804
7211
3352
621
4924
8536
878
9617
9404
4748
2568
2825
9241
4156
5796
3751
4249
1884
3691
1637
5644
3327
5091
6328
2125
3397
47
8506
2144
2670
2085
6301
6233
1790
6922
1157
326
4152
7127
6082
8900
6047
8907
4493
203
1055
4597
805
9291
4640
2442
1288
7967
3885
7616
6444
7282
4015
1302
5779
3037
9740
8432
9270
1530
1706
427
8208
5859
7554
4290
1111
3601
9549
1957
157
6956
6554
7314
6247
1194
6108
7535
5513
9993
1503
1957
3627
5518
9611
5758
8555
9351
4190
4177
7233
2249
4605
1793
8108
8511
2435
5571
8465
1984
7528
4974
5292
4082
2288
7892
1628
8396
5427
7141
4741
3283
5450
8368
8801
5062
4127
3709
765
4669
7886
4351
6918
8843
6144
5026
3707
8580
6950
2172
6916
4478
3498
2209
8561
5786
101
189
534
1880
3683
5275
5163
9133
9995
317
4195
4122
4026
1313
8792
8264
5664
2062
7108
8160
7089
815
6740
391
9339
9
4869
2837
2218
3430
8623
8671
9972
5509
551
3655
784
2067
9140
779
2384
3336
1254
2762
1001
6398
1026
3017
8460
8134
1177
1901
5301
4270
2292
4640
4279
7162
7477
2849
6944
2452
7872
6916
7961
8423
6923
5097
6842
6064
2229
9226
5752
3483
1988
3105
9881
9367
6122
8341
7501
3651
6595
2803
7921
8887
3795
8552
6049
1273
7753
2994
77
5625
6262
8039
401
9538
9488
7243
5602
1717
2822
7706
1552
1162
811
1433
529
3285
6127
4383
6936
2722
3538
1210
7961
7333
9762
4011
8606
3868
3357
5036
9493
5971
3075
9894
5509
8915
7138
7463
633
6312
1521
2185
7474
8684
9971
8004
1969
2450
2387
5258
1524
5925
6468
9485
9610
2582
9848
4569
6450
9557
9605
5944
5529
2680
2190
7390
7947
5680
1206
8580
1992
2727
7118
9467
7764
3441
3823
9733
2243
2562
4991
3767
4839
7811
9604
4449
6746
5805
9018
3196
5362
8623
5492
7243
7655
4035
986
5603
9715
2192
535
8060
1271
7653
7527
9035
7446
7702
5121
9689
264
6464
9808
5103
628
9413
9552
7374
1570
8571
570
6932
3546
2415
528
1202
6450
1514
6805
2517
58
3692
577
7681
7698
4456
3069
5144
2158
8190
1186
8774
1006
994
3877
1634
6759
9782
9008
8329
4705
5931
1614
8251
4698
8494
5805
7500
8
8962
17
6418
2655
6947
4099
6705
1403
7168
1849
9914
1710
9387
8688
9069
382
8918
703
3493
5052
6064
8175
6109
8347
6141
712
3045
4635
6518
6897
995
1832
3266
7413
839
213
7864
7544
7969
1385
5746
4235
9447
5133
2923
8516
1867
8193
5572
1713
9597
1636
9888
5706
9983
6029
6419
9380
7016
9289
6277
8011
7473
9543
1776
8313
6109
5992
5857
4078
7377
1603
8313
3177
3089
7588
1693
4956
2134
7265
6669
1731
5253
2909
3790
1588
8938
6561
968
2306
2202
3597
6669
9675
9493
8445
7988
1954
790
198
6032
4519
1801
697
7696
4890
4637
5742
6199
3123
3007
2868
1207
8261
2130
4997
9849
1068
7910
7170
9727
112
7119
6396
9787
6612
1194
4128
8566
1984
4326
950
6503
6127
7999
552
7370
2637
6294
9921
5760
9301
9141
3319
3914
1271
8316
116
8692
2578
7286
8419
2690
4405
4815
8830
7370
6009
2958
2288
4345
7284
3239
7201
9763
1238
7753
3485
227
4047
3406
2340
9700
2548
5659
9967
3819
328
83
2511
2906
3721
7282
1949
4478
2098
779
8200
4459
89
489
8805
7373
80
6006
3488
7670
111
6974
7898
4158
380
6590
210
9280
8601
177
3100
5281
6612
1963
4540
6685
9246
6489
7516
7696
3620
5716
2155
3709
6205
7312
7434
6285
9670
922
308
9781
7896
4558
291
4629
1148
6854
3909
6101
3383
3361
7735
9996
1677
2275
3033
7275
5116
549
4971
8736
2618
3478
8797
8823
791
6231
1461
6813
7153
1769
2947
1402
2679
3238
2383
3827
92
6292
6280
3476
6006
4015
9824
7683
6290
9209
4958
7758
6111
6281
2846
8729
9759
1643
7552
6902
4226
5365
3716
7732
3486
3015
5486
6165
6253
7869
6344
2698
4161
8977
2526
6519
2992
8702
4202
5635
7911
5512
3393
4022
1793
2592
9103
7905
4235
3008
1159
4814
8373
1227
2546
8212
4242
4384
729
496
2253
3426
9546
2766
2403
2072
9286
5395
7126
9840
7382
5037
5353
7128
5412
3498
9720
867
7755
307
3875
8915
5121
2249
142
4019
6813
4385
8403
3894
4881
656
7320
779
3423
9723
2851
2709
1471
9977
8901
5205
1366
4254
2333
3130
4105
2053
3998
1860
2361
7873
775
3834
6474
918
4206
9639
5303
2609
3534
6536
9618
854
7315
9393
6930
6518
8454
8401
6495
7355
3606
4213
7962
2292
7344
2067
4345
7694
3927
3058
5567
1055
3245
8394
1973
7451
8033
3628
6412
1567
6516
6030
8774
3831
1775
5704
349
229
4105
3196
3937
4063
3761
1899
6355
7457
3966
7053
5151
4245
6463
7071
1652
9708
5465
9977
7159
9850
3605
9924
7770
121
2306
6544
304
4082
2248
7005
663
2705
201
4600
3120
3963
6499
9476
1420
6817
2881
2924
7415
9344
9995
5419
5405
1812
5397
8916
1662
9002
8840
5784
5476
1147
2328
5780
1581
928
2786
2244
3633
9339
6845
3106
3302
9696
8934
1075
2866
1815
351
6633
7511
346
2052
2916
8510
7449
1833
6524
2804
673
2309
8280
1820
4637
4060
9753
5566
3198
1998
5551
2538
5195
8657
2192
1243
7591
9619
4109
9406
9970
7094
6918
6668
5499
9834
5178
2948
8019
1703
2104
8693
4012
384
6865
5001
797
6619
6919
3995
8617
2471
2885
164
7480
5078
1407
5072
4697
1869
830
1020
8963
4100
7688
4462
287
2867
3763
8306
922
5867
6999
1286
2604
217
2639
3401
6836
9559
3748
1805
2030
6634
1969
9510
8064
9728
934
2761
1597
1765
133
6913
2217
7822
7727
2504
7041
7842
811
4315
3710
4162
5601
2666
4379
8240
6067
7567
7799
6167
5724
6181
9153
4045
2044
7217
3774
2978
6331
1723
1095
6464
4988
3313
4286
2716
2169
7679
558
9332
1994
620
3495
7595
3286
4226
2188
5705
8146
6339
8225
3870
8873
7378
4268
917
4596
4394
247
7279
6117
7695
3743
1106
7360
4382
174
9529
2061
7084
8862
4056
7705
8709
8003
7343
2935
6543
9401
7433
2883
7626
7656
8108
1356
1924
5377
5952
6318
5624
3231
8787
9671
3327
9893
7031
7709
6419
2913
6122
3504
1775
6530
1209
484
886
4904
9771
7429
4305
3557
6664
8283
1213
4772
9640
3137
149
1944
5807
2126
1528
4594
8149
1207
840
5181
8916
7259
8094
1390
763
6221
7921
8324
3057
8807
3229
9180
2588
3886
2737
5605
8522
3950
377
8162
3439
6879
6458
5598
5357
7986
6545
3506
9193
7385
5039
4461
4644
9485
5852
1760
5706
125
84
5115
5284
9665
4296
7872
9904
7033
3477
8426
7336
207
6588
7127
3438
9398
9078
8795
3737
5623
8653
9282
3008
3693
96
4004
3178
5948
5764
5237
2425
2201
352
7709
8218
1000
5581
8122
4386
5411
6548
8074
5618
9488
5201
9056
8887
4279
4203
2624
6254
2856
8258
9262
6549
8354
9619
6080
4302
1735
7669
3079
3936
4373
788
8507
5374
2722
6629
9760
8133
3178
7834
3751
2666
9387
9159
7905
19
3362
6881
6273
2570
5140
1888
5472
3494
1507
1552
4149
3242
5573
7228
3531
9946
8017
2038
5320
739
8667
5080
8872
8197
9266
8975
7216
8654
4486
5121
8673
4200
2003
1298
6770
7143
3186
2242
6989
4693
146
1138
4288
5719
8367
7819
2018
2736
9857
7338
3475
4876
8771
8699
3074
8037
4026
6642
3043
8512
1763
8068
2712
118
9367
5834
3613
8905
8077
603
9951
4575
8093
4239
6647
6460
2058
8665
9196
8267
6003
9023
3143
1126
4074
2569
9164
8100
5563
8559
2964
7327
2980
2028
3797
8699
7863
3763
7604
2292
718
7555
6867
8811
1794
3514
1624
204
2179
820
4823
4535
6196
4319
5661
270
3240
1177
8371
8804
9737
7687
2483
2717
9716
6280
7768
7579
6395
5372
6223
7113
9280
3090
2277
7426
6605
3901
7631
5136
1073
8806
9671
7269
3125
5333
7540
6366
6510
5911
5170
2599
3598
7653
1668
9666
285
9436
3597
6681
1161
9820
146
441
2911
2423
7867
5868
6324
1850
7356
7398
657
7028
4667
3782
8713
2207
6500
1575
4470
1670
4175
4421
9323
2195
4087
5961
1632
4037
2642
2793
3857
2788
9586
6768
1564
7453
8988
7888
5656
6345
1638
6313
9725
6306
6447
8438
4865
2948
13
5688
970
540
6461
6646
2736
6900
2607
720
937
1601
9865
4795
741
9451
7915
2305
6904
6904
6546
8912
3249
8184
5225
9326
842
8025
7764
2060
7325
4129
7748
8295
1022
561
4941
110
7461
3900
830
8399
5501
7047
9546
6243
6498
7461
4900
9754
4365
1446
8667
3966
9631
244
3292
473
8269
7408
8885
5594
1538
6633
242
2560
3546
1535
9022
1008
5436
9852
5759
7289
6899
5305
9884
9749
2766
4785
9503
3484
6231
8170
3802
2214
4767
7095
2688
9388
4503
7925
1335
2393
911
1577
1305
4457
3112
327
5465
4900
6531
7576
2190
9782
2881
8426
9531
2000
3211
9035
5484
9443
3557
9286
1657
4676
2733
697
4065
3589
8623
5400
5982
9534
6977
3640
343
6441
319
5809
7694
6851
3385
6236
2985
2619
4662
2517
4619
7874
7904
6455
3669
7813
5741
1678
2490
8475
8728
2907
8416
7351
8307
750
3237
1636
4390
9932
4429
1062
5741
2123
4265
5479
8359
7250
4450
3022
9767
9069
7248
4023
1876
917
8189
7617
2595
7031
2444
1323
9938
860
5026
4597
7963
4615
6233
2353
4548
662
3415
6641
9138
7680
8472
7497
1283
2922
6871
7402
8343
4119
1426
219
5036
9615
4189
3984
2998
2985
5307
2936
198
6686
7533
8161
1301
118
514
2201
7132
282
8843
6270
4314
3667
120
5597
2942
6991
9352
1285
1111
778
7857
6147
6745
2046
131
6095
5031
1791
9031
1581
8477
2916
9742
6130
3034
6609
4684
6518
3243
3527
2789
7557
3546
2909
9507
6488
9900
8859
7774
7363
5989
1983
9863
9086
4029
6346
5181
5412
8137
564
6994
2966
3480
3088
5449
2866
9697
133
9384
2940
12
8525
6850
3558
1434
2709
6399
7687
1568
525
5050
3909
2508
4913
9347
2889
7612
880
4653
5749
1444
7999
5068
1276
1088
517
494
785
7002
6230
3726
7014
4756
6928
6924
2542
9637
3323
6581
7557
3848
1632
1466
6356
2897
7165
9245
509
8045
3899
2611
9489
8250
4031
7117
9338
4548
7611
124
1550
3841
202
4916
8597
7130
1840
7492
3119
5164
4073
676
9012
2057
8494
1721
4955
5659
966
1816
3704
1217
779
9545
9468
4810
6662
5158
5710
4273
5282
3612
4466
1836
8528
3064
5318
369
556
8437
1885
981
5465
897
3039
3959
2618
4346
9618
9937
2514
9674
7506
3294
9219
6974
4456
2233
2133
167
2858
3767
3779
7325
1956
8660
389
7274
5381
7297
2064
7266
8278
7529
8163
7669
1489
7134
2015
7459
7071
4530
7134
4577
4176
2705
7904
8632
4939
6389
5151
4149
6508
5283
1474
8464
3943
1863
2091
9324
5512
507
6590
143
8036
1105
7812
5877
8239
6180
9689
1662
710
3175
2592
4886
2232
6848
3518
3523
3237
5022
7673
9745
305
9147
4562
4248
7363
3005
9924
2875
3512
2866
9370
7900
3971
7183
130
8563
9715
9819
6577
425
2994
9169
1663
5226
6017
1533
8750
5606
6555
6423
1704
6860
5570
2618
7460
2933
5623
7384
2161
9135
250
1531
7035
574
5066
7165
9137
4781
6984
5714
1558
6330
1236
3221
7909
7253
4755
3011
9212
1310
5786
916
4523
1356
3534
1983
642
9157
9368
9155
4644
5970
7038
1679
6544
8457
5197
5681
3238
8533
7748
1149
4864
8984
4370
9125
6237
5477
2136
1801
6788
7922
2717
7663
5630
2603
9646
2624
8112
5366
1779
2756
1337
5170
788
7881
3627
5985
3563
3217
4518
7663
4366
5734
6647
5089
4859
9236
566
3347
1038
3706
7621
107
1369
3252
9063
1016
2228
7175
6382
360
6284
7719
5530
7072
1953
5509
3057
1868
8726
3927
9531
9445
6014
6178
4534
7225
5414
5100
573
2804
8807
8194
2912
176
7798
1975
7544
27
9150
279
6739
1786
7998
2269
8858
9951
7778
8267
8171
2856
8547
7702
2301
4561
3880
6835
1786
5647
8288
8711
8451
7095
3258
1363
3623
1056
9690
7520
7435
5193
7799
526
6979
2149
2795
5838
2101
6925
457
6624
6134
9004
4327
8435
3565
4559
5271
1704
206
3559
415
5010
7006
3673
6373
6981
1082
2416
4501
4869
7609
2300
5396
4588
4450
4543
6778
2903
7821
7236
9527
3955
6240
206
2390
9806
4766
4013
7862
4972
3924
8277
6334
930
8303
2708
4264
5737
1476
8765
606
9085
7418
2354
3673
1868
6898
452
1123
4719
4040
650
8674
280
7209
7416
6438
1975
1430
4300
3299
5354
8930
9634
2637
7233
8694
6901
2970
170
2018
9928
9255
9436
2283
9280
1304
5533
6084
2427
252
124
9430
5278
6757
6639
9046
3195
4966
476
3848
8265
2183
2778
4251
1172
6363
2945
4425
9333
3115
6443
5613
8722
5880
7896
4355
3536
3429
439
2316
33
6916
8098
1663
3673
4737
710
3220
6055
7538
7068
4320
6073
9846
8572
3597
6209
7869
8022
1894
7337
4466
7508
6059
6698
1756
6766
234
1538
7206
2550
7923
474
648
9587
499
1737
6649
3719
7792
539
788
8465
2965
6986
3389
6562
9548
1258
937
7794
8595
1755
5302
1007
8453
3411
7773
5039
4949
1331
3942
9224
1805
4590
5163
2304
2680
8164
2376
6824
5056
3164
1641
8021
6502
5030
935
6050
6289
8224
3845
1236
9979
5499
2243
8432
5262
6369
9824
6563
7700
3766
5788
9506
4708
951
8162
3740
9116
538
565
4172
54
2206
8545
2909
3589
5832
5311
6230
4057
5508
7466
4036
7360
6062
8821
2622
2431
4997
9186
131
8763
1326
5989
3471
2277
504
7212
7745
7394
4129
8269
7449
6335
3166
6710
6276
8999
2021
2506
3056
7530
6325
3444
4890
2387
8617
7512
1170
3614
3050
1301
2377
4376
3643
2201
3006
4147
9413
7103
1541
9894
5373
5342
2581
8539
2052
8858
3890
426
1364
3298
7956
7689
6743
9198
6428
1712
3062
7598
5327
6113
5252
4056
6841
8895
2609
6199
9394
2022
3303
7287
1916
5028
2630
850
9919
1034
9708
3810
7812
7424
7108
2120
1466
203
1318
7894
8268
4381
1845
9947
6846
7097
355
39
2344
2965
6239
1738
4987
9542
9025
3256
922
8007
458
841
5394
166
1003
3206
7590
4464
5327
9056
1019
2997
3303
9287
7378
5148
5586
576
8597
5942
616
941
8907
3207
9031
246
2749
4408
9854
23
2416
312
7216
4162
478
8220
3720
8069
2684
5399
3477
55
8397
6780
5695
2127
8280
1281
2704
6877
7223
9672
4170
6130
2879
3201
6377
1980
7610
6231
2003
6378
6544
9219
540
3374
3791
4260
1443
2827
9660
1273
2883
4409
4405
8578
6536
2686
9859
5592
5915
7083
5264
86
3213
8143
3287
5942
6475
897
2174
8478
3627
5070
4050
4167
8444
7841
4780
6240
669
4440
7513
9904
8849
1918
8482
1737
956
4693
7330
6872
1776
2594
6958
1342
7090
6597
7284
9917
3847
5810
8396
7474
7232
8798
7994
5677
2991
2774
1917
12
7214
5782
9916
2415
4052
8398
504
5009
3092
7834
8233
1220
6781
1543
8914
223
4492
2551
140
8339
8361
4888
2166
5594
3686
160
7623
6678
2934
5892
6690
6500
1674
2959
5267
5726
7709
5771
7087
801
3606
1672
8374
6739
3215
7288
6962
7708
9839
7102
2399
4553
8343
4565
6499
2029
4725
474
5059
4011
6366
8102
511
8040
1061
5778
118
8770
1550
3558
5924
1508
5230
650
8247
4798
4290
1561
8858
4130
5015
1257
5035
3358
2175
7886
1740
3252
8360
6799
7264
4726
1253
4127
9118
8666
9906
9236
7437
7808
2794
9713
5668
4377
363
3915
9175
4653
1828
8033
5135
6843
5642
6522
202
4169
760
1942
7422
9120
5093
1038
198
6347
5165
9316
5013
5071
4905
8802
9231
4051
4867
4899
8428
5230
5166
3955
6236
6994
8340
7723
190
335
4246
6744
4504
5006
8686
1926
479
131
9316
7029
2830
4482
6346
4196
5905
7603
9350
5137
1654
4218
6388
6435
5800
1555
390
2036
4901
8731
6112
5091
9066
358
1835
9922
1716
6873
8201
8547
3357
7517
5577
6187
1999
8275
6735
4257
5878
6086
9394
3884
304
2134
319
6104
3689
7062
4493
4943
2145
6957
34
7563
3667
8222
7485
5383
1447
5686
283
4804
3204
5860
7344
1555
487
4079
2164
6365
6517
1558
6601
6821
45
6921
9278
3734
335
123
5029
2480
7080
1416
43
747
9638
7528
2482
7437
9567
9117
8594
2771
1329
5938
678
1816
6369
2843
8181
2887
753
1135
6060
798
8056
1690
885
8391
8165
2266
7223
1597
3682
7266
8696
9672
4794
7531
7110
4361
6648
5704
3484
7978
7994
515
9794
715
9710
4328
9954
463
5463
2367
7614
9871
4057
4851
4614
8575
7117
1837
6524
800
5455
5221
472
6601
2752
3934
7315
5752
9638
7151
82
3984
7666
6229
4700
7376
557
4654
4192
2372
7021
8158
8595
7431
9361
3209
2358
6478
1398
8882
3630
6853
4103
455
3454
3207
4389
769
5312
380
7921
5394
716
1939
1623
5416
5668
8532
6423
6212
7256
9796
722
5851
3579
83
9060
5937
2913
6810
4820
6544
3663
5275
6999
3470
4835
7740
591
147
4472
4864
1893
5189
3156
9869
6957
8824
8401
3380
1388
5658
9529
2110
7861
3108
2193
6922
9046
5106
84
218
8002
100
1845
1353
3570
3032
9094
513
9531
9918
1730
1425
5107
4886
7646
2065
62
6047
1797
1450
8057
1326
3560
5919
4435
2105
9193
9833
3563
9277
6403
1566
9377
4600
2919
9299
7633
8365
6165
7164
8284
7895
4941
9743
2781
2587
8160
9195
4987
9958
645
9396
7636
557
5315
2071
2662
860
8256
2577
6490
4659
4143
2219
9260
3415
7871
3245
1780
4036
409
6416
1931
5351
6160
1064
4290
672
259
9277
630
7256
8674
4619
7813
341
3042
6827
1202
1299
9404
4044
2310
9900
6263
7922
3315
4134
1167
1447
4522
7929
7864
2805
9632
376
221
3922
1048
480
9552
8031
4088
8226
2650
1901
8567
5692
5080
6121
3343
837
6517
2006
737
2781
9928
404
3267
7448
1851
4142
5377
6067
6947
1361
6443
7169
5283
3844
4001
4835
8227
8090
9413
7229
6343
4333
9273
1424
454
2617
8613
3324
4623
5702
2457
903
6106
2076
4703
4309
6218
80
377
9518
1441
3172
3039
3077
3368
7040
4264
1595
1482
3678
5176
7826
8011
4450
5602
4817
3419
567
8141
4394
6269
598
5297
8727
9027
1
3036
5245
6433
9765
1115
4227
2938
4154
3656
2658
7547
7920
4254
9029
1598
9430
3207
5961
232
8809
779
3651
9376
5272
8045
1997
2223
9695
724
1250
6048
113
2847
2481
9878
3963
3060
9168
4469
6716
1827
2016
4637
2433
1046
2587
8215
4253
4901
8448
9415
2032
8451
5143
7304
6497
7141
5879
6192
7865
3481
2240
7978
2681
1073
4209
6644
4134
3377
1113
7202
5204
3130
8191
7637
528
7131
2205
4781
2032
653
548
4064
9104
5692
7720
1953
2833
9952
4497
7050
3433
3089
1381
6114
4163
5590
9110
4649
8967
6576
8203
524
6058
6395
4513
6586
3526
6718
7719
1910
3723
8268
5974
9180
3960
46
1133
3145
9998
1983
6547
9784
5072
7928
2250
5587
9870
1361
6588
5190
7937
4792
5714
3995
7539
6579
6933
7417
9650
4652
9327
3373
9272
1653
8905
3232
1699
6391
2729
8050
8374
9277
7834
3446
3557
84
5386
3428
1445
1974
4970
5734
3118
7036
6081
657
3615
3014
8074
3265
4019
7401
2991
3291
9054
8248
2876
7106
4639
5605
5156
3013
1234
2990
2812
1144
3074
8198
924
872
6524
5894
2958
9643
2930
9040
300
2897
8406
8375
2515
2425
2128
5506
5717
7535
3754
8593
4641
4746
550
9797
7759
8137
2787
6923
9281
2213
5121
205
9437
1646
6099
2396
7641
5381
1436
7941
8278
6194
2668
793
8620
1149
6299
689
8684
6406
9282
3325
1152
6184
3122
5263
4321
2261
2187
3602
4474
3660
3807
3912
1658
6258
2660
9299
1639
448
7241
9918
6642
6261
711
5262
7410
3363
2303
2446
6121
1585
5771
3625
4122
5245
8888
8443
7506
7427
8398
8333
1088
8557
8597
2746
4816
1257
2046
6455
1705
5639
2725
4699
8252
3437
6314
2015
3152
8617
4461
9273
6555
6585
9250
677
1830
8138
5472
5689
1918
3870
374
3006
2428
8971
2104
3596
6580
502
6403
4637
2493
9129
9336
7098
8918
5650
9113
2070
4268
9926
7695
823
6511
6945
7852
4694
1435
3324
383
3353
7195
7109
2711
5975
6080
1168
9571
2660
1670
5974
3649
516
1455
2985
7614
373
4988
6727
8795
9256
3005
2842
6431
9517
9787
635
563
7575
3959
7298
7280
7506
4407
9992
3481
487
1160
9404
9499
9182
1731
3148
9698
3186
2485
3664
9912
7473
6743
8707
3081
9749
1550
5864
5618
7689
6499
6181
1616
459
3479
8897
4317
7886
5241
7799
8373
2753
3555
4224
1935
5286
3724
7986
4825
6209
8002
4737
35
4746
9796
9468
4495
1346
5333
113
5388
1832
6294
3356
8643
9773
2253
2961
4011
7494
7112
8736
247
7019
2960
8535
8658
3036
2873
3483
5597
875
4572
5632
5621
4368
5101
116
2067
6786
6581
7455
4970
9227
811
9966
5352
9417
9279
9363
6911
2743
8099
3511
9762
1059
2046
4772
447
4919
8255
6045
5794
2827
8029
7768
7196
3130
7884
9263
6268
818
3070
7591
45
233
7557
5398
9650
6836
4761
2914
5931
9213
6425
5693
272
4823
6818
7072
6094
5073
3117
1888
4253
1146
9656
7801
629
3893
7064
6897
1063
6486
4488
7460
6719
8397
2858
2722
1585
3972
5636
7516
3185
8413
9562
9809
3236
6380
6881
9330
1453
6350
7570
2058
7497
3579
9859
8126
3824
3275
1375
1239
9761
2216
8699
2833
613
7910
5555
2199
8234
7543
9715
7771
5956
9277
3932
5544
5657
7166
1226
3463
3516
8796
5521
1013
8727
1733
5491
2551
5008
6867
142
1122
9083
8842
307
6048
6752
5862
8247
4986
9757
4315
2757
2065
9944
6689
7609
1954
3855
8835
5417
3724
3983
7290
4737
2711
5375
229
1614
384
3448
1757
7858
8883
599
8165
4931
3703
379
9531
5041
136
3846
7798
2201
142
839
6162
2096
1047
4997
7513
4771
5332
1156
5860
8043
6531
2441
6010
3267
2241
7767
1125
1124
4718
9290
2408
8421
6021
1939
3462
2509
2137
7612
4710
2279
4803
7224
4376
2202
8573
8241
3325
3906
5749
9186
1949
8633
7979
7959
1900
221
2078
3026
1345
6796
8668
105
1569
1042
2044
1383
3551
533
8995
4614
9165
151
1838
3541
2353
412
8134
5679
4318
236
1217
2619
8869
9196
6931
769
9417
9009
147
7115
2158
5168
7220
79
6210
5617
1463
9761
6150
6810
4375
1667
6961
2566
5208
9315
9330
9695
1346
3648
9931
2563
2619
8800
8111
5902
5921
3881
4912
6069
7348
3422
1237
920
3501
3799
6537
4964
3560
9040
8127
4288
707
5088
3206
2268
755
2536
8315
2101
2536
8246
1016
5155
3398
5480
1058
9319
9361
2322
1740
6709
2096
2977
7629
5597
6776
519
6914
6689
5911
5041
7329
2970
6481
535
5238
7237
3071
9905
5690
1959
8151
3059
3466
7901
8539
876
3573
4252
3198
5313
7313
1646
8291
1294
3596
1419
8165
6862
4460
4076
1903
1789
7047
4736
8676
8637
8325
8099
8543
4016
58
3046
3427
3525
948
8318
4401
4521
8922
3952
6186
6235
5598
4477
3881
