9194
2249
2047
6056
6709
6123
4311
4851
9522
5400
9879
8160
3725
7979
3055
4093
8037
6101
7520
7914
3401
2190
8668
4274
1112
2620
461
7347
4570
1290
1229
117
3539
3276
2525
6601
5751
3189
7804
5274
8589
7683
9786
2314
5662
2841
6408
52
5294
280
7966
5048
2471
2986
9322
3583
5606
6135
7283
6529
7426
8512
6646
7317
8140
9171
270
243
2360
8074
1869
7301
5758
1655
9616
7772
848
2376
7824
2495
2656
2143
7543
1479
5129
3217
5063
7088
5705
2346
3617
3131
7210
6615
6800
1702
5786
7071
8297
4499
5145
167
8152
7255
8174
7768
5028
5375
6496
2852
7870
5505
4995
1765
6984
6477
1334
8399
3565
7039
7097
3534
6522
659
149
3323
8713
2287
394
7011
6786
1891
7178
4939
9147
5352
9059
4175
7079
1908
3379
1301
7413
8375
3066
749
1204
753
5501
1121
4144
2598
4655
667
9610
4804
342
8323
7091
736
5334
230
8979
8864
1521
8126
569
6932
8653
7648
8840
2033
8950
2605
6760
8368
3355
7964
9121
8856
9085
9618
7806
92
285
7416
4896
627
5740
8339
7715
7426
4921
6694
6291
6442
1173
6860
3375
9826
4508
8567
8211
9810
1173
4971
8179
880
9287
3652
6088
4724
3270
3894
4816
3555
7663
6064
534
9755
4404
8249
7181
9325
1296
9824
5768
8821
6684
5495
4999
7545
414
3211
7355
1587
4534
1886
2467
3822
5539
4907
4898
8809
5154
9715
8717
2817
5779
5603
8924
183
205
6105
5861
7853
2282
7981
6674
5318
9828
1673
2863
242
1236
6571
1830
5771
8457
649
5945
3996
5557
843
9158
711
558
4227
9880
2690
6182
8804
9225
6387
1261
5086
4240
3543
9419
7266
8862
9247
8940
8077
9490
6528
4648
7672
8651
9458
4673
4596
9806
230
1792
5316
7293
8702
9543
3525
1392
5726
2329
6970
8465
9943
2056
2706
3486
7828
9972
8700
7075
5264
3130
6565
8145
7778
589
6796
3588
5263
7745
3395
1845
9537
8711
5491
8239
4607
9016
5984
6685
7698
2954
5150
7641
1362
4208
7479
9190
533
6180
2618
5797
9310
5535
294
3440
6125
7091
3381
1388
4836
6776
3233
725
5487
5076
5316
6446
4093
7652
3131
1791
6958
8282
9432
8321
2490
3263
3863
3023
9443
6481
5173
5105
2017
5467
4898
8142
8910
8279
5882
98
1407
5467
823
3246
544
2492
9693
989
144
2824
2780
7103
1106
8564
1776
9949
1827
5639
2972
7623
8473
4497
9080
6842
6317
330
4984
5227
4961
7218
5326
6368
9037
2501
9615
9581
1345
9308
570
7842
8484
9702
1297
9591
4618
3073
5892
2798
5064
8864
6773
9889
9714
2205
6731
6031
2536
1715
1258
3849
5285
2936
218
4323
1790
6185
256
9487
1845
827
7329
329
6881
8626
6272
7852
8051
2164
650
3116
7381
3775
3005
7095
5980
9737
9478
4868
7804
736
8718
9442
25
5288
3765
8167
7825
4021
7654
9670
1200
1336
6351
4434
9962
2624
2286
8014
1140
9288
7482
8521
3063
487
1968
9043
6576
1446
3912
733
8535
8982
175
8560
4270
292
3079
8447
4313
7085
8117
1866
8421
4468
2652
8384
3444
4938
2750
4585
4226
232
9458
3641
7071
1427
2684
0
2873
2948
733
7760
8282
908
2672
8904
7552
5751
7351
8217
2837
5468
83
1258
6289
2735
5994
6085
4025
8744
7022
4603
8976
6481
8244
2400
4260
7281
2400
3485
229
3133
1246
4864
393
3918
3768
7945
6022
1120
6162
8859
6588
2598
6469
9229
1685
2464
5315
2063
7560
8689
6666
6537
5170
1263
8937
5782
8544
1337
9268
5125
822
6866
9989
1215
7136
3758
5512
3158
4878
8026
8369
7818
6976
4839
3400
8662
3655
5067
7077
1215
3756
3743
4104
5279
1358
9393
1061
9902
7082
6681
1380
7904
3547
1369
5471
684
1479
7335
3842
2709
5362
2212
6880
8690
3403
280
7352
3410
5347
781
4625
9103
4525
5082
734
2235
4475
1796
2138
7910
8477
9870
5814
8377
7591
7638
9061
9071
1325
9255
8132
3039
7819
5012
1730
7574
5292
5434
984
6991
6216
1962
6095
7093
7044
6829
9328
7871
4977
7818
5781
9807
7688
7948
8184
5280
1938
7245
703
3263
2852
8835
6303
672
200
8033
8246
5492
3467
9231
2484
9683
1193
4931
3128
4589
8112
2457
8812
9442
275
4594
9249
4316
2542
7433
9596
832
1030
6651
4095
3882
1838
398
4554
2038
4783
9153
3883
4603
8384
2719
638
5929
7650
3767
6870
2114
6224
5682
1556
6499
276
7157
7167
9170
4590
6763
2
1972
9766
450
5855
1605
848
6761
9995
1984
5914
3878
6587
4298
6597
7225
6579
599
992
3449
9066
3568
9132
6974
6420
5760
4132
3587
1283
8722
351
1285
7047
6469
1735
2902
4426
8936
9663
4422
920
1930
4652
3859
2580
1250
7436
9160
8201
8429
8961
7267
1997
8093
4242
4769
206
4726
8357
1489
9800
5060
9126
6847
1529
7214
9749
5956
6150
5765
378
3422
7695
1382
3633
275
2632
1069
5787
7186
5850
4749
805
7848
9194
1399
2617
9400
6125
7326
7241
5926
2386
6368
2773
3916
3582
8875
6224
6084
4640
2954
9506
8687
4336
9491
5314
3321
560
1102
507
6411
2203
7664
611
1397
9064
9580
7150
1541
6907
4391
7467
9293
7111
6593
9561
693
5468
2137
6777
6460
5091
2635
1499
9428
8478
6813
9101
9039
4267
5960
5450
6470
3624
2413
4220
2688
1993
7722
4230
5252
2113
8049
898
9225
994
459
6270
2814
8949
9400
9274
4040
2035
7125
9820
514
291
8921
5905
4558
4881
7707
7381
4858
120
7953
7546
8465
5675
8128
3718
4140
2530
4616
3365
3524
1427
5988
6339
376
5388
1965
769
3775
9091
6941
641
5734
5863
6546
6644
7096
605
4025
1954
725
8330
5853
5543
4005
333
5613
4498
2863
6581
4215
2740
8008
203
9079
4737
5591
7396
1858
5719
6487
8799
6360
2221
1014
9259
5218
4463
9864
9243
2769
6942
3926
8622
8837
4283
5308
4450
8781
8171
1031
2997
911
5391
9552
6342
6480
1496
3739
8338
7215
6578
3490
9927
5152
856
9186
370
5319
5403
5965
8089
8697
9891
3063
3886
527
8371
8336
9308
6543
5719
8657
3806
1110
8210
6501
3943
6058
240
8633
3273
3170
2123
3200
8322
2980
8739
8692
4651
494
1010
2740
5543
901
2156
9429
7780
527
4117
3441
3422
9836
2098
7229
946
6660
82
1241
2718
6674
9875
2343
9844
8350
5544
8167
1330
635
3211
2334
1129
4221
1426
3024
1475
3582
2453
9255
4110
6570
9048
7532
6406
1147
1113
3704
4159
1195
4946
6878
7869
1173
5573
7714
9523
1117
2233
7206
8104
1796
9540
5585
2370
966
8609
3845
901
7414
9452
5011
3984
8501
8895
6742
6000
9
6799
159
7556
8097
3389
5426
9270
8963
9492
5145
6432
8077
2351
889
9873
8243
6474
2243
5562
5084
2440
6463
2498
1893
1474
2835
6746
369
9577
9098
6730
6376
5609
4287
825
8999
9713
95
4314
5557
5241
7098
3634
3944
7987
3507
2188
4462
2103
7750
5898
4543
4213
4748
2788
2039
7583
5886
8760
3513
4984
5491
6241
594
9778
7067
5945
5843
3514
6611
7752
5107
3709
1386
9052
8049
1245
1240
2511
3348
5342
4761
4244
5907
9509
7032
7946
3445
9271
3058
6958
4255
8549
9551
1201
4679
6618
7146
6874
6485
3757
4626
1592
3819
6012
644
1868
3610
8236
731
3310
3578
5492
7554
9485
1353
939
3783
4798
210
6842
8108
817
1743
7660
2019
6423
4278
5517
3297
763
5627
7924
8708
5798
288
9352
7666
250
7589
4749
3561
1167
241
1115
7005
7946
8406
7140
2745
4968
3982
853
5786
2078
8513
4157
4853
9144
9674
8150
6259
1653
2426
4967
7451
9067
672
1469
9317
8261
6218
2878
5780
2811
346
9137
758
5104
6278
9855
73
6612
708
2211
8690
5574
6368
3543
1070
2394
8046
3681
400
6824
8649
7851
5891
9321
9321
5209
3934
5539
4439
6066
4703
4785
5204
5461
6242
1482
5316
6315
4446
2376
8526
9489
4302
1246
3032
5372
3640
7430
9054
4040
4255
4055
8244
6498
9728
7565
1707
3662
9456
2499
9728
4159
3636
4932
5972
9878
2766
1288
6193
3565
17
1071
3054
4319
2317
2438
9692
2310
9869
5098
2702
476
9153
946
6974
8881
4863
5034
8895
672
7533
4975
4831
7521
9908
804
7400
9026
8444
9945
8943
8461
1017
1997
2781
9686
4436
8825
8348
4305
3923
1051
1133
9428
8349
8107
4661
3213
3141
3556
3885
7026
8531
5068
4548
4791
2224
1948
170
669
1893
9113
5482
9262
1111
4615
5301
1899
3440
3649
2556
3715
4700
3689
9495
3050
1796
4156
2615
1290
4064
6500
8316
2596
7920
2864
3739
145
4812
3909
7166
3058
9375
2648
8672
6838
7264
3973
8737
7056
7623
1293
7124
8675
1334
2971
8077
3130
7128
692
4420
1192
3544
9089
140
1465
1953
232
1610
3118
493
8776
2528
9868
7776
7552
6706
1392
1526
1795
4801
5501
3088
1925
528
4422
1248
8606
3905
8376
5650
4677
5921
9195
3766
2413
660
2072
2645
8622
5190
9491
7398
4070
9359
5174
1622
2418
6567
9500
4213
7720
1353
3654
9645
1882
4428
893
6840
4685
5622
2490
9363
7895
1685
9481
6660
2345
1553
9306
967
3095
8797
4717
7165
4508
6244
5140
3278
9163
4640
7492
6883
5994
7498
2880
7876
1926
125
4716
6612
5747
3558
2327
9994
5244
8160
6655
3941
6066
2313
1261
9161
7462
5978
2679
1970
8574
4171
5249
7737
8811
9093
4620
4805
6591
3852
9033
4869
3978
101
7833
6077
12
6512
6072
5256
4673
2727
9197
739
1392
458
6252
8854
2789
5283
7176
1363
9454
8777
9101
8266
7870
73
9423
813
3926
4809
5683
7904
1262
9868
333
1274
6381
6405
6530
7406
5484
2080
8145
6876
8890
749
2082
1679
6033
9259
9395
5487
8036
4848
105
2259
4921
9529
3072
5199
690
5107
9455
1952
1328
9789
9579
7709
2546
2461
1467
8031
4541
5964
1259
3432
6713
3342
1463
2746
8953
858
4586
3341
2058
4691
5600
6980
572
5025
8531
7614
6484
7987
9567
7812
4128
5498
1873
6674
7959
3340
1057
2501
9304
2317
2285
2370
2011
100
5116
964
7311
6054
4305
9369
7098
9906
2701
7670
1283
1233
1637
7767
5572
1204
5580
9700
6702
3805
2726
1013
3498
3784
3514
2802
6101
2151
5172
4464
2252
6641
5428
9563
9047
6085
8932
6145
2343
7986
168
3626
9219
1805
1394
1143
9361
3326
7195
2415
3483
9921
3428
6981
3705
3295
9784
6158
5446
1308
622
7698
4301
2402
3613
3349
8488
2546
5846
831
532
6014
4458
6103
7819
2204
7246
3532
1882
793
5947
5365
714
9376
2347
772
2671
8483
6930
8117
9791
3905
2168
445
2659
5781
146
1147
4679
5992
8331
1563
2007
2789
4018
6178
1345
7616
9711
3227
8409
2010
8592
9124
1386
7291
6248
409
5774
9530
4879
1918
3435
3399
2363
6095
9180
2509
3594
212
4853
1925
1775
6860
1066
5794
9391
2411
9762
9102
1990
8172
1112
583
3648
8851
7874
9896
5612
1
9426
491
1919
2862
3890
634
5309
9423
9495
5255
9635
4348
7181
7762
7561
8247
9908
6952
7011
9671
2406
9001
7843
9870
5936
1491
5073
163
1387
686
164
7165
1177
8435
27
1420
9069
1688
843
4916
6944
6830
9264
477
4592
6825
5076
4501
129
2087
524
2535
1089
4719
8758
7025
6210
3831
3540
3949
4517
3704
1114
2047
2139
7494
9819
7560
5534
7014
2476
8830
3844
8093
5659
4788
1270
736
5641
1400
2823
6165
287
264
884
9045
3642
3446
2877
7182
3747
3746
7239
1214
2145
5730
5060
1964
9643
594
8978
2119
5777
9174
6564
1436
3963
7835
2172
9604
5587
1348
2122
5874
7964
9358
1272
7958
9157
4149
1493
2904
4247
8732
4118
6393
814
9178
4709
457
6125
3688
8929
8254
2862
5493
9690
3177
9680
8215
9134
5267
5915
1256
7494
3879
6966
8766
8190
6123
9267
9683
9028
3514
4767
9498
6259
5581
5029
969
2391
1154
4657
1320
9408
3871
3165
5450
7049
2846
3665
2535
4465
9580
3791
1959
9812
7109
7077
4354
3233
6344
4037
8613
6211
5156
8111
2470
7089
3140
3439
5832
646
4448
7152
6406
4672
6670
1857
8073
5868
1874
608
333
7807
751
8645
3971
7860
5722
8325
7445
2067
8714
6058
8278
222
4170
7100
3663
3662
6892
9496
661
7692
6648
7067
2364
9670
5276
437
5538
3503
7397
2224
1310
8148
869
1633
2361
2943
6310
9806
1362
5024
5865
5992
1598
6387
3093
5261
49
9985
4757
7062
7677
7758
4130
6394
7428
5758
3183
9319
9261
581
1543
6923
5081
8764
4908
7442
8059
1218
7249
9422
2594
9466
5414
4192
5853
4859
5806
2254
1196
563
9317
5226
4673
9799
7972
8454
5557
1155
7773
1171
1736
5668
4446
3170
784
9355
612
8843
573
4213
8265
9520
3679
32
3712
5884
1243
5870
8139
8792
6434
3808
4018
7459
3607
1990
5913
5516
9497
3686
6687
7586
9354
1134
756
138
489
7720
5334
7414
1934
9951
6934
1965
6335
6999
7850
7579
2869
2341
6371
5655
6149
6741
3115
6108
5083
9028
1624
4580
9067
4664
8518
4773
2150
9274
1264
8991
6995
6598
2757
8929
6549
9692
7246
2885
3043
5096
6816
2264
7437
9539
7920
9938
6280
7387
2398
7715
2767
375
8647
8186
1391
7166
2960
3541
6440
576
8884
9787
7174
1641
5068
75
7685
2315
9312
728
7411
6128
2993
1201
5667
7265
7491
8299
1004
9890
2366
123
6617
1014
8310
8008
8180
7622
1549
972
8198
433
760
5372
8426
5828
1799
6112
8143
1112
6840
1907
7240
6185
3108
9260
9802
6951
3911
806
3193
6278
7282
9810
7292
5592
7818
1824
3214
5719
9148
7764
2504
9908
9488
931
2089
1287
7043
6584
2399
235
8491
5992
2773
7951
1604
2575
4903
5515
9734
8096
8145
7016
4259
1789
8960
2077
9965
8526
4149
9114
6290
3005
9022
5778
288
7463
7065
7331
4048
5817
3919
8891
1809
3044
6843
9765
5619
8098
1632
1705
2546
9778
5073
3157
7919
4033
1587
7885
2559
5736
6999
8849
8741
2373
979
9030
6189
8045
2713
237
3862
2984
5480
2023
6028
8675
8140
8000
6773
9772
9705
5672
5902
4779
8829
3822
5164
416
8059
4076
2504
5058
9277
7598
3783
257
2980
9972
8302
2045
6561
8516
5030
2042
6891
7410
7069
1383
5410
195
7507
1468
5867
3410
2599
1048
3584
7763
7817
1643
1839
6673
3053
1117
4271
3188
7726
7251
9513
2380
9297
2426
896
679
4468
4139
4441
1538
1874
9852
8085
9381
7672
3952
2791
271
1352
2727
4386
5521
722
2578
2195
127
47
6466
3316
7773
70
9181
153
5719
1607
7401
2750
2428
7892
7191
318
9766
7043
8403
9147
4715
8707
8291
1338
59
1018
5725
5581
1741
8303
7776
8220
4702
594
7888
2475
664
7069
2628
2735
8677
6381
5485
7457
4273
2677
7775
4039
9720
6178
3186
788
4885
1477
8478
4944
8848
4203
6877
6941
8858
1005
5161
3560
1600
3050
2387
8616
6471
5015
1352
5148
7748
6837
2605
2021
9514
6732
6060
5587
2910
5599
2727
7795
3428
1205
9092
2276
1761
2321
9217
619
3327
4379
532
1279
3781
2919
9895
252
4287
7599
1753
2035
4437
4358
4057
303
7443
6469
5890
353
2068
4969
4501
5497
6175
9945
4125
7936
2266
3343
4907
1945
4074
5439
3224
7855
4711
9472
4459
8998
7071
6212
1033
1508
6923
1442
8164
4366
7912
406
4719
6332
5376
5572
8181
1551
5517
2307
5839
4136
2002
746
6081
6076
2538
5658
283
7249
5130
4742
2599
2201
7307
9984
62
4230
1427
4578
8596
5691
4984
9667
8375
360
5240
2909
8263
7109
5216
4102
1245
3570
1201
7327
5998
91
9337
2633
7340
4467
7375
6291
3020
4682
6275
9434
5264
4054
4012
3860
6097
8997
3528
4473
9357
5120
7382
7621
2229
8950
8075
3475
8872
9276
7154
4870
9367
6491
7503
3059
7310
1230
5702
6682
2265
1978
6117
7529
2384
129
7742
8482
9126
1270
9307
4836
2742
6689
8809
4971
1991
6884
4798
863
2513
8304
5733
8232
1147
9588
7644
4809
818
3346
1492
3083
1676
7609
6965
413
7738
4707
8895
3217
2329
8202
4405
5071
1243
9566
6394
9586
6450
1193
449
5315
5849
2534
9900
6997
2122
3896
1806
9292
3594
9650
8728
1623
7259
5693
2036
1350
400
931
919
9081
5485
5324
4152
3080
4890
6898
2666
7692
8091
3115
9360
293
2001
5612
3642
4123
9508
1800
9767
9454
1451
8495
1077
8710
540
3113
6412
7292
396
7331
6373
2233
9007
525
5313
3897
7424
7979
7942
1867
7446
3654
8512
9447
9266
2154
3570
5126
3955
9690
4580
5406
8185
2010
468
8726
1475
6881
6018
8224
4212
2392
457
3220
9269
5771
3469
3045
102
7763
1265
7549
1417
9777
6996
7035
8284
6919
8513
2239
6609
9446
3997
1146
1456
817
6224
9283
7698
2243
7507
8263
987
7965
7835
6608
88
7656
6006
190
5420
7271
4091
3189
3400
1088
6577
1684
4359
5090
275
968
4536
4272
2114
2344
1442
4691
1628
9140
6934
9135
3755
4273
3452
1590
7233
9892
9247
3239
6435
1019
6862
526
560
263
7966
3489
8299
2325
8580
8575
9645
9468
9199
8112
1813
641
2803
9793
6134
6089
8928
9889
6714
8733
1480
3947
8625
7079
3539
5060
4450
6753
1939
5010
3368
9905
8500
1668
8583
3432
6595
8228
9252
5794
6340
1065
2788
9143
7210
8922
1584
2491
5163
8298
1224
6643
2246
6201
74
2137
7614
4524
8890
9553
5887
2259
5810
739
3927
4393
523
6874
2622
9775
2668
5314
841
1808
810
4403
7082
2394
6894
2246
693
8118
8889
2939
672
5316
1428
8286
6192
318
7839
2079
2577
3649
9170
2856
8043
9693
6082
7017
9469
8751
2331
6662
6911
3141
1065
3994
5536
7960
6240
6229
2430
1481
5520
3102
3149
6948
1388
9342
3618
5579
7773
2548
9229
6944
1756
3624
6637
7839
641
2458
2942
9324
9120
9853
8818
186
199
706
4498
6439
3287
3280
4273
8807
6383
7422
2107
4123
6764
2077
9703
4538
4625
5284
7834
6382
5260
4471
573
2253
6930
3515
1577
2402
9720
395
8940
9920
7453
9790
6359
740
3071
6984
9547
5806
4407
8006
6281
7523
6436
5984
8413
1061
7620
6247
3795
2880
7071
4368
5133
353
4235
3063
9107
3956
9810
8048
3876
7264
7838
6587
8004
909
3572
3904
3067
4331
8262
9349
8206
4698
1685
6620
5760
9306
9219
5907
8538
2642
6628
24
9347
863
3087
8455
4819
2897
6503
5047
161
4341
1635
8166
1603
1559
8422
4670
5890
6684
371
4096
1383
2057
7068
3495
7715
2640
9402
6253
5282
6030
2629
4630
3246
5716
9437
4417
8614
5940
9465
5127
6633
1100
9645
8236
2659
8067
9259
4901
1104
5982
5349
2487
8039
8770
5982
2106
1410
1736
4712
3044
4119
7341
4026
7365
3058
3463
1782
8024
5755
7599
3151
2389
8699
9149
6977
7710
3568
2588
8963
4672
8571
4313
7159
6610
9435
9493
5069
845
1230
9781
241
5349
7122
620
9066
180
4083
7200
4556
6191
4800
7708
8580
9851
3209
5557
3914
6777
4498
2877
7802
3069
3542
4961
6031
2977
807
1100
174
2037
881
416
3738
8004
1036
2804
4536
1471
4
9093
4014
4804
3153
2594
1008
2714
4504
4922
9491
9002
7799
7293
8423
1342
8607
4454
671
5766
1907
846
7803
9140
7614
7893
3496
5002
697
8033
2825
7053
3478
6840
8210
6631
9434
9218
9345
290
4140
5188
5644
8291
8834
419
5985
3793
1226
6657
9559
3133
7503
3714
2273
5117
1607
5770
119
8656
155
2944
5709
3633
6136
271
6616
1923
9489
2313
2213
9981
7501
4210
8273
2687
4629
4258
6480
5855
915
6039
5340
4770
6105
3966
9887
7712
6088
6358
6368
6243
5655
8430
9876
1791
8701
2844
3714
8191
5157
2280
4524
9010
2842
2797
1698
7471
3408
4530
9679
4323
6922
1371
5446
3027
5337
1685
740
1425
8044
3460
7668
51
1890
3896
8194
592
3092
1909
5135
8249
541
9659
7260
3383
8809
5310
7206
2217
9840
3237
2892
6762
4609
8338
9790
6298
24
6882
7724
8068
342
1744
4471
2233
1993
2665
9177
5085
926
4312
9687
7819
323
3299
1202
9132
8609
4761
7701
4801
7998
594
7916
8959
8932
7706
5258
8956
940
9334
3376
1282
7430
7847
3515
9423
6865
9044
861
7791
9708
548
1963
32
3847
3165
5516
8808
4278
3218
9961
8629
3812
7877
7588
9096
5583
9198
8053
6523
4884
7781
4158
2315
5629
4025
1738
8846
3070
2599
2989
2778
9499
4952
9162
9698
4470
4679
4858
8748
4249
4820
7377
4413
2697
1318
3509
4633
6868
7914
1156
1753
5696
1666
4068
7677
5692
2158
6523
8762
4758
9512
7892
609
4465
7055
308
8935
1734
5166
4035
2335
6338
7765
3100
9036
9083
6609
3669
2303
876
1177
4056
6572
2844
8124
4249
8536
283
7124
3650
1393
2988
1542
8354
7453
8597
5014
2740
6683
181
3128
9018
2871
893
2118
1907
6328
5080
5576
8631
2308
3106
2688
8880
5950
7164
9481
838
7447
2957
4488
5192
5945
6030
3547
3399
4628
8561
2491
7663
5094
5619
6682
7966
2864
5152
6225
9192
6584
8154
7824
8892
1260
6864
4124
7210
4028
9957
8048
7828
2914
2536
3020
8860
4918
2919
8611
9546
7833
1102
3562
9279
3074
6596
7245
5938
1748
9823
5131
4685
7977
9307
9929
9237
6171
4054
2799
199
4011
847
8027
3278
9735
7400
2138
4653
6671
749
552
4504
8203
4114
3784
1277
710
7381
3568
8810
7204
8699
9847
5181
4358
9777
770
529
183
3569
728
546
768
5108
3824
503
2508
5962
1509
9179
3063
8413
3684
1267
8879
3820
8896
5941
1201
2464
1103
4758
1163
951
6291
5521
7080
7062
2402
3615
6983
3131
4161
7752
8239
4338
4607
7099
6652
6116
2630
9716
881
2666
983
6112
6486
9879
2053
4040
8696
9509
5150
9859
460
1441
1733
3892
4855
487
7507
1839
3618
8020
9591
8209
8710
4198
1660
5363
6667
4291
5079
3900
6957
2414
13
9796
8645
8418
188
7341
7927
5338
3553
4739
6779
1638
4983
7987
2125
8842
9826
2096
6863
5769
6657
5573
9967
8318
7288
2986
8961
2367
6887
2270
1133
3252
8418
9779
1670
8606
3472
5950
3944
7025
689
7076
5015
2025
1415
7141
867
1241
5589
4082
7010
2246
6008
3329
6916
3296
6316
5877
2016
9555
4500
3149
9159
2918
9280
7181
1525
9105
3131
1821
6130
173
5249
7498
2198
6664
4639
9417
4257
6580
3500
1267
8826
9508
949
5743
2804
3617
7972
4820
9524
2472
4322
8683
1743
9954
5864
9620
9059
5348
7793
1542
1873
3043
9040
423
6059
31
9840
317
6611
3340
7936
1789
2848
5237
3884
2005
8854
1857
3177
8378
681
7499
7061
2424
3806
9278
2044
2865
978
6190
4407
2851
5585
9799
3274
1644
6182
9466
8313
2793
2807
2602
935
2007
7839
4819
364
3046
6676
3542
1424
3710
7393
4838
6134
1199
468
4531
4065
1446
721
4824
649
6306
976
275
4302
7158
9741
8968
6304
8900
1570
7239
7260
5761
2058
7624
8807
5087
1166
6584
8797
8560
7774
4931
9759
8242
5814
176
6040
2887
1353
3041
5545
2329
3316
9848
5839
9409
8816
2143
4662
6738
5734
1922
8851
7793
9546
4011
2880
7065
595
8029
1977
4721
9312
8088
2963
5127
8265
5355
8014
5970
8396
3560
8299
8064
9760
4138
3825
4928
2634
8487
1666
8368
6761
6869
2513
2660
880
5393
6077
7827
9774
8054
2548
9087
6142
1863
4214
4407
7218
8580
377
1966
8492
5028
6382
8252
5519
208
3180
8153
5047
1198
2873
1809
8068
5387
821
5300
7132
6898
3128
6907
4952
5676
5994
1094
3892
6560
1854
1110
5140
8583
9429
9985
3612
5811
4589
5483
2371
4122
9988
7419
5320
2861
5580
9740
4600
6401
1393
8085
9651
4521
4992
4603
6549
7338
2049
441
3898
255
7904
5390
8839
7333
5375
8803
9496
6317
638
1868
439
626
9287
2111
9839
1219
1852
4440
3972
3245
2525
3623
4118
3869
4578
7019
1207
2979
7461
1457
3235
5365
3199
8426
9050
4927
3581
8546
1244
4219
414
1683
4845
6053
3794
1036
3624
1998
1828
7596
1595
4353
7571
5713
4574
8501
9085
2133
7833
6546
3590
7420
8263
6790
5846
3665
1717
9427
2211
2961
3646
8978
996
4843
1383
4790
5879
1360
3141
7708
5308
4736
8413
9232
6802
2988
7733
5887
1473
1918
8785
5064
9338
3400
8206
5184
7065
6275
963
5628
5588
961
4606
6584
5804
2342
7726
1684
3702
867
5744
9010
5604
4157
8242
8758
3497
2328
4645
1323
4246
9782
2739
9937
3182
945
5121
247
3572
2437
5875
9160
3398
6834
2096
9203
9176
9822
7239
9230
7042
9335
4592
8998
9844
9187
7756
3342
7867
8753
4665
2113
8535
3756
8402
8069
4701
3524
8316
4625
2313
543
3785
5711
7377
2233
1266
2905
2055
4857
8487
9097
4192
3080
4447
4037
8619
2203
3731
6486
7308
4748
4951
2195
8504
3354
264
9557
3230
4932
4182
5543
5476
4319
1254
9205
6552
8873
8463
8607
3730
6950
4057
7923
6382
8504
8312
5001
7060
2043
1487
4368
3143
2791
2916
1647
6145
3180
1204
9375
8113
1738
4918
9941
6057
2524
5498
2609
1397
3961
7568
1480
7264
1625
5755
3646
6482
4067
5000
9894
2462
2839
614
1957
5630
3530
3604
1775
6711
1160
7502
1176
9250
8772
7469
5307
1297
2967
7916
9046
3281
1836
526
545
9814
2633
543
6296
3052
5543
6190
5514
8383
3156
7471
365
6687
7427
8493
9750
4939
5995
926
4189
4768
4747
5848
6065
4066
116
1463
7347
1953
8342
4244
1767
975
4788
4415
4028
6683
6957
5894
1418
113
9718
1784
6800
7145
277
6550
8437
2624
3828
8978
7392
8575
4827
9809
8994
1295
1273
6341
3248
5967
6938
1367
6942
8078
5782
970
1113
2739
6865
2532
9205
6583
668
6005
80
7297
8908
4869
9921
2736
3848
3666
7664
5027
3475
3010
6322
1100
9351
5923
7067
2641
7290
4010
719
9425
1332
1833
8516
4549
717
7721
7484
7737
79
3917
5034
8987
8786
1307
8075
8986
4973
2091
4013
8449
5101
6688
9549
805
2611
2969
3446
9901
6979
518
5678
4663
8703
4195
9213
9420
1916
6697
7157
8347
614
8543
7334
5753
9850
1762
4739
4824
205
8753
9625
1659
5441
5526
2464
4404
8495
2262
657
1826
2780
6336
6490
7835
531
5703
3607
8799
8752
7116
7147
5719
5659
833
1472
5510
8947
6211
6686
9153
1316
6311
812
6757
1837
9628
1161
6685
1890
1819
8511
1023
4507
5001
5210
5038
7056
8818
189
2161
5934
3688
7880
1594
874
9352
3456
9821
1915
6494
5326
3232
2805
2490
6341
994
8470
3855
7679
6713
5674
6191
4088
181
7544
9298
1571
953
8116
8112
3114
403
1801
7346
8349
9027
3050
1805
8848
4965
4651
527
4549
3808
9369
891
4802
7840
4746
8834
905
6772
1377
4993
3305
5273
4291
1228
6226
8760
9340
5692
9163
7493
3038
3864
6520
2440
2021
1721
7406
6672
8600
8307
480
7969
5550
5282
2161
296
468
3066
3420
1845
4411
3077
7119
8703
4305
9697
3815
9998
5390
9330
7491
4780
3194
364
7221
5215
2085
979
1887
685
9286
2367
5006
4837
4001
3520
1485
4470
6586
4906
2667
998
7983
6138
6053
8641
5836
9868
8639
1226
5550
2482
6006
8744
2846
3227
3959
1283
4206
2198
8320
9845
917
3327
4682
4918
6847
2519
5740
9785
7425
4760
7135
1761
898
3188
402
6734
9408
5393
4312
4958
7875
319
54
722
9898
4013
8357
457
6211
6678
302
3480
5
1336
8399
3204
207
491
9341
3985
5251
6477
5746
2502
6017
2500
9236
1778
7893
3549
6736
2120
220
6791
9194
118
7156
7552
6927
9720
4230
7229
3200
587
4917
7951
143
5125
4795
9484
9110
6398
5961
1208
8900
1979
3708
4489
3757
7953
4390
6845
6425
4610
9988
5620
1080
3497
3172
8008
3217
3754
1589
2769
4341
2859
721
4484
7984
5516
3968
3446
1914
6282
4654
7167
4613
4714
1656
8370
9019
6046
1567
5444
7008
7908
1064
8088
1405
588
2448
4622
4342
4038
3743
5035
6897
816
5871
1233
6332
6192
4679
4599
2474
5685
8118
7087
399
6126
1809
5770
2172
9728
1214
5532
7636
8631
3620
9041
5571
6069
15
6266
6459
3759
1301
9708
927
3525
941
7260
9717
1972
8211
2191
7657
2681
5630
4408
8807
3791
178
7331
3519
7744
2863
1156
2727
6483
6549
8299
8904
2917
4565
1715
3028
2218
1423
3955
5743
2364
7567
5460
4336
5778
4003
8345
4811
9633
2753
3618
9776
9283
949
3296
7028
3812
804
9755
6648
7353
4406
1904
270
8971
3620
3298
7542
1395
7254
3285
112
4821
5098
4448
6952
9101
9146
8115
5087
1899
1734
4863
1183
9035
4511
4563
9200
5315
4318
2200
2669
8725
4104
9291
4048
4076
8942
1590
1824
6196
1228
1936
7369
6326
6384
673
5427
1882
8789
6866
3782
6875
8082
1317
5910
2593
5880
1462
7909
6550
3662
6930
1627
4119
6221
5676
4547
5163
3618
6371
7711
4846
8307
1433
1172
1044
2106
2952
2926
7247
9818
3060
4122
4252
4377
6385
6846
257
4199
1107
6808
7862
8037
8435
8333
4258
463
2880
5774
4082
5604
9837
5280
3911
1270
6453
1307
9729
5757
4234
3328
5575
3646
3803
6180
8024
6540
3026
4633
739
4133
7793
4953
2170
2581
3286
2780
3044
2519
4906
3478
4475
1096
8759
8386
2366
1564
6046
8447
7321
6632
1776
9248
278
1931
5428
8302
8471
8454
2936
9210
8939
7081
4164
7461
9662
3802
6594
2707
6321
7852
2537
796
8948
1296
5535
7667
2860
7933
2466
181
4565
4242
9430
4843
2525
4858
9498
996
9665
8786
207
4956
5867
723
2418
5530
4525
5364
4589
7199
3216
7126
4347
2165
8423
6234
9832
7635
4167
2298
7817
8732
2893
3599
9928
5418
4809
9426
2767
826
8212
2974
5783
431
49
8201
5961
4574
3565
550
8125
3133
7677
2473
5298
2452
5059
1482
87
5579
133
4256
663
9378
4207
591
1148
9017
6369
3915
9843
933
3241
5626
1365
3290
179
7326
4217
96
4229
2342
3230
8258
1167
4880
7062
2579
2715
7149
8158
2848
7758
8821
2226
1965
9413
3374
982
2134
3642
7178
3068
6883
2804
4433
174
9336
8111
743
5784
8692
9437
5366
6950
605
247
4012
9536
2962
7514
7694
5810
1624
6515
4388
3589
2280
4114
924
4415
7756
8102
3835
4640
7258
8268
1166
6594
2731
1909
8731
7776
7698
4097
4726
8303
4344
5091
4191
3658
8957
1885
5820
581
4753
208
4170
3385
4323
1446
4152
8431
9548
7987
3071
6807
2607
589
9753
1691
8850
4836
9467
6549
8934
545
1204
9630
5636
5396
3289
945
3633
9109
1526
8386
5670
2049
8124
6345
3495
2276
4776
9396
264
4200
2555
9223
1141
8660
914
9992
3497
381
2893
2431
927
449
2061
2915
5845
1702
3861
5831
812
1739
569
6482
3788
8693
9179
3636
970
3955
3032
7586
8155
5587
6809
9297
599
7724
5641
4096
4457
4886
2879
5384
5335
4941
8300
7533
2995
2161
3364
3807
3900
3933
6641
4041
8979
5820
4029
9949
6128
7061
3887
635
9000
696
9932
9599
4772
1925
48
9230
6811
2927
4614
8499
4220
9266
6032
7216
7779
9396
7375
8032
9681
4017
2073
8660
6189
6102
4961
2317
9515
8848
2953
4867
5897
9237
818
669
7515
866
9899
678
146
866
9177
4366
132
5209
7934
7912
957
5310
2296
639
5679
4369
5651
1868
6823
6965
538
2690
2165
9843
7557
8062
5432
4727
5084
2947
5594
1335
3626
5740
8553
2803
6458
5038
4365
4393
9302
5322
9703
1598
2313
5382
2319
4317
3602
9142
1282
492
8184
9799
6687
2093
4214
2120
6820
5650
5067
2414
6985
5045
4506
1891
4201
965
6929
8566
1710
6231
240
1413
7829
2554
3147
148
3223
3101
5642
857
9946
3826
656
6633
5919
1222
8753
2739
6872
173
1506
3858
1570
2364
5749
5771
9681
9030
689
1391
5261
7282
9156
3090
6188
2303
9590
9411
1757
5232
268
1703
5410
7276
4688
1329
8499
3442
420
5371
9967
1926
5581
7889
643
7682
3661
324
6712
702
1716
8325
7984
872
7767
4172
9528
7357
9935
7637
8941
203
5692
4351
7480
380
5680
5979
174
2453
7702
6493
731
3284
4383
1374
7318
4396
1699
4031
1450
9767
2356
5787
6991
124
9959
2871
3833
6247
508
2775
6450
2552
7126
282
9285
9159
2613
9459
1612
316
2305
2343
9952
6688
70
7270
7436
8121
1301
8886
7888
10
4673
4879
6486
985
4103
319
7232
963
3094
34
3516
6573
317
2801
2084
2930
8612
3696
9598
7269
2391
9550
309
8813
6821
7745
6934
4474
6632
4822
836
7657
6054
7322
8642
6509
7642
5874
7472
7088
5909
7340
3661
2578
141
5745
1860
5106
5793
1459
8727
4537
1009
9037
9702
4182
6782
6637
5009
9766
7811
5845
7424
217
3168
6066
6726
7162
8293
4199
4250
554
1539
4264
3132
8033
6361
4992
9491
2155
6451
8218
3044
3813
7255
2746
7995
390
5735
9356
156
3547
5202
7580
3764
8370
3647
491
5532
8292
1042
6134
8846
8933
398
1978
3318
6760
3322
2809
5267
9774
7380
4663
9939
4635
3761
4286
5025
9497
3643
1534
3044
8845
9114
3160
3567
9113
3
9099
7405
7397
5233
6251
6331
5632
4581
9649
8744
7904
8811
4011
4030
6191
8674
3969
7178
2435
8255
8556
8284
1898
90
1328
7095
5556
841
662
4670
844
6113
2075
8242
1347
4679
925
3331
9260
6926
2075
7164
5737
2438
1194
8280
7464
1515
5459
6251
9771
4015
4536
8021
457
2216
1469
6013
3057
2131
7035
254
8245
9111
4848
5944
142
5773
9275
9402
9051
7702
2919
4789
6492
465
9421
3956
1981
4880
207
8104
5247
4743
2477
2056
6960
3946
8070
6369
2430
5105
6623
7027
568
1471
2971
7062
3596
8598
2817
2648
6300
5736
3789
9144
2553
3210
3100
886
4443
3307
8990
9690
4403
7820
8099
7715
8118
6169
4084
548
7626
7060
3927
4547
8531
6898
1609
2128
5496
4426
1128
8148
162
4917
7292
9068
8127
6744
9954
2570
6404
5297
8613
807
3117
6712
4874
7587
2881
8958
4488
6859
6018
8415
1406
902
5314
3016
9382
7162
3794
510
1663
309
5427
5307
9377
3554
2052
9331
2477
8456
980
1090
9263
449
7802
489
8037
7035
9447
2525
246
1818
7292
1653
9072
2606
1021
8454
6121
4815
8964
7784
5124
743
3091
853
4297
5143
185
3126
9951
7517
4216
5566
7967
8370
6055
2356
1757
1855
1233
2004
25
8525
9
9097
1132
1030
7551
3605
2197
2867
1389
3674
3610
832
4527
4259
2328
4712
7386
2279
8582
7954
7846
6549
6325
253
5257
8082
2108
6490
6438
2133
5015
6447
1230
2499
7477
5133
6104
6027
8000
3845
9701
7962
4678
4228
8574
7006
5293
5960
5637
3875
266
9835
6776
2943
89
2033
1026
8549
8523
3816
683
9890
264
8265
2390
7741
3399
8494
3768
7751
2340
3469
2066
3370
7698
640
6728
2991
2952
2365
3218
9570
2201
9994
2514
8642
8379
9892
7191
6902
3708
4226
6792
3972
2492
5534
8066
2243
381
1834
6346
2721
1656
4764
6091
5706
5404
2819
5049
4708
1536
8267
4279
89
4613
3145
8731
2992
3037
2275
6246
6745
6501
9390
7070
5345
4925
5136
3940
5306
3322
287
4379
4978
1403
6822
7036
6808
5993
2085
7868
7529
6704
8499
7619
1317
1644
2702
661
1033
4977
6907
4131
7831
6298
1201
3176
1223
2689
3469
2881
6011
3756
7260
7342
5159
4082
4378
8319
75
2816
2540
3956
9520
7391
7927
7190
5388
630
7851
6421
1959
4759
6904
6142
7409
8105
5671
4984
7146
9140
7865
3158
9248
5125
6852
4407
5559
1230
9079
1986
4046
7971
5942
9919
5362
3870
7109
750
852
1312
3524
9163
2423
428
5306
9832
4886
977
4816
2032
117
9033
1542
9365
510
8394
124
6069
9625
5555
4407
23
9878
350
6294
5241
572
9755
2343
7776
1068
5867
6939
3491
6296
2245
9676
1182
9574
844
9566
6043
9878
1109
5408
388
9503
1885
2810
9128
3792
7217
5504
3671
3919
1798
5264
843
1554
7607
8619
8974
3475
5559
8817
6123
4156
8493
3657
3731
5690
3223
9774
5568
4332
1535
2308
3836
9772
1470
9316
9916
5040
4820
3587
8959
2971
8851
9803
4525
2811
4774
3499
6286
333
8668
8761
842
3514
2418
4573
9204
5641
699
1124
6326
8586
9784
162
8358
