1255
9478
8275
6295
651
8214
1606
3622
3418
7761
4499
6229
2536
4350
8867
9221
3018
7628
63
6532
6398
988
5736
8391
8040
6860
4717
6626
2997
4879
1337
4252
710
5964
6899
1361
530
8505
1335
3948
6267
5834
6529
5155
184
5396
4376
3202
9376
792
9735
2126
8132
1823
518
2524
5036
5235
5503
8033
6467
6840
2285
7177
9156
5536
4890
6038
4041
6225
9987
6660
8411
2868
1815
8595
8265
2544
1797
3993
9688
7884
6120
4172
6060
6638
6697
1096
8225
2200
9129
4692
5392
7766
8221
900
3302
9463
6938
3695
2040
3277
356
451
6146
8523
9046
763
7419
7196
4756
3459
5080
876
7632
7492
3866
681
8588
2092
2881
4069
3136
4625
1835
7710
5525
1489
7173
2463
5185
9214
5741
1893
9665
1887
6768
5064
2650
4188
2260
3758
3999
3692
4635
7983
1185
4853
8664
9773
3297
7897
3843
6434
2522
2030
4144
8047
3520
7669
6863
5057
6883
2604
6950
2901
843
70
7965
3493
610
225
7251
4610
269
8238
2593
1454
9444
1258
7580
2741
5507
7775
5527
8030
9805
6023
2429
9677
3693
9292
1086
6928
1896
4388
6181
9091
4459
4146
2584
5069
723
6188
6031
993
778
8625
8799
222
6235
6379
9316
1742
506
4843
6124
6664
7219
8554
2693
912
4198
3780
4192
2447
4520
374
1538
8979
872
475
401
7948
3015
6432
5293
3793
1409
4092
368
7644
6824
9684
5739
7330
879
8215
346
8098
3121
3040
5362
7320
6820
9555
9767
1340
6281
7657
6672
3505
8132
3425
1453
1147
6209
3098
4941
7619
7191
1661
1615
367
7697
3706
4049
8576
1922
4396
3027
5043
7436
8389
8715
608
4296
4834
8300
577
2492
1324
435
624
4749
1888
1772
959
4987
3065
4930
8530
1078
6545
5249
8775
252
5650
3703
8526
6398
6730
9921
3834
5120
8637
794
5768
3471
5447
2698
5963
6771
3133
2940
7873
5021
4712
5184
6360
4129
114
1242
5207
6659
2843
334
3263
8494
4037
8141
4892
768
8063
5079
2240
6700
2225
4360
6523
7672
7058
8839
796
191
1779
8669
1565
2843
3853
4277
3324
3967
1872
4883
6978
4715
5217
6594
9561
5606
4735
4454
2726
2798
5885
1318
5850
4462
5679
2374
2135
2737
7565
2931
2929
5696
7952
846
8539
1805
5123
8215
2124
6995
3098
9102
8063
4667
5696
7624
273
432
8430
3000
9582
4315
670
5433
8778
6349
4159
7265
9087
8076
6548
8368
3772
4500
5566
8663
6305
689
6878
4781
4037
6328
235
2100
995
5932
9724
7620
2716
4507
6972
8650
5174
7643
4083
3952
3992
4594
7569
9431
2670
4117
4151
6442
4969
9717
5105
7626
6759
8335
2407
796
4663
2643
9248
2010
4927
8972
9631
3995
3479
6603
2645
5006
598
3081
8958
943
7675
2880
374
346
3349
878
3140
8319
595
4598
5945
7354
2933
8353
4502
7597
7348
3750
9607
2275
9075
5590
6270
8906
8546
5267
3912
9144
8348
9223
87
2376
2103
6814
9074
1804
4044
2214
123
4639
6812
6069
8346
6098
774
9200
3695
8122
9303
9654
397
8378
5245
3019
3636
143
4638
7549
9287
2987
3124
5727
1715
1579
8893
789
3383
2937
9355
3507
3928
2520
5928
8626
8618
6702
7827
2313
4824
3482
8319
1573
1860
9916
944
5496
59
5582
9397
5699
4921
2521
7778
6636
4100
6671
7425
7484
5960
3133
7343
6240
5653
3271
4867
4271
6325
9046
2936
7501
2528
1255
9074
740
1172
6370
6236
7583
1952
1986
3282
6874
4507
1060
9862
4960
4083
3640
8796
43
6773
6139
6284
2426
5762
7503
3049
8439
6549
5985
5940
5429
7240
1366
6169
4764
7736
8757
2348
9688
743
5630
2914
1603
3043
2777
6563
7126
2769
1711
3522
9542
7850
9806
8320
9964
3661
1369
8403
6562
7354
695
1991
946
2061
4512
5711
9797
3269
8059
9485
365
41
8752
8320
3084
7881
4883
211
650
6594
3733
6544
796
9891
1216
7112
9904
2585
1867
6466
6291
2562
4809
7237
4623
9321
9300
4420
8942
3711
257
5659
3753
5361
3979
3189
3242
5214
9752
244
8160
9837
3140
5308
9728
4356
2420
9632
3293
4287
2450
9584
3201
7259
3174
7824
6580
2474
8596
1875
2538
5206
7534
2643
567
1514
5832
162
6728
5585
6758
4889
5422
9899
197
1503
4255
8970
7487
7549
9609
9938
3485
2811
3549
6659
6987
130
5486
1936
8357
4376
7142
5891
7019
4061
7405
2851
4223
486
4788
982
5375
6563
7233
1924
4418
1488
894
1905
5389
504
8195
8875
9667
8097
1886
6654
8227
3724
8590
6584
8100
2084
8827
5119
6146
6233
4323
6721
3071
5463
4055
8446
2026
1288
6722
6444
2777
7617
4702
4518
4473
9249
9745
4140
7346
1632
7146
1925
1708
2089
4861
6161
4173
3689
1280
6671
6274
1955
3393
9345
7419
7448
4143
9445
5089
865
2242
4218
8482
6944
8736
9307
2545
8482
3447
9892
6466
594
1817
8174
9035
3031
4335
3208
6720
1968
6232
9346
275
9625
8691
7694
3425
9186
3492
8514
51
5734
9084
4886
9030
7821
4193
1575
2655
3993
7819
9121
4587
5989
7295
9974
9020
7983
3182
2092
6303
9414
7790
6578
5391
6481
625
5169
2019
4117
35
2070
6203
9120
6956
1585
6941
7502
9512
9596
1495
7332
5069
2434
9673
8716
2408
5045
6699
1942
7137
9354
1357
4927
5933
3100
7760
6558
8269
6131
7027
8305
8201
3230
3777
1510
1167
718
9012
679
6666
6859
4363
1735
9293
388
6803
8053
5433
3503
9995
8922
9209
1352
201
5142
805
4313
8052
9074
444
5079
3731
8646
4661
7508
6508
5828
4578
1872
2860
1244
8731
3575
9331
4376
3964
6135
2429
9397
5990
2424
4672
1551
129
4873
6694
934
9187
4746
6360
5983
6178
92
981
839
7600
7489
3020
8531
5713
2232
9775
4444
5807
5459
8820
9771
7946
7601
5521
288
26
6545
1839
6507
1418
4885
7441
6957
5984
3801
2941
2162
245
3922
9353
7846
7764
8725
6377
3477
957
2504
4274
6765
4315
9446
2888
8613
7048
4761
8901
3426
1306
7093
9933
2725
1978
7374
6034
4314
7527
5327
6476
7773
9250
2182
1971
3366
907
4700
3195
1865
3556
7469
4982
4224
6916
7870
2837
316
8984
8091
3742
290
5184
27
9367
3514
7401
5402
4181
1280
729
657
5405
6331
9191
7376
6049
99
8428
9245
8316
1985
3066
3298
6209
9982
7520
5398
6650
6504
3489
392
6795
5025
419
2514
4892
4172
7916
9073
1805
4998
6082
7210
7681
5274
939
3731
5373
9367
9328
41
7704
2394
3339
265
8729
7211
5664
5379
3716
9153
2124
6863
4179
8895
9377
5423
9420
3646
4496
7577
4996
578
4787
9029
2204
5726
2760
7577
1446
8440
3970
9150
835
7309
5768
5916
4521
1432
1295
4589
585
9771
7804
1116
5019
3533
6539
791
7179
7387
8368
8527
4318
9507
7557
6522
1586
6669
452
3032
5110
4422
8534
2297
8084
4302
8213
8957
5734
5860
3546
2672
1984
1350
140
7003
4883
3032
4146
8415
419
2514
3294
4737
2021
7203
7612
3607
3873
8064
2991
5335
2486
1526
7632
6922
2180
2197
5879
4267
8057
9425
3291
6393
7127
3431
3396
8363
6463
7542
3130
3235
6408
2776
4324
4782
9980
1936
8389
205
0
1381
5540
8839
9259
9524
5761
7791
1721
7993
2058
6130
3770
5349
2524
898
8781
2272
5613
1596
6167
5095
1183
2575
4223
5508
7357
4203
7444
2099
760
3797
9832
6300
8988
9091
2176
1101
6882
249
9094
5293
6380
2865
642
5256
115
5775
3880
2080
3724
47
3527
4907
8975
7750
415
2684
8306
4212
1135
9066
4361
967
1719
3349
6410
3895
802
3293
497
6249
4938
3229
5466
5580
8485
1933
7708
2365
365
1432
8765
3892
2691
7740
7994
3107
6776
6300
3671
7912
5367
8032
8879
7086
7733
5290
7333
8535
4935
7830
1136
9873
1059
6602
1805
5896
4887
9513
8262
5252
7297
3379
9144
9989
1119
7139
9448
4247
9791
3119
2159
5158
1151
1039
8596
5236
2681
2282
3771
3968
112
1260
3841
7524
7862
1998
3420
9102
7864
8034
4354
5161
1413
9851
1502
8884
3342
7302
3132
3133
421
5291
4644
7924
2682
3240
9512
1715
5522
3284
5683
1987
896
5876
9511
5110
7875
9283
4212
5739
3670
8567
7252
5083
8418
5107
320
1760
2409
3452
1245
9183
5095
5889
3459
4130
9130
2972
5845
1004
2608
7881
2991
3504
3757
8854
4966
7984
8138
9179
75
1808
7746
3680
3243
2516
8787
3563
628
7548
3367
1873
3083
8463
7763
2895
8945
3245
2219
1142
4249
1179
9023
3593
4683
9133
2447
6001
7117
6937
5180
3545
5097
9278
7225
8341
1794
2364
8256
8774
6264
1624
648
9348
6439
4763
8595
1736
8008
814
2878
8609
1993
1902
2202
3028
7387
1002
9029
856
4291
562
4401
9389
9840
1626
4082
7987
342
2338
3113
6607
314
113
2307
3105
4876
902
1193
9236
8068
4072
4198
6413
2326
2752
5793
9713
3754
1174
6921
4398
1736
1323
3787
7929
9301
4221
2268
9644
2911
5381
2603
9578
5495
4910
2683
6723
2164
3877
5960
6584
4301
6510
9349
6627
9262
5142
2692
9369
6316
9613
3767
4405
7288
3906
8686
6590
8127
954
2586
1038
2687
5189
616
4534
6451
9652
1258
4967
9881
3570
1551
4182
80
900
7161
5694
2394
9853
5063
5062
5818
8830
9467
3107
2736
8153
6049
7215
5459
8635
8254
8147
176
8870
9033
2979
4874
291
7946
4755
213
5849
5289
293
3101
2450
5988
5495
8655
7403
557
4474
6234
6377
3933
5322
882
9982
2538
6342
4969
792
841
1497
6014
9874
4476
7241
6518
8774
1996
6731
975
7286
7025
4076
6088
9365
9571
4744
6768
6480
5570
9354
2857
9503
4677
92
5837
3567
6434
7158
711
3627
5007
6725
3501
5835
3966
19
961
2315
6751
1936
9601
128
6012
5689
9493
1935
6785
2613
4767
2355
1968
3977
8210
2997
4069
399
6564
503
3909
7275
4130
8916
352
3983
1103
671
4003
2064
2986
7106
4000
8939
7234
12
980
3079
8299
7766
2044
3067
6473
4012
7044
1036
7009
1113
1435
3573
1616
1697
7200
2098
6965
7553
6081
8069
8224
6436
133
1210
9894
486
6501
3480
6850
7481
2911
5150
1599
4956
8217
4425
8968
1613
5461
2330
2726
3248
2255
694
4945
9456
9144
1911
7009
1577
6332
1585
8014
6465
9147
4260
3303
5648
7741
154
9481
652
5304
1081
5608
9873
5506
929
1486
7319
9611
564
567
1866
1258
5513
7674
402
3776
1035
1979
108
2620
6345
2925
1767
606
6229
7415
4699
2735
6897
5351
4391
4330
7312
4264
6188
4593
2102
3507
556
2666
4074
2422
3924
5939
97
678
6067
1132
9009
6175
105
5355
5453
1872
2313
8034
5640
7012
769
8889
8715
5160
3219
2379
5776
9407
3324
7878
2914
3880
544
3340
6303
820
5632
2752
7850
1699
236
6859
4227
6693
8566
9680
8566
879
4066
558
4243
1187
9447
9311
2699
2666
1690
8475
8425
5015
2705
7691
5247
9601
1031
7902
6773
6663
7006
4623
4715
7243
1482
8942
288
49
8622
8854
7280
9040
9412
1524
227
5211
835
2926
7877
8877
1401
2654
244
4106
345
5492
59
7729
3394
6832
744
401
1455
5459
3996
2937
4401
4284
9338
9375
9491
2971
8415
5255
4495
8642
467
1682
1568
8344
559
9321
7351
7156
3427
7696
2648
9838
5425
2394
6670
2522
2795
8125
7981
6791
7415
2383
7428
3105
1758
6919
6076
6526
2174
571
5168
2641
8605
6737
7338
5517
6058
1041
2673
5838
8737
5321
5676
515
7715
2347
3037
6863
6824
1018
6
4239
9753
7434
3697
7864
705
9773
4390
2880
6697
5910
1873
5302
8999
5563
819
1410
6604
3492
3600
1694
5165
9276
2209
2881
7975
1598
6096
1152
8968
6102
1743
5074
3537
5440
2938
594
5214
3680
9826
1911
9590
8052
3565
4942
3615
4385
6352
6572
4229
9952
8266
9395
5580
6827
8628
9908
4777
4724
1060
3745
826
9155
5171
715
4596
8109
1310
6162
8141
7488
4425
4084
5540
7990
9026
5508
2375
1730
2080
6605
1682
6698
6000
3614
9877
980
9874
4654
5704
934
4751
2882
6442
9923
9950
7390
4384
7612
3552
8878
5100
7977
2962
641
5967
8340
6149
4695
70
4581
7652
8104
1279
4
1718
1156
984
1593
2162
6688
8879
3265
5922
5321
9540
5872
2711
3925
3484
2615
2803
8585
592
2117
9226
2912
457
1727
3959
527
6308
1611
8631
3939
1615
6701
1447
2599
8294
3609
5639
3526
3226
1561
5199
2767
7434
4263
3044
918
6878
2199
9503
3823
4316
5081
3087
4773
3160
7046
1652
9468
8657
6635
9759
272
3336
1206
2871
7983
1167
8510
1509
4394
71
6708
7161
3857
971
6557
4776
4202
8756
631
8025
3072
2065
7464
4197
5225
4510
5849
1046
3167
2484
805
3439
5820
2012
2662
3803
3179
7524
1664
3925
7595
4725
7438
7805
2048
3995
2581
6250
2751
9564
627
2175
1629
8091
6372
6855
2601
2221
7901
2120
1057
8706
1911
6878
7070
4573
7033
6602
2097
5050
527
6045
9775
4318
3850
1823
8313
2783
4426
7417
2347
1405
9592
3977
9497
5965
832
8450
4538
5085
6923
5596
143
8834
8826
7214
3408
5859
168
1857
7261
7047
7902
7036
1365
8104
5212
6031
887
5990
3448
9587
7395
9392
3564
3244
5357
748
8047
9896
2185
4970
1844
2328
3804
670
5894
3564
2881
6062
5422
143
9462
9676
3531
7179
4133
8743
3210
1372
1085
3010
959
8481
2403
875
1725
4112
7975
9772
360
160
1094
2204
2489
4899
2874
8383
4815
5756
798
237
2251
6612
6266
5782
3791
6751
878
3354
8123
1963
6364
5435
444
5119
6310
8522
5584
4286
4646
5944
4446
5741
8149
3287
6992
7375
8023
1807
9483
8821
8397
1734
1785
4663
7517
5576
7766
4747
8930
5889
6710
1647
7676
3507
3118
3987
2029
8702
4625
6675
4647
5423
8768
9148
5063
5760
6523
3086
7568
6007
8259
5965
4093
44
6980
7962
5620
4746
2709
903
635
9420
8902
8312
9279
2020
8651
1308
7075
9628
4335
8074
5051
3104
7222
6466
8864
97
9552
2784
2456
7811
8749
6550
7855
5729
4512
9828
475
3574
731
7463
9346
5985
2127
8625
8005
7130
6285
5080
6758
620
3154
8161
76
6728
4628
5293
6826
4180
8077
9282
8344
3179
2184
6199
5260
6697
2379
5736
6623
9462
9551
5969
5447
8030
4594
3453
5160
879
4885
1918
7851
4392
6431
4280
1120
1059
9573
4298
1592
4002
9933
9936
3533
2117
2487
8794
5166
4867
882
1789
4329
433
4110
6129
4815
8704
9582
9975
5935
819
8245
139
1563
4676
4419
9036
2088
344
3334
3680
698
9619
9968
4232
1737
8807
9378
3255
3674
260
1397
4356
7045
5507
6837
1860
4212
6419
1835
6499
3590
80
6638
5154
1108
7409
542
3196
7753
3876
6876
4804
3496
3196
9036
1585
2004
8414
4840
2030
5026
6237
2738
2071
8097
9575
3931
8661
2346
2118
5160
5937
8550
8151
7443
9658
5560
7985
2855
9666
8213
6083
4470
8061
5632
9858
9646
7636
4624
839
6018
9650
3428
8757
1721
1525
8332
2004
6538
679
474
1699
2968
9024
6202
6763
5034
1762
1100
4241
7780
9313
6677
2250
3727
2309
8460
9725
6297
3084
6916
2315
2734
345
1072
807
8222
5757
9163
4761
2788
9637
2812
2108
8661
9014
8871
48
7128
6323
4289
4909
1988
966
3511
5715
3275
1972
5441
9572
5056
2357
8240
4143
9054
9312
1302
3629
1421
466
4742
4209
103
7554
6317
5117
2920
1540
5165
48
7863
5806
1309
9852
6773
4821
5567
6400
6793
7360
2325
8201
6070
565
8696
1476
6229
9999
1457
7651
6817
6199
1860
3272
105
8178
4741
3025
6070
6258
9426
3934
2065
735
3786
5190
5556
5705
1590
8701
9418
3915
3255
5488
832
8303
3316
7062
4654
4774
4713
1471
973
6573
4744
7431
1103
9485
456
7174
5744
6234
7460
4161
6970
1246
9351
8878
3303
941
3932
2721
1209
7187
4561
2041
5490
7878
9103
145
2652
168
7968
9977
3094
2712
7408
549
8550
4217
7723
646
451
5183
4807
3773
2781
510
2652
6085
1451
6584
5158
9012
123
9720
1054
1965
3950
6509
8462
2954
3030
6431
2931
6124
5495
6692
6673
4045
7261
749
1043
7712
5932
2202
7838
5066
2712
6842
7503
516
3426
2661
9528
9901
8733
6934
1866
2683
3444
329
5637
6474
6760
8569
2598
8607
1613
5623
2653
8874
6372
48
2938
8657
2251
776
3723
4963
7618
1226
1831
7396
239
1360
7297
8973
8294
5516
1656
8090
2197
7294
4564
5309
2215
3514
3916
3828
9138
2921
2702
1862
2970
1992
519
1573
2769
4242
2888
6739
1820
4720
4136
2060
6080
7785
1033
4374
3301
2689
2465
5498
6335
3381
7159
8550
3248
1076
8730
8738
3997
7784
600
6967
9777
7472
8540
2546
1714
1429
9285
9887
6149
9773
1947
8581
7559
9332
2955
7212
8373
1772
9063
4709
1506
6222
9611
1106
7298
8342
9844
1296
6126
6796
4615
5903
4268
9508
4801
2335
7289
439
2222
3438
212
521
2019
4123
6205
1326
1336
4578
9451
6751
5639
7309
2973
5251
8415
6624
3593
8259
4272
9719
1407
5239
5623
5676
4747
424
8011
2036
863
6585
1826
7428
7106
197
1551
3311
7876
9239
4241
3679
5990
9881
988
5316
5132
5755
8292
8725
4014
2564
4796
1773
4155
419
7449
8903
7196
1812
7291
4411
8397
9118
1839
5503
5667
9743
5166
3543
8982
5760
7222
1325
5641
4562
2993
7125
317
1285
2202
683
201
6998
2457
4356
3770
6258
9611
7318
8071
6903
8081
6468
2373
6273
8324
8040
6016
9842
1584
1350
5602
5158
9027
7595
6073
2020
1072
6390
3305
3274
3426
9858
6625
2235
4215
395
8493
3826
4065
6564
7081
2146
3033
9454
8419
7709
7495
4435
7551
5431
2138
9506
6941
1165
7101
3014
9538
8174
5757
9195
7800
9183
9054
4425
7770
9621
1172
6263
3447
5237
9180
529
3736
8565
6335
2155
6274
3830
2943
177
5613
1433
9683
2555
2598
3137
5569
8488
7663
7678
7684
5463
3213
3090
6241
983
2711
7413
7247
2510
9003
2779
9391
2739
1344
5727
1246
7618
9557
4189
4147
5171
5622
3831
4078
4573
6968
5999
9413
983
3678
7097
6446
6891
187
9039
7875
2898
6453
1474
5409
1808
4253
4800
899
1949
6879
2145
5919
6437
2687
66
7960
4661
249
8390
5586
3569
4389
5000
4552
8067
2097
7351
4959
8637
6390
9186
1535
9195
660
3296
1003
1265
4449
8254
9566
1328
400
5485
4117
9439
5551
8429
4100
5801
6819
9687
9370
1209
4687
275
9276
3136
7626
587
1773
4016
9773
3309
3212
6785
2957
567
4402
3758
8822
3968
5087
5574
9453
9204
5013
1357
7634
9113
3510
805
5152
9232
2014
9839
9507
1291
2976
7133
1878
4749
7502
8004
4410
7066
4789
3720
3985
9192
7478
2807
3160
2565
4733
8966
8122
9746
323
2108
5212
3833
2913
364
9417
1280
6556
8925
8923
5884
2410
7153
6985
6264
5157
7748
3330
9947
1468
7316
9139
8946
6475
8651
7864
1209
7617
2338
7307
4292
798
2519
4477
63
9236
3895
1343
2144
2820
266
8028
1582
7420
5013
7847
2577
2761
1177
8876
581
4845
4367
5880
1321
3019
96
2530
6988
2434
6189
1281
9584
8709
5758
9647
4297
9653
7343
6441
8825
7609
4469
6760
1381
5834
4607
311
4948
2136
9187
5529
6982
9907
1409
8303
9278
1505
7185
6266
291
3374
3899
9875
8435
6010
9523
2732
2015
6866
5525
7193
827
9994
3953
8561
2181
8560
8872
7129
7048
4411
2658
4030
4318
420
8685
9948
1925
2222
6215
2217
1949
6466
8444
384
8828
4319
9469
844
1185
1346
8037
8365
7693
1990
6926
9874
6902
5798
7003
3950
6561
6013
4333
880
6433
3018
7180
4711
5241
9747
3280
3542
6214
1724
278
5042
6044
6099
2238
3581
7446
275
1946
5139
8617
8872
5013
1871
1022
8368
5822
7584
4381
155
4816
815
9525
1996
1878
1118
1744
5158
4660
4310
6882
4939
5704
2926
1038
7943
6508
8484
4570
4806
9975
3188
3679
4988
1411
1053
3356
7233
8637
4090
3740
9805
1257
3266
1802
3135
736
9898
8293
5397
560
1527
6688
6264
4454
4078
4207
7314
8915
8778
8472
8890
8318
8503
3879
9729
9557
3587
3315
8194
7677
3407
4352
8934
3025
2506
8421
3762
2404
6714
5511
2964
8242
2199
5580
9048
2629
9788
2714
1544
4918
1186
435
9588
9690
666
5669
5599
605
5336
145
8283
8744
4497
3569
1769
7003
1991
5531
5759
5057
1042
5075
9651
9593
656
8699
2223
444
7765
119
1714
5304
554
7654
1346
7572
9675
6945
8178
5012
7090
2813
3756
1588
6382
5525
8591
4725
7409
703
9783
8451
5778
9434
4397
6434
4486
6620
3230
2251
6739
1296
7555
3646
8950
8901
7570
8626
5846
5748
3638
2937
8561
3746
877
1296
9271
5820
6021
6680
6523
5804
1484
2302
5239
2233
5088
9725
8853
8319
8328
1944
9615
5884
1942
4918
1137
5865
3544
3336
1613
3534
2625
6527
7280
3502
7823
2903
9322
3844
5936
2198
6001
3772
852
1240
6005
5940
7317
1210
4259
1997
9506
3875
4233
7801
8793
5371
3666
8689
8707
5279
8575
1332
8158
2207
1186
5981
5110
508
6178
7398
9058
2179
1170
9910
9771
7175
5851
7088
4737
110
5437
4244
337
9671
2045
5482
5042
5711
523
101
990
9098
1433
9149
1305
2619
1482
2768
9479
7660
166
8538
9839
1337
8448
9610
4864
4299
3050
9602
762
8488
3846
1099
8159
5891
6582
9553
7954
7105
9654
5296
2556
7439
797
3861
58
2280
6629
5889
9940
3148
779
6132
4485
9228
2094
5701
9879
5145
1655
641
9985
5501
8093
4496
7744
4675
4049
2050
8132
55
7347
688
7494
8144
902
3904
424
3883
9793
6717
7031
573
9201
7868
6153
1295
3570
6032
2792
5225
3026
9129
7079
1119
3625
1175
2146
4026
3226
278
4081
573
7319
1575
8717
4573
5479
5494
8456
1625
8563
5488
2198
7764
3356
4703
5411
6926
735
8204
8504
3761
3685
5583
1232
7311
3110
3378
7689
6336
9
1771
6909
3680
3346
1979
8253
5178
3825
6709
6803
2388
2197
5353
6504
5554
56
1915
8832
7143
6471
3688
905
157
5623
8489
3820
8734
1868
1509
5070
8229
3280
8332
1909
2979
311
162
8157
4136
6871
1312
2876
9069
6665
9380
975
6721
1295
6159
3864
4119
9848
1121
4276
5471
5963
8096
4205
7831
5957
9276
6060
9238
3960
7969
2217
4271
4483
6726
4759
1354
8038
3987
423
1055
3367
7750
4128
1014
3910
4344
5133
3758
1818
5761
9229
7781
3857
3435
1964
9815
9063
4376
5405
3023
2345
3974
3646
3180
700
4757
4534
5090
8744
1310
2497
2111
9060
6625
9477
2970
969
4611
3080
9139
372
2310
6920
582
2097
8884
6749
7512
3260
8506
6887
1957
2480
6885
5137
9532
1642
6024
974
6738
7334
3471
5201
6394
6448
4678
5717
3769
5641
8797
2909
6014
7459
9829
2948
9556
5066
6049
3420
4678
4555
307
2988
7035
7192
8125
2919
5186
501
3893
8276
7835
7364
3477
582
3812
8156
6299
3933
3797
5096
6842
6163
2556
3024
5463
8464
4442
1512
1885
9120
6067
8544
2108
9454
2089
6586
2373
7275
7087
6266
5552
1275
9982
5381
1857
3794
9889
8156
7728
39
9604
922
6202
8512
3946
8018
6977
8388
9530
5214
3861
5598
3758
2321
5052
5847
8907
7426
9475
2347
44
1379
3622
27
6760
5479
173
3002
9987
4253
3041
9591
5176
9243
8104
5474
7261
1433
3863
3144
6647
4076
8742
6757
6397
146
8957
1657
3924
8432
4004
3969
6163
3978
3996
9275
5809
4169
2277
5796
8423
5318
1739
9951
914
6195
5425
4527
7628
5640
7671
627
9716
2765
7385
2466
2912
6342
4123
3188
1126
8127
7157
3641
2105
7505
2916
7914
8027
1546
62
6450
6864
1801
2753
7778
7997
8178
8658
1977
171
6329
2605
6239
9095
6342
8705
8359
9036
2828
1547
162
955
8705
3803
9412
6210
3071
3678
4237
4617
3740
7039
7834
1894
6144
1964
6243
4323
622
8220
846
6952
825
7085
6047
3519
5791
4406
2555
8619
2305
2717
5927
1010
2872
1691
3573
2296
1722
4162
3265
5462
7554
1099
3708
3698
3064
9951
4373
38
8172
5219
6990
5349
2305
9389
8869
4448
147
1424
9419
2453
494
1698
9815
9718
3390
9740
8366
5112
3903
1632
6926
1457
9083
635
1507
2147
6938
5881
8538
1462
1100
5528
6812
9757
1270
2033
557
7769
9809
9977
222
303
1675
6390
6374
1417
6130
4740
6529
33
2724
9808
7842
1808
6795
9350
307
3733
5231
8845
5196
2683
726
8360
2441
1996
393
2998
9765
6554
9327
6340
3210
7355
2730
9584
8772
5212
676
1654
5246
3401
1462
9440
5209
8257
8790
5516
8342
373
714
9890
3057
1440
4602
1850
3436
1347
1200
9553
7902
6880
2245
1112
4235
4975
696
3007
188
7724
4661
1786
1125
2475
1226
2686
7084
6369
8203
5427
3094
8917
1669
2503
357
6272
705
145
7619
1906
6050
5521
5138
8296
6633
9373
9623
3681
8732
9811
1406
3394
7949
8883
2221
5528
1570
9306
8249
6125
4733
1343
5042
2754
3847
1751
9026
904
8248
6646
9162
4298
8519
4300
2594
1505
3673
2218
5186
8758
8381
2944
2152
2683
1828
4373
8211
3398
31
2812
9523
4764
507
917
3871
706
9020
2897
1611
7268
5895
773
7918
4415
5074
6865
5920
5099
5435
7458
3857
168
403
2361
2851
8583
3087
7414
1981
3118
6578
7856
4235
7086
5125
8106
7792
4145
1003
9403
7765
6899
177
2035
7666
5251
5252
9938
350
687
7396
560
7208
4151
2921
6411
2734
6008
3826
1067
9127
404
5275
3362
7490
400
1468
5283
897
8823
1038
5014
5722
1215
3402
9740
2818
8654
9678
3169
5694
7075
81
2902
1226
3002
9313
313
9011
9491
1380
4490
6248
6656
7852
3738
3408
5672
5373
4306
4495
2764
5672
6570
3979
9074
6310
6798
7729
5989
6319
9775
9416
6400
2677
6994
5754
1990
7307
4765
7834
8688
5607
4082
1696
3459
4172
1456
5483
9546
2114
9979
8662
7787
6549
2641
3213
9211
9439
7294
1552
2110
7069
968
8510
9746
7963
4265
8089
5270
5382
5923
310
990
5
8358
801
4177
9815
6285
75
1929
2616
8737
6068
5517
7731
9282
4728
7170
6576
6281
5633
3646
3601
495
9744
1564
4760
7833
3187
6495
108
9849
3837
113
8208
990
643
4375
3627
718
2656
6243
5808
8725
8112
3539
4359
9193
7061
7287
1826
2694
7285
5427
3190
7030
6992
4302
1215
6531
7149
1324
6380
986
7789
940
1977
8432
1667
5604
5503
4324
8200
1311
9401
6312
4850
3760
1857
8263
1047
3683
958
4685
9111
500
1715
2455
4802
2930
8986
1952
606
1718
9290
8396
9011
1267
6828
678
3224
2331
5002
7776
9994
4403
440
1196
4515
2298
9460
1915
5981
6770
6600
1444
7270
4667
3899
2072
3949
9237
376
4556
7308
9667
9304
6319
7286
6132
6997
6862
4816
8352
4638
4810
9107
1431
2359
9975
3729
1819
1890
6062
8589
4842
7507
5859
9509
7758
4283
9810
6996
1012
4366
656
679
3670
6975
4317
6155
324
1180
971
5028
2170
2133
4136
3601
4492
463
3682
2663
2353
6097
1252
3547
9956
3463
9408
7714
4099
9218
1062
5111
9937
1718
2142
3607
5045
6459
6114
1722
3991
3437
6750
6162
1923
7238
6115
6415
7701
6150
5431
6406
2247
3035
9953
2203
6499
5713
6269
6950
4932
7332
2061
4869
5402
4203
4828
6800
7014
7295
8522
1006
732
5272
3520
2655
2511
9635
5423
6564
5785
7206
2971
4384
241
9276
2939
6740
4990
9209
3690
6274
2893
2103
7495
8295
2658
8675
1447
9673
5970
9969
7031
3055
1594
551
2062
457
6538
3837
7021
2324
1043
9992
3060
1285
5621
6000
8025
611
5209
8068
3237
8102
6523
732
2749
9182
9407
549
8855
5378
518
5886
4785
2112
2789
6847
2569
9327
685
5943
8003
1728
2287
1064
3013
7908
7064
7391
4871
8625
1811
8108
3079
8334
8840
2180
7516
4600
2729
2723
6330
9600
4961
1115
1712
7750
7962
634
7078
4999
6577
5081
3080
5216
2497
6093
3125
5913
9836
7996
4538
7999
2457
3969
6334
7649
6150
202
2249
5231
2926
4931
4831
7887
6046
2896
1990
361
9882
9068
1712
2811
501
4792
8027
2999
7238
1152
8912
7074
5501
9803
5074
4310
124
7760
1959
6274
7962
561
7858
7240
5492
2689
1480
7891
1937
3470
8252
1819
8890
9964
4630
5743
4757
9010
5094
8347
6514
359
5421
8367
6514
6847
2677
6638
4607
989
9265
8922
1550
7123
2514
3394
6164
3994
1285
8102
3816
5889
6273
9058
2206
904
4802
3315
6266
6248
1662
2780
6607
3435
1148
3121
283
3825
9760
1242
4814
5377
6516
2716
2500
9031
2463
8664
9377
3748
3118
9546
5990
9392
8604
4548
6648
9758
7863
2914
6007
5877
5694
8966
9312
6842
8440
5947
668
4552
7190
1834
9929
58
903
2429
5441
3366
7445
4819
3466
564
4365
5808
9956
9321
356
2956
9080
8219
5870
1439
4096
7916
405
9761
4759
8845
5708
1779
3397
9250
9965
3326
5661
868
2107
1102
586
9553
5921
4053
6469
6638
6213
2777
5960
6570
5733
1392
1141
7955
2831
1590
5871
9588
1351
630
8434
3411
2409
8183
2662
8727
7862
8323
9595
6321
5777
6534
2226
8051
6939
8695
4689
3152
1472
7001
9722
3557
8393
864
1512
7576
2454
7384
7165
157
8014
1951
3568
6776
6486
2582
5503
700
7257
1450
7022
3035
4336
9248
1086
1275
4296
2127
4428
5768
5481
4150
9326
226
1366
838
7803
172
4574
1320
6681
2589
3271
250
5717
6109
9184
7572
6810
2794
5374
184
5829
9711
9432
3267
986
80
1746
5414
5849
7227
5917
1527
7454
7283
8717
5257
3808
3292
6577
489
5881
6200
7091
7950
8661
6276
1874
5471
9070
7248
2007
1251
6959
7792
870
4298
7872
2616
9712
3721
9844
1981
1600
7298
5617
318
8907
9425
3610
5484
6266
5843
8036
3358
3793
3049
5986
5667
4873
1408
9267
6880
9011
2579
4672
9881
6877
2545
2497
2941
2618
2341
4923
4219
5991
6892
4537
4898
6317
4499
6734
8935
342
1122
2293
487
4172
4631
2506
9045
6039
1773
5925
1402
4352
598
1283
1229
9495
133
523
2113
8826
5446
2684
4818
8690
7221
9716
1359
1720
2803
294
8414
3925
8940
8901
8097
3571
1407
7142
5963
3181
9420
7365
3885
6370
5001
1467
5865
5134
1990
4330
3960
3788
7015
5130
2478
588
1199
3837
8661
4002
4131
7075
7927
3071
5977
2377
2995
3736
5871
8958
3269
1643
2675
7155
8013
7676
4974
230
9162
6964
4561
9475
752
7928
4605
9582
8516
2156
3419
7177
6158
3902
605
438
3326
2934
9167
6321
6670
1390
1631
9940
3034
658
3447
1047
8335
8421
1278
3849
1737
2191
3324
8841
119
4282
8423
4987
6438
8194
8517
8949
8448
9122
5739
8126
2056
4906
4447
8726
2648
2430
5018
5682
3089
4817
6730
7776
9590
4360
7977
1327
6551
1302
6520
3022
1936
4943
8009
4726
9489
6526
3675
7938
5648
5766
6064
4056
7024
6864
2783
9673
5646
4153
5355
5087
8971
8437
2863
4913
2797
841
2593
5700
8495
9113
8722
6783
4057
3084
1509
9898
9610
1537
7836
1611
7303
253
5667
680
3469
4802
353
9115
5308
2060
4203
4279
498
3418
5544
9647
611
8137
5348
5458
7251
422
2241
7660
3506
3751
7558
9469
5288
1747
1080
8943
2000
3099
9623
1821
4254
6328
936
9562
8389
1491
193
5239
4910
5737
4886
1873
3875
234
7332
7478
657
9573
5138
4163
9676
2696
9984
1316
795
7416
260
9147
516
6235
968
4770
8916
1905
684
7305
3396
877
2544
4658
6614
7430
6532
6841
4017
216
4319
4674
9789
9457
5189
5818
8506
5174
7134
9301
2590
7394
8449
9458
9982
5769
580
8898
7674
1264
2555
7423
2141
1451
8433
8756
5233
4965
1949
9250
1533
6269
276
1323
2078
1818
7141
6936
3344
627
2590
2286
8022
7391
1745
4356
3160
2325
9606
835
9942
2161
4610
2083
9964
3043
7191
5197
4361
9141
800
5894
1762
7428
3569
192
9246
7062
7129
2590
7690
9719
4877
2064
7110
2974
6420
6622
1651
2378
3809
1593
4539
8419
29
855
7815
7220
6052
2176
2713
3204
8070
827
633
1640
1020
9879
5054
8149
8822
2744
4220
51
4808
7682
3025
7580
4304
1028
9958
8114
2622
849
2885
2651
1704
700
6223
4109
2876
8937
7313
7299
6116
7946
5291
7136
4178
345
5285
9352
9442
5857
9403
4250
3539
8780
1831
7844
9808
1789
2310
8782
2639
1547
1433
695
2248
4009
4804
1476
2946
2118
5127
9062
6416
418
2551
6946
7116
4188
6298
6558
46
2053
7160
3585
833
8991
7781
6994
7133
6443
5776
6124
7991
3562
6819
6591
7571
1624
4419
6869
94
9547
2283
6510
6317
4834
3457
3433
9023
6107
6343
9069
8161
3504
2654
5346
8847
6788
2340
5980
3231
8117
2104
7574
8031
5276
4165
5602
6900
8585
2471
3346
8132
4754
6208
801
9589
6017
4235
4964
2125
6930
4033
286
6786
3039
1984
5634
9827
4325
1614
9411
8794
71
6985
6825
5347
7503
2427
8599
2440
1250
8297
6924
6004
4505
7725
1945
523
8312
6909
2648
5243
7294
9286
2029
334
1270
7663
6513
1947
5630
2276
741
2053
5614
3918
3752
3117
6345
8703
5557
7595
7000
2481
9952
1505
6558
1897
8380
4871
5159
7380
6466
8805
6666
8495
9139
4289
2511
2005
6236
4493
633
3330
2898
6247
7248
6650
5716
9946
5353
1273
3893
8705
106
3845
6562
3017
2095
4943
7888
3606
2323
4354
2411
5342
9201
7903
5983
8064
9908
8571
8909
6893
8253
1807
3141
5502
8457
8857
1800
162
6483
5693
8867
2941
5891
1782
5958
7986
6725
198
7944
5400
904
355
7094
106
4610
3077
4522
870
8001
3432
7764
6254
1591
905
8108
6401
9762
9908
6563
2597
5602
1783
5539
1493
3565
1497
5831
6642
8048
3775
2042
8952
482
5489
5410
5093
8566
9933
2315
6567
9717
79
9174
1308
984
7282
7709
7099
7191
625
9696
2793
8760
1587
638
2325
3085
2821
8967
7485
2948
7361
6437
9782
2850
1848
1227
7769
8133
3543
688
7850
3622
9862
5510
4607
3497
9572
8058
688
6549
7754
9833
5309
9342
6823
7634
8779
9644
2953
6264
2592
6666
9053
8726
5869
901
9954
3638
9034
3497
678
3236
7119
6893
8747
8078
390
4671
6136
1078
1220
243
7263
2881
5937
4086
6867
1068
3730
6172
3684
2674
2838
2737
1400
5059
3639
7706
5049
9025
1203
5728
2262
4675
2621
7361
2753
9363
2032
5242
441
9604
1837
4056
2485
7774
8142
5704
5194
8224
1876
8878
7250
4714
1615
5002
9774
1606
2709
1175
632
3912
6903
9246
4939
5876
6607
7693
5239
4991
9287
2032
947
1124
6088
9784
5250
582
5488
444
8806
7364
5674
6056
8430
7289
1059
4556
5248
120
5732
2232
384
2635
1478
5324
4864
8085
9369
6455
3076
8656
8488
375
6132
928
159
1382
1511
5647
8178
6669
3011
3852
2726
1441
7493
137
5998
2741
6609
8082
4973
6993
717
6451
2317
1933
888
8038
8389
316
6694
3229
691
2826
509
850
560
2020
2849
8738
8690
2212
2590
7768
6
6436
4257
6004
9177
866
438
503
4211
7507
3306
2881
9441
4195
919
4182
863
3966
7411
1555
3144
7920
8757
3705
6293
7959
8795
1335
171
1386
5455
177
7822
9712
2533
3351
6930
2971
206
1141
479
3513
4022
6272
4060
4942
454
1275
5260
7865
9182
8404
2137
7940
2109
4782
5899
7257
6117
2422
4995
1572
2600
9169
7636
5133
2520
4566
8105
2727
5708
4936
2592
6082
1208
3004
7376
1662
4279
2636
5879
3462
7393
4368
7754
9502
9151
5
3111
5268
2427
8106
3193
5027
7275
829
6513
9796
1748
970
8875
7456
5906
7819
9890
3466
823
3619
5128
1454
6255
7359
4916
3648
1727
2670
9503
7230
9027
2614
2499
1455
721
2044
2834
4348
2873
5699
4144
4621
3021
9371
8429
8927
7190
4672
8745
4365
8291
225
5820
898
7584
7088
4547
5664
6111
402
2894
5138
9368
1745
2945
6441
141
2132
790
9367
7831
1286
340
7205
658
5122
6132
4200
9794
1230
4918
4437
1455
738
5335
5392
4178
6234
1056
289
6636
302
1780
2357
8400
4725
8798
8541
3209
9588
7908
7393
875
8249
4598
7885
3371
7082
2085
3165
8312
3355
7602
6120
445
9289
1512
4624
5524
8920
4913
8512
9222
6693
869
3974
7771
9668
2516
980
9256
6776
8373
6483
5025
2971
4368
8396
6406
6454
7913
4718
6161
1867
838
6607
7509
8702
1231
3033
7622
2496
1545
3197
5542
2415
7171
3313
2083
6039
645
7691
2816
5371
4175
7841
4694
8543
2590
1100
1349
6855
2171
7511
5075
3009
4118
2584
1712
1701
1969
5686
4197
9866
8883
9739
2281
2407
9404
716
8446
50
4760
1262
1773
8935
5456
6467
3830
4398
7568
5180
7605
9739
9043
9032
9100
9513
7968
7164
1214
9937
2851
5411
9804
1734
1503
8437
4141
907
9154
8940
7309
3914
6554
9082
9201
2010
5550
3031
2760
9470
4563
366
5561
9958
5750
1013
9471
3719
8178
7037
8
1029
2449
9812
9115
304
4602
9609
1211
108
4901
4873
374
1455
3955
9575
9818
5857
8958
2578
1679
9874
9296
3592
9832
5047
4606
5656
5118
2784
2693
5126
165
1494
1291
5632
1798
5893
1593
9362
2353
6494
4235
2727
7950
4542
2302
7768
400
7612
6698
8431
7486
5995
2024
3671
7394
6630
9327
2512
5766
2020
3990
2283
3515
5281
4267
5313
7526
5861
4675
6231
8707
5262
8958
6657
9805
7612
777
