6557
5225
7476
4988
9063
9823
3364
2734
7217
6346
2061
6081
8464
4082
71
7099
3949
1705
1367
5614
5583
3580
290
1815
2287
1904
7125
5297
1709
4738
2426
4618
9963
9902
9607
5378
6077
9323
8113
3294
5670
174
5727
4134
608
2151
1234
909
208
8953
6524
5791
8885
3166
3958
7524
5070
1084
2821
3132
5822
1600
7750
2137
7854
7357
7515
3932
6681
5628
3578
8703
2155
9306
9189
9115
1457
423
25
1665
5728
2901
3808
4613
6067
7767
2138
1137
5203
1311
621
7377
2911
8372
9514
7118
2081
3381
1050
5114
5362
4628
3817
3869
3934
3007
9336
1743
9782
9361
3408
5511
8614
7217
6476
4681
1336
4966
2171
2891
6278
2792
268
5541
1164
6134
9011
3246
9515
61
4712
4877
4690
8530
5098
4976
1537
4435
6720
7671
148
6480
3182
8763
49
6011
9796
7737
977
1967
628
3607
1112
896
5501
8628
7030
4512
8226
2898
4574
2939
4127
5616
1469
9226
6944
9358
3661
3664
3381
3809
6497
2916
8924
6546
8927
8721
4284
9904
7040
4912
9864
8152
2161
1717
6781
5543
6229
1359
8441
7155
4298
2569
9123
2119
1795
6068
7829
1808
6084
1211
5617
2581
4127
894
5480
3054
9615
6116
9310
6655
7380
5526
1160
9541
7243
4293
5085
9825
5652
3526
6980
6303
2447
2456
8422
4242
8524
2604
6050
960
3815
8020
9894
7942
8914
5374
7348
4881
1490
3010
1536
8870
8537
9048
4764
2132
3341
6201
1957
8994
6079
5290
1649
8527
7746
71
9121
2622
9027
1524
3582
2842
5896
3476
7136
1162
5202
836
6043
6692
199
3931
1915
5088
2980
3031
7220
2673
9232
9178
1667
1663
4468
9668
190
8566
6092
5664
1188
5119
7188
4770
7962
3084
8247
1450
598
9801
8639
6641
2846
8838
6924
4761
3926
9904
4144
1146
8930
9728
6676
597
1391
7496
266
7934
6062
6358
3598
7250
7829
7138
2021
2143
6574
6620
3594
7172
6421
8585
165
9267
7423
7089
380
1349
3346
876
8847
2276
604
5524
9225
8348
9372
5843
2634
5435
8553
2584
2685
6383
9722
1058
8526
2648
4030
8472
6172
6804
7057
6337
2423
832
9778
9156
8533
3124
32
7381
1752
6989
9257
7330
1689
8629
9525
4323
416
8079
6907
3102
814
6629
512
5692
5629
4543
517
1801
7699
3926
8138
122
4759
7916
9278
3292
7393
5663
7025
5497
9004
2634
2827
693
7616
2353
5016
8032
6784
1923
7486
3950
4904
7999
9642
533
8894
159
8686
2945
438
6824
3067
5197
1092
8698
4841
4837
713
8219
6687
9717
853
9514
6762
8469
8219
1778
2854
1355
53
340
5305
1309
4691
4948
1842
9937
1459
6880
2882
1897
56
2302
3446
1148
7352
4640
2338
8065
2859
9025
4134
64
4891
896
4886
9463
9026
7740
818
9079
4432
2476
388
5476
7424
8582
5413
5235
5462
4648
3485
5518
6950
6931
3018
654
7923
5356
8719
782
733
9205
7199
1977
101
2085
1440
9127
6177
8610
4558
609
1086
4946
6085
4862
9880
7851
98
1694
2499
9935
7212
5801
3218
6582
6455
1142
8291
1526
1924
9024
731
9123
1001
7184
7560
8793
2663
3737
7404
7221
699
8490
8519
6784
3353
4751
4635
9803
6445
3486
9738
3657
5639
2956
6591
2094
450
4882
9972
2375
3907
703
7850
1260
4239
1763
54
6902
5500
7458
475
6199
2300
5346
9336
2005
97
323
1808
6542
3810
7898
6551
5801
7207
3143
7896
7657
8025
7868
6384
8284
4924
587
9545
5515
2350
5951
8770
4202
3409
9245
402
2061
944
6090
4067
1041
6413
2227
7584
6575
126
4135
2377
7333
3630
6625
4990
1656
845
7727
9940
2121
8314
5837
7637
664
1788
6407
4866
5197
2004
1620
3611
2948
7710
7678
342
476
9905
7926
7051
6383
8413
5780
3716
2044
8757
5059
52
9603
2786
9992
1724
1100
2182
5713
8116
3970
2120
9334
5520
477
955
9131
3425
5017
3161
3767
5493
3066
8045
8897
9450
2811
1029
9518
1207
9787
4577
1259
5742
3715
7603
7466
4815
9785
3180
9283
108
1652
8618
5628
2129
5925
4759
1907
942
7920
2026
2788
7338
6424
8037
3140
9235
5418
2659
6794
1557
3588
8053
7299
7304
2008
4766
8471
8146
4298
7755
8254
5950
2725
3882
4432
8650
4993
2691
5944
9265
4717
5084
6603
1141
9473
9744
6728
1244
8755
3522
2801
2343
7927
101
5999
6288
1219
4471
4434
5517
8578
9040
7819
7655
2922
8603
2657
4267
1294
4953
3532
2364
6390
6487
9857
5863
6231
6586
3459
1338
108
6261
34
4388
2714
6033
676
3933
6856
5110
5802
1786
502
9973
9441
9776
8577
8450
4043
6223
3404
7575
8587
9794
414
8445
2009
2998
1383
5469
4336
7843
8082
4370
2231
796
404
2907
4729
3612
4369
6883
5399
4871
6856
4840
4647
1785
3291
5042
8009
3047
8969
2948
9193
9384
7745
1202
2382
5480
3023
6718
3324
1105
1089
5555
1901
7845
4815
2982
1457
5536
9865
6856
408
3074
8049
1407
4859
7692
6450
9220
7091
5419
8521
6284
1155
2618
7486
3537
8099
510
256
1423
7967
7697
3330
6221
1894
8145
9203
9703
3682
5421
2912
442
8495
7313
8201
3354
5005
1003
8927
2096
2775
7448
8380
3930
66
2218
7468
8165
9080
4076
5940
7048
8125
9271
9621
6371
7416
8824
6074
7450
597
8986
4244
9092
6299
2446
8799
7656
3449
4078
6104
2576
1526
836
6507
7944
3055
327
2462
8487
4403
8402
1887
8880
7673
1508
5251
1442
6685
7677
8892
7282
3016
3137
2727
5667
1935
1526
3324
1736
5604
5780
4313
3482
6617
7172
7778
6024
7499
240
4511
8254
8643
6399
7134
2668
4259
8737
4110
944
6414
9355
8227
9430
2492
7306
5098
779
8832
4774
8867
788
554
3180
622
3523
352
8400
9547
4203
4993
411
2457
9988
3162
9591
2656
7421
4680
6767
8366
7447
6122
2945
6877
4966
251
8327
2097
5435
9453
964
2575
8
497
3197
9883
849
7949
9431
5053
2942
9842
7510
2930
3004
3454
1939
6777
4486
8706
5143
1933
1180
8088
5163
2498
4691
3490
947
126
2944
1911
9053
9304
2408
8602
9187
9610
6552
4970
4663
5846
1164
8525
5129
4168
8331
7068
946
9170
2126
2441
1103
9658
6882
6266
2156
1573
6109
3103
8052
9053
1366
3457
4709
3775
2060
248
3385
8612
5219
4400
810
6383
9277
5939
6904
3961
3007
4202
3131
5133
6643
4234
4791
3525
6853
3299
1451
2962
2754
5855
8367
4121
5664
3076
4248
7724
3324
3985
2688
4895
4737
3499
1279
4014
9438
8183
4327
8798
2385
7458
283
5380
8045
1427
5258
4898
4726
3061
7860
3833
8916
2579
4306
4580
2007
8554
8657
1683
8891
1345
6579
3628
4844
7858
7642
635
2393
8322
9433
4778
5780
6068
158
3825
7495
1768
8723
8574
4829
2935
2407
3745
5514
3065
4678
3873
1619
3335
5557
6862
1032
2136
490
5877
9994
4484
2864
8739
2806
8649
3517
8587
4717
27
8764
2213
1796
3840
787
6625
6775
9546
6723
8642
2611
7753
8867
582
7440
4424
7444
8472
6560
4286
701
2906
8770
3565
1645
7929
8566
1514
6516
3284
1542
1632
5497
9690
5472
2636
2667
8600
8534
9390
3594
1145
7143
2461
8079
4583
6886
1875
9408
9798
6161
109
2705
1283
27
702
9212
8593
2217
2080
1877
111
3713
3726
9801
5537
2714
2468
4137
1248
8211
4083
8745
1706
6545
3176
6290
9783
5051
2050
9581
7564
2159
8638
8848
8538
9341
4412
7132
7910
6493
5361
8021
206
5440
4174
2095
4506
2994
6233
2107
1205
316
7204
2912
3213
381
5554
2996
1784
7604
2578
9349
6115
1216
4549
4654
6909
8961
8138
4819
5454
3499
9192
2012
5291
3366
4108
9798
6361
6693
8257
3918
3361
5461
6830
6575
5842
8736
9571
3979
6340
8501
9680
8808
6070
4229
3462
2979
9542
7952
4151
1349
7803
3343
3361
3095
6710
3821
9245
9423
6866
7502
3341
228
2963
6524
6803
5158
5260
2726
9137
7953
1228
5169
6761
7298
9398
6575
6629
5292
4527
7132
6641
2330
476
6355
1777
3538
6528
7374
2961
3395
4876
2654
3623
4192
9178
426
9350
4439
9504
4839
2392
732
8
5505
4382
5758
8432
7364
1050
2959
4496
7692
1641
1324
399
9771
4862
6927
7145
7823
322
8374
478
297
2566
6008
7075
8268
447
6580
3107
9191
3664
3115
1048
8047
5225
9480
1763
6275
8791
6259
319
6785
7584
7070
2908
8798
3998
53
2974
672
4779
9804
970
7345
5812
8045
5613
2612
977
8720
1803
4642
8187
9204
2689
9764
8684
804
6040
3828
7063
2711
6965
999
9782
9873
6150
3780
6278
9124
804
1058
8928
1774
8403
4740
6172
369
7352
7149
5441
5508
1791
9981
4712
832
9745
9748
1636
5785
9928
5052
4849
6893
2403
4631
6766
8553
4763
3045
7677
5567
4103
6605
3694
8858
7698
6218
9227
5050
3367
4669
6910
1511
4650
1622
8695
4395
7723
332
6533
7651
1736
7734
4545
4139
8717
1311
9045
3480
708
3074
5399
4811
9680
5445
3670
3730
1663
9249
5132
1383
3918
2043
9246
4920
17
7941
5668
7740
8273
8553
1744
6361
6287
6289
501
5004
3952
5898
4836
4661
8972
6587
5824
5004
2033
9494
8734
48
5096
3867
1431
5366
5910
677
287
2279
8619
2307
20
3244
860
8116
9606
3499
4405
6459
4855
4709
2357
9691
5722
1329
2630
1547
2686
4663
7393
1420
4712
2489
5287
2495
7856
7549
9525
4495
9829
4496
6802
6201
7740
4014
4317
3698
7513
5074
157
8720
9783
8866
4763
1858
6548
7393
3405
9234
8409
798
7006
9473
9640
8646
1968
7496
6195
7845
8343
2376
2341
5145
8577
6434
9159
9246
132
3024
672
6642
1744
456
5508
6507
8666
8408
252
2071
3994
8661
9221
1001
8134
5213
9647
6455
2709
2194
4300
7404
4571
6642
2549
9500
3076
8060
5099
9560
1084
5771
6202
9180
2579
8063
5687
1245
2823
5940
3316
6818
953
8890
7819
9088
4103
3818
5543
3165
6012
9843
569
583
2837
3119
6436
2265
1179
1535
8178
8616
7306
732
7796
9886
8795
9836
1131
7971
2128
800
4789
3081
9690
8960
2169
145
2778
4064
3310
8790
260
232
5726
3097
3351
2162
1715
882
3697
9893
5850
7355
6977
3647
7241
2125
9835
8373
96
1963
5525
1237
5044
1567
197
7214
1712
9327
1278
1375
4469
1538
1607
195
988
1310
8709
9055
8544
2406
5300
4395
6114
2277
4394
3355
4402
4229
8080
4498
6192
3605
5735
7588
1524
2284
4802
3237
7963
2433
4612
2433
323
6219
2628
1311
7529
1338
366
6073
96
5666
6820
6210
4296
1214
5918
8698
1795
350
9549
4339
3956
1636
1928
5480
3921
3082
5069
1884
5515
6033
4317
5839
2252
3298
3502
6133
988
221
8559
7436
5887
1731
3647
6535
2946
5917
5234
1093
6267
4783
5433
6575
6419
3713
8408
6692
6795
3477
4929
2311
9511
9246
4502
8115
8896
8004
601
9884
8225
9160
7321
465
891
7320
7000
189
9589
2234
7635
5856
3369
3068
2432
9789
3133
7192
2833
9928
669
7762
2239
6532
3361
6741
1000
2257
1098
1601
8494
9323
761
2167
9788
8004
5839
3141
8194
5428
5375
5829
1284
8745
5249
68
4886
8382
7260
7719
4662
4282
1834
6902
7166
5195
9995
8166
3804
7445
9767
2298
6769
528
817
2909
4885
6656
6050
9431
2084
7778
1612
9721
2875
6861
9789
7761
1595
3402
1832
6257
4036
3666
9511
1202
5213
5859
9369
9018
3304
9136
7668
6425
6017
8486
9335
7254
5142
5385
6685
7227
3163
8297
3300
6038
1510
3089
151
9457
2843
8336
5714
6879
8354
1578
8082
3568
3789
3803
8938
3445
9291
6606
9871
1660
5092
9206
8914
6587
943
5599
166
459
3896
3466
2849
5406
2907
9353
4863
5751
7689
6930
8982
2395
4860
3416
2315
5001
7219
7605
8446
2863
4212
8317
4523
5656
3875
3438
8595
1171
9037
8761
1630
9286
2227
831
1044
5135
184
2260
7238
4225
9190
6220
2973
402
5989
5288
5403
3208
2894
3849
6071
3458
8519
6947
5466
2394
385
4062
3565
5774
2823
1547
5060
1403
2379
2457
6538
8915
4717
128
3141
259
6348
2466
661
2337
7754
2416
1898
7000
2617
4321
6810
1136
1268
2277
3531
8005
2691
3448
3780
5514
4996
5192
6917
7375
7649
9807
6290
2366
9935
5783
2625
2636
4601
9638
1325
8708
2054
9575
5708
4672
249
8871
2160
1517
1148
5691
5875
3839
5492
6007
5705
488
7551
8975
4215
5201
8782
6857
3919
5070
2641
2897
4058
3594
2535
5383
2302
942
4959
4363
1966
5208
3234
478
3077
734
6170
5304
925
8014
1311
6630
8502
8863
1957
2717
416
7092
9574
4335
2162
8567
3584
2572
2162
2472
7955
4464
9766
9266
8827
8084
826
8413
8562
256
9147
1084
5560
72
9098
3224
3055
7600
8439
5012
6669
8855
8456
6244
9542
618
4811
9479
3190
3325
1951
7498
4142
1717
3116
9321
9801
3943
7735
8363
551
6882
5800
2463
3307
4898
5687
2714
2499
478
7726
9168
5685
6183
1764
5228
3153
2928
4707
2696
6253
3010
6546
6747
4727
9662
6069
880
9957
3804
5595
6860
7038
1395
9324
6697
6294
1363
9411
5145
1842
3490
665
7527
9673
2430
9107
9178
5358
166
8226
7963
3176
1124
4711
4255
7139
7132
5135
7096
7288
731
309
4326
2126
9633
1024
4772
7348
435
9917
5542
3925
583
3070
9950
3013
8529
5481
4723
8696
59
9038
8224
1184
3749
2480
8323
7233
3967
1771
4521
4698
2080
8848
3177
8065
6224
7949
5414
3011
4219
956
3289
4802
378
9591
4167
5260
1424
8890
308
1484
7928
8532
9020
8030
7364
7343
5263
1332
5466
6137
2382
3899
1337
1911
1964
7561
6213
3730
6924
432
1039
213
1586
1417
6157
5753
3029
7581
995
3337
5417
5275
8222
4437
3305
5586
8132
4921
3270
3599
7410
2005
7498
8747
268
5814
6308
6481
9545
9584
3265
584
9798
4851
8353
2307
604
1383
9888
7951
1072
1658
3227
9294
6095
2884
1233
580
4157
855
4179
1567
9212
8029
314
9481
195
2974
5962
9740
2559
9228
6676
8709
4079
1382
1016
1036
9117
7256
8987
189
8914
8566
5836
1362
1451
7069
1942
5608
4276
6121
7176
3489
502
3842
2970
697
6817
5284
6790
5728
4512
9818
4437
4944
1200
1805
2332
317
9061
7671
6859
4328
6238
2695
5690
7689
9764
7632
9649
392
105
3177
3881
607
7020
3203
7656
189
8488
798
5917
9352
617
6706
648
1817
8511
2980
8487
3924
7004
5346
8252
3242
8041
3942
7283
4157
7926
6932
4549
8031
110
4783
4990
3482
7986
2647
3671
6474
3445
5940
5827
4062
8998
6475
2232
7509
5808
719
7785
2812
2417
2390
2406
458
6332
9689
967
611
2973
5516
8642
9435
6651
3633
2917
4638
2632
2940
7464
2429
5232
9643
2844
4230
6119
5076
8091
8279
2147
5877
7443
4564
8267
9849
1374
951
9538
2341
1562
8863
4209
6557
8299
861
6542
7568
1851
9174
509
9315
1603
2093
8959
4447
6324
1430
5875
767
9709
4374
2996
7152
5290
7615
7001
6664
8567
2891
5357
6481
8106
9567
9390
6405
6780
5932
3974
8631
5106
835
7946
3062
2928
6905
3861
5604
8335
6089
6372
4396
463
9368
7900
5754
6984
1253
8770
1903
496
4128
4736
8603
47
4127
5008
6827
59
5334
5458
1518
6169
9756
4580
5450
6662
4793
1054
1349
882
7426
2098
7698
3147
9998
3452
6483
1252
8574
8386
1748
9054
3122
6703
9101
7249
1712
2280
3661
7046
4090
5179
9568
3847
6111
5018
6861
7256
6072
4562
8139
9851
6660
5837
9350
3011
5641
5833
615
567
4219
8715
9622
3693
5419
8723
7295
3483
7356
956
6881
1446
2487
6449
5293
4950
7819
2154
2206
244
6717
345
95
9729
2534
9445
2740
8175
5278
9707
8743
5849
8423
4717
9542
3842
9792
3189
7325
7148
4145
4206
8595
2984
7008
3888
7934
4827
2395
141
5071
5464
6838
1518
5193
9373
7315
4286
3900
8945
3993
8995
4794
2416
3712
689
2610
3505
3878
6287
7005
4376
6846
5600
3712
206
5841
1647
5033
8236
8140
6457
52
4978
4327
5245
4351
1643
5883
4604
6940
6229
9951
8087
4997
3664
8776
7608
3521
9006
3895
526
9734
7093
2479
3447
7299
8320
1446
8685
2908
9586
1494
2960
4564
5821
4557
5268
3816
6793
6224
757
3022
6175
8844
8019
9839
3972
1979
9712
9330
2227
6591
9065
9320
5422
8864
2972
3742
310
1657
3002
6248
3151
2314
812
5324
3223
2432
9141
16
8656
6250
9390
4832
5094
3762
1023
5418
5741
7088
4748
4320
31
165
9993
5453
5381
2965
5547
5691
4622
8549
8291
7773
7215
9104
3097
438
7888
8590
6807
6545
4840
2549
7729
6286
2663
5104
1704
8405
2192
2805
9077
2223
2970
9070
7676
8352
2035
3223
395
6657
8124
8687
782
1691
4143
232
2130
8383
5174
5289
1280
15
4190
9009
2653
6854
4114
4358
1611
2658
3515
688
4882
2837
6111
8910
1189
8146
8486
7937
1156
6610
2976
8290
8302
3471
4874
6784
1854
49
8425
3135
6416
8967
2144
9069
5821
2610
9779
3784
5269
3294
825
6503
6132
6936
5413
3673
5082
3899
1610
2590
6862
938
7233
1516
4409
2107
4652
6264
2156
9429
9399
8572
8396
7895
3994
570
6858
3773
4354
8479
7068
5179
4982
9552
2115
6747
3225
3550
6999
1188
2492
213
2126
9725
1729
6536
1833
2733
9152
341
2162
4903
8914
6910
9150
2908
7480
6008
3033
8187
4487
101
3366
5821
9653
1834
2569
9231
5384
9568
419
7876
9781
8897
3954
7862
1785
5787
595
7289
6128
9109
2192
1394
6019
7695
654
9852
3703
3688
8039
4543
141
1405
364
6147
9591
9285
5378
4975
5205
2149
9204
1338
7398
3158
9200
9184
5297
6147
6473
7777
5256
5018
5524
7628
2713
6178
3832
2768
6218
1871
7311
6360
9628
4028
2507
9220
9665
4237
547
4871
2738
6103
6209
136
5613
1762
9320
7262
7909
2146
5040
9518
7164
564
3498
9877
3094
7330
8997
9313
5553
6309
5673
1533
6689
4532
753
6354
5121
7653
7577
7859
108
3787
4347
5722
5549
3668
2984
9810
2166
4376
9328
5682
4940
2826
1911
8035
6508
908
7348
2061
7217
9373
3595
258
257
700
2965
1730
4705
542
9589
4814
4329
3936
536
6230
3956
9872
6041
2474
4249
1721
8156
9189
4548
67
3576
1056
976
7276
9470
4545
3001
3065
4804
9610
117
7769
1340
4823
4663
929
9637
5345
1218
173
1575
1526
6397
3968
4001
646
5690
2157
6188
6590
2225
6116
3998
9553
9745
3468
4098
2746
2885
5254
2357
3003
9375
3697
7826
4039
979
7463
9384
8549
3988
7311
75
385
7632
428
7384
9674
2586
9924
6264
1163
6040
262
716
5785
83
1166
4884
2968
2773
7241
5971
2148
7290
3797
2539
4621
7612
8275
3170
1600
1939
9598
8338
9571
26
5722
9245
2612
1998
1861
127
8038
8475
7195
176
8558
4714
5060
7879
7487
8653
202
5987
2295
352
4879
6917
7964
3154
6439
5917
5093
6037
4255
1016
2416
6329
6613
1380
8327
8474
1508
2717
3302
5055
2893
1860
9769
4305
6091
3608
2958
6294
9596
1606
6646
4475
8523
962
3981
1314
6879
9075
3704
1134
6443
6120
3815
3057
7500
2142
7883
5360
4860
1185
416
4105
9398
6537
8411
5489
146
1369
8135
9742
9327
4781
569
7850
5744
4550
5517
2623
9977
9221
110
6421
1693
3925
9478
9193
2420
7361
906
7280
4899
7674
1385
4297
4211
6148
9786
709
3870
7922
6803
3197
9055
7372
7400
4799
1923
2917
3775
8252
8490
237
4673
183
514
503
5728
2934
4217
6634
6566
9116
660
4304
3413
1224
452
3199
1933
4322
7473
8737
3872
6529
6109
1272
7680
4384
541
7807
2637
9031
8044
3662
9214
4911
4166
4942
7845
8383
7929
764
7499
8589
5068
912
9813
1872
463
8099
2547
7937
6836
6419
818
9297
4043
8498
34
4584
6306
9023
3615
702
2685
9181
5613
3203
4123
9811
1586
8404
575
5437
6994
1995
2701
3159
219
9517
1258
9118
3806
4446
1889
4624
3744
5932
3122
130
6868
9428
9153
483
6483
1838
9664
2096
5042
140
8259
2980
8544
8834
4770
1890
7181
3823
1402
3753
3340
2660
2871
7146
3459
4761
1770
7203
693
4893
7333
7562
673
2838
4397
7156
4676
414
5605
6070
554
3864
5403
5450
9051
173
7341
2584
3996
8743
6337
3689
7755
9209
835
1214
322
2606
4769
7367
3851
8454
1281
876
1292
5679
4385
2321
2445
9990
4743
2999
206
146
4801
9257
6671
2142
8194
7020
7237
4531
709
1345
92
7896
8911
414
502
3681
7782
705
8487
9063
1582
9780
1094
2319
8453
3539
2309
3196
2890
8867
3343
7692
4477
6366
6186
2671
3386
9776
7202
447
1121
3647
8344
32
4061
5198
65
8195
5904
4905
3611
3838
1037
4705
6157
9490
4597
4818
2686
7487
3685
2381
1531
4514
8748
7718
7185
8486
7494
740
8934
4967
4387
7278
1351
4800
2476
1417
2996
4732
2674
2959
4922
3711
4016
7431
3201
8613
8601
2239
2453
8639
973
3984
3153
6073
8054
339
4559
1900
1079
3493
6867
1818
7123
8219
6618
5952
5988
5966
684
8662
5277
1959
2373
9294
9390
1926
4259
7992
517
6712
2983
7842
7049
6136
3915
5103
2827
8475
3356
258
8320
223
2076
5444
8442
5047
1396
782
7365
8432
9444
2643
391
8169
1937
9782
6447
6196
4126
3317
9261
7109
1159
6310
9597
5075
7765
2425
3550
7473
2683
1870
7697
1112
3666
2491
6159
5062
3274
9876
3495
9070
2519
3886
7240
808
20
39
7005
498
3356
2618
3959
4516
5280
9909
5943
9397
2334
5845
6871
1369
7715
4568
2481
7734
7059
4992
2796
6685
4869
2643
5756
3740
2882
2996
4549
2902
3035
1554
9753
2744
524
64
3612
5804
9973
9555
5201
2307
5400
2072
29
9467
6640
8862
7201
52
207
9998
6737
5076
8993
2493
5168
1875
1841
9717
1130
1229
7623
883
3973
8147
7299
3937
3951
7273
3492
9153
5932
5244
1225
5961
4711
4218
1176
8265
4270
1383
4615
7359
2811
3608
9853
7979
5484
8046
7697
2966
9275
5320
201
9600
3468
7500
3537
3771
4773
3381
2924
706
4977
502
3019
9689
4720
547
4306
5342
1930
8921
2701
4741
2529
8906
9073
4365
3305
6770
7331
2580
8442
7532
8533
8262
1385
8422
2034
6158
8156
4958
3216
3133
1812
2588
9174
6532
3135
3480
1874
5066
2401
928
6159
1283
6186
5232
2000
9491
8354
9332
8424
6797
3216
6957
5059
4601
1731
3445
7112
9887
8404
6680
9373
216
9268
8547
3101
8756
2028
1327
174
781
8607
2685
2064
4794
7918
4065
4285
2624
9749
9061
5773
9317
2370
7185
271
4102
630
7383
341
9034
4063
9714
5603
9684
8262
5056
4792
6642
6383
4966
7423
4991
7651
5840
6137
1921
6257
6774
4546
2358
5836
319
1675
8206
7504
1946
8660
8135
5681
9002
3521
6097
5068
5476
2133
3330
532
6925
6324
3268
1891
100
4611
9542
5940
748
7816
8549
7522
2362
907
9710
9033
2582
7917
6538
881
2929
1025
6562
8283
898
9011
3352
2727
1144
3034
9611
8069
9359
2879
6312
9459
3842
5855
1751
942
3671
300
4817
2385
1207
4527
1418
141
8796
4308
1022
1726
1685
3937
9
8936
2948
3361
1663
4093
2748
1274
8514
2107
506
4827
7918
700
7034
9669
1643
7057
9969
6460
9442
1176
7339
7212
7669
6136
7873
8692
4214
5910
8981
575
4846
1929
289
2861
2374
3037
488
7241
5144
994
2068
3062
8046
5454
9083
9689
2511
9052
2501
8305
6580
9841
1869
4249
5977
6094
9293
6543
2005
4626
7118
3203
6556
7407
6065
5282
444
6553
8875
1940
3899
943
1354
1945
2749
437
1635
1612
5841
4136
9917
8773
3977
8139
9375
6306
4233
5020
2849
6238
9647
9968
5794
6203
3727
1859
7837
524
8412
6713
2464
2311
4008
171
4256
3110
608
2243
4722
2802
6380
4640
1575
6709
9131
7302
3016
3364
2323
2217
5955
1970
8537
1749
4525
2265
3608
2362
2789
8372
5427
1605
7035
5788
1776
1291
8898
8737
3535
3620
1539
6267
4612
9466
9328
3743
6769
8696
3460
9092
914
9415
1062
9451
7516
5587
8068
7476
4301
7209
5848
6081
8815
2883
1869
591
526
7119
9328
413
7091
7219
6680
1704
6686
6009
5447
9807
4705
5259
8899
1971
4674
6313
7775
2190
8252
5843
9666
8905
3053
1866
4986
8220
4749
3207
5163
5276
326
844
5689
7418
8063
8722
5474
1101
1083
7273
908
2140
2533
6159
4112
7207
8824
1887
5750
3428
4082
1768
2334
3487
3635
3672
1707
4736
6880
6871
6364
3558
4067
8406
7328
2130
3480
2802
9584
4563
76
6844
6703
2609
9356
7167
6168
8180
5406
8270
7961
9489
6391
295
2976
6378
3967
1036
1114
847
4259
3831
758
8326
8589
8086
6808
2069
889
6392
2984
7317
3237
6039
6278
8945
3207
8798
7125
8613
7069
5086
4454
9812
1733
3783
6190
5701
4819
3656
2900
5430
7487
3658
108
2428
1745
6916
4497
8986
9661
7481
6303
2898
9873
8933
1843
3080
7731
5320
8045
4800
6759
2500
4612
8492
6283
7154
545
7454
811
9798
2884
4650
3456
9344
7079
1553
6260
7928
6891
5921
1762
9546
5171
1635
8479
3366
4715
6211
5039
2760
7363
8150
1612
8328
2994
7895
5482
3540
1701
6293
3338
937
7296
3146
281
4375
1052
6542
2303
4295
8815
4065
3842
339
2052
2321
57
6767
4884
5096
5880
2248
3246
3844
6928
6241
8092
2410
6133
9793
5056
5823
731
2352
5321
1012
3079
6373
3906
1734
669
9074
2152
863
9413
4204
9536
5822
7324
4421
919
9556
3021
517
3400
6301
3110
1492
8711
9243
7638
119
1418
8369
8823
6740
5733
8254
9465
9640
9989
6486
5066
2141
7349
831
2697
3238
6653
21
4011
7572
5929
7032
4442
9330
9685
3904
7174
4748
9500
4812
4868
918
3181
43
7658
8915
8298
7124
4907
4639
3610
9973
6780
7312
804
5829
550
3809
2203
4561
7734
8132
7945
2176
7462
7630
6080
989
2378
5580
5801
3598
2851
5335
3642
509
602
8292
3985
5509
2931
3948
1834
6063
7612
8990
1892
8162
2799
4095
9075
533
8580
7020
9061
6042
1002
1494
7031
3380
3426
9185
3331
6277
4520
3325
3139
5122
1617
3476
6983
900
3776
5169
6963
1388
4159
5207
9550
3310
5655
8625
196
4235
1997
5609
6629
2999
7103
3661
2732
6882
9198
6063
3159
3718
5740
2650
5192
7357
6127
2175
4609
6255
3696
1572
7644
4207
3131
7194
3869
8786
2172
4065
3021
4169
6027
9651
7169
3130
9664
9901
6364
5214
2316
9524
8932
8056
8526
476
1765
1005
9003
6374
7261
2699
4298
4905
6906
7429
8451
775
2568
623
1193
1941
1145
7220
7944
8314
6702
3960
4567
3067
9174
3235
8943
4458
1291
3821
4934
9408
4827
289
5782
8440
2988
6432
3345
6246
213
8148
3374
9133
8772
919
1075
6269
8139
9019
935
1193
9332
1854
4260
8506
5089
9555
2965
2732
3377
4251
2140
8204
893
4274
2996
3881
706
6341
6480
7271
4489
6206
6405
9613
7125
7480
2234
5264
2851
3169
6457
2183
5023
7070
7042
112
6625
6359
2844
6354
6962
1336
910
7855
5610
3906
8089
2668
247
4569
9940
1089
775
2697
7054
7900
6529
9289
9516
9380
8810
2325
7916
3834
5747
4958
298
2373
1317
9495
5079
4631
831
5990
2487
2794
9896
576
5462
144
5145
1754
7585
2272
4451
991
6524
980
6632
2392
6713
5443
4717
981
9277
465
5939
9575
9190
3608
5422
4269
8239
6254
259
726
9048
156
7654
862
6652
9151
8969
589
1423
9772
7932
4299
7105
4565
6691
3818
8
7761
1151
9285
4578
7090
5212
3768
7050
635
4389
1641
3241
1001
8720
8641
7509
6374
5855
513
5526
4824
1102
3301
4597
9034
7601
1702
9951
644
1872
9959
8405
3023
5596
2983
6465
7161
3103
9867
4148
3845
1508
7389
4846
228
2382
2355
2955
8237
9220
8481
3062
6674
8134
4011
5708
5735
2065
5660
2732
289
1971
7489
9664
7568
473
6129
4729
9928
2348
8877
3773
3856
2618
4971
437
5000
3678
9744
3237
2898
4577
2651
9572
2711
6662
1633
4799
5079
3645
7531
5368
5616
5020
5032
3184
1845
7513
4265
8126
9861
3142
1899
70
5760
6871
6859
760
6901
6603
350
9800
1180
3001
9372
3891
6016
1005
8690
1095
4650
2573
6464
267
3946
7848
9803
5791
5362
4069
3917
1575
7211
2169
1645
9324
5392
8504
84
2293
5107
6786
2093
2639
9788
7818
6531
5804
8823
1573
3251
9826
4147
6067
6445
8093
3916
6248
236
5630
6669
506
7205
3881
2675
8851
9557
8067
3707
5993
6712
8815
2780
5158
1454
8920
2976
4337
4724
1799
5911
4327
1625
6410
395
8070
855
4311
671
7443
6293
7340
7949
3498
7573
6976
8701
7130
5043
2409
9476
8108
7576
2256
3266
9030
1176
6242
9720
2252
4393
1983
6579
2371
4745
3326
6793
5600
3989
7464
9395
282
1157
7345
3781
5082
4321
2482
2213
5717
4891
1689
3825
2467
297
3443
7850
7825
6037
3922
77
430
5905
3008
9153
650
6335
5947
2602
324
9763
1997
607
7272
5694
740
2355
16
3222
920
2085
4466
2609
2262
3285
9258
5705
7487
7083
8094
1409
7160
8524
3666
6520
4030
4316
2855
9977
3270
9532
6092
5268
6491
3365
7314
7231
5720
7330
6805
6640
5767
7623
5601
8029
909
1211
86
8396
8294
8180
6158
1806
6705
9824
8326
7087
493
7534
7064
3763
7066
9508
5383
3557
2873
2698
7140
4945
6380
3945
7937
2148
1569
3538
177
8830
1101
6616
3578
9395
4796
9736
7553
7853
9561
2232
4940
6406
9766
8356
169
3184
7865
1905
3093
7090
4603
233
2036
7335
530
9973
5835
2099
9864
2365
929
965
8981
860
6713
3777
596
618
1631
6509
2850
6571
2915
8968
4928
9437
2152
9145
1342
1597
6235
2297
1830
8271
9632
2361
4597
5468
812
813
7833
8094
8130
6814
8954
1195
6943
9550
1814
8574
2412
1016
1498
5327
9985
2778
4764
8489
1923
2458
87
8158
4755
1917
2782
4388
630
3731
6208
1443
4544
393
9537
9026
3559
8491
222
502
4393
8388
9077
6805
9404
6927
8485
9389
9705
9601
7879
1628
2060
7966
9786
6815
6235
2568
7555
6866
6299
3763
8309
7195
4156
4198
6222
4067
9041
2796
4570
3434
1184
9999
6592
588
6926
1429
6330
6631
1030
4209
8259
3090
8527
4397
6258
4762
3318
3813
7980
5969
3929
2641
3165
4437
6839
5739
8505
5880
4887
3075
5667
6071
3074
8611
3011
0
40
9341
2983
1070
9902
7594
513
4781
1991
6771
9544
5309
6936
3876
7631
865
6518
7148
5303
9709
2887
160
1942
7774
3235
7609
197
2661
6220
3208
9013
2612
8902
1996
3682
5156
9590
547
9938
7933
7318
5834
9595
607
9710
7226
1472
6228
4374
3127
2290
3613
3287
4232
1387
2874
1841
7936
5535
4413
7496
900
3377
6398
2896
3411
1555
8838
3959
7845
6772
7629
3679
2719
8236
3389
9945
6061
5970
4319
5540
8260
7932
8828
2492
5671
8054
685
9959
9942
1450
7455
842
4827
206
91
8238
8113
8929
2197
5958
2053
6179
9637
4772
4415
3026
1069
6828
5348
5388
2369
3608
9672
7549
2452
1695
5603
3137
1654
1897
4587
9110
2740
5766
9316
9183
4005
3781
4464
2554
9739
6518
8733
9376
7642
9501
8754
8712
6329
4103
452
8698
4063
6477
6247
6516
8172
8203
6005
9827
100
593
5289
9192
6359
957
8375
6716
4738
2840
9271
829
5710
8004
205
9704
7505
5311
4768
3835
5766
5221
8885
9830
1698
1485
2698
6222
9688
8703
6049
6140
5648
7690
1685
2008
8647
6412
8724
9737
9252
4347
566
1314
2352
7123
1019
6209
2435
5787
44
4553
7360
8930
4383
5410
6767
3433
1633
6455
2137
4034
8947
7785
1725
632
6145
6724
7045
1222
6462
2649
5569
7028
3964
4273
504
1335
483
2939
3474
6879
3844
835
2161
4580
2597
8928
8013
4230
1735
150
4617
683
4288
2694
7667
433
9418
1064
8007
2232
3714
3577
5613
4030
7850
6117
1717
4685
5408
5191
1565
9252
2378
3726
3832
4976
2655
1846
5558
4390
8348
6527
5073
2636
9221
9093
9422
4992
157
7429
7224
3871
7358
9189
4253
5209
5306
5970
9894
7066
7514
7811
6319
9892
1538
6503
1220
4193
4701
3131
4935
3050
9658
6361
2038
8880
5454
1460
3872
5611
5242
7448
5835
2600
6638
88
4161
8296
2411
408
5363
9925
8219
8034
6169
6109
4537
7390
302
9239
6873
1590
8641
6531
7951
679
1763
9757
8492
1987
5368
86
9436
7555
2686
2426
7644
3200
722
55
3608
2437
6332
8179
471
2501
4289
5009
6243
943
600
3116
2533
9241
9648
6836
6272
1411
6593
1116
3399
1962
1202
9187
9517
241
7965
3513
3441
8687
9920
3401
1125
6252
1580
1596
8754
5869
2957
1349
3165
3557
4466
5698
2798
4114
2535
5423
1877
9128
6539
1628
7442
7742
7167
3312
4335
5132
3177
4128
172
3098
7529
7649
5702
5461
5597
808
7683
8555
2158
848
2112
6624
2898
1263
738
5433
6686
8967
914
9577
596
4708
3671
7763
4372
8006
9248
7550
2134
9420
7000
6015
7069
2702
1477
2666
3511
9160
7573
5669
6360
6038
8645
9258
3653
9383
1044
6691
4702
1958
6268
5298
3018
9940
9414
3743
4298
8662
1293
6433
4434
8293
8800
7855
7347
277
6873
858
5789
4447
2879
2149
485
1524
1408
4138
7259
2452
7181
1962
762
3449
3612
132
9741
9378
3875
4040
4392
5168
473
8826
9813
5625
6681
7161
5903
3555
4371
1692
4354
7251
194
4839
8775
1602
5329
6035
4054
8862
4349
1168
2311
7961
1300
2053
7340
5176
6093
1732
6696
2918
6911
6510
8543
9944
23
798
3499
4394
8843
7853
7997
9037
9044
6773
639
725
9160
1045
5939
3509
2213
8251
7822
3513
6656
5162
5041
9101
3247
1738
2019
158
4600
6914
102
4623
4065
9954
5369
2908
4159
3367
1945
9556
6492
8936
6633
5652
9981
2573
5513
8546
7176
3335
8411
3832
8498
3453
2933
8097
1543
1304
8255
6143
4570
4709
7118
8635
4663
8839
1543
5175
2206
9840
4731
5050
8776
7716
702
5109
289
2567
3655
7465
5903
8419
7649
753
1872
582
8850
3415
8238
3457
5910
2809
8166
3028
1444
9182
1867
9340
4357
426
5532
5440
5476
661
3156
2531
5770
3446
5098
5778
7263
7353
4197
4913
8106
2421
1847
6956
5836
86
413
1746
2895
4932
1126
691
4114
9345
6383
4823
9771
1916
263
1600
2577
3419
483
4699
3217
1933
6829
481
9287
1026
1746
7393
9799
3593
702
1987
31
7467
85
2926
2399
1211
9970
6513
557
6353
1336
6680
4621
7951
4632
7198
1371
1467
8250
940
3401
5079
7773
9040
2458
9519
2785
2257
9465
3487
4245
9496
7307
4330
8775
9706
1894
8745
2572
8803
1450
260
1835
6072
8212
6468
9622
5935
7935
4224
6875
7688
9304
1001
6728
8114
520
9514
371
6337
9353
968
5834
6660
1651
961
2719
3545
9706
5291
2348
7508
1903
4183
3580
115
7003
9555
2402
1291
3779
5630
8979
9435
6631
2060
7549
3503
7926
4273
9841
3631
5241
2027
6644
6892
2988
9363
6789
9046
1006
9137
6554
2909
9673
6487
9377
6676
2394
1779
4319
6173
3761
3299
1961
392
5359
9510
3896
9637
135
89
3268
5377
2116
9912
8621
1456
5627
5411
502
6633
900
3408
5895
6925
9895
1624
3602
2289
3403
4273
4815
3517
7572
6776
3909
9283
2638
4157
8920
2774
4246
8541
4503
2714
8453
3124
4170
4081
4887
1024
7066
5788
4433
2961
2713
680
4585
2667
2970
4341
6941
4137
7858
865
913
1767
6501
9903
5925
1773
9029
6523
314
3532
9238
8768
6657
9760
9201
7896
7137
6267
3684
1570
9229
2750
8602
166
1769
7924
4507
8710
2061
8717
5928
9326
6837
2429
9230
9114
4202
4611
5637
4517
8144
1227
9637
1153
988
8838
9049
4477
1457
9086
2399
7038
1836
1001
7205
3605
8926
8064
8668
987
3134
4596
6666
9971
3377
2248
9085
7579
6859
1074
8448
5003
2302
4437
2508
9642
3275
1558
4119
1085
644
6518
8123
8832
3871
1680
8789
2797
6097
7457
137
9231
8405
6803
9202
1782
9051
4639
5714
2262
5713
4162
7266
4367
8600
9774
361
8227
7684
832
5664
4680
3702
3788
3512
7574
5468
2302
6723
1565
6111
6860
7148
4517
15
6350
2651
5418
7341
8365
7681
9407
8880
1299
126
3832
7425
488
8411
5110
7672
4076
9790
1375
4216
9655
5301
9684
1957
8376
7602
8068
5237
4750
8937
1604
7453
1589
7023
4794
6306
1056
553
5186
2355
680
5370
6132
1168
3782
1242
5192
4210
7385
6567
8426
3392
8220
4462
1701
6597
2064
6121
8186
3167
5059
9790
6972
3000
3165
8118
9306
4221
8672
845
6576
9352
2567
2709
6872
2701
303
2064
6911
4040
4984
1689
7432
9556
6152
9133
6153
4568
5255
691
4087
6666
482
1059
9666
3647
9178
5324
4221
4202
6169
797
3554
5089
9858
6778
7790
6514
8842
4702
6906
178
6391
4339
9735
2543
9824
2240
3464
1431
2932
7551
4449
3414
8611
4115
3413
4141
5792
7634
8343
8313
4784
8249
3402
994
5027
1193
3860
221
2247
767
400
8638
1458
135
7534
1282
2375
998
9066
1659
4901
3515
5073
3512
3983
4839
4005
6127
8825
2348
4440
9961
6949
7843
956
1976
5388
4816
2198
7635
5583
8950
6273
7041
9085
159
4676
7812
7509
94
9472
2411
9961
897
2275
296
2088
2633
6423
914
4981
864
875
8283
5059
8183
259
447
9352
8809
4434
4935
7759
7059
8329
3196
7219
9357
7361
1080
5803
3185
9843
5764
4082
8471
6061
2523
1104
8836
9789
2437
6052
664
720
1111
5200
980
7910
4552
6141
8696
5839
3901
5756
520
3449
9327
9877
810
407
2032
3995
6603
7797
4430
5074
210
6953
6178
9046
6742
8615
5099
3758
9336
2562
5310
6668
6825
9862
9161
5521
2054
9414
7629
2574
2864
6956
8804
26
3716
836
374
319
4985
4804
5393
5195
8109
1571
594
4851
6538
5693
4961
2226
4607
272
5246
7784
6486
4408
9658
8540
174
7287
7467
3038
596
2623
9417
4312
3459
9791
4631
4797
4595
6376
9992
2704
4299
586
3907
837
2631
5220
9416
3591
1844
4662
1375
8331
5422
7385
3223
5597
4673
7042
4987
5269
9665
4404
9581
9477
4195
564
4274
5142
6940
618
4198
1239
7557
4457
8428
6540
9678
7844
131
1522
8859
7859
6205
633
5244
5781
6230
6269
2823
7570
1538
8841
1974
7471
8318
2522
4387
8944
7664
1327
9562
1863
8918
7119
6320
3699
3660
2350
7895
143
225
3106
8002
6430
3740
9599
8563
9970
5868
7739
7540
3759
6580
5867
7582
1250
8389
1970
194
2405
9649
9756
620
4920
3228
3293
8619
6888
