5643
2866
3383
5868
5973
1386
8651
9713
7337
3566
6035
3205
1305
9928
3316
4237
5795
899
5487
536
2869
5681
9293
8870
1790
9914
3790
5018
9559
8761
8258
1554
1628
1641
7423
7601
9379
2426
7314
6716
5992
9701
6274
3650
9629
9590
7887
1776
6841
3375
8664
6062
5408
7958
4933
7198
4224
8723
8568
3783
7485
3178
5337
9113
4820
9112
3066
551
1538
6732
7268
3883
6433
9894
3885
6063
5836
1772
4191
2678
5147
2856
8740
6908
814
25
458
5038
8749
9027
8821
2586
8557
510
1699
3377
9623
1117
3929
7513
7849
7549
7748
4282
7443
1633
6697
3279
3406
889
2309
4905
3745
7402
1813
911
7427
8624
5949
6176
4003
1122
8762
2560
1632
6813
5938
7607
7930
6219
5121
5779
120
2869
6414
7563
855
3111
7194
4261
352
5856
5518
449
3258
3684
1360
685
2308
7309
3214
6311
4783
8328
8871
2768
5142
1161
375
9424
7380
1848
1556
3852
4718
4322
7767
1925
3785
4962
6186
4138
818
8056
4587
428
1740
2300
1113
4048
9609
679
359
745
9008
9231
3513
502
392
3888
6278
4125
5737
7834
7977
6807
8508
5745
8732
2294
7059
1270
6432
4229
9326
7371
4657
7419
9671
2122
1467
5633
9154
1827
6378
4514
7410
6243
5016
4154
131
7646
4631
2220
1833
8961
5379
341
1058
463
2635
4469
1733
9067
8698
7412
2791
9707
1183
2462
8181
2650
4447
3687
829
825
8201
4591
7068
9569
5098
3552
7216
9729
2124
9049
8690
7504
9390
6100
7967
2026
569
6053
7445
5619
9817
236
1678
1000
9051
9860
2
3498
9899
7184
676
8101
1775
4096
7670
6873
7648
1238
6603
6125
287
1645
3629
6030
4098
7948
8056
4667
353
1853
6639
170
8442
8317
7522
7493
4529
7525
7343
4429
1061
8019
2530
2836
8468
6552
9710
6116
7791
2665
2241
4430
662
2222
460
4760
171
8516
5780
524
6722
2419
7047
5164
7088
921
9009
1618
4798
6352
6047
5859
724
4929
8696
9192
7833
4758
1660
1976
3775
254
6407
789
2476
6867
1902
8999
1736
7682
5876
8458
6453
9275
9974
3541
196
8983
1511
4995
5335
3910
7206
2411
5191
5902
1603
3025
7012
9616
5001
787
9870
7760
1577
8698
4628
3479
4050
6364
7513
6278
1174
318
5553
1148
211
2101
131
1723
3448
1818
1985
655
4230
7177
2909
2185
6554
9922
1801
7907
7061
8023
5668
4990
6722
296
4821
772
3012
8686
7050
538
9004
8955
1686
5568
1056
8169
7291
857
9987
5628
1512
569
2805
4421
2755
9359
695
908
3619
4109
8932
9287
9099
2006
9583
273
9130
8947
8959
2532
9485
4316
1487
7523
9884
8895
5692
3527
9752
2031
9155
7616
2601
8313
8390
1708
4024
9085
8968
7643
9546
4252
6930
4998
6258
2865
5271
5388
1812
582
4272
1297
1250
5759
8820
1134
1007
864
4661
7111
2896
169
4728
5497
8482
3118
3557
2506
8555
2525
150
8102
6778
7080
3100
3036
9946
4723
4777
8110
1657
5401
5760
2908
1161
932
4042
8520
1797
5056
5631
4693
5225
359
6542
59
9829
99
2565
8385
8976
9067
2839
5754
6148
5939
5143
2446
7014
6272
6908
8671
1673
2668
1579
9186
3601
5622
7706
1750
7030
9690
2795
2255
6401
9337
2314
6231
5788
1231
968
4764
299
3807
519
2799
9746
2014
1597
3112
8286
8505
1783
9959
7526
3363
9146
7479
5337
3204
5581
8719
2894
8376
7326
5648
7713
9640
1879
9853
7223
2847
4617
7522
3006
1488
6673
9104
9854
8270
2216
8140
3128
3999
4452
7006
3714
9950
4485
5403
3154
66
4122
2401
8442
1448
4401
2507
7440
6280
8712
1016
5479
9681
4890
8485
7522
1564
3941
7376
6186
6157
5517
5666
6508
6321
2672
6575
6271
7157
1978
5777
3575
2453
4530
8369
253
8931
7228
4046
1563
5940
5062
3394
1974
9952
8231
9496
7868
2172
6872
4055
8329
8741
9721
1190
5062
2394
7765
7685
5903
6095
3463
5831
8548
4345
552
5154
3277
7781
9200
1192
73
614
4587
2047
6918
2818
1543
4787
1343
4768
8842
6024
3509
4915
7214
4924
3661
4979
2609
5917
7427
6072
1748
2327
418
8652
7481
47
6433
3033
1239
2859
3647
2178
4906
566
1349
2802
5353
2692
7570
547
5068
7431
1814
2283
2355
5476
3614
4965
7745
1041
7389
5845
3369
4159
4497
7202
558
931
236
1798
142
3883
328
1400
801
1677
4202
2506
721
8124
9405
5790
1908
1220
4425
4263
3048
8039
5580
793
5433
9322
6638
8802
3481
7487
6004
4040
8418
2592
2190
4912
2828
8870
6313
3629
548
6867
2488
7621
1344
1893
3411
3252
9465
7836
3867
2513
2228
9448
9658
7661
8770
6296
2815
8603
3784
5171
8995
8554
7764
7537
9819
592
6408
6132
4221
3308
2999
3061
929
4343
4955
693
3947
4420
4881
7815
3286
7109
7263
2944
4770
2385
5593
7585
988
5729
2757
6336
635
521
3873
454
7465
281
6586
8038
3589
5938
1100
871
6633
6055
1564
581
6827
6445
8396
113
3555
2011
3058
4677
4396
8651
8615
1736
4380
7724
8072
5015
4597
8298
1822
2062
8579
8408
100
8521
698
1200
9392
7332
3607
7308
4265
435
105
2661
6900
12
4672
9958
4690
5420
4961
9657
3508
5693
7381
1581
7061
1978
9879
8883
4040
4810
3643
492
9683
4342
8045
5427
8026
1652
2735
2291
8439
2841
1304
5340
9205
2328
1650
247
7748
2964
9904
1256
8657
7285
9189
5718
5615
5420
4601
6007
6583
8245
6500
6266
8939
4545
1694
6965
2549
781
5608
7341
9974
6912
9033
9180
9240
683
9427
3340
3647
9332
948
8657
2969
138
4375
8585
1910
5329
4592
8493
3574
1092
1112
2513
1989
2806
5830
891
3587
1438
8232
3562
8350
7265
9094
3942
4300
8521
7282
7948
4205
8230
2957
7175
4720
7332
2112
2983
2661
3056
7828
2587
501
8940
1452
2490
8098
7282
3381
8038
5072
1613
7952
9774
5230
7046
3716
9531
1919
7350
3831
2477
1933
6788
9652
3005
472
8116
5988
9486
1172
169
2073
1673
9109
9878
516
3560
7160
3897
1598
8585
1863
5902
8359
7093
9300
2076
2976
1219
5778
6807
3696
7711
3595
9700
717
4068
4168
6705
9906
5341
6874
1979
3366
2336
8209
3882
2248
5370
4132
198
307
2347
6100
8666
5792
5400
7094
8769
6619
2873
5576
6668
584
9172
2720
1301
9592
6889
4359
9498
2230
7585
7829
5596
6273
6039
5831
8521
7761
9963
8719
8068
2310
4819
3086
8102
6571
181
3223
9543
3054
8800
6211
9990
4324
8931
1292
268
5820
2003
6118
4402
5940
3947
6351
2214
6338
2182
7087
451
8497
5807
4871
807
6978
7958
5261
3550
8139
8485
3093
7545
3637
5656
7535
7961
4587
5179
4581
6760
7182
699
7514
9475
998
3865
1689
7337
6047
8776
4140
4544
935
9012
1703
7914
6970
3317
7816
1461
8154
7261
5358
1791
2917
2893
6104
3856
4425
685
6968
7959
7736
4483
7434
8734
8348
9123
2423
748
4252
6564
1644
5187
5576
9700
9453
8898
3017
3621
6711
1171
882
2069
9314
151
1314
1770
360
5739
8807
7328
3699
6543
8163
1133
5277
6512
6609
7701
3612
861
617
5256
2400
6193
4956
8206
1443
4325
1827
4506
1848
9062
6575
7514
9213
4241
9284
5925
9981
8091
3254
32
986
1417
7517
6264
4281
478
317
4245
7691
934
9502
92
3479
810
8298
1274
1488
6477
5780
3336
5539
8707
7203
1105
2948
6487
7030
9281
931
6636
5665
8269
4406
3183
885
8687
13
1202
9285
7705
8488
8787
7797
8319
5949
2447
9593
3789
8924
1725
3478
816
432
681
8273
9733
3520
5303
9014
4451
8292
1032
9073
2698
567
9958
7737
580
7513
7022
8285
6001
2161
2434
673
8111
4881
6618
8252
158
8344
1730
7326
5128
2411
5599
4861
5932
902
228
6735
5546
1260
5808
8244
8179
5767
5982
8759
3280
3004
7045
5633
5166
9479
2658
9629
713
9277
4233
7223
3973
5964
4549
5453
8375
6500
6667
659
3754
6895
7395
9301
4507
9555
7545
2686
1674
3527
1445
1306
2884
4842
6940
4402
674
5950
383
7739
1579
4616
4962
5552
580
5863
7358
5308
2363
4025
5967
6117
920
9714
5418
1779
9270
2964
817
944
2843
8614
2251
2079
3457
5543
6481
483
1493
6864
8222
3073
7833
9536
4977
8413
1751
2335
73
4114
2712
6041
6583
3632
5755
2002
1763
5025
1318
2580
2322
513
1195
4573
2593
1004
116
5426
1487
7961
8643
6061
7386
6476
5597
2364
1241
7348
1051
1315
7814
3764
7356
4397
3748
9463
2751
1864
4489
421
4444
6811
7287
1991
7736
9880
2995
7852
1658
4482
2165
301
6895
9552
6777
2492
8268
8019
6192
9319
9334
358
9435
3042
4756
9536
2505
3859
1400
3346
4281
5844
6509
7920
7836
4245
7800
7183
8449
9458
8018
615
6112
4913
167
2889
7406
4787
7260
9950
458
2946
309
9894
5988
1417
5782
4846
5276
7182
8192
5909
9378
4702
3829
3566
5299
7981
750
3749
3792
8768
716
9904
3681
7235
9145
7439
2022
2758
7390
2480
5704
4051
8726
8045
1820
4508
9243
3448
1690
3787
9358
7421
4841
9539
987
141
3873
1737
242
4017
505
958
273
4187
8193
5770
7978
6567
8528
1720
9047
585
5771
4126
4982
7591
4986
4225
1040
6677
4364
6750
450
9206
2641
1437
9347
2866
3175
5941
6883
32
6899
3508
571
1444
9279
8550
8011
4159
270
3410
1096
2394
3888
6078
6337
8875
6655
7377
1904
1020
479
2354
226
9473
3791
5925
8691
3318
1866
1927
3351
5117
5435
3922
2913
1066
2472
7276
5226
9095
686
2674
1489
927
8753
7826
9802
1760
1556
8058
2780
2035
412
9358
7860
555
5283
6552
3874
3501
8479
3577
4970
266
7499
7883
1333
6324
5159
2911
5419
2198
5585
6908
3125
690
4734
9279
2451
6290
7337
5231
4678
4101
4590
8890
4656
6225
1794
4882
6079
273
8459
1049
6892
2311
5285
8225
8635
444
7488
4054
2642
9425
7314
2119
116
2048
1398
2567
4691
5087
4150
5721
9188
5092
4611
197
7670
6406
5079
3749
3031
9891
1150
9923
2202
6435
4500
837
3232
8340
1243
2226
7766
8557
4346
7882
605
2096
6801
1648
3536
951
7369
9076
2396
8333
9273
66
1091
705
3815
4122
596
1317
398
2798
4105
1250
3635
7337
9591
1230
9563
7357
9787
261
1591
6744
8710
4744
8393
8598
5695
2114
7674
8091
447
6948
4509
1538
7653
8324
2013
8249
5994
2411
7399
99
13
7386
3788
9604
8616
9703
3313
8403
9965
1256
1499
5027
6000
9892
3625
8048
8359
7651
2491
5158
951
7001
3049
8604
1677
5062
3205
7671
3825
6956
4122
3838
4342
7910
9795
2958
7614
3108
7713
3931
4365
9213
8958
365
5457
8935
4765
168
6586
7257
5327
7538
4258
8376
2494
5935
9790
2052
3607
9967
9008
4081
3805
9703
1992
3600
9013
9606
3061
3079
3537
3778
2292
8847
495
4101
4134
5261
622
7072
2518
5949
4610
6776
677
3457
9063
6819
1861
9022
6786
7221
3104
6943
6924
5096
6896
5938
1054
9957
9017
4591
3735
7661
9790
4230
8114
3924
9491
8736
996
8361
1037
1959
5137
1714
1768
553
8533
3629
9575
1671
850
2679
8615
4127
7775
5511
65
5181
5468
5434
6124
5555
9447
5914
6137
7561
6190
1981
6298
7187
342
3687
5498
1832
1754
3618
2385
6639
7247
1960
8311
4449
4640
6926
8576
8767
8789
4993
301
4257
427
6425
6164
6226
2340
2301
3788
8530
4282
6438
2069
977
125
3919
2809
1879
7537
5194
8519
1136
7154
6830
1938
8146
108
514
3266
8897
1860
3567
9506
8639
9992
2022
4866
8684
4323
8654
3567
4958
1444
1988
5935
1569
2260
5096
9801
9797
290
4672
7286
3796
7854
9224
8295
7962
6090
7913
3211
7950
1480
2717
2942
7824
4739
7808
2861
5414
2814
6428
6724
610
4768
2659
2179
7028
4107
8332
3178
4397
3004
464
4546
858
9688
2841
5172
2130
7106
8383
81
4938
1100
9375
2762
2191
7183
1975
7606
6349
4755
4330
6959
9524
3342
5490
6552
7449
3823
9730
8199
3179
6546
2745
4038
6234
1938
9210
8365
9044
3946
4798
3982
5046
4173
3096
7238
7708
1424
1196
409
6179
1878
7368
5703
5220
9210
8608
9022
9385
4690
7221
2565
1237
6318
2955
3823
4608
8517
8540
4
2463
3338
338
3862
3863
3434
1100
7923
4858
8648
8332
1038
526
2052
3093
5747
1263
1701
1121
648
6392
8342
9565
7629
1012
2520
7804
5620
7390
6345
5624
9853
6035
5962
3715
9899
5748
1167
4174
6959
6167
8859
4349
6694
911
7442
8793
8526
5496
9914
5527
1888
4608
1444
5869
5620
3965
3673
1240
7707
6370
3216
7560
2406
9178
7628
8657
4926
5147
2831
8237
1315
1690
2586
8009
8954
29
3154
7480
1877
3068
9359
3765
7676
804
5986
9648
1121
6011
7240
8828
2382
456
2740
4788
9634
368
3445
912
5516
2628
9150
3183
4319
8088
1192
9625
8117
4346
3457
9994
3766
2817
111
7794
9973
2449
7442
1094
4813
1034
6274
7195
1490
9014
8335
7476
5735
8132
4740
7603
760
242
786
1431
8331
8330
7408
6448
9028
866
2795
9146
35
9258
6940
6360
8060
734
3806
2873
1768
80
6420
9610
5446
1107
7086
1181
5591
8178
5136
2703
8421
2274
4135
6752
604
7895
9552
5984
8761
2347
5130
5148
7958
8422
1508
2370
9156
5314
5243
7276
5394
8015
3238
7193
5474
324
8374
1065
8503
9863
3768
6924
2137
4255
28
9094
2151
9580
5078
7264
1928
6561
2413
6238
4983
3921
8608
492
5588
203
4120
7334
4570
7359
4527
44
4035
9254
1109
2538
9117
4877
5814
1254
9133
2194
348
1284
1775
1779
8548
55
8340
7313
6293
3323
7587
1253
167
3175
1456
4288
509
6026
1647
5037
2422
5682
643
3531
4573
9760
8408
6739
7366
3893
8934
4067
1529
709
5846
6430
764
4186
3743
3409
3861
1330
4662
4029
4505
2470
8317
1367
4848
9964
2756
7270
1998
3399
7153
6571
3159
1913
9663
525
5807
8597
4592
7336
5658
6790
118
6422
976
3862
6183
4838
1544
845
8867
6050
9667
3536
3769
867
3500
6525
8137
1850
9924
1642
8422
3083
3555
8085
9960
9362
3034
905
3051
8692
7695
9521
1466
5024
3383
7649
6214
4928
4846
1433
7330
4513
4969
1099
5380
4821
3976
9869
6671
3900
1511
1445
3335
5066
5882
9647
781
8916
6904
184
7608
952
6057
9074
5976
9441
3075
8542
721
7921
9975
4403
8786
1296
5502
518
2469
5830
6739
9140
9730
4602
6938
9417
6021
2820
9064
6802
1737
5969
3338
5697
6921
9395
1124
9249
5188
4199
4143
5909
8473
4118
6664
3611
1766
2166
4130
4235
4348
7221
9727
4078
1824
6665
9847
7845
9486
8912
999
7575
1233
689
3272
4506
6436
4396
107
1625
4948
4250
3886
3421
4720
551
3384
6486
9069
7514
721
3418
1088
6800
3848
2912
3466
3696
757
9304
8960
1756
6879
6545
2445
6503
7403
8881
7252
7510
6858
2200
1760
7097
1973
6480
7648
5357
9318
3069
9224
6391
2839
312
3191
3040
9576
3009
6736
333
2313
2048
8441
5544
4945
886
2048
2348
6119
9300
9858
2978
7852
7970
75
9825
802
4075
1534
120
3496
7110
2863
6336
3774
6054
9376
3350
5416
2464
3683
4081
864
2124
9626
5809
9362
8026
8157
5482
3678
8015
4812
1530
5985
1239
7707
3139
1666
5593
3259
5162
2704
6122
1498
6478
8528
7226
9829
3944
9690
9864
8026
554
8341
4004
6363
7703
2030
872
9537
5708
8887
701
3590
1224
1940
1297
4363
3606
6890
3974
5121
9594
6448
2971
2425
1329
198
8606
5273
6240
4822
9651
3147
3163
7
9510
7219
2037
6735
3108
4097
1974
3810
7687
3199
2102
8984
3914
5709
2227
4241
7182
8173
689
153
598
2018
351
5556
3644
6592
379
9647
9739
9894
9655
5601
7113
8044
2336
6574
2142
4311
384
9829
3862
2486
5166
4128
4547
7393
8369
1729
5566
5411
1883
2517
3781
8586
8073
7425
5178
4804
3425
1269
4699
3080
3223
8164
1124
5559
4738
9618
6222
5122
5800
6436
3961
966
565
8508
4711
5286
6590
277
697
8473
2794
4479
7059
7220
8256
8590
2024
1681
6211
6723
1113
9434
4888
8590
1346
9626
4560
7568
1101
360
357
5062
1326
922
9922
2389
2560
6512
2667
9610
4985
1813
441
8397
5385
8697
3339
7410
6731
9550
485
4196
8985
5373
9138
331
1352
3699
7899
8805
4059
4608
3867
1738
1882
141
4127
4443
6654
3146
4053
1639
4960
846
6388
345
5895
9727
4107
2626
9278
4593
3175
8263
6318
2313
8594
4022
6012
2845
2827
6424
3806
3046
8162
5688
3188
2289
131
9842
5436
536
7833
6748
1382
4222
3445
7278
301
7553
6256
9579
8498
5783
4194
4816
8097
9140
8839
461
8338
8018
6885
2144
7417
1399
7832
6957
3689
4316
6799
5477
1204
984
8577
8939
1558
2022
2569
1860
5927
5177
7791
4425
961
1986
5594
9058
7478
785
5871
2168
8803
2757
4312
6220
4156
8497
3177
4197
9165
6328
6026
6721
3665
955
5660
5223
9330
4581
3435
5257
9759
1227
6035
720
9565
1629
6130
3395
2414
2001
5564
7569
1110
6228
142
1619
4725
9671
2168
242
2352
4547
6964
6017
5502
8976
7592
4832
3558
1028
6442
9669
8607
2477
6741
4524
458
2871
7919
9224
1224
3483
3145
8687
9712
3287
6658
789
9311
8826
1032
1663
3373
4348
7680
5228
9676
1624
60
3234
2652
6502
9255
7611
5331
5996
2135
2141
8867
55
1365
6444
9890
4511
5131
5954
4150
1789
6744
3461
6967
4128
5124
6693
8476
9156
1921
4504
781
8333
7739
9785
1188
6994
7397
2871
9343
9532
5013
8210
5939
2730
1006
5830
7241
6137
1784
7744
4278
4880
1205
1246
9008
2682
4291
3836
8190
6212
8341
5323
897
2432
5109
2085
5778
8858
4957
5121
8390
9970
9684
4330
2700
690
6512
6294
3180
8296
4038
7458
3177
1595
5056
8537
629
9347
2374
8820
1911
7067
4143
2809
9499
9252
1246
1629
4462
6203
6751
2853
2525
6435
3535
1578
7125
6399
7872
305
4695
8262
4116
4224
9857
9172
9114
6839
4872
7840
5659
3135
4907
9802
2296
758
5407
3543
2387
9869
6098
5490
9074
8624
1925
8961
202
5403
5360
4426
2060
6408
2688
2528
6984
8897
1701
6098
2088
2925
3938
7747
2412
5197
3902
4709
5955
9309
8252
4695
5530
4350
185
957
9326
8463
9918
5880
218
5279
306
8630
8039
9346
1159
5023
4596
9212
1122
6684
2137
5060
4432
4549
258
8334
5610
2565
3995
3862
7260
5877
4565
3798
6834
3891
8613
6753
9772
5183
8384
6430
3813
6423
5777
4972
1446
6725
4184
8920
3409
2673
3981
4193
3575
591
8879
9185
9508
9226
9400
3121
5104
317
6919
1938
560
1884
8691
6684
7067
3427
3115
7232
9850
5244
2205
7649
8321
2741
6569
8082
5415
6902
2276
8990
3845
7507
4527
3354
6734
279
6475
1838
596
9746
3776
1157
7982
8820
7841
5049
2247
7308
8633
8450
2552
838
2451
873
3580
5372
8956
5347
2275
7584
689
2472
1443
5216
5826
8177
5496
8653
15
2444
4751
144
3601
2733
8964
7795
4134
7563
5103
2768
6013
4008
9958
8464
1233
3538
189
6541
8885
2464
477
5926
1288
1921
1143
3467
98
2991
2120
6466
1787
3224
6610
1741
5957
1926
9536
6444
9489
991
5564
1855
1351
5522
6671
2585
5413
6860
5478
650
5676
2308
6577
6965
4229
4072
432
679
3415
8904
7145
5202
2128
107
6943
4438
2033
2831
7234
7875
3823
2798
9730
5174
8320
6401
4111
3733
3262
5942
4384
5290
8250
961
2255
2479
1385
9039
9510
4800
4296
6656
2
2776
3115
3298
3566
5149
6129
800
9376
9952
3598
9106
1479
8271
1859
1942
8356
1473
7884
9092
6764
2486
53
5371
1317
7790
763
828
2590
5059
3836
2593
4187
6951
2243
7754
8452
8372
8554
7828
4677
8505
3286
6156
6776
5146
4450
5132
6619
8687
4225
9735
1173
630
5107
2491
4773
2222
9671
7363
3633
3507
6308
7820
458
8551
5574
5263
6924
4129
3091
1601
8986
2730
4109
5762
7876
4911
7246
847
3598
7823
583
4772
4806
2042
3615
9579
616
3286
3294
4249
6793
9603
2069
3603
8154
7644
8866
1430
8125
8310
3031
7111
1040
3492
9225
5268
8404
2823
6115
2002
647
3050
3126
1805
1444
3093
7736
8412
6379
1030
2661
9524
633
4731
9480
5140
8727
8346
6570
3204
3008
5954
315
400
9446
5892
5668
4202
8715
8136
2557
5714
7538
2035
3871
8983
5129
1607
7395
7860
2638
6409
3737
9623
7492
3217
4763
6219
7915
1334
9423
924
7288
6090
1324
3086
1982
6993
3641
7049
1481
6198
9116
9019
8233
2987
4354
9714
4595
8102
3927
7233
4511
7664
6856
2003
881
7972
4574
8796
9306
349
9720
2946
6439
7397
6032
4773
4390
9673
8174
2223
2223
7290
1242
6809
278
5597
2875
4873
3699
6802
8458
4562
4466
1666
6565
5347
9638
7491
496
8944
7840
6568
8242
631
3965
4275
5404
4707
300
3578
6930
8876
7221
8173
5685
7499
122
8560
8724
173
5363
7182
4735
6181
5200
7652
1529
4839
5143
8377
135
9335
4945
8378
9966
8911
9005
5370
3618
9305
5300
6901
8181
2521
5074
218
6372
1548
8779
5096
1721
494
2278
6456
6675
7479
460
4556
8670
1955
2933
5157
1290
7879
3535
1256
3142
8892
6626
6760
4550
8278
13
9083
7152
1439
9302
3524
2987
4433
8621
4708
4927
7251
7516
7954
1082
4328
8863
6104
6283
1796
1262
7573
6027
4797
8829
9169
3690
1807
2282
8240
86
2295
3675
3590
3735
2977
7114
3074
7410
2087
7783
8689
5691
1651
2996
3125
5980
1859
9230
2263
3655
492
6189
6035
1641
5018
5204
1683
6826
7486
6275
3264
6134
9951
3206
6221
9280
320
9295
6691
8760
7078
1732
803
5082
4728
3928
7414
2939
9510
6029
2947
6354
2218
8982
7996
7237
4186
6031
415
8025
2307
31
511
8610
3237
6732
7890
9909
6027
933
5021
9458
2666
5824
4540
3746
6105
8306
3038
5615
4335
5985
1970
6554
4967
6318
143
5505
8701
6910
3530
1008
6941
4041
5970
6530
7125
213
6439
3153
1146
1461
2611
164
3637
3503
263
6094
1809
3301
1710
2496
9286
32
9050
4253
2702
5545
9758
1403
2455
9641
8764
9396
34
1086
5926
7160
1299
8718
6665
2446
6531
5628
2610
168
5483
9225
6263
7292
2526
4325
6140
1812
709
5191
2417
3411
7088
2176
1166
9544
8169
6282
5292
8203
7369
1219
1715
8668
6289
8380
1114
2820
360
77
2988
5843
9302
5603
9487
1829
9928
5628
9993
6989
7171
2411
6752
4259
939
7919
3803
5460
4201
9096
3663
7922
6667
1731
6591
2956
6463
4057
5776
6824
4134
5116
2667
9789
720
2155
7970
7000
4135
7963
3990
1306
6726
742
5565
7665
5013
9369
3125
9215
4817
3141
7137
1484
1224
80
792
4039
4138
2920
863
4624
8036
9883
4413
5108
8390
8735
2109
2525
6699
2451
183
9777
3193
5748
3795
8207
1469
3272
3774
2638
2765
7263
4122
3989
7344
1266
4381
1482
4186
5244
6106
8575
1479
6872
3683
6221
5607
5792
5098
8658
8243
5281
8436
7789
7382
8583
5996
8851
1855
6122
1490
4621
3385
1964
4962
729
9583
9343
8563
3769
940
1022
2344
8771
7894
6028
4993
9853
8172
91
8512
2768
1725
3300
6909
9107
8235
9257
4310
90
5379
2152
1063
8764
469
2378
5846
52
1721
4409
3821
9013
1783
2518
7785
9677
4898
9130
9531
3070
5573
4395
2190
7298
4047
9099
2757
2282
8356
7068
8724
87
5572
9788
8852
6041
8518
1050
6093
6591
1811
6267
5605
3595
8785
9742
9624
3683
8872
5507
3105
797
6254
5296
8096
301
747
7205
8935
5456
4273
7660
5543
6198
3800
747
2239
2318
1797
4685
8909
9961
952
866
3556
6089
608
9532
9772
5832
5040
9229
6630
1294
877
1078
7948
1625
8283
6883
7081
8909
895
2624
5107
4695
9724
7346
7013
1521
2031
5923
1482
9335
6789
1390
5424
3750
7275
1548
9582
8667
778
2564
9961
8007
3642
4261
5984
1926
7497
3065
835
8392
2042
5942
3088
1766
9640
101
9639
8024
2376
7474
7359
5518
5216
2784
5620
2491
684
5202
1158
7814
4119
7472
5822
7761
8085
1806
6039
5582
1224
6874
3975
9618
9168
7063
7736
5161
3516
7375
3185
2245
1201
544
7763
6418
9680
9735
5261
365
4937
2772
4531
9056
6596
6705
3170
4681
4864
9209
264
6088
2436
591
2058
1604
7654
9794
6765
7522
3521
9950
9767
4723
6847
3882
7493
6527
3617
9106
3244
4907
8230
4128
315
4826
833
3485
5860
5697
9047
6124
8137
1483
3067
195
9439
7073
9989
2557
4595
9863
2507
715
938
5706
4597
4783
8586
4567
3889
1830
5826
2120
2310
6141
3298
3144
5979
9158
8841
5026
1634
6979
2861
4701
3526
2300
1774
9868
4857
6370
9731
3717
7085
669
9423
8034
1804
4361
8953
2045
2544
4779
4165
4854
921
3816
7998
3252
2974
3192
8278
4609
6523
7491
5662
49
9791
7437
9917
1001
159
6000
4718
3596
3021
493
1630
4825
4855
584
6871
7399
5363
7388
2253
2636
1204
6604
5888
531
9796
518
1492
6319
8009
7154
2720
4153
4591
2638
5154
1102
8638
9872
4698
8012
6717
2681
2837
1572
3265
9708
8971
4980
3449
7577
3969
4653
4181
6209
1536
3977
6728
3028
6648
1089
183
9368
5242
1126
8358
6748
2229
3349
6620
3279
1361
9690
5960
4198
1262
5577
259
6586
6910
60
4163
879
4713
8344
7088
2602
8673
168
5630
5321
1258
2165
1041
2852
9644
9400
9601
8225
9101
2573
1504
462
2263
3817
1012
9878
9394
7623
6464
6304
7683
627
3535
8749
5323
624
1351
3996
7144
3333
5669
8402
5499
3062
7607
1495
8814
3560
9720
7915
6133
1224
4729
4749
5041
2094
4627
788
6069
1091
3444
3753
8070
6980
8854
3393
3956
6557
3741
1100
6242
9410
5855
8093
8824
9814
9588
7639
3374
9308
1906
9507
6885
6636
608
1926
5082
5235
9066
1151
6326
2511
4904
4396
5843
110
7789
9799
3019
7882
7251
9262
3644
9458
7355
2469
9272
6944
108
2646
6252
8366
8506
3137
5002
9114
1416
84
4350
482
1236
7028
9345
2492
1425
5188
8955
5566
4987
1974
9801
8591
1236
3445
8049
8592
5914
7322
5536
2374
6320
8140
741
1178
1278
2095
293
9046
8532
995
5880
9768
8023
5226
8612
5800
414
7567
7719
1754
5894
7520
345
7130
7317
4746
2074
3232
8420
7610
1958
4741
2103
9051
5919
3381
1147
2564
8779
9679
3559
4659
5799
7935
9885
763
87
300
4683
7806
8406
577
1678
5103
4059
8996
9849
6134
8580
8270
96
6890
9363
2199
5942
1634
1932
7089
4199
711
3120
4110
5371
8919
8397
5256
9682
8485
1908
717
2643
6666
1294
4322
1769
5354
9670
1619
1488
4602
6241
1584
1492
5604
136
7434
3590
2068
875
7789
2780
347
8252
4503
5618
6649
6111
5301
1486
8020
2370
4130
1038
3665
4804
2808
9019
4474
779
6859
5428
7020
4795
6920
8976
4931
707
2566
3352
7934
6708
6132
8282
1312
635
3900
7961
6746
5553
9448
1118
7924
9930
8509
7941
4734
1317
3312
5560
8448
171
988
1820
1318
4260
796
2602
4967
9714
5954
9254
2774
8438
7536
4086
5425
7788
8400
2171
3342
4200
9642
7618
4130
8151
5559
8864
5820
8871
4424
4268
5394
1764
6088
6712
6024
3236
5666
992
9302
1620
246
2077
6410
4134
2515
1835
1922
915
359
1616
1467
1
9234
5597
4504
1145
813
324
16
5237
944
5410
7001
7032
8475
9378
6620
4141
370
2274
2114
6968
703
8524
7454
3219
6712
9376
486
7071
7345
1954
7072
6579
3903
7928
4077
4717
8252
4093
6306
9196
5856
9660
2580
683
9038
5552
4824
9408
7826
3290
2728
8530
8167
182
8101
4879
5910
8587
1950
3255
6893
5374
6187
797
3302
264
5514
1554
709
8172
7102
6565
7832
6034
7248
6870
1586
8425
2630
5764
1715
5358
4294
6234
1892
2395
1113
7803
7335
9415
7410
580
4789
3597
1377
8091
3861
3243
5997
4571
1416
9451
7488
9248
5485
4737
2471
3423
9514
5101
9188
7581
460
9834
3816
8704
8582
4929
6507
5917
4345
270
2849
5486
3867
4227
9930
4081
3822
2279
5004
5238
1731
2492
839
3568
3581
3310
3344
3095
8411
2532
7029
5223
2366
845
3928
7300
2126
6787
9569
2823
7057
2419
8310
7277
6646
4592
1358
468
6871
6362
2059
4954
5206
2898
4875
8788
6208
8219
8235
971
751
5264
2547
9469
6109
6475
6770
4588
9614
2691
7411
3024
5110
2073
301
8108
6665
8011
4929
3537
725
6988
4843
5931
6238
9718
1071
8798
7937
5659
9769
5040
923
2316
862
3385
5143
3984
7973
1110
6675
1736
4134
1786
3810
787
9894
6827
5150
4823
6716
5875
8163
1560
8158
4401
1278
5582
3199
5568
1241
9321
608
2164
7989
7822
1901
3133
1806
6226
595
8482
7963
1081
6620
8125
1868
6514
4952
3370
7690
1669
5597
2205
9581
107
6607
7211
5689
6158
2779
6930
1831
9740
5447
9821
7562
3700
9306
5721
9927
9901
4203
4242
982
823
2367
9202
3689
3671
8924
7731
1692
4521
9937
1273
4628
6544
4837
318
9054
7616
3600
886
3708
9047
7059
7623
2748
6365
3344
9027
2618
3899
3269
3600
4722
5636
9154
4763
9307
8078
2495
1000
8951
2432
8625
3579
5328
3462
249
734
7431
3850
1620
7491
9249
8679
5114
1997
1396
4810
7376
4014
8709
645
3966
9783
6281
3120
4547
1941
7550
3394
9293
6501
5826
7918
6433
7506
7733
6682
8240
5164
532
9861
2655
9782
4892
4122
8131
6289
5284
5508
303
3994
6153
4270
3777
8787
3742
4676
7080
7645
8070
6373
4146
248
643
579
7754
8376
7262
5995
9892
4146
2208
8900
280
3452
3022
4764
6093
8306
272
6397
8652
2777
7019
8782
7916
7113
3458
4996
4758
7881
7721
5257
8129
8365
5836
2236
3093
9450
8231
2986
9949
6791
1886
229
6595
1260
4993
2689
5918
1617
5438
4571
747
2457
3353
5015
5922
3163
12
7033
7396
4085
2290
5526
8802
4478
7762
1896
281
2345
1234
230
5488
9472
6811
2083
732
1805
4772
6650
9774
210
7573
521
9019
7278
5537
1294
6794
1901
8327
4190
2338
617
9716
1141
5095
3830
3037
1728
2527
4271
1958
4367
95
8770
6451
827
6927
7575
3829
3053
4138
7755
9927
9509
5033
1816
803
8179
69
9130
2370
2407
6099
8438
3548
7547
8621
2937
9275
1148
3560
7586
5516
3655
6356
8319
4482
9635
5894
4664
2688
6384
2419
2615
5894
3804
783
6697
1984
852
2180
4354
3260
8279
9144
6808
5826
7765
9746
1454
8914
3306
9040
782
6962
1748
5453
7796
1383
7699
2460
423
4084
1231
9391
9978
1388
174
3027
3372
1027
1559
4078
4287
9839
3222
7447
2017
7340
3545
3471
2606
3204
8863
3388
166
611
8841
4314
1994
6540
3127
8770
6976
710
8161
3306
2098
4687
2686
1822
5714
4245
5900
6353
4084
5475
153
2454
2815
3698
2277
5421
6902
1141
5161
3420
1752
354
4087
99
3246
7214
8869
223
7924
3382
9881
6375
8069
2567
8197
3784
6813
4098
6489
897
5925
6642
9703
5092
6693
1981
513
9947
3122
2026
9720
1226
2380
3807
1325
1978
7373
194
2201
1649
3576
2083
8024
7998
4650
6222
1782
7815
6672
4623
5065
8949
7618
4768
4041
4311
6749
906
4258
6223
2932
3978
7450
1664
4137
5127
3642
1510
5322
2196
3160
5250
631
1184
3248
1633
7406
1382
9449
430
2358
4514
9379
9976
5634
3420
4287
8736
678
4897
4959
3610
8876
8761
1626
3013
3889
5269
4524
5563
3817
4036
7165
4448
5220
6766
6081
8979
8148
5530
9409
506
6396
5141
6834
2031
4913
1121
767
5592
6019
2078
9202
1247
840
7181
4260
1081
2450
5136
6644
6267
9172
161
7067
745
6927
3148
9724
1428
5031
5485
8286
1427
6978
5121
9810
1892
6242
577
7484
8613
2656
3038
9860
9848
6571
473
929
9021
1961
3925
1640
7486
4086
5059
8231
1014
8208
4307
2442
9591
6144
728
1018
3123
5849
829
1367
8444
7758
5203
7057
414
4593
3270
6614
1165
3743
7543
186
5704
1468
8179
3190
1907
3238
7773
2921
7798
8432
1715
7389
4577
2443
4760
4052
4645
1941
5419
9441
9699
622
6498
6466
5215
6120
3080
6380
9863
624
2919
1920
8444
7450
1462
351
7040
5588
9624
1191
4020
1339
4932
8597
135
9692
2649
4780
1633
4420
4221
1333
1394
7071
7799
2962
9544
7231
5694
5759
4207
4965
7679
2652
8767
5494
9355
5808
1082
8980
3351
5102
6671
8283
52
6806
4328
9053
7938
5961
9826
8511
3646
1220
5583
7797
534
1479
5029
6229
7238
9236
1194
4918
8240
9962
6764
3948
2122
7846
2928
1825
9300
5951
108
5704
2758
4436
1110
696
6750
936
9208
396
8508
1143
8194
9043
2622
9575
5272
9860
8811
2818
1130
3404
2780
7894
7352
1254
2092
6632
9431
7745
2583
9540
9801
1693
328
911
2390
3430
1847
7950
3827
356
9093
8373
5751
8067
4300
1023
4279
3111
3841
5410
2867
2974
9656
6571
580
8101
3203
12
2198
2139
5904
1999
3832
6232
9263
2574
9663
7462
524
9842
4170
9617
4567
9921
4036
8867
7296
8316
8330
1138
3726
1198
464
9734
7769
1044
4187
7325
7408
6385
9464
3312
4737
9648
5897
352
2223
1912
4166
2747
8106
8337
8717
2673
4610
2753
1540
1907
1069
6222
9397
1147
7420
9861
7234
1542
7257
1421
5219
4666
4159
4683
4330
5248
4331
227
1952
6554
2139
6118
5654
6597
4455
4371
9270
9066
3476
7162
973
898
3385
6722
2045
7157
6583
5631
5051
3840
3405
270
4858
7564
4953
9189
9164
5637
5768
1116
8543
4260
7234
549
857
1690
4920
128
7108
4749
7290
4433
5647
7027
1155
4044
4185
4090
9676
9236
4282
3081
9507
9141
6997
812
4682
6161
2801
450
7277
7697
4710
4511
8246
5568
2553
9519
5696
6013
4268
9338
446
9915
6366
7953
3959
6903
2043
9987
6139
6326
3068
1998
1819
65
9163
6501
6226
1964
6951
9855
6013
1662
719
4260
7230
9624
3779
9278
5638
4399
4968
2436
666
7686
390
4625
4589
8785
4613
7081
5111
4033
5431
3282
4099
4594
9783
6677
2911
6735
6533
8924
4749
3604
3184
8331
3228
3315
7609
8866
4066
8929
7655
4732
6616
4397
5710
7557
3182
323
990
4646
708
6422
7928
4807
7368
7712
7837
279
799
722
5556
5548
4326
5092
3879
7554
8408
7840
2773
8826
3121
6780
3559
9737
1177
9269
3647
711
5944
4637
5357
6652
1059
9638
7812
4780
3702
5649
5059
4501
6371
615
6401
7049
5708
280
955
468
4472
80
9294
7593
6860
9205
3683
4389
8474
7330
5101
770
1967
458
7423
9379
6448
1587
511
150
3588
5570
4651
6311
2538
1052
3360
4598
7684
4315
1418
2156
748
7064
6102
7608
6270
9785
8350
1096
7115
3451
1867
5434
261
5642
1165
6710
3581
1676
6860
7169
3599
1512
3480
2489
8916
6840
7087
6601
7507
4857
5109
4607
1921
7563
8568
4543
7348
6918
5640
815
369
3859
2602
630
5853
119
7340
9434
1796
4201
2955
1747
2065
6435
4236
7333
9627
7675
286
3486
2532
5396
8094
4453
9311
6662
8997
6660
3580
989
3827
301
1200
2781
931
7053
2901
4624
2839
1049
5177
5794
2796
7242
8581
3384
4575
8208
1059
4862
1694
9943
6610
6140
748
5921
2802
9745
8933
2734
7086
9113
3035
8286
1894
319
1691
4795
4943
4530
2196
120
6676
1344
7362
5257
4728
8289
3465
2139
9503
1512
2082
2465
7652
2831
4739
6807
8928
24
9541
2367
9137
8929
653
1032
9248
8697
2179
4191
9579
728
4311
6256
2072
8025
1513
3153
2666
1331
5292
8522
9195
7375
987
3199
6558
2078
6
1838
2103
5900
4205
1240
4829
1211
8624
429
9908
7156
4620
9487
7884
5283
5743
6308
9660
3609
9461
8678
1292
4754
7200
487
8481
4540
38
1391
6618
45
3229
8721
2297
7435
6314
3478
8646
4938
3907
8554
8446
4879
4393
6330
6514
6489
8991
6174
98
8452
4852
1390
9558
8405
8229
8039
9297
8267
5782
5915
4664
9012
989
6961
2799
7303
6791
7797
8593
698
6351
7040
1929
7096
9722
8443
3585
8713
4617
3683
3518
5822
1425
3076
4227
6006
7468
3524
626
3250
5791
5290
8614
3132
8604
7765
435
5395
5562
5381
2446
8265
8773
4375
5362
4847
2819
8947
9913
3788
8983
3431
9610
6760
2859
189
2767
6679
65
9745
9930
2209
1387
4896
5341
9991
2662
2129
1739
8224
3862
537
6490
2635
1264
8204
7482
4083
3503
3747
4224
2486
3530
3834
5599
6390
376
4718
3069
6793
4463
9351
9002
5850
600
696
2194
3262
2825
285
7838
3039
822
680
5674
2086
5236
9508
2522
8740
3256
6746
1226
6786
6932
6825
9528
3660
1543
2598
6806
2358
8301
2160
8209
8901
2856
403
2163
2033
688
6354
5072
7862
3386
7098
6300
8623
6607
5174
7363
6215
1920
4941
9353
5205
8119
8882
5217
6014
7832
2023
8373
6133
4184
6582
5035
3392
3337
3550
1778
377
9904
6850
4591
3291
3949
891
8266
6908
6066
5629
9475
4338
6922
8828
5895
5041
4062
1113
1056
1894
9488
9429
8028
24
2363
3063
3417
2052
6613
5195
2429
2870
8397
7020
2513
8698
7911
7131
5606
329
2760
1433
4668
9682
262
6915
1076
4324
8028
2132
6219
3869
7913
599
3893
276
14
3662
8680
2979
5209
1109
5849
3607
4481
4714
8657
2392
1845
4264
9074
957
5697
94
6992
2311
7009
8068
2988
1390
6552
5559
5259
817
6158
5504
7445
6172
9167
6125
5503
728
7234
7705
4335
1715
2419
2993
459
617
3609
5885
1574
5658
5979
4918
4322
2989
9338
7310
731
2242
2869
2342
3059
5379
7846
504
1551
3365
6629
3406
4094
215
1111
4781
8282
3531
4126
8742
500
7735
4627
8426
9746
6959
3345
4068
6300
2683
7730
7031
4926
599
9373
4337
2330
3571
4842
233
6937
7823
3639
7383
8039
4751
2164
6321
4634
6291
1415
5134
378
6043
3560
6476
9354
6905
6896
5654
5941
978
2685
7219
7929
8410
1556
259
1981
6398
492
8918
574
4132
2653
8613
8883
4818
4934
3517
7461
6350
5003
4191
8745
8563
7020
4451
1821
268
105
7762
1247
9142
1333
9176
7552
2889
9436
9533
5640
9928
4804
6214
412
7457
1179
5647
8627
6113
5516
2440
8815
519
2984
3912
9083
4
4715
904
6624
4820
5018
7871
3962
6351
7048
1514
5592
6484
7400
7584
2764
2204
3798
9529
6013
4977
5176
993
7443
693
3433
2610
1212
6417
2875
6647
2773
7590
3903
9398
8763
5273
3621
2725
7976
669
592
3569
3505
4344
1153
2622
2900
1304
2151
8913
2633
7327
9906
6428
8020
9692
5391
5585
2461
4618
2232
1587
2208
2488
7337
971
7761
958
49
5738
1628
6993
5659
1485
1337
3164
4107
589
4468
6258
5854
3454
3586
2113
6234
1606
1805
1625
3543
618
6243
5776
2205
4804
4616
9542
2127
2377
501
8528
8115
8481
5521
3774
9966
3210
6939
4074
3799
7759
332
9654
7565
3918
1767
3800
1877
9924
1777
5420
542
8021
7548
2748
9177
2164
8642
1304
894
5495
9833
5361
3976
1706
9136
3943
1269
2427
4369
5068
6538
4701
1074
4104
4972
9193
4256
3201
9117
6033
4973
6012
406
8874
5112
9583
7390
3754
7240
8284
5602
3425
3646
9578
5131
9134
9873
6400
7913
594
7821
803
5296
5247
4907
6620
4441
5515
6173
9910
7901
1146
5922
8307
6372
7386
4243
3763
7493
7835
8399
3095
1260
2045
2673
2743
7531
8899
5496
1796
9493
9669
2600
1141
4916
3859
4113
5709
9375
286
5620
7276
7785
7894
1935
4157
5281
6178
7920
2774
365
6320
5869
1625
4717
4894
4369
8601
145
6217
397
9639
5886
9349
7132
802
3209
1246
6512
8936
1532
8484
2564
9317
2730
4499
3475
8011
7030
7747
7137
