7395
4067
9358
9021
5137
605
9742
3738
750
2311
487
6741
8197
9837
3874
5351
9398
5120
8215
8334
6652
6699
898
2322
9430
5397
2149
3793
8779
9896
7283
6175
316
2993
1548
5453
3598
7642
5543
4349
9953
2382
1090
4502
2219
4964
9853
1617
6436
8069
6303
9441
1120
7201
1763
550
8951
264
696
7730
160
7979
257
476
972
8157
2281
923
2151
4176
1624
8456
6559
2714
2958
5130
4031
9164
6748
467
3585
3051
9908
4705
6605
8023
1608
1908
8287
8656
5990
4800
6635
6248
1628
3959
757
262
1234
2909
4438
2858
1365
7349
5573
676
2480
5956
9840
9228
2775
3425
8631
9036
4482
1588
3411
6090
3496
1699
4746
9487
2851
7733
2087
4479
8045
2844
4741
9279
5753
5532
2138
3471
2881
4063
4147
5361
6371
339
941
9146
116
5925
8182
4598
7513
1594
7041
7362
9645
8139
6849
8848
2225
8936
3327
270
8132
4421
5901
3886
6305
8039
3709
9186
8454
7856
900
4825
4547
8193
3972
4663
4118
8506
5613
1632
6452
2654
5346
2449
794
2195
1297
9371
7483
977
9641
5615
1750
1894
5853
8055
6286
9562
3593
4740
3770
4493
9566
8317
2687
9890
9332
3157
4748
4946
1141
1201
3952
6487
3650
1098
8682
1300
469
6165
2277
6462
8133
4027
8357
3986
2082
4643
9901
2027
9383
3671
6521
5301
8341
5560
5191
4025
8717
6292
8971
9859
7493
2924
6346
7495
4022
1381
8795
4492
3898
1072
954
2031
1451
5663
6018
9885
306
5919
1913
9690
5942
4786
1343
635
346
2887
4661
5415
9179
3632
1626
3024
2908
7973
519
3283
5706
9315
4127
9604
6739
1433
1636
4543
7097
4006
4428
7403
9925
6341
3445
2219
1127
4789
2855
7825
4028
7516
3241
3207
7500
4867
6231
6761
9192
3102
44
4898
2417
523
855
5509
1956
2491
52
5405
6497
4480
2809
2774
7174
2606
4993
8301
3747
4200
6127
7775
8068
5720
982
5569
6939
3565
8682
6132
6668
5078
7382
5437
5601
8237
946
7557
7080
7350
9315
9929
8183
2124
9055
5357
1082
401
10
4830
4601
2489
2605
2670
8209
9940
4591
5149
3505
3273
7633
6525
8351
1367
1963
3952
5957
9261
7861
3037
2964
7176
9319
1147
5652
8374
2856
6735
8775
2866
1565
3377
5356
522
2399
9917
462
6990
1418
320
6615
5403
6845
4966
6771
8808
5270
2728
4422
9483
2117
7386
3012
1436
8533
5016
9811
1389
8103
8586
607
6020
8315
2315
6543
714
2233
3357
4056
3
3677
671
5407
6875
1989
8530
2035
3611
1258
6457
9447
3375
3843
8811
1164
8728
179
975
6469
8283
5913
3429
655
4229
5744
3550
1295
4329
6908
5352
4333
6937
2375
6092
164
717
4622
2200
680
2232
8657
6479
1959
8853
5290
3123
3933
1822
4098
6755
6457
12
184
7112
593
5928
663
1888
6610
3923
3592
943
860
5968
3387
1025
3037
4361
9577
3717
6593
4586
197
8552
9791
1839
8028
3725
3661
8478
480
118
4842
7016
3583
5435
2944
4246
3676
9554
8169
7268
6849
5381
9588
6588
2758
2625
949
2335
2695
7542
6922
2892
2447
3065
1083
475
6790
1097
5305
3622
7567
148
638
1150
5583
9935
5396
9259
5841
9917
2880
2691
1651
2468
5631
4409
5094
6581
3097
7789
475
6371
7033
2922
9436
4468
9749
6227
5565
5055
6201
3133
5203
3192
635
7138
3127
2384
2750
8968
2301
5630
8011
304
8098
3643
4714
9544
6576
7811
3685
7051
534
718
9974
9970
5187
6075
2549
7104
1130
8751
6589
2685
1943
7225
6176
1422
9609
5278
390
8262
908
4754
8567
5358
8397
3281
1255
4973
7444
4940
8376
7978
2011
8350
7948
3550
778
498
654
8260
5601
7244
7298
3896
4469
3474
5318
430
8752
2060
8692
6012
6814
7259
7722
1563
6892
8977
2888
4336
3918
1265
8666
5929
5967
2967
9479
6745
9817
6485
5006
5418
3729
2304
5666
4550
5778
984
4980
882
3044
25
3246
9859
7284
968
7774
4177
6298
663
4865
216
1928
9884
2497
7895
2851
8328
4641
2668
4813
9647
4438
8543
8303
104
9445
433
7440
778
7667
484
803
913
6695
4439
8233
4470
8616
4531
1485
9834
1099
3413
9718
3596
7660
2569
1924
8653
1589
6738
4652
6027
1633
2955
2483
7430
3388
9923
8208
1055
6759
5363
8320
3455
9803
6554
4277
8419
1085
2114
4605
2185
1879
4323
2133
9539
3244
4058
8193
4833
7148
2845
7212
5133
2153
9695
2563
5541
5970
7124
2949
2730
2487
1269
2537
2290
4175
3166
7062
5261
5280
1667
3798
7159
2343
2283
3050
5587
6341
1243
6773
9841
441
3985
4974
8946
33
3890
4487
6003
1014
3788
5085
3501
1410
7622
2144
5585
788
9206
7198
2420
873
7348
9579
9568
9632
2630
5156
2325
225
1929
2167
7018
2266
3493
5964
2299
3735
6804
4655
4749
592
9740
4603
8354
7363
3099
3940
4503
2305
7490
3276
9530
4839
9207
9099
4471
8189
607
6796
8415
8888
5315
1785
1154
5161
7750
9806
8896
4554
4461
9998
1498
553
953
6205
7916
4052
145
8772
6357
7635
8400
2239
8826
7607
7690
3297
5797
8297
6446
564
7185
8113
2349
4692
3274
6451
4498
8523
7357
5311
8521
8856
5864
9474
5061
133
3526
1558
5257
6235
5545
3657
8474
4372
1264
2517
4021
7061
814
6819
3977
4352
4933
6327
9044
4559
2778
9894
3082
136
5205
1603
5344
7421
7429
6757
7554
955
4667
2811
7190
212
2820
2017
936
4085
4534
4958
7498
1700
1777
1476
6052
6710
4155
1448
7622
3285
7694
704
9773
9251
8660
1469
6673
6089
8226
579
7045
9245
3391
587
9458
6211
8956
394
6648
9842
1704
499
1543
3482
1975
3947
6544
2482
1748
518
2119
9442
1223
1893
5046
9883
3362
1719
5972
7941
8650
9369
7186
2041
9957
2996
4605
5265
9743
7605
5108
1447
8104
3003
1281
6431
3302
4178
5265
5050
4696
7385
845
5919
9278
5891
2154
8992
3962
4479
6933
2612
3848
472
1006
157
3468
1963
5423
3211
5920
6883
1011
4025
9886
2292
6808
9540
2822
2074
4591
7519
5811
1788
9790
1441
4031
8297
433
4345
2776
3719
3309
6624
4191
4315
3134
4011
2630
8557
3575
8551
1792
4586
8928
8030
3230
2088
7570
6053
514
8513
9924
6325
301
9714
7766
4332
8011
4552
5029
7139
8271
8339
3764
8814
2654
3250
9177
1637
8159
2752
6540
9951
3690
1820
7981
6921
3908
5551
9326
4423
4065
9250
7100
718
5316
4867
1403
9680
5771
6432
6819
4042
4771
6935
9208
3778
185
8385
5415
8344
7490
8307
8295
1180
127
2628
4453
387
8180
131
4810
8597
9381
8263
9315
4698
3130
7070
4378
5253
3503
1197
9295
8274
4485
4855
8404
4670
3240
171
3015
7082
8478
7662
4615
4957
291
5420
5345
4823
5552
6507
9772
4933
4770
5439
5983
4252
2510
6713
9505
6013
4263
5152
639
8748
7
9044
3418
9600
5567
2785
6682
4046
6800
1297
9003
3443
3070
700
8266
8622
7208
4390
9907
1978
9829
5891
2583
8691
2604
2088
4704
3219
7241
1696
1967
3600
7092
1738
3200
2659
875
9883
3057
7675
7532
8413
1118
602
9113
5736
5576
2673
6478
5484
1004
6308
7727
3587
4999
6683
2027
6056
9903
9268
4104
1870
2869
1196
9960
2421
207
836
2304
3265
4863
6189
1678
2334
3143
7143
8070
8720
9817
4549
556
821
7209
4635
4408
8560
1318
2787
968
7573
2056
5072
5796
1277
2620
5756
3698
2828
2944
2355
2445
7808
4896
4123
142
8039
7618
4564
3111
7435
5465
19
4608
2674
4654
5368
7587
2325
8156
8555
9898
6564
9980
5694
7841
8952
1451
7891
1780
4395
6598
4225
8555
1494
4700
8697
5886
2319
3262
5349
6106
8727
5369
7067
7754
6375
2435
1693
8700
591
248
8599
7155
6580
645
1348
5533
2096
5592
3665
2844
2190
4243
1399
37
5295
6449
5923
3966
9711
1272
73
4790
2993
7140
8896
9369
5927
589
8069
6519
7190
3020
26
3770
3666
7727
5655
2114
3319
5673
1310
1861
9916
9062
8250
5211
5511
525
9178
1574
1798
5603
6364
1143
9095
1613
512
5022
2202
4934
7893
9392
7954
4272
9515
7972
1999
5170
87
1670
7195
1397
3531
7111
459
1782
8675
2322
2307
7853
3896
457
9808
6613
7953
8903
8226
4817
277
428
9751
8171
6173
4058
2443
5688
8382
794
7210
8469
2464
4406
6219
5995
7869
3030
4129
6544
5353
2789
4397
5601
9598
4205
2214
7551
9460
6792
2369
9738
3573
2120
4261
6098
2530
6704
1786
913
3850
5348
5734
6314
6106
8305
2309
3976
1336
2791
520
3041
5580
1270
8642
5178
1827
7209
2730
1288
353
1451
7378
3926
9923
1639
24
2454
4695
8162
9719
8545
3511
1805
4859
5969
111
3520
9945
7799
6311
466
840
8243
1736
5834
9774
3563
3043
8856
1203
3397
307
8581
3675
6582
220
52
9036
1267
8214
5107
9812
8077
3265
4671
4047
3376
4544
344
1175
7207
810
8367
1803
8898
4201
1577
8814
3597
6785
17
6994
3444
4951
7021
26
5171
7073
5415
6439
1640
522
2603
6069
3787
3627
6468
3515
8171
6813
1042
5378
3975
9409
7181
2874
9963
5110
8040
3560
1895
8057
6906
5339
3008
3927
5366
4532
7353
7133
7323
8993
7655
6278
1414
7795
9905
7883
7662
8076
1048
8705
9807
5023
4466
3340
4249
4429
4803
2289
7989
6698
6699
4895
8390
6059
5175
108
6943
2528
7241
618
7873
1248
6897
9287
5395
6802
3522
3058
1231
922
8115
7390
5946
8933
730
6547
3363
1885
5189
7704
8584
1888
8952
3326
7947
4127
9786
1243
6655
3379
1861
880
979
8758
6519
6375
1913
42
5785
9496
7316
252
6886
9614
9185
3968
6162
8900
5854
1351
2957
790
3239
1909
468
7538
6036
254
5133
9043
9985
6995
6275
964
2105
2794
3691
370
9188
9476
9866
6505
6080
6752
6119
5266
7073
8633
518
9279
9984
3475
69
9575
5384
537
3466
7772
7143
8599
3167
7128
5594
9442
4444
4052
2237
8136
4422
7777
3964
4289
4282
45
7393
6754
1663
818
5387
2181
97
1724
5657
166
7651
7393
7055
1117
1518
550
6069
4685
4030
8015
480
8475
2067
9069
2963
6490
6846
6927
7131
7481
6972
876
4235
8635
1695
5974
7169
1792
4050
2826
8311
1702
6571
5366
9171
8089
2269
5240
9127
6299
3256
9607
1126
1675
8676
4089
4517
1874
1017
1648
9355
4341
8877
9942
9329
572
2269
6498
8716
6319
5676
7027
4373
2247
8746
3545
6689
1015
8785
5816
3666
8393
1775
4793
6421
451
8882
938
8677
6251
8939
4385
6945
7816
679
6274
4740
2948
2772
3456
5620
8448
484
9993
7047
9230
3538
3736
6597
8676
9552
263
3421
1327
5056
9842
8130
291
781
3160
2894
6072
7545
9839
3888
8224
6113
8628
1173
5237
2084
6793
37
8920
3138
7085
8150
3029
7173
4747
1705
3078
5011
5126
4405
6419
1321
8888
6710
8454
2048
9605
4526
5945
5796
4766
4169
1910
9746
1694
3499
8182
4839
3537
7103
7978
6974
1605
1007
4147
2705
9064
7225
4068
542
7983
6839
1863
3223
3550
317
1623
9507
1195
7568
5303
2313
1737
3565
2059
3432
7065
6594
8271
6954
49
2601
3928
8006
3608
4427
7063
9024
1653
1131
9567
5988
4323
1430
9211
4225
8100
7186
3732
5647
4754
5387
7961
6491
5305
6372
6275
8722
9318
899
5676
9367
3500
5956
3726
3461
383
789
2485
8388
8273
8404
728
2596
9835
6291
6821
4287
3477
6905
6286
8231
8644
4247
1075
3949
6972
7350
2671
6290
4601
4699
2010
4454
655
5736
4267
7391
2877
6752
2131
1150
1509
2860
98
7696
9151
3271
1983
2629
176
8269
7212
8821
8869
8287
9122
2193
1990
1794
4835
2943
2845
6845
7397
9853
8933
1664
7244
8163
4769
5727
9313
6278
8587
5764
3974
4091
9035
2309
3072
5564
6930
284
4385
5799
4924
9859
4344
3266
8005
9180
6209
851
2377
3607
704
1311
1623
7948
9474
6392
27
5139
9022
8615
7255
2996
9058
6291
5305
8482
1855
8588
5118
2592
4387
42
2451
5084
3308
457
4264
9518
1308
6641
9477
2012
4304
1100
6312
130
3845
2691
1622
2867
1306
8877
2216
6716
5168
7521
5198
3375
6109
317
5967
6849
6711
8419
8285
6372
5228
2549
2242
6536
5542
1719
4900
6199
9171
7564
6329
3016
255
7951
2236
7914
3181
4452
982
8349
8325
6181
1725
787
2850
4044
7636
5913
2463
2273
2285
4043
4822
4527
579
6716
6246
1831
2915
1770
5747
5597
1138
6003
9900
3374
269
3081
4178
1251
7783
2504
3784
5860
3291
2986
9904
7279
8900
8720
9552
1185
2763
726
5713
9695
7442
8311
1526
6710
6433
3626
2307
7572
9629
2207
7298
6250
1641
1477
7501
9424
3981
7638
5284
3624
624
1540
903
5876
260
455
7062
3024
1181
9127
9071
4975
3790
6949
1685
6576
575
344
4148
6556
8904
7798
2806
545
9275
6660
6321
9608
4298
7957
3232
1274
9497
4135
7151
6110
942
565
5486
8475
6044
4557
9803
6186
1506
7840
2762
2082
8185
6910
8638
3441
1061
7797
338
6688
4457
6659
6297
5107
968
5881
6381
465
6369
9884
6575
7311
6801
2061
2139
2845
2970
1942
9032
4477
9782
1794
2911
4319
5057
7901
7760
2470
5698
4450
9158
155
1109
5455
1614
2077
1337
4348
8895
7706
4232
1822
1369
7386
236
9860
231
3206
1802
5615
4035
7937
3762
6946
2256
5171
4848
6369
7641
6898
819
6799
7054
8281
8607
5020
6710
6296
9368
1957
354
9953
3780
1723
7339
368
1584
3922
3574
9738
9538
3962
7675
3300
7260
6284
8471
8460
9005
2464
5359
6176
9263
8765
4457
7870
3785
7520
4166
3154
9477
4520
9459
3257
2596
6798
9977
532
720
9904
270
258
3866
4298
9910
1126
582
4733
5939
5939
7197
1298
2115
2813
6415
6573
7035
6552
4093
1202
9706
9922
2074
5517
9532
1022
2315
9509
1554
3036
9413
1825
9646
3279
2475
5909
758
9409
6994
3049
5348
4192
4347
7463
3357
7114
4036
392
3666
4481
7946
9725
4404
21
5242
3936
7395
7558
3445
8950
6946
9211
7127
2944
8842
9602
8853
9600
9011
5848
9001
4359
6392
9700
8174
6101
6814
2211
6493
481
3044
792
6558
3800
7165
1800
4088
4560
5710
3886
3510
2656
3097
637
1953
1939
6591
7158
7892
5602
3006
6893
6313
5750
6594
4488
8203
9760
3051
1049
6593
2447
1841
3151
2600
9006
4952
6688
3566
662
6926
3429
9671
23
418
1624
8315
7010
8782
2559
8964
8141
5804
1630
243
8750
2470
8447
8511
5521
5848
5104
4320
7689
8256
6920
3047
3208
3609
2965
222
535
6394
9893
6911
6813
7869
1578
175
6652
4137
5491
1145
9941
7121
7740
8692
9591
2539
7203
1464
8387
8659
5785
6076
6915
2705
9123
6475
2666
2089
6698
9554
4835
2943
2817
8000
813
4395
8175
3817
8532
3667
1314
4825
7140
9054
9869
3084
1594
3424
4548
9981
2084
6685
2410
5351
5743
1533
1827
4761
9974
4877
4315
4810
4172
3484
2810
1337
7879
7338
1506
2763
7357
2820
3941
4497
8227
3810
7581
6173
7235
8482
6154
5671
5167
4916
1022
7262
6450
9201
2024
2776
430
2691
3938
4603
6176
6749
5940
4055
439
7447
3171
7796
267
7112
8645
4846
922
6227
1019
4509
1061
3526
6532
2580
8442
7555
9843
1244
3108
8219
4021
3539
910
7959
8142
7086
1060
4082
7494
1499
7881
665
5647
4501
7777
4293
9347
5051
6872
367
5913
7933
245
2445
6865
8687
6352
3060
9932
9461
1279
305
9352
2190
4616
7494
5628
5677
7928
3122
3528
5810
139
9176
311
4268
9821
6010
9320
6693
2729
1585
978
2974
4030
7843
1662
6735
904
7946
6196
8535
8251
1900
725
2867
9394
2706
4896
3674
5828
4777
9484
2320
305
6147
6588
126
2158
5908
6819
1239
3845
4149
4214
4228
1992
2228
963
2896
174
3511
1432
4777
5411
8509
3996
4805
7567
8893
4831
3396
22
4316
2068
327
6815
8656
6805
5325
917
9976
6565
4762
4125
779
8990
6117
9359
9953
5366
5885
9816
3150
662
5227
8011
4658
6384
5579
9903
1216
5327
6277
1884
7395
2956
8699
6051
9761
4025
6968
6089
6942
8083
214
4073
7073
2684
3432
3379
4402
9317
3195
3904
9979
8423
8267
989
1159
3846
7245
2375
5525
3522
4259
9272
6479
9311
1676
2592
3336
8644
8682
278
3079
5248
4351
153
7932
4135
3532
8686
3452
3079
8942
9783
1502
7210
7124
9014
1056
4369
1389
2934
7892
2001
2206
723
1312
3882
3315
4648
8879
1997
1278
1958
3598
1981
8463
7882
6116
8347
6569
5920
1427
5511
5703
9281
9073
2827
8295
6482
3549
9685
9416
1441
8038
7974
8516
9350
1857
1831
350
7088
181
1628
5398
3779
9961
3862
1661
6077
2209
4582
8349
3636
6446
4052
9270
5519
3231
7565
2001
6780
3602
7769
4573
1640
5744
3089
7342
3953
1273
7692
1041
1454
5672
6439
1585
5633
6653
9598
8062
8863
533
6411
8851
6979
6815
4473
8850
47
2039
7204
3179
1993
4973
7753
9986
717
7194
7328
1022
8467
5021
8415
6273
693
1207
7858
2679
7860
7457
741
3075
7990
3505
8279
1321
320
2752
6523
6719
4791
3727
6251
3137
5053
4004
3123
5770
7550
6803
3145
6018
1824
1560
2291
8870
2767
6502
7901
6980
3959
4994
55
8301
8499
8334
5974
5172
7439
2497
8243
8582
2577
4494
1719
7630
8498
1194
9752
2401
7998
2897
8419
6174
810
7062
5044
3577
3564
2945
6909
3875
7940
3317
8528
2791
1651
4502
7963
5442
3352
6207
4025
5929
701
5744
9911
5552
3291
9663
7953
1289
2561
2724
7463
9723
6138
8860
9652
9703
1805
6562
9930
6097
9879
8459
5241
7882
9313
9556
3325
2665
2115
7350
4946
9169
9446
4857
4721
2737
4521
9026
378
3434
8102
7842
9509
4240
6702
9161
295
4859
5723
226
7309
1954
8685
2550
9837
4350
2106
9514
7016
574
3216
8314
9743
2662
3172
816
1752
4045
6194
2130
3831
4296
6324
3340
4888
9378
8853
5184
4238
4577
1762
7899
2883
447
449
2720
1149
8907
8586
8165
9481
1802
2832
5576
817
6004
6392
2569
6401
2586
1051
6584
3234
3728
6276
8123
3106
5129
9659
7344
6058
1421
5243
8942
8220
2044
8014
9369
7304
6601
3887
3137
8403
6719
8714
5572
9075
1458
8141
1828
4045
5545
8412
3631
9273
1040
1754
2379
6169
1413
6076
8580
9186
7671
7522
7406
9716
1888
6776
3372
8489
7015
2861
3245
3734
1575
8817
2809
9386
3311
4637
9783
8856
9401
3414
4481
441
1521
3212
2962
9286
9288
1542
8473
6960
5416
2231
3028
7305
5359
2752
2146
2374
5613
5391
6108
3541
561
8917
2927
224
9906
2710
5432
9307
2476
9913
9748
3997
3125
2711
9636
8766
605
8109
5726
6022
340
5106
3327
5700
7858
1825
4426
3471
3569
535
3364
4130
5804
6291
706
5711
5353
6138
1370
4182
6051
7471
8179
5528
6534
7815
4294
7139
2276
6372
9513
8969
1478
2840
1021
5688
4666
5447
5512
8235
5982
8876
8717
8139
1520
9423
202
6873
5561
1572
1055
7964
5395
5587
9844
1929
9754
4139
5421
8383
511
4934
7352
8342
4127
4725
4030
5145
172
9542
9732
2507
4771
4801
646
6291
576
848
9516
2489
8772
6924
6805
520
8863
6649
8801
8617
7140
4222
3352
4004
5509
704
2346
5988
1781
2728
7485
1954
8623
3569
813
3394
8370
1459
6037
5298
8659
5553
7787
3783
2477
4592
4303
1340
7593
3105
6310
4734
3679
6014
8738
5540
3071
7436
7880
4852
164
5365
6806
5139
5286
7619
8533
8
5430
922
5306
441
6476
9445
577
5305
4037
1232
2998
7983
4337
5660
2717
4369
1674
7807
6261
4745
5243
4142
9598
1759
5859
2756
3251
1146
6728
1784
1154
2158
9059
6461
8952
5535
5906
9529
840
6296
761
190
631
1451
5850
3348
2172
7525
1155
8433
8622
2750
2575
8220
861
4787
977
4112
5933
7705
2249
7087
6215
1308
9900
1519
3195
2159
1048
387
4807
8162
578
5438
9613
2780
5138
8137
305
2645
6570
5280
1747
5498
9852
2608
285
829
3073
2570
4886
5322
6009
7454
6630
2262
8973
9825
4421
6374
6564
5580
4536
7142
7370
501
9923
8860
8638
6580
1505
1560
1860
3252
7058
1713
2212
3695
8894
5285
6265
133
6959
2275
7587
3589
4537
2912
9766
5310
9286
6331
7242
174
9825
964
675
9748
9824
5665
2681
1329
7226
4541
933
636
2606
9497
4332
7853
1135
6949
7986
8094
5576
1925
8036
6465
4837
4154
8127
476
485
5369
650
6663
6333
1326
2763
2509
6991
5444
3838
569
6338
1123
1206
8944
6973
1890
6797
8108
8839
1135
6202
768
3060
4238
7233
4250
8393
5361
4726
5230
7082
5376
1893
9768
6702
4657
2277
46
6453
2468
615
2791
3591
8173
8088
564
63
1237
5024
5255
2373
1227
6023
1785
5465
9608
6035
3858
4969
761
5441
8404
2490
7334
8172
5544
8343
449
5590
1149
9269
2558
292
9213
731
8380
6129
7147
5970
1154
2402
8343
2381
4777
6480
7846
4385
2516
8057
5707
9629
9850
4111
2119
3536
2283
7664
1880
9084
9606
9381
4706
8516
9673
3919
5600
8054
48
2747
4024
1202
1501
8719
3583
6278
5199
7782
7015
4067
2191
2722
49
2041
6833
8520
5577
5468
2536
3809
905
2143
3190
5611
7011
2864
9530
2611
7270
9578
1710
7646
781
9563
2717
716
2193
4268
4850
9209
8336
7041
1931
4737
5434
5117
3257
7364
585
5794
1173
1490
7937
716
7101
1300
9932
2983
264
7202
8914
8326
1200
6047
7890
3917
6763
83
8185
7966
5644
2873
5007
3928
7610
6794
9045
868
4158
9630
6662
5331
7473
951
2399
926
2251
2331
3910
8867
5885
2824
7194
7085
8871
5084
7354
1986
1519
1892
9952
3516
4765
1312
7444
8728
8106
6489
5948
8616
2471
8962
299
9944
9913
2699
871
8516
5030
1133
7384
916
309
4578
4353
5532
6014
1708
7518
3885
3600
3823
7401
4717
1487
4845
9797
5945
1334
5745
4561
3806
4707
4860
102
972
3911
973
9489
8942
8458
3225
6210
8767
4155
563
4299
169
2271
8170
4054
2223
8345
1456
3293
9832
2653
3090
5777
340
5188
338
498
9895
1550
600
7220
5462
7926
3061
756
6384
6286
6966
1504
441
7529
2155
6962
6153
325
7368
4728
5022
5176
8021
4854
7830
7464
631
8170
2652
7321
8668
8899
5224
5620
2471
686
3546
5532
1442
6283
1818
4760
7787
8611
8641
9942
1925
4794
6620
9294
5875
1642
4470
248
2849
2300
7712
9832
6822
6716
7154
5490
1968
8730
7463
4439
5768
1009
9972
3562
7292
8142
8322
1431
3106
6963
7726
5031
8110
698
677
3985
8692
5148
4233
1541
3800
8298
1374
623
5014
4880
2465
3334
3610
9928
7774
9378
938
4098
2940
4582
8592
7614
2366
1698
4577
92
3082
2687
790
3759
3024
5834
8907
7258
7376
2708
5556
5102
9683
6922
9982
2148
257
9944
2077
4383
5674
9367
8481
4966
301
7073
2580
2667
5124
3509
2759
4558
6197
9901
8317
5573
5736
3577
2831
9464
2637
4739
4566
2320
8014
900
820
4623
7196
9249
9006
2870
8616
3839
7836
5270
7264
6768
7937
2388
277
697
6946
2826
6950
1616
8400
2686
1545
7583
2150
4182
8675
3068
2854
6689
3968
26
1312
1164
9276
6670
386
4244
509
4574
9514
7773
1342
7452
6514
7972
4501
9812
798
1451
1428
9198
490
9325
6782
8992
3507
1809
2061
2713
8498
2381
2740
6162
9898
2016
2832
284
6260
9693
4859
2127
7466
2553
9579
332
525
4080
145
7676
1883
7925
6874
2373
7251
8
7718
7110
1817
9779
6176
6667
8512
8916
2829
8410
7284
2013
8695
9896
1706
9906
2023
5525
2459
1602
2209
9337
2034
2354
7013
3918
6632
239
2643
235
6600
6713
3697
4769
6492
9873
1437
1357
5141
618
9767
2425
2632
4814
2322
690
4720
4345
6215
3532
2300
4777
9221
4334
7131
6234
4604
115
2825
3600
6702
9425
313
400
4195
6806
6625
1984
4515
1767
2602
4282
4192
1586
9097
2866
2277
3817
7212
4844
3701
9512
9621
2922
198
3105
5508
4803
3220
8334
8403
9923
4111
8716
6675
8306
1874
3300
6642
6389
5067
9245
672
5612
831
6121
8478
3108
9938
2042
4305
9992
1554
3926
2914
1753
3383
4775
2908
6604
3109
1311
2879
3572
6379
5906
1879
8254
9206
4873
4643
626
4118
1667
6238
4950
7788
1068
4410
4079
3111
5067
4071
1017
5346
3337
2770
8729
8112
2030
1685
7573
3341
4564
1146
6073
6822
9377
4327
6029
4250
5322
3007
8369
3342
5597
9671
1130
6665
433
1561
6128
1853
1984
7146
7199
5322
6268
5928
9786
8299
7614
7360
7992
8530
4858
4065
5353
4235
8392
7734
4837
67
741
9558
3409
2690
5581
891
5707
2367
2453
1836
4220
4437
8982
1419
6111
5250
7347
5898
3549
4961
9610
1542
3492
4468
1959
5197
5055
352
2931
6244
6771
24
5803
180
2714
7736
1071
8421
103
9876
257
4323
4314
5591
2094
6777
842
9442
2675
743
755
8637
2285
599
3105
4245
5796
4512
949
5079
7109
4072
5103
2912
4252
7817
7000
1675
2591
7104
7904
9200
7779
8570
4792
9874
5347
5634
5668
4375
2729
6423
3012
5015
3375
2470
5612
5523
6982
2913
603
443
6985
5706
3355
7589
9876
6708
5616
2467
3812
3520
1667
7943
8442
2811
7817
3790
4797
3485
8165
7527
6261
1177
2542
5988
9999
4506
1511
3334
3771
2114
3777
7108
7821
7133
4697
4049
3841
6665
6516
4005
6538
4535
1948
4980
7347
6118
8770
2144
5955
3287
9671
8568
817
8565
4556
816
9423
6068
4150
9546
4534
7928
6654
8707
1413
7703
2756
1606
4369
9272
5611
7259
160
3911
2239
7507
29
1010
6003
5985
649
5675
4553
1466
592
5462
2283
6368
7882
6433
5914
2416
4361
2569
1124
5774
272
232
7380
993
5857
9343
8252
6017
3255
492
9876
9636
7854
5879
1973
8503
7906
6527
6322
4851
8341
8605
1219
6223
5038
7133
4991
5752
9702
2467
7878
6327
2700
5259
7320
8557
954
1925
926
4209
2417
802
3846
6623
3033
5819
1478
7292
8698
7800
2143
3391
6405
3362
9614
7796
495
4606
9900
6550
3425
7778
2877
6125
3037
6549
1034
3992
8474
1960
4553
7243
9114
4751
3866
8500
6923
1697
5792
5621
9497
7935
5365
2255
7649
4979
6403
4496
5937
6303
7398
9363
4081
6627
1840
7119
3177
2875
7463
8003
1187
8368
5247
302
3120
5465
8802
43
7162
946
2016
3012
5233
7381
5267
9234
8713
1670
3730
4650
7973
1129
365
2054
4108
2206
5525
7285
1433
9340
5289
2620
7709
6888
9274
829
2353
4428
7224
5868
5374
9240
8880
607
2974
4147
9841
1687
2169
9924
2689
142
7405
9407
8548
1513
1613
426
8799
3046
9766
440
2018
3827
7328
1293
4656
6033
5721
8232
1901
1096
3825
781
8055
6799
1280
4249
4838
3449
4173
7527
3591
7930
6934
8492
9443
4899
8918
4594
4297
5036
1386
6316
8864
5066
7609
9872
1100
9682
8105
9353
7130
1930
135
5186
8729
1415
5787
3567
4865
6312
7446
4808
4242
733
9652
37
1984
8570
984
6282
3607
2370
8950
8823
7437
2911
8695
4889
2593
6800
4242
9724
8730
729
1262
3811
8497
7049
3730
3362
3361
1177
4522
3955
8262
527
3992
246
9097
4976
2880
9056
3699
8182
7879
7488
1093
2927
2377
39
9727
2971
6115
4810
3701
7377
8621
2198
778
2352
1912
4139
9881
2786
8094
8143
3313
8438
4741
8763
9767
3974
7819
3466
2156
2051
954
9602
4978
9683
9641
1057
2654
5756
5867
2707
3133
4489
4905
3911
3193
3169
4402
3074
5956
8848
1217
5621
3638
2310
4384
3405
6284
8556
6871
8441
6959
7825
8043
8289
7508
7684
9346
6515
9792
5214
9222
9277
6055
480
9540
9248
3649
3942
2322
9605
9142
9891
5227
2780
2201
5963
6186
8486
4519
9409
6927
1478
3587
1322
9767
1095
5358
9114
3962
5150
680
3185
4427
3087
3665
3967
8687
3666
4261
7361
3272
9755
7252
4851
2535
9453
7166
5073
4291
1686
4483
7570
9516
8070
8892
9284
5517
602
4750
5832
5752
1782
9017
6531
4869
9034
6850
9908
2700
1111
7269
2324
7218
4521
3527
9754
326
694
1179
970
8732
2014
8540
8248
84
3785
3884
1954
4387
8634
7786
6492
6768
3155
3023
1637
2189
9874
1545
1241
7337
8814
3566
4556
9687
3445
662
14
491
8193
7336
9223
208
5876
3824
6644
6013
7708
8598
401
6343
2736
3245
3111
5891
6268
1101
4432
2494
8998
5674
6184
4165
5592
7092
204
5389
4106
218
5881
2299
7554
1456
8859
9783
5280
5504
5796
2989
454
2549
9332
9543
5794
8795
5434
8415
6248
6219
7261
1599
8245
9797
5764
3837
3241
5968
5578
7347
2539
1459
5999
6445
2916
4858
2580
8196
6714
4729
1185
3521
7278
6869
3064
9425
2017
4850
4192
4617
1069
7805
6216
9314
7603
8332
9503
844
4301
5082
4544
3192
2893
543
5989
2161
1753
8570
358
4820
3299
7895
8341
6929
1117
7757
6354
9486
2607
6898
4103
3677
4704
6672
9343
8659
5004
5199
5855
5657
6633
399
5201
9526
7294
1191
8040
5400
9761
4750
220
9412
8997
4913
6341
114
2670
9048
5952
5277
2298
6408
5306
3354
3080
1002
2013
4436
6201
7869
94
9186
4620
5295
5064
8267
6486
3104
3667
2599
7854
3887
8363
6852
8800
1057
3318
7822
6457
5623
3099
8755
2031
4758
2110
1463
5760
475
5899
8313
4696
2345
7499
9317
3993
2563
3936
6831
5668
7603
5783
9874
7842
4146
3078
2994
5203
6397
816
8012
8372
3915
6768
6755
8673
5230
8218
4433
5705
469
9098
402
9167
6597
6071
3160
9161
7
9991
1181
3962
5774
1055
1804
9921
4134
4798
1476
6883
5614
9489
5255
9529
2609
2010
4555
7839
6580
5340
9896
7049
4439
6650
6216
1036
2721
9376
6549
9080
5720
7730
3042
1494
8786
4846
7767
2920
5996
9244
6155
1610
5085
1410
7492
7694
9772
2047
1885
6352
3739
1781
3401
8178
8432
5970
5567
7505
1698
2116
6586
7418
6199
5980
8913
4985
7179
6680
4257
3175
2276
412
4786
7361
8174
2278
5055
7946
677
6940
4298
768
5074
4051
5299
3506
21
866
1011
1720
9334
3949
5490
5533
9930
4403
6870
7109
7436
1127
6636
9712
7891
1422
3426
6065
52
4833
363
7081
8126
1013
7850
3200
5065
3149
6706
1438
367
4069
9510
9701
8019
5001
1587
4301
5756
8457
7762
3192
5937
4398
9257
3828
2173
2683
6246
8577
7516
2961
5659
5642
3975
9861
8842
5392
9362
1900
6830
6081
5970
2693
5782
341
7694
3721
4642
9802
8531
8756
2995
4468
3154
2252
4648
5327
4935
894
3905
8803
208
5916
4446
4183
2129
3288
9575
1491
5189
2757
7572
7511
1802
9706
7852
9496
9780
8846
5651
8311
7602
8646
2779
756
7250
7427
2436
8537
4674
2693
7340
4882
4961
1786
5417
7090
1427
1344
4933
2968
453
2505
479
2256
8563
4683
8104
8343
3529
3755
3006
7483
8753
5785
4591
2355
9565
7027
892
591
6072
4585
1825
1033
2723
3594
4475
4150
4938
9408
3470
5391
8265
3949
3999
6829
8632
2104
1524
8513
2211
4531
5996
965
6668
588
3320
2585
3967
565
3176
40
1502
5001
7425
4225
8595
1901
4728
9885
1309
8198
1629
5927
8500
5628
9108
7132
4084
6984
5646
6296
7867
7994
3613
4536
8582
3285
7121
2550
202
6650
8942
1704
8003
6367
2282
6599
4620
7010
2836
2282
5208
4465
8209
60
6446
7317
7193
530
4301
9191
3178
2169
3537
3143
3057
2120
2781
6530
1022
2983
3180
6316
4688
1184
9035
3322
4135
3656
332
6971
5938
1892
7789
499
1953
4235
4168
5498
1117
4821
1041
648
3342
4578
143
6399
6698
2924
9282
4072
5908
2462
388
6948
9998
9424
270
485
3080
6954
7457
5370
8846
1598
5869
7151
2185
37
2649
9654
1210
3690
302
4553
8269
446
952
1319
3370
234
5392
5630
9049
2132
8930
5399
7908
9200
5885
7340
2506
9694
2710
1353
7644
4931
4856
9829
1320
7506
9483
2531
7548
6138
7084
2169
6584
4388
3489
6306
975
5233
8289
6376
7365
7219
1775
1626
2772
4012
8966
5278
3706
1677
2983
1350
2960
7840
7531
4281
1698
7015
6812
9246
3153
248
1416
6089
4636
1257
8747
5611
6490
7036
8339
207
608
115
1833
3380
479
800
8658
4186
8829
7994
1888
1789
5834
5772
6070
7532
2787
9234
3130
2292
5834
4546
8381
471
2155
3480
2434
8645
517
774
5205
1125
7241
3390
857
7720
542
9515
8258
9371
7509
6499
1161
9695
2271
3583
7227
1410
9170
6710
54
5004
1256
4787
1827
9764
8267
614
8409
8784
7740
9966
6261
1333
3357
7118
5405
3899
2986
3664
9623
6847
6515
7136
6543
5138
7071
122
6548
6241
6832
6602
7598
4441
7741
5777
4205
6008
6391
8966
1145
483
5285
3758
1816
8642
877
7222
8893
215
7238
4868
7062
3753
2004
9957
8891
9076
6432
1791
5317
3264
4745
9267
4057
2486
5045
8262
4846
7788
3581
5991
4624
8866
6102
2792
3860
6979
14
2753
3546
3604
3974
6960
3709
5978
6918
8952
5054
3350
7095
6724
2966
1840
2343
7024
678
7388
1638
1877
1529
5219
4220
6153
437
322
8945
4297
3653
5312
3403
7199
5268
7377
4160
8978
3355
7430
7930
4762
7132
5026
1486
6450
3218
3829
3474
249
7570
1465
2126
5451
3036
6346
1604
3474
6669
6901
7771
322
8565
1174
3874
3834
8551
4386
2812
8259
1816
7094
3021
8948
8472
859
5398
1691
4688
5225
1940
8610
3042
418
4061
6078
6764
2017
9552
9785
8919
7324
6460
3836
4850
334
7670
9754
4720
6834
4365
2888
3929
7386
8188
8753
8245
9938
444
9285
5163
8736
4248
4557
5506
8309
636
8623
327
188
8408
5598
3864
4868
9434
5067
1554
3457
4821
2626
291
5538
5514
572
2924
3702
9326
7521
3641
6122
3158
5156
1211
7406
9714
6717
2068
350
1692
2395
6890
101
4345
7107
1321
3779
2174
9228
3588
3347
1854
232
8885
7369
804
8161
7423
6482
2034
7416
8957
5192
2573
6520
8951
8639
9589
1019
5341
1282
3414
8583
7735
4111
5690
9056
4242
4216
8284
7831
7563
6491
8063
2800
3860
5219
961
7635
8054
2995
5052
3363
4540
3977
9883
3491
2616
5824
4510
4309
7106
4276
2892
1193
8387
8583
250
2629
9151
4886
460
3067
1377
4875
5867
1589
95
3181
9225
4501
2528
4277
7864
7068
4606
4099
6911
3574
9923
1421
7883
3382
2049
775
4575
436
5710
4825
9418
4862
6064
6230
7929
7441
1106
148
5383
7553
3329
4608
2054
5858
5237
6270
9278
9843
369
6190
9769
292
3963
7652
3674
6013
4779
8250
2801
490
9427
2219
1704
1843
8450
5985
5637
5908
6133
1020
3461
5815
5628
1867
8025
7217
8137
3655
3412
8506
9845
3181
5150
3809
833
8825
6174
5612
3427
8975
2454
9206
7547
510
1050
5997
6495
6687
8257
8981
4059
8070
1148
6039
6289
5525
3256
4426
9180
3020
9284
9026
6201
786
9187
3386
5963
1713
5350
9390
7040
4157
4949
4587
4667
2351
6936
7515
5390
5193
6496
9449
3263
3996
5488
9552
9521
8744
330
5053
8116
5966
4079
4317
6753
9618
4055
2716
7683
9405
8459
4724
3562
9760
9311
8230
2111
6248
5745
7501
1441
8593
6950
1057
8941
8790
6961
4814
3886
7292
9867
2002
9610
299
6319
6363
9917
374
5432
3953
6131
243
8677
9694
3
7988
4276
2114
4236
6373
5967
2030
1318
9269
9439
259
8059
6400
5073
1945
3692
4940
3947
3303
5239
6618
6018
1509
3344
7802
5462
9475
8045
4139
5521
8048
8479
6149
6514
9068
2522
2481
1098
3840
1750
6889
451
9809
3289
5524
8106
6982
6817
2053
6637
8408
5023
9007
6269
4719
6810
8083
4195
4855
8574
6068
9256
7054
2218
5770
2474
1092
4604
9924
4933
6354
6813
1736
2516
102
7261
622
3436
430
9028
6425
5190
403
5433
7812
5123
8595
5895
5670
9802
822
1738
9058
7876
308
1181
350
1401
5785
6626
2686
2139
3439
4422
1007
3541
8035
7982
3330
4817
7010
9755
8
3765
1540
4172
8888
135
67
910
9938
889
2649
8996
5117
9309
177
1819
7062
5962
8445
9748
4454
1884
4171
5461
1778
8558
9795
5108
3376
3157
1215
9736
6923
2756
3908
2163
2891
3975
3074
2829
1217
2075
8178
2686
1384
4707
4506
8447
670
9303
8195
1476
7540
8718
3289
9318
7277
3085
778
653
6242
1993
389
3165
4749
4297
1681
3993
4624
4755
6822
2193
6830
1352
4880
8214
6060
9386
3013
6730
8689
1209
4558
6229
6279
7847
1899
3556
7284
9029
561
3527
1023
7302
3044
2124
1599
1077
6117
2576
5832
2940
4769
2662
4292
9649
7229
6704
5387
242
3434
4077
1451
4344
6658
4083
2192
4910
3991
5828
3939
4553
5707
4962
1855
5104
3439
9807
6181
9556
8735
2014
8848
3504
4676
9493
9506
1905
6197
4893
2148
5984
5322
9951
328
8333
386
8872
3243
4378
4701
7182
8931
6760
8497
7138
1864
8288
3297
8046
7844
2032
60
3045
1889
1088
2538
1395
9346
8735
6288
7846
1071
7963
4149
1400
6296
4536
6624
9539
8914
1325
3073
4197
8086
7922
7687
6302
6210
985
4348
407
3017
760
3452
4906
8201
5990
2653
7547
1077
8942
1745
8501
6905
5894
9901
9553
430
2877
9092
5696
4203
8517
9893
8641
2792
3933
1295
5354
4918
5644
5761
4287
2756
5565
9194
957
7907
8199
4856
5337
7141
6601
3838
398
2496
91
9951
9278
2968
5395
4975
3523
265
1220
8516
3057
5153
9812
8411
6423
1808
525
711
4564
6090
6257
1874
3998
4456
6730
9335
7950
9684
3173
8348
8532
9616
4652
7810
2584
47
9137
6108
312
6710
4624
9721
8215
4436
8133
4639
6244
8658
5350
7161
1100
7959
9035
5098
2415
2117
785
6717
1801
310
5066
333
9926
6070
4496
2511
6117
3633
8619
2782
343
9595
2503
8559
4032
6988
9550
276
1998
4900
3789
3099
9211
2824
4549
7978
4942
1687
4696
3095
1997
6114
9781
8276
2184
4277
7139
4653
7910
2110
7435
4606
1705
6291
9517
5737
3279
9067
2366
5278
319
6155
4729
9530
5332
9278
3860
6626
965
8556
9721
9315
4670
9502
3943
3206
131
1082
7860
4394
3192
1647
9000
1249
4290
4869
3339
7570
3936
2057
9200
4255
4564
3929
137
9896
9559
3997
6522
6877
8906
2596
2544
9928
8450
6487
3135
8582
3921
7347
9328
3465
5346
8328
4714
9637
3197
8053
3559
3485
110
9111
4092
1027
9392
4229
923
8951
4578
3798
2180
3484
2746
4724
3413
7548
1211
2900
6130
1484
6599
1810
4949
1945
138
9664
1582
9687
4069
1493
9524
532
604
3616
1559
9996
4197
8834
5300
8776
2632
7480
8612
1730
2205
8377
9279
9768
7629
1761
1253
4228
3572
6202
6174
62
2218
4108
9750
2640
1954
5626
3172
2558
9243
1083
8907
3440
9917
4207
8568
8902
1687
3533
632
244
1910
9911
13
5892
1673
7618
120
5245
172
2646
5307
2391
6755
1409
1383
8709
7036
4555
7619
6279
1990
6526
6071
1907
733
992
809
8773
4525
7794
9017
2787
7705
9030
8679
5730
6648
5152
975
3173
7798
2635
5564
4553
396
3299
9614
7432
7854
3586
63
6196
112
2487
4455
846
3479
1617
5971
4356
9411
4988
3495
7116
4019
8527
9199
7019
3679
174
192
1477
9161
2108
2383
9558
5407
8349
3342
9613
1935
3406
2161
2048
2245
6617
9246
5724
8234
5217
6432
7645
6557
9927
1113
576
4806
312
3948
8485
6839
492
6315
6000
8953
8698
1910
712
3399
5253
326
5335
5011
2487
3735
7256
9104
9333
9332
7338
902
5764
1335
7459
2043
2449
8036
6850
2761
8336
1687
5952
5180
8002
1953
4133
3052
215
4846
2804
5468
1524
8139
479
4011
8226
7735
9468
7559
7067
3158
8461
9183
4494
5920
7579
3295
308
781
2408
4996
2468
8361
177
6823
6666
4310
6227
6881
5508
9031
2350
7032
3522
9181
7396
1748
6917
3216
5659
336
6374
4120
5872
7220
6393
3451
6867
6701
4232
9276
1698
3052
7637
8227
6227
655
2537
8807
7536
4398
7838
6238
1430
7713
5420
8826
9461
8689
8394
5121
9025
4769
5593
1249
8341
1986
1052
1561
5040
1636
837
3090
4689
4826
1317
7268
5481
206
6075
3017
4604
266
9256
6035
7979
1028
1213
3792
9717
9608
5265
5094
729
859
6344
5422
9197
7396
6983
4237
9033
4172
3679
74
8998
4996
7342
4479
5203
9770
3849
6159
36
9457
2194
4367
485
9760
8159
202
5720
3425
5296
6449
636
7992
8223
6185
1741
5207
6775
774
9379
454
7200
4730
5451
894
5561
7006
664
9410
3165
7052
5219
1712
1419
5704
7824
5931
2258
3544
5708
3907
6345
2696
8251
4568
8881
9992
6127
5656
7118
1859
6111
4318
6589
7914
5213
2150
1272
2229
7913
789
5634
3132
8853
3405
5189
6677
9336
3799
221
5044
7706
6566
7740
5958
7487
2974
5950
3614
8630
9421
1825
1093
3739
8414
5359
5304
6917
6631
3886
1182
7421
9520
666
6274
2925
2207
9304
8614
6007
9525
10
65
2444
7751
6023
6283
7077
8326
6249
