5707
7747
8075
3153
7838
2841
8512
3143
9758
5144
7029
7292
8917
6549
7959
1543
5826
166
847
4440
6173
6725
4451
6239
5521
8554
8614
1804
5631
3292
8053
7690
7391
2480
843
5230
5322
5708
8373
1432
7204
1754
5077
2473
4655
3036
4016
481
9554
1216
1274
5728
4293
5725
8319
9814
631
3285
7970
6262
6578
2375
304
3969
4856
7500
5551
6530
3208
276
4314
412
2030
9391
2885
3037
2427
3253
9871
1982
821
1145
4062
5114
3222
8733
4928
3853
2018
9250
115
4948
1626
6771
8918
6482
4271
4469
9364
7479
4746
3678
4243
3128
3070
3480
6166
1849
3086
6037
183
3907
3534
597
5374
6756
9330
302
609
7701
5905
7076
2649
7531
3847
1567
365
8119
2389
9729
1950
3487
9759
2546
2967
9181
6026
9133
1031
5464
1522
7566
9372
5056
8164
1098
1812
3846
1400
2421
1547
3657
9497
4197
1188
9697
2116
1553
7816
4505
7634
9766
4344
7394
8664
7312
6575
4691
2797
3958
155
672
7877
5879
5728
6041
6977
3893
6239
4730
2666
7787
8387
8516
1984
5928
8213
4100
7481
2381
4958
5116
8499
5654
8862
7164
2966
5437
1855
2116
5748
8362
2788
3625
594
4868
6018
3923
5113
2257
5005
7780
44
3393
2648
8380
5673
861
8833
3154
3242
3791
4622
8093
5797
3484
5257
8764
5274
3464
7232
1022
1827
6372
4647
8773
1240
7017
2696
6354
9274
7702
486
9319
7447
9486
4051
3120
347
2884
2626
9941
3027
3601
8034
8825
7085
9644
3941
2359
3108
1173
9733
1287
7545
732
60
5137
7749
9109
7843
7024
3163
4681
2695
6962
4167
3098
6434
866
5983
5412
807
9010
9013
5194
7835
2451
1190
1776
1162
4298
9301
896
5586
6846
7980
1998
8336
5730
7459
6179
9106
6974
861
8153
3936
1380
1251
6722
2247
3586
2135
3054
2597
7500
4600
6784
9951
5790
8561
1114
6441
7862
2010
8379
1061
9990
377
5749
2072
4189
1928
7530
1163
9141
5683
1452
522
3287
4526
9121
6873
3013
2175
9470
514
3128
6255
465
5270
1168
1579
1711
5382
9941
6442
2795
6284
3172
8544
4708
7361
6825
2239
4876
2318
7922
6328
9192
1209
7207
8313
4435
220
6841
3905
734
9969
6512
1200
1591
4032
9131
9655
9415
5425
6097
8562
8061
9269
3459
2769
2982
284
5008
7859
8954
9283
539
8147
6844
7746
6460
1279
7967
9653
1537
5053
5974
4401
2605
7566
8434
8089
3573
4201
3514
9670
9115
7927
5292
2574
696
8274
9210
2057
6133
8165
1340
3025
6312
4536
7123
9124
2168
1442
5130
3705
6496
1104
8106
9101
5022
2892
7190
8595
3445
7056
8266
2561
4983
9910
5135
2032
8184
4346
4089
670
8863
1781
47
1527
6317
7170
7003
4837
8613
2133
8542
5109
3238
3001
562
8260
2245
4105
3208
5691
1161
1474
8252
2497
7736
9739
4529
5920
437
4970
2942
9300
3103
2989
7179
5772
160
4183
610
5125
6316
9152
234
5906
8505
7148
519
751
1253
3727
6442
8767
1553
1046
1264
9289
7137
2145
5209
3927
7115
4504
3227
218
7493
6759
5990
4005
942
6600
9130
7258
2105
5716
9517
610
9217
36
7713
470
3763
507
9237
5316
7905
6853
4605
5043
5350
6166
8970
2465
670
8549
9035
4516
5308
1378
4873
2602
4330
4004
6213
2787
6072
5730
9750
5289
5766
7463
2112
5881
4323
7701
1197
2228
4555
2154
3623
6257
8320
8945
8723
5343
3847
4110
6211
5507
1840
1084
8110
6171
1440
4323
5310
7513
6405
5060
9154
2171
8876
1266
8052
3199
5320
5601
5427
9875
7755
5403
6132
2427
4348
1207
4122
8195
1670
6685
3703
9862
7770
8165
2385
5562
2488
7696
9427
5245
2756
8582
7416
1632
6200
1820
1183
1520
3773
6611
7747
1528
2014
232
307
2714
7791
782
910
9461
7467
965
9324
1589
5482
8061
7152
4322
5757
2931
9567
8514
1513
6983
6498
4066
5155
7682
5586
8928
645
9686
6808
9011
9918
3467
1725
7709
4249
8987
3523
8069
6304
9199
6010
1786
7260
3162
6108
9370
2446
5675
4236
3959
9010
7086
8025
517
1120
9964
9445
1765
9650
2605
7128
5920
6073
5206
9981
6674
545
9856
4743
3202
5407
754
4988
9020
268
7449
8390
2714
9476
2626
3026
8487
9712
7403
9004
833
3719
4802
8950
9721
7407
2431
5641
3480
7637
1975
6507
8182
1831
1250
1384
3591
8356
2725
2611
4977
6526
7353
4043
6002
9979
3421
841
6043
825
9846
3228
896
1000
8531
618
4759
962
2611
4592
8599
4586
1099
3133
2770
8701
870
6361
7058
9947
8972
8387
6473
6325
8782
8827
2656
2204
9669
5051
9381
5867
8280
277
6867
6811
895
1626
4125
3507
6218
9076
4445
7317
8561
7215
2371
5783
3576
9429
5730
8900
4168
8555
1577
2950
7383
4233
5154
7052
9285
4535
2919
3917
1165
6138
7080
8412
4116
1205
8271
335
6633
2717
4004
5194
6284
6375
978
9861
2156
3060
5113
2676
1616
6691
5627
5351
7276
7133
8755
2913
8021
1674
3182
9186
4164
262
3950
8280
7819
2222
4967
4452
4939
5324
5999
1223
8051
3329
7436
6560
6389
2550
9236
4357
5593
4863
9708
2869
8349
8463
2135
2722
6489
5317
8260
7005
1932
2210
1638
9751
4432
6605
556
9371
8281
2907
6947
6333
6236
4383
2893
2625
3285
2129
3335
5230
3345
3043
4452
8046
7859
6587
768
700
1904
9028
7706
3836
7590
5696
9940
2023
2301
6848
7746
6935
9755
4693
3268
5991
5429
2513
4968
8714
994
8303
3945
4339
7699
4749
8737
1910
1336
5857
8962
9592
1237
3020
9781
8828
8716
6073
851
7370
2921
4949
4305
9028
9643
3925
5019
5072
6438
6339
138
7432
4643
435
8124
8694
5184
3213
6956
2872
9071
5918
2465
308
8939
8598
9136
7655
4671
6339
5025
3944
1289
9330
2972
7284
9607
7991
2356
6045
682
8846
9830
5325
5634
7954
371
818
1167
7327
43
6590
3246
2508
6899
8537
7458
2387
6192
2129
8727
7570
6073
6368
3252
5397
3652
2860
3388
6008
8905
422
1206
8735
2100
6840
3041
2471
4011
561
6151
4054
7151
9397
6562
402
7934
372
2790
478
2501
7869
8048
4926
4237
1301
323
7889
4161
63
249
9418
485
1455
4506
2585
4648
3899
1409
8659
4460
7560
2713
7964
3309
5627
4718
7595
5999
7508
8073
4852
1729
2474
6130
5966
127
6453
207
4288
2868
456
58
9705
8264
4564
2291
2912
8464
52
1571
9276
7612
4284
3592
921
9911
8311
4868
2262
2171
2941
7114
3901
1767
3244
6219
1894
6049
6427
2534
8917
6883
2593
4974
5147
3509
7265
4411
8325
3669
5982
7602
1281
266
7546
8554
6529
5857
3422
5143
4381
2716
2257
4634
4483
1853
853
6378
7902
7280
5264
3171
516
7857
8146
2015
7719
1763
6427
6044
5433
8761
9998
6714
5380
7545
1621
1909
9754
5043
7053
487
7759
5662
5121
8595
7516
5975
1325
1770
9607
6589
4942
6475
799
3088
4843
8518
4851
1270
4562
6636
6383
913
3351
1763
8458
4972
25
4564
6367
3430
5052
479
9092
6525
9074
2960
8852
399
4731
8460
3340
9673
1287
4139
9113
6130
2657
316
3752
3572
6953
136
4485
304
1899
9295
1628
1924
3859
4347
5354
5263
4826
799
1789
252
3759
641
7003
8490
5453
344
8163
3093
4483
3628
9223
3493
3945
9328
7065
898
9464
1550
7554
7715
7197
5534
5992
1056
9881
1346
2672
1060
8497
813
1312
2257
7806
8316
747
3260
5012
5263
6353
9495
8891
1928
2988
9188
1256
6405
86
7072
7955
7640
4788
5152
3174
780
2561
9408
8478
1585
468
6976
2398
1780
9233
204
6448
6332
9816
1460
7947
2521
7308
3191
4450
6648
2379
5706
3054
8818
2779
1009
6458
3919
2514
5985
4699
1427
5393
9529
9364
5861
6505
1762
3993
2090
8318
442
4775
4487
8254
9074
7008
5562
8617
1458
2211
997
3517
1617
6167
2648
2626
2625
6567
1492
8610
7618
9271
355
7147
8635
6216
5
6749
6562
8447
1420
7004
9574
5907
1610
8649
2915
3525
7266
726
2088
4615
4243
3705
782
3243
2683
9760
6162
4176
4722
3780
9799
5078
7279
4787
1294
3636
1536
7856
2084
9308
1212
1658
5215
9175
6659
8131
2700
3926
5209
4788
4893
9452
8493
5676
9047
1176
1788
5209
1704
6510
8989
7856
1588
2620
2643
9235
6257
4179
3443
4693
9840
1008
2703
5055
183
9363
9538
2883
9641
4747
4023
4534
551
8868
6562
9598
44
8350
4807
8101
4861
148
5957
2801
2769
8600
2036
5378
9131
5480
6423
8971
6488
9126
379
3023
4841
9917
5906
4482
1017
6281
5369
1568
5149
8283
7519
1545
2986
2326
9646
4199
8827
1955
7000
7948
6907
9037
3326
2391
869
6101
1362
7357
5227
1741
380
6421
8011
2638
7255
9028
5271
2624
6948
420
7260
4467
1965
246
6794
7964
4445
1973
6271
1445
9921
3179
6834
3247
5570
7703
5700
3284
1412
927
1378
1792
3700
9389
782
956
4769
6053
9932
1717
2825
7192
2537
4791
3790
9331
9107
4587
7656
5378
2385
7577
4909
9219
7176
6831
6923
2876
116
4687
155
1494
6480
3856
7235
3614
4812
8356
6020
1096
6425
8845
8289
8962
3636
8431
4645
9095
3019
2301
826
5404
9878
2087
975
7054
8919
4250
9930
9035
8938
86
6881
1770
3942
468
1736
5106
8824
7756
6202
5249
6602
843
564
6590
5627
5209
5686
4998
7511
2864
6754
7389
4951
7729
4444
3870
8332
726
9257
7270
812
6138
5392
1106
2958
7128
2564
1782
4885
5119
3384
1487
5962
3948
8077
7941
5509
115
2939
3020
2979
9693
6762
4283
7423
7558
8153
5755
8284
7411
9377
5449
9901
4769
2907
2860
8249
5472
994
3134
591
4378
973
2905
4678
5403
847
6540
1870
138
9560
4850
9832
2674
5485
3607
232
3638
9362
8517
7401
5091
318
7303
6212
3225
163
4461
5049
1157
3948
5640
1888
1273
4898
2918
6676
2097
9458
8547
2235
5371
9749
2067
8045
5234
5674
8278
5224
1388
3147
2626
2831
3465
6281
9043
3042
2796
9857
8092
305
157
84
2193
1430
1334
1464
4459
3431
7274
3006
2019
2645
9107
4086
691
693
6113
5321
5917
3853
8468
4895
6685
8285
1176
2080
7679
324
8289
2123
630
8446
8560
2823
9877
9894
639
4336
3326
7914
3694
5345
559
2801
5783
7602
9846
8248
2923
5763
2102
7743
7011
5139
2380
4539
3571
6412
4864
1861
8535
5494
6659
7095
4669
2888
6990
5309
7224
6668
3223
7270
8365
134
6423
500
7737
6269
8749
7012
8385
7203
1108
5396
2342
3488
6287
2265
6252
1151
478
4788
6645
7138
8235
1315
26
1577
2976
3603
8245
6199
873
2962
2685
3649
3463
422
6270
2212
3787
4655
5767
4895
6403
4461
4735
2691
6726
988
194
7205
5776
6840
4343
4011
4507
4369
5589
7483
4324
186
34
1550
3149
2719
5199
2964
9494
1469
1528
3281
2477
7295
8176
5232
1756
2911
4275
8482
3899
4470
2039
6027
7662
6382
6391
8521
7104
1980
2356
7780
8518
8742
9330
8019
1461
881
983
955
2351
2511
588
1180
9806
8764
2764
1562
8028
7040
6397
8279
7862
8436
4307
1876
1171
698
6749
4627
9030
9105
2407
7548
7847
8090
1920
5660
8971
2903
2968
7674
5415
3556
5206
5221
8673
7971
3136
3053
1363
5885
1332
9225
673
5639
7453
8196
2689
4202
2823
1719
9659
1583
5620
3858
6025
7540
5870
4996
443
5190
2671
2210
5099
7877
3784
3772
2200
3272
3177
3563
9157
4509
9140
9830
6501
6593
8027
9190
7147
7202
7262
3158
5137
2882
3368
1162
6774
5591
2511
3569
781
1534
5780
5880
9411
9564
6004
7964
2836
9181
1527
8345
3691
668
4527
6544
3613
8906
5734
7113
2461
2996
6623
7598
2230
9992
5113
9004
1935
7624
2574
2716
5510
4706
8597
1273
622
4601
9237
3458
3783
765
8155
3826
7785
2682
370
1398
7941
2456
4863
402
5453
1487
4352
4035
7831
9465
3040
9766
3441
1966
2482
5303
3024
7431
6577
3646
2033
5814
3456
2168
6579
1611
5994
4364
645
2716
2115
8586
5172
6978
5340
625
4817
9693
1013
9000
5510
405
8766
5304
2371
7601
607
1747
5032
7184
5393
3417
2999
8849
5585
5930
460
1579
295
7457
647
8762
6044
5820
5740
7736
2797
6910
7429
3810
5910
2940
4215
1029
8244
2938
8630
5203
4685
14
2388
78
3432
5387
8927
9017
1317
5739
6949
7964
3197
7596
6726
5593
3416
8819
3329
6214
5729
7111
6376
7991
51
592
9020
4647
9882
7650
9850
4568
7665
8590
998
1097
3977
9926
6466
1647
2017
3415
5963
1566
7364
2690
3511
780
7861
3193
3346
3590
304
9723
1581
6707
6667
602
7706
6549
4604
3908
1117
8621
2499
2116
6070
6476
8394
2537
4475
6763
2304
439
4682
9668
9481
8193
6801
7342
7738
6499
7284
8042
2574
5217
1101
9241
2171
8807
5791
6776
9068
3260
5397
1567
1728
7820
4395
6474
357
8871
9590
2661
5662
4272
8682
5143
2465
5483
8837
204
8334
6121
4598
909
1338
2052
150
9862
7211
2293
2990
6279
1906
4739
7846
9986
2559
2242
6461
2916
7465
6051
1930
3127
6675
612
4622
9140
2447
3459
5696
781
5932
6647
8042
7270
8699
4545
3484
2262
6838
6474
8542
5096
1214
2740
5083
3773
4982
7896
3042
8799
3947
4972
8278
6974
1936
2900
6114
4383
6359
8163
1516
2291
1162
9559
5914
9861
4104
5750
8475
7294
2225
7017
2391
3439
6110
3826
3564
7444
1722
6606
6244
2021
1578
4522
8995
3514
3775
5109
4249
134
9624
5766
8778
786
1677
1044
6999
2133
6794
5475
9427
5371
8844
8170
8810
4954
1996
2375
2399
3718
8981
4995
5739
6912
9517
4734
426
3292
6196
4676
9779
2172
6794
4909
2959
8471
2305
6310
604
5451
1785
31
823
6982
4554
9633
1936
6550
8360
687
269
3694
5682
2360
606
1552
3447
1032
4844
9643
2060
975
1815
8854
5884
1126
7325
4541
7437
4281
9993
5574
665
816
2556
5219
449
845
1769
5162
7884
8390
8856
3567
7103
9462
5119
550
6846
6315
193
5259
7291
8360
4113
9527
9487
7791
4069
3276
2072
4062
8850
2737
4878
7759
4308
1679
4956
6078
3193
2840
820
2049
6407
4275
7863
7878
4825
1062
4194
1370
6321
7837
6083
434
3716
1922
4577
7785
5198
6650
8199
400
5739
9429
8159
48
7461
3115
2478
654
5956
9650
2704
8715
3926
6919
2946
8751
7981
7140
6474
4302
1329
2557
1089
5045
4479
5666
9183
9677
8668
3734
6429
4408
3164
4589
808
625
4056
3286
7631
6364
2936
335
1432
3214
3607
4378
8318
1588
7870
4792
2243
9199
7349
3332
596
8180
5350
6131
4209
371
9866
638
1131
9382
1579
1939
6359
5636
1577
3990
8352
865
678
9784
4080
4285
514
2398
5873
8384
3542
8116
3935
7243
7800
884
5423
9503
7015
9632
9874
3233
270
7357
2615
1850
9296
8974
3838
7225
9317
2190
8090
9995
8327
8522
4280
8841
920
6505
3578
814
4622
7513
8057
8774
8397
3480
4629
1765
3112
4503
4998
9735
8212
3966
7937
7508
9292
1775
1085
8609
317
9176
4956
4996
7698
9236
190
4971
5742
3768
5785
6716
7633
3843
5490
6031
3675
6472
4148
6788
7327
5498
2875
5540
9464
812
9400
5109
8939
486
70
5608
9662
5027
605
3712
4263
7147
8683
6357
915
821
3073
8548
4664
4916
931
8339
1388
1431
1479
8715
6930
706
607
2746
1518
8
7855
6809
494
7926
2418
6508
9305
9375
220
3568
6522
5256
6278
3789
6077
5703
8689
7093
619
5973
1784
8359
7404
9616
3427
4334
322
4034
3433
8193
394
1288
5002
888
5566
3772
3748
4871
9499
321
4792
2373
5577
1070
6162
8006
6773
1204
1451
3745
7177
9587
8456
933
9203
1883
1620
5878
2270
5053
4071
2664
6341
5425
9905
8260
5550
5
3131
5049
326
4275
7423
2255
1697
9937
261
8471
1141
8064
8568
4670
7652
7024
5604
6855
5260
3576
9085
3882
8629
9508
6546
1322
4934
2803
9582
484
2809
9066
1885
9487
9693
9308
1743
1391
5598
2004
9862
6739
69
4782
7762
4073
8158
9718
7280
3418
3294
6366
7300
8275
5874
199
9597
7160
3002
5532
7644
2163
4598
9530
1651
643
5190
3394
2034
788
1750
8248
3880
8171
3030
7994
2244
1189
7712
9525
959
7358
2243
8260
5633
8117
8459
5230
5278
7813
7114
9274
6329
8064
5156
4332
8708
347
4078
742
7487
5828
8991
7719
352
2021
5713
8948
9562
9777
8473
522
7135
7068
8782
2768
5186
3593
4351
6816
7758
1465
6090
439
5882
1247
4771
4590
7946
8849
5332
1785
1030
4323
9505
1382
2697
1570
330
2259
1348
5156
9133
4835
2224
4267
7604
3762
4212
8307
578
1971
6124
3021
2410
2006
620
3534
6596
4918
8735
8281
6703
9765
2604
2560
7499
1653
4131
4182
265
1831
5690
9398
6666
4266
18
622
4381
4230
8929
4959
6201
1406
4332
4964
3412
4952
4850
6361
9870
3585
4642
2926
9703
3598
5486
3554
1604
5969
7736
1869
4152
9778
7619
819
397
7637
1441
4778
1868
6723
6089
4421
4481
422
5737
4245
1726
587
606
1597
525
1600
875
228
5199
2713
3782
6803
5035
7871
5024
9187
7649
2643
6
8046
6633
7800
9176
4853
875
5266
9274
5356
5688
1364
9601
7414
1951
6560
5363
2476
8160
6238
9056
9711
5304
2839
2866
339
7062
4242
9526
1063
3238
5885
5462
9871
37
4638
4724
912
9904
350
2620
1944
1714
8573
9359
18
1485
1074
2494
5998
3665
1551
5709
8969
742
4928
9308
7804
9170
8834
8867
2408
1071
4329
2279
1108
8968
3355
8372
5224
58
7344
7169
1772
5918
2880
1790
3755
3954
637
9753
7619
2188
1815
2940
9282
6743
2248
3438
5913
7435
2305
4674
8506
2987
3305
5967
8307
6661
4339
3531
6719
1684
700
4843
3954
3580
6634
7709
3887
3623
3815
7858
2163
5630
799
1445
2373
3047
4883
4638
6834
3540
9312
1693
6527
2618
7660
4834
5631
1999
8366
8702
35
5418
9897
3989
8999
2883
8051
2886
6506
1866
7096
8669
7496
7895
6466
9869
7295
1349
859
4129
4890
6524
2174
7769
5494
9834
2604
1125
8186
7322
6179
8221
2740
6076
2211
8091
8960
262
7329
1818
8480
4426
488
5976
2321
6954
2197
5968
4656
3056
98
5898
5932
2272
3667
1426
8459
2623
2551
6645
6297
5082
4866
5390
7511
3429
3481
6471
43
7163
8289
8523
1589
5129
851
262
8436
3048
6231
3092
2457
2681
8990
8389
1305
9009
9816
6116
1633
8719
2761
4282
154
3980
9672
7665
7409
3154
488
7453
317
5129
2328
8258
259
3180
4872
8695
6228
7455
1787
5037
136
7129
9779
7794
2490
9595
3910
475
4666
3024
4758
1172
7004
4430
8837
4413
3936
9325
8218
605
4455
547
8863
1066
79
88
9761
2659
7543
7900
7697
4032
1381
7476
1826
3871
3423
2088
4347
4441
5112
9105
5614
2116
9887
4451
2882
3824
129
1100
4429
4584
7999
9645
2002
8078
9733
1763
738
7276
6015
4787
7660
3748
2263
9486
7619
2038
7927
1966
6479
3039
7423
8445
1508
7311
9249
742
7487
9378
1842
1916
314
6194
7913
2316
4272
7646
431
1362
1275
2798
6149
8935
6546
4764
4774
4165
6802
2701
2484
9634
2092
6259
4431
9952
3570
3680
694
1057
3058
8889
9326
9724
5083
7239
2040
5707
1238
8823
7070
2513
1621
9571
1448
8167
4336
2574
8685
7490
5275
1169
3476
3720
7428
7908
3672
7351
1588
4367
4760
999
3256
438
723
8339
7678
9116
4046
8916
7939
7468
7781
9561
7040
5581
4080
7728
8156
2765
5218
9783
286
5047
3503
4067
2955
7176
7770
895
7895
2530
1894
1151
9321
8970
5842
6999
8086
6240
2267
6025
3709
6400
1938
7101
1981
6019
4829
6489
5136
6399
6273
5423
1446
9776
5842
753
3304
3612
1649
1199
2494
9895
2350
1815
8865
4544
5166
6951
785
3785
2977
4494
185
1267
1595
8519
7286
2776
5008
8775
5527
1281
4198
6974
7410
6392
4079
714
4
5728
8266
8850
5624
6968
666
841
1513
2184
7793
2298
5970
7122
3144
6155
8389
1091
4674
2028
3867
9683
803
9394
7316
1353
2720
4726
7745
6800
1793
7749
8880
6411
6599
856
3379
3617
1698
1244
5802
9491
9894
1772
2965
3038
4279
1354
4129
5306
3382
7996
1341
537
3743
5009
1890
2815
6088
9635
9615
4233
3736
4848
644
6688
5704
375
305
3754
1620
2459
9597
1514
583
2562
905
4863
3917
5034
6521
3651
9383
4214
4189
9478
9223
6079
2293
5311
2067
8261
9544
5803
3109
188
2491
5165
6916
2797
8920
4888
5256
8517
2754
2192
1080
3659
3407
1349
8694
9928
1352
4429
4142
5541
3907
3365
7973
6200
5029
40
4461
4573
5843
3922
1114
8335
9088
8030
7484
4360
9270
9092
2877
2024
1284
309
5684
4691
8010
730
971
9363
5159
5113
4904
9066
4831
2877
1618
9860
9269
2432
785
5113
6354
1899
9800
1794
6281
7284
6154
5551
2728
5384
7576
4013
2045
9612
5056
56
342
6028
9419
1853
1141
4323
7271
2324
3553
8889
2184
2822
1321
9322
4287
4028
1221
4087
5822
7503
7723
8329
3054
452
65
6982
4465
2110
6594
9521
2166
3288
5549
1585
1493
3043
2261
8764
5367
2166
4006
3904
1340
1679
9578
5628
5707
799
6067
7882
4654
3791
2563
4061
4243
2628
1043
5060
1090
3990
933
3257
3630
2835
1194
5124
5878
9807
3888
7597
1973
7894
7853
9666
9574
7431
1646
1633
4583
7713
9515
9237
7856
8430
3298
2099
1058
694
3511
2149
4684
4445
1758
8314
7280
9304
3438
9510
9112
3679
3459
7437
1573
1313
7103
7499
5096
8749
9133
9679
2815
5000
5269
671
9783
4919
9123
841
5613
2634
9342
6649
3431
7452
4964
7063
6757
4754
6573
2221
4785
33
9658
6359
7698
3114
210
9146
1863
5695
5178
1030
696
447
1702
479
5366
825
7672
7332
9811
3367
3981
9595
7171
5297
6658
3928
52
9584
2501
4837
5969
2160
7548
19
5274
4111
9165
3489
9806
695
4520
6854
1142
2574
3685
2861
9751
7710
193
9562
1077
4174
5509
4600
5824
2168
4881
2228
1752
7382
3417
4073
9542
966
4092
1168
1429
9609
1010
1235
305
5530
8090
7799
8104
1775
660
7855
5837
7205
3769
3266
7732
9279
7867
3556
7799
2748
5784
5903
130
9201
9976
6025
6519
420
3545
7948
29
4555
5536
334
6437
9978
8134
893
8105
5146
5100
3943
2352
8870
7209
84
4501
5076
9992
2300
4176
5776
8203
659
1329
4531
3036
4201
4951
6581
8501
1332
1137
4037
1667
3926
4015
6153
4820
2121
7651
9920
6064
3
5142
9625
6439
9643
1054
2783
8295
5230
4911
2850
5889
6241
7381
8925
442
8684
1859
5295
17
9348
9333
8036
3274
9700
541
8094
8173
8192
4367
589
4548
9509
215
987
9153
1269
3771
3800
6499
8682
6651
8741
1275
384
4018
8069
9069
5877
3365
5438
5225
9050
3474
4852
8750
4015
9298
6924
2207
3665
7513
6755
3175
4080
4095
8680
5349
4218
2480
8201
9252
5483
6942
6880
5868
7312
4949
4937
3190
4666
6727
4767
3716
201
5971
8819
568
5270
5743
2775
8935
9608
5883
8462
3689
6330
7142
5390
6900
5975
3591
6152
1458
6885
9384
7326
4198
4334
8615
3740
5352
5342
4859
5421
1895
831
4240
2463
6101
6335
1591
5036
2295
3826
9851
5984
156
6993
1375
7056
9320
1318
9560
779
8204
8945
4457
8754
9631
9425
8846
1335
1119
3705
6756
3015
4536
996
1830
6989
3683
9773
8378
5979
3599
8229
1963
107
1574
9690
7163
895
1009
3076
8026
5565
8373
8835
4319
4356
8260
3165
5691
5732
3222
2448
5099
7759
9796
6929
1100
3480
6703
9478
9459
302
4059
1422
6762
5634
7465
3925
6529
8474
3353
907
391
8078
9742
4710
2434
8003
4227
8126
3735
7449
6926
8834
1560
6722
2115
2661
202
5170
8491
9661
1825
2551
7436
8587
8185
1253
8864
1066
6079
2218
1973
6470
6648
1715
1180
9083
6070
1759
3561
6157
9208
487
1343
769
7209
3459
9782
3764
4981
8273
9777
6806
7176
3565
5393
1713
4818
4258
2779
897
2828
1104
7367
9476
9172
4899
4911
1594
6658
8472
7752
5867
8959
9095
2988
2521
8906
9122
6285
3888
7395
2414
7046
924
5980
2440
2637
798
3050
1769
1696
2230
2873
5415
8058
8397
315
2970
9992
3325
1442
7744
9192
6754
3191
8532
5627
8450
7654
8264
8690
1402
678
5736
8678
6658
4528
1315
7457
3930
9436
5505
6160
2310
920
571
7059
7587
3541
7051
913
1335
1147
6457
4441
691
1342
68
9141
5348
8332
4183
6750
9011
9919
1780
2021
800
3096
5830
4730
2532
1335
7243
1194
8608
7814
4606
6195
7707
1657
3460
5394
9157
9918
9836
9848
1260
6256
5341
6608
941
9524
9711
9952
5795
7843
8325
2947
939
4156
4030
9824
5491
7625
7370
451
1791
1976
2999
9498
9986
6459
1244
5495
2729
1080
1695
341
3689
7036
3302
4630
2912
3013
934
5059
7208
9259
4359
8148
3415
8389
4324
5259
6014
8046
5710
7805
6375
5061
3655
2713
1521
4899
8208
4250
2332
9903
944
6021
3291
4246
651
6203
3611
7937
7614
819
7196
1973
5319
612
362
9643
2223
2728
4042
4285
6885
417
9347
540
3130
868
1792
1338
1470
4124
7593
2414
6497
884
3012
3500
7087
6623
1437
1053
7443
8633
3027
2762
5597
9741
8758
4172
2470
2800
8458
9355
9569
7805
6248
9051
5025
8040
6741
2847
8516
4334
1614
5013
5218
4626
4865
8657
1250
2654
9710
8693
7639
9089
7807
3237
8831
6565
3761
1301
5717
2219
7008
5286
24
3256
4337
1401
7648
1078
4249
6164
1764
5863
7529
6982
489
2394
1991
8091
1400
8054
6784
9040
7143
944
8629
5974
7509
2390
3627
3227
4610
6988
4865
986
6596
5555
2388
4245
6633
2989
409
8398
8852
4291
1732
5693
3037
3724
3785
4438
1778
6921
3478
5273
7865
2107
7600
5375
4497
7579
4954
5459
4567
6171
6446
1164
1726
5186
1761
8360
8175
8522
3110
7027
2813
1194
9072
5851
1270
2857
289
9400
9779
3767
4674
7644
2226
2274
9371
6723
6205
4325
2183
773
497
4981
8289
2223
167
6402
6935
4694
4924
6397
8073
7738
3944
7145
3589
5214
3
230
4615
6134
3997
9289
3778
2575
7915
3150
9298
4120
3827
7833
1245
676
9166
5886
9252
5685
2288
2539
379
7213
8937
8452
4951
2881
1950
4892
8095
8305
5122
9062
4439
5471
8351
4569
8046
2618
4071
3696
3091
7899
7882
4336
4927
7048
6575
4179
2734
8863
6719
9465
2428
2008
7918
7379
4889
6220
8623
9336
4525
97
8399
8964
1920
3102
9885
6318
2073
3957
15
5164
1856
4249
5852
3135
1297
2427
7315
383
7643
4034
9849
71
6042
7767
3803
7283
339
2426
2971
4864
8876
7722
180
796
7177
65
3467
9250
4022
9834
766
2230
4083
6618
1718
5380
5398
9033
5764
3041
9419
5613
3112
5461
9732
6915
9096
71
5694
2067
1287
922
9790
7819
8070
6967
7884
1537
2569
8259
1371
3335
6841
5454
6305
8559
7187
1703
3944
9303
4744
3363
1268
4209
5176
1000
7476
4272
7423
9522
2692
5062
444
8834
2881
8515
2153
765
52
4722
5376
7776
4409
8570
3230
714
3481
6769
2418
7426
6072
3514
789
7340
7723
5966
4692
5200
6590
8467
1074
9282
3529
1519
8116
6410
34
6621
3528
6438
1343
5256
4214
5752
3826
3797
2819
7308
6918
5237
1086
9343
5103
8227
6683
2827
4193
7728
4379
7136
6195
5453
6418
9725
3324
887
2487
3358
7508
6015
6149
5204
1272
6715
7308
1450
6864
127
5110
3783
5364
6196
3126
468
4424
6161
9647
4969
3889
378
2105
6437
2183
4876
6162
5508
2115
8649
5218
5975
1017
1367
1179
2289
4435
8488
91
1299
8615
5202
1434
332
1398
912
7152
2174
7074
3151
7144
7315
3529
5601
3752
5712
6829
6266
1220
8944
4916
2791
4920
5933
4158
2451
4574
8593
7291
4665
6245
2259
9867
7679
2591
7618
8592
6095
9792
2018
9246
3288
9333
9127
8890
9438
1191
5719
5704
8764
1016
6972
1555
5936
9257
5713
4739
3831
659
2031
4849
3256
4290
1068
7287
3233
8686
5879
9328
4831
4249
4926
8119
9935
405
3361
9373
1596
5433
1429
360
6449
8402
1915
8737
7659
3981
3476
7843
992
5507
2692
4248
6149
112
7887
9382
8799
119
5062
9982
4368
6340
4453
4303
6745
7815
28
4694
9600
1458
5054
6049
6212
3322
4786
3871
3655
8262
1714
4647
122
758
5247
6271
871
9486
5654
6022
9605
7068
2356
3974
3409
6809
4629
154
976
1010
4848
576
2468
6255
6625
5032
9577
7763
8903
9584
2378
6970
583
2500
4080
2182
5123
1303
1668
7129
7325
1274
4198
9681
5248
7607
2843
6229
4113
3819
7239
5314
4396
6059
1569
7373
1091
7498
5137
6347
3434
7515
9669
4017
6367
3749
6199
1490
5053
4219
4972
8730
5493
9170
8412
7093
3129
1255
3323
7242
1426
562
8908
2174
2974
477
9548
4065
4327
1037
412
7761
8552
81
8130
1271
183
4329
9113
5236
8549
4085
3966
394
3255
8730
7488
6384
6337
7163
9979
4116
7725
8887
6290
7051
5717
5838
1117
44
6875
7881
4158
1779
4315
2288
9402
850
2970
8516
2438
7871
2601
2756
8265
2209
1487
5753
4945
4176
2916
1276
8292
6994
164
935
397
2233
6773
1514
8629
1
5748
2787
8132
6415
1428
7535
7265
4398
2403
6055
2269
1356
8811
6886
3565
298
2640
4863
827
1908
6139
5471
5254
2655
6406
5652
4888
9532
3518
9870
9533
5618
9009
4017
8385
437
1552
2002
1187
3955
8057
9808
5312
6869
6695
5229
7167
5687
92
4346
3947
2584
9818
9202
5239
6224
1206
6480
5756
4724
6350
1641
6695
1711
5659
5080
2149
3563
7083
9688
3871
5140
9497
5535
2009
2544
764
5529
8231
7209
9875
8530
9793
6045
7732
1384
8622
5290
4216
730
15
566
2372
6710
8630
4383
1790
779
7946
8873
6819
1817
366
2668
7352
2375
5212
4469
7904
9795
1678
4132
8326
7823
177
2410
5559
8799
7701
9776
5882
4068
342
8254
778
8972
2637
8920
6103
6935
4146
9275
8753
4512
1943
2457
3239
7156
3278
7496
6951
1308
1628
1629
9131
8157
4040
4691
3309
8093
4467
9191
2161
1161
3797
9291
6486
2786
8211
8941
9721
8709
8216
4826
9573
160
3636
2813
3668
6914
309
6971
8223
8289
8601
7354
6446
8993
8397
6107
7086
9216
5298
5599
378
5447
4890
3216
8233
9453
2157
7955
4515
374
9133
4088
6886
2769
3253
554
9684
9914
7525
7907
8203
2478
1613
1002
7823
11
3461
4909
5579
8760
6860
5957
4207
1750
9173
8793
7556
7683
6748
2071
4409
5881
2511
1295
5003
5765
8201
4687
5679
2078
8946
235
4557
559
7589
2380
6922
1050
3642
2502
6162
502
4811
6722
8605
337
5515
6161
8020
8615
4584
2429
848
7095
76
5851
9212
8277
538
1244
355
9484
1479
1264
6396
5420
3645
3318
6470
3639
2172
2633
4141
3336
9355
9098
3673
1222
1611
1693
9837
6195
474
685
9643
550
6537
5207
5179
7075
6451
5534
2912
4282
6799
9308
9702
6796
8978
6173
435
7503
5158
928
839
4513
27
4512
5735
7990
2557
1924
538
9383
2609
181
6285
9146
1740
1464
2574
8192
3350
1838
2474
6501
7498
2177
3297
6476
4702
84
331
9860
1013
7522
725
7392
2034
2812
5382
943
4736
2272
6678
7345
2453
2963
2844
546
4427
1770
8738
7778
3608
7564
631
1106
6093
3929
3934
795
365
618
655
1378
8140
7732
5122
6527
544
6857
7470
5280
9129
501
8978
7935
3464
1822
8481
7892
9944
3571
2022
3552
1135
2653
1010
7229
2934
4944
8024
3300
5562
5032
1030
3703
2764
2505
230
9661
5714
4052
4941
4843
4553
271
9130
4370
2093
3963
2262
2037
7534
636
1941
5022
9641
2951
2251
8928
4248
6627
8580
9810
8011
5962
9865
7128
8467
6447
6789
4181
6852
8082
5377
7757
8354
4507
2127
6799
4823
741
5189
2357
7729
7130
7379
7371
82
5982
2651
682
2610
1231
6844
621
7193
6710
7749
2013
9509
890
6194
6361
8973
1571
471
7327
2431
2598
4126
3606
3340
9315
5963
1069
6446
9695
4792
2880
2029
7443
9914
4639
5026
6758
1613
8572
9820
5714
585
9330
6605
6779
2043
5578
4703
2514
2905
3486
1465
3383
7092
4805
2699
9407
2226
5497
5454
3371
4729
7484
7166
4643
8475
2193
7753
88
765
7574
5803
7702
6904
2408
833
5299
4338
1888
7814
3595
5374
5631
6978
8818
436
6029
4578
9014
7878
32
2385
2607
3868
9552
3602
2344
8097
1356
2432
5214
8930
4587
2916
2186
3347
3749
7485
7685
5638
1651
7632
7364
7282
4611
2535
4070
6992
3465
9437
4871
3497
1822
3830
3718
7726
7433
6062
5823
5141
4846
1037
423
9434
305
8961
2781
4055
6446
6819
6045
4450
4451
9761
8084
5414
2296
8507
2407
5761
7944
7278
5611
6118
1108
5681
3845
4893
1743
9668
34
6589
7058
6809
2375
7363
5770
1509
7770
8569
8328
3815
9371
9131
3577
7455
4546
2225
2314
3305
4339
258
583
6302
6377
8043
1983
6574
2937
78
2594
9323
6667
9652
2485
5395
3368
8255
6904
1138
6824
1584
1306
6195
715
4883
3
1613
3460
2317
4918
7799
8928
1853
453
1657
6249
2436
8231
5538
2514
825
4861
5534
6830
7346
929
198
1954
7833
7688
5130
5769
8994
1326
2836
229
7681
802
3690
9998
2072
7841
8926
3926
8295
583
175
7083
5166
2065
9598
2344
6926
5132
9174
625
2413
5724
8931
6598
3412
4061
2367
8759
5387
5203
8988
9420
2357
9030
9419
4430
3224
4697
8356
1519
1633
4883
4954
6799
6948
4552
9143
226
6036
4669
7203
8449
393
6134
1399
158
196
118
8917
1935
1674
4257
1356
4031
9640
7127
8461
2864
8176
3169
735
9809
4404
5689
2961
7704
6594
8456
7931
2630
3126
1486
7432
9871
7621
5183
29
4169
5302
5298
2456
6976
5908
164
1007
5548
7291
9469
4764
5468
2638
5499
1629
7043
1188
942
1099
4134
9399
9030
6765
8877
6869
549
8748
842
5732
5130
1363
1034
6780
3819
8010
2688
3984
5370
4588
7627
4839
9352
9447
3829
1203
1077
7224
8744
8371
8324
2878
7770
3706
9643
6647
575
6544
1748
7769
2277
6878
9132
9663
10
2952
4026
9051
3288
9396
3639
7267
587
9344
6715
4416
547
4144
1641
9291
2515
9965
8522
6638
23
8165
3285
599
1062
1385
8368
9691
4615
3853
9354
4626
6805
9732
3677
6445
9128
3668
3712
9715
9364
427
4132
9912
923
2125
5555
9791
8442
4077
6429
8465
8595
9714
5416
6009
1100
137
5700
2067
3990
1406
6693
7147
1139
6722
3592
267
6743
7304
6335
6107
4084
6819
2371
1359
8944
7927
1150
3738
8356
7579
2203
3303
3646
3972
9312
1098
4109
1364
3165
4451
2771
9859
1598
3910
2933
5190
529
9676
8846
6864
5784
9282
3683
8155
642
8979
2434
8144
9069
7143
5724
1273
6798
9370
1597
6111
6820
2058
7475
9985
6509
246
6196
8107
508
9130
9649
1038
5158
4847
7902
942
4130
7938
5450
1124
3269
4236
9268
2339
1379
1344
9964
4530
7066
1561
641
3886
3619
4468
3872
6480
1067
68
4587
7927
5550
4236
8965
709
9083
3220
8003
9565
7510
3453
7041
779
7690
6310
9470
5421
7654
9434
6303
4721
7347
6944
4959
7318
7765
8831
3798
5184
5252
8385
3111
802
8973
8429
7863
4409
1649
5867
326
9159
5672
7368
6290
9714
3678
5761
1488
7684
1547
7791
8757
8895
1088
3717
6213
5205
8900
6364
389
504
4749
9852
7659
75
8281
5522
836
6282
7741
1162
1793
3414
8530
8084
9480
8560
197
968
2597
1744
8760
7706
6991
9848
7775
9557
5053
6676
5921
1794
3532
7022
1646
1191
3449
6280
6714
4285
2562
807
5448
4356
4221
330
2440
3702
8891
8989
1022
7840
7085
9782
5546
4077
5982
3322
9986
7387
6350
5907
9181
9882
9281
7180
7426
2731
3460
4140
7016
6022
1299
8816
378
1873
9147
9170
1927
4390
8159
2949
8582
1597
2732
4128
5674
5066
3802
5660
2454
6504
7919
7987
2739
7200
5167
165
9931
8627
657
3300
4650
1956
2116
1380
3829
7615
6903
5756
8357
1414
5058
6939
3011
4142
7420
5037
9208
1222
697
8014
4079
4968
6002
6818
8521
1169
3335
4804
6149
3992
8104
7151
2300
6573
8531
2482
540
5434
4590
8898
6849
9648
2189
6212
3790
9609
1250
9351
7184
8299
7365
1263
3268
3367
4433
1789
889
4120
6593
3390
4464
1050
541
6764
7623
5424
5598
4515
7211
189
3413
412
6189
1955
6624
9980
7916
7874
9331
5100
6174
3048
2715
5794
2768
3500
7583
9
7620
528
3399
2084
1578
292
5201
5553
5716
799
69
9279
7340
9834
9691
3530
1789
6316
9862
6058
542
5545
1158
6716
8593
226
2510
7713
78
6445
7722
7699
6974
7473
6135
4904
7765
7688
458
9834
8488
6879
9113
2180
6713
5157
2062
4855
7825
1924
913
8367
7469
8423
1436
2415
5001
298
128
5080
6744
4203
2779
70
1676
5266
4974
9442
2955
1784
5628
7795
5015
4741
9975
8081
6250
2038
9288
4075
314
201
8795
4136
4976
231
2903
9978
529
3031
1410
3625
7234
541
47
5263
5807
1374
4705
8762
3158
333
2909
4526
1426
9237
2607
7677
1275
1895
8104
7941
8448
6899
2077
3424
3482
4980
9754
364
4364
1164
341
7950
1705
389
3213
3865
1763
4270
8979
1273
955
1889
5799
2382
1126
4758
6411
8753
6653
867
6694
5101
4119
5124
4878
7601
6456
984
4317
820
8501
4659
5123
6558
5048
8336
423
3163
8959
9403
4436
9914
7644
6588
8648
8770
1346
1411
3875
8000
2279
6921
9453
6398
2045
683
351
8502
8020
1021
5674
6521
5680
797
3079
7080
5486
3503
243
4445
9258
1031
4359
6902
3971
3008
5672
5318
4419
9547
9670
3050
6468
5475
5800
4866
6159
6152
9720
4179
7173
1746
7052
9205
2544
131
2637
4382
9986
9232
8827
9244
263
9538
6146
587
8898
8170
5905
9670
4069
1927
2720
6890
7402
8521
1756
9913
1025
7828
444
4550
9574
7496
107
2118
3980
2744
6500
3966
1976
1679
3211
8591
1218
5709
9178
6468
3880
1435
6138
7949
3362
5211
4839
7117
3732
2947
7030
1109
775
3827
2011
350
7675
2118
8820
1655
4862
1673
1974
3190
3352
1537
1781
922
7246
960
3743
1126
2395
9881
5428
5758
5092
267
9227
5176
3215
6257
2637
342
6436
4648
692
4112
6766
9513
2119
1628
7538
4093
4818
890
5630
2952
8165
2877
3912
1908
355
2659
8141
5783
4769
3234
2403
3996
4762
1970
6606
7400
2312
3042
2048
9357
3506
8815
5222
5626
6795
2760
9719
7966
2
1702
918
8167
4579
1182
6427
1286
193
4569
7070
4963
4155
9473
5311
5269
7795
1917
2669
107
1312
4718
5816
4818
9885
1038
444
3032
3798
6516
998
3801
8218
8268
8320
9149
5802
1100
435
2348
2021
3857
3663
6176
9682
8974
1445
7477
7244
467
3937
8556
5185
9753
9726
1422
792
171
4454
4590
3039
1805
4743
1257
6425
3064
6758
8580
516
7193
928
2537
1051
4591
5065
733
9917
2862
8211
7161
3329
2148
2069
4866
8253
1796
6288
9045
8319
7095
9988
1358
5252
4731
8967
1677
4147
5725
6609
4663
2918
7537
7200
321
8480
8617
1055
4750
1480
5618
1911
4809
4118
333
6028
2371
2129
2316
7769
6800
5763
7757
8158
1015
8840
3477
9045
9340
9202
5654
4003
8472
9544
7556
5146
4376
6173
2553
9126
4005
8171
7390
8815
8641
7723
4843
7364
6204
3511
5133
3004
5627
9242
7514
6642
8083
7343
2039
7423
2897
4046
7778
1369
3590
1686
2867
4318
4212
5420
3445
8217
9943
7187
3384
8584
4910
4579
5949
7466
8091
7434
6822
70
6677
4336
3064
1112
1679
5104
4887
928
9150
9017
8649
9092
704
1517
9762
1268
6937
3207
9485
6881
6746
2870
1817
8008
7449
4118
5474
1892
7905
2296
1962
4582
2984
5027
2046
1015
131
3285
1943
5633
2302
593
1077
3006
2110
839
4274
5399
399
112
8632
7145
9334
450
5154
6783
920
6980
5028
8825
5629
6990
9759
8613
8369
1805
5981
4852
5090
7924
485
3745
4869
7914
3103
3331
8754
3730
8731
9153
3842
3715
2650
3176
4165
4156
6311
1438
1137
1339
263
3118
8330
23
1731
6699
8180
4064
1552
9623
1989
8389
3368
3210
6304
6471
6542
1410
6553
1625
6915
395
5340
9565
3571
5858
74
6235
3648
1211
7574
3911
4329
2256
286
2412
5308
4819
6477
3212
794
4818
1601
514
4380
4257
3337
7274
5667
9891
8899
2582
286
592
8500
210
2802
8574
6445
6450
6137
4019
6713
6818
2628
3352
9230
7936
8171
2059
1148
5317
3229
2749
5831
7610
3359
9168
4884
9026
5411
136
7961
2050
7080
6461
2260
6234
1387
5057
9036
7524
5428
5749
4342
8056
9101
9924
5992
3624
8336
7140
5293
7917
6242
7476
5527
9601
6645
6764
4979
8408
3252
9292
458
6684
2105
2718
2918
3492
4127
1954
7368
9556
4055
1710
7612
9509
7987
9957
9485
2675
3449
4779
592
9691
2255
2472
5644
5252
9236
6976
3661
8840
2620
471
5524
4726
3190
4794
8218
3669
6748
5587
3225
803
3649
7190
6664
7988
7147
6150
7015
596
929
7608
6640
9536
80
8636
4789
5668
1964
4802
4508
4585
5273
6384
9311
4815
1178
3881
8485
4278
5820
1710
1433
5822
5252
8098
162
2399
4248
7178
9348
1529
4786
2340
1065
1218
976
2206
6886
9293
3360
7746
3878
8634
4130
9541
9801
5308
3422
8286
5938
5595
6349
7371
1417
1601
5469
1579
353
6069
8757
9701
3950
9895
8393
1368
1113
9369
3574
7999
8662
6935
5745
8892
1921
6227
8433
1722
7887
8208
6361
3825
3803
2710
1197
5220
663
3018
3151
1016
5440
8261
7069
9390
8156
5462
758
9270
1184
685
3621
6198
3972
5719
1443
5893
1946
9876
3967
9834
8084
328
3659
8239
3038
1208
9811
54
579
2963
7422
6019
1224
4492
1761
5732
6306
8872
5002
3842
9557
4976
6393
3529
695
7836
5774
2641
4064
9741
2475
8501
70
2487
6740
9460
3695
6552
9514
4274
9515
6937
6645
7091
7781
8407
2823
439
7279
4178
634
3188
9154
7027
6717
9849
1215
8843
8842
5279
8584
