1318
3780
5006
157
6873
4467
3852
3425
333
4479
9292
7270
1124
6383
1403
5883
5558
1843
9514
9736
2477
2702
5242
5856
9419
5091
7071
4614
286
2350
3199
7956
2483
4557
8113
9356
9024
8317
9133
9358
2796
8425
2980
273
1160
4384
2508
6718
6227
2023
2807
5056
4725
8049
912
497
9493
7983
5111
6131
6685
4662
4087
9168
9220
2200
4876
4596
517
4009
3954
9666
2434
3287
6291
9946
7671
8799
3017
250
7174
2176
5306
1900
6577
2570
2397
6070
6905
3860
8553
3590
8523
2640
9111
4095
4840
3987
8691
1710
4349
8998
7728
3135
2285
4019
3082
9956
9170
6099
6558
6345
8275
8216
4597
4852
786
3346
7275
7691
7206
5828
7633
2081
8469
6744
6176
9661
7084
4868
7723
1433
3866
5451
4568
2503
9470
4002
8811
4993
101
5369
1338
4728
3585
5935
5933
4371
9281
3208
8414
2839
5388
6047
4921
209
9144
7449
6223
6228
2317
3946
4013
2535
9398
4933
5038
5220
8936
3849
213
9037
5570
7903
118
9155
190
6051
9878
9471
5611
4644
8663
999
7044
3584
7561
6188
7385
136
8768
9703
4082
2781
8590
9832
7714
9981
1405
6650
182
1618
2040
5753
5874
2158
1260
6064
4561
7491
1888
172
2135
551
7523
9179
487
1436
1719
7872
1572
487
3927
5655
9620
2518
1839
7335
8851
3244
337
9033
1215
8729
1138
7089
887
2399
3153
1800
9890
1393
1972
8377
1944
5848
3909
2431
7284
5628
6656
8857
6116
583
4512
5736
9453
2703
9423
8304
5948
6113
3690
7163
4842
4828
4252
2082
3579
3757
3882
9821
5151
2207
8199
3447
8055
8460
2231
5339
4088
8887
4196
204
9470
5060
2293
5276
7764
8068
9932
3712
4181
3622
7227
9024
4803
7831
7458
8382
7940
1340
4556
3091
3547
9107
2891
1602
7567
5122
6942
1655
4009
7490
8212
9831
2551
505
1459
315
8573
1392
379
2755
5014
7606
8131
9817
1789
5589
4552
9729
3281
9108
9173
6829
4567
2064
4783
2134
7186
8077
3789
7547
5568
8353
3730
8119
8858
5190
4786
3784
2934
5165
2891
7948
9123
1022
4118
912
2963
5022
6993
6244
482
6166
9425
5049
8230
4209
7183
1768
2286
7324
5667
7854
2030
9398
2325
888
940
7111
1024
3874
2276
3915
8174
7751
1289
2292
8663
604
3666
5657
3201
4148
8175
2626
9197
6406
3187
2732
4526
1826
6409
194
6032
8439
5944
8358
5679
3236
5469
3056
7110
4098
3323
1636
1849
4613
281
6865
1569
3947
8874
4770
8096
7049
7397
3645
9807
6936
2730
686
8762
5491
880
4795
282
3176
3153
2313
6412
4974
5369
9874
9072
8693
7862
7274
9658
8143
4139
1227
2091
9365
5998
6539
6414
9747
6536
2574
6683
9266
3260
5446
1109
492
6593
1391
20
6098
3705
2784
1072
5426
9010
6497
4119
6872
3771
129
5016
4262
1357
7107
3627
3707
9998
6393
3454
6534
8967
6489
2153
8579
1935
3262
5423
4880
4654
5443
978
4711
4579
8403
6489
3589
4900
6961
462
8671
7090
5478
2933
8447
8937
2912
2154
8935
9305
1960
5469
4625
8450
7622
9556
6737
7237
4980
1618
8243
6775
8948
9306
1355
7351
5795
4944
2251
2756
1758
7274
9847
7236
6559
4646
2525
9471
3153
1460
8777
5113
3282
9754
3563
7256
9310
301
845
4290
8271
9088
7418
7219
8394
8773
923
542
69
3174
3298
8180
6801
9497
5416
3360
4144
4294
2832
7297
2106
7961
8762
1740
7715
2326
5349
3377
8979
6194
7668
7250
5283
1438
821
29
211
1744
571
6632
1271
3870
4812
8072
9719
6581
7784
3863
875
6968
7512
9333
4929
6275
1074
8996
4953
6423
2374
284
2617
6394
7534
4252
7832
4707
4282
4395
6452
4853
7379
4075
5075
2192
2147
4795
5125
9931
5010
2352
3252
2523
1685
8181
5150
9111
3530
6455
5534
2256
6739
4504
5002
625
8756
9186
5332
9390
3581
8136
4244
7312
2211
5671
5856
710
466
981
6994
1829
3333
246
704
1371
4779
2206
482
4661
8661
2369
6917
5400
6873
8271
2377
1981
7457
7709
1372
7390
2198
1968
4703
4409
7639
559
1472
4458
1541
8466
6287
1226
8712
3343
8949
9843
5549
5784
4505
4210
8153
7774
5962
1378
6046
8339
3359
3503
2400
1083
894
4598
3051
5597
5360
7043
2508
6832
1501
4049
1650
4140
1628
6714
7483
577
6557
9384
2713
1062
9946
866
5189
5908
8596
1235
599
8308
4738
9351
9391
1984
302
2443
3933
2014
5838
6442
5198
7339
491
6848
7831
8471
9914
1666
5401
6471
1050
8114
3886
996
5333
9075
3256
281
310
207
8589
1400
5910
7981
3385
2564
6776
3670
4578
2614
112
6128
6305
6956
2976
4136
5427
2890
5802
7180
5714
3204
5295
5952
4200
6980
5027
3808
7261
1689
367
5851
9441
6277
184
9178
8842
3312
2849
9772
5926
2961
5901
8583
9917
5229
2719
1697
8120
4873
8877
186
4429
524
6138
4981
3856
7517
8789
1118
9206
9156
3321
8647
1785
3505
7826
6979
6817
7027
6752
9095
9988
2653
4030
6258
7882
3101
7955
2354
7974
3184
8892
8755
61
5030
3736
3917
2547
8877
1387
8105
8033
4708
3105
6170
4565
7283
3150
7734
4310
9902
3181
4298
8907
7211
6908
3141
312
1215
1848
4638
4400
740
3393
813
2123
7129
4730
1022
6006
2470
5480
391
7178
8585
6562
8096
5868
6064
5830
178
2318
5364
828
7577
2575
7737
718
2888
8952
8918
3878
9704
6011
7272
517
4486
753
1600
5508
3112
422
7340
3503
7600
5925
6417
2048
1793
8833
4231
8323
1151
9595
9152
8728
2170
6889
5799
1410
2193
1069
5289
1898
7080
8913
8767
7918
9666
6719
9779
2778
7141
7119
2634
1094
3045
5403
3142
1190
4237
7373
9514
1740
3320
8666
6821
5491
1907
2620
3253
4100
41
4894
2350
3474
3807
1118
1392
9826
4189
1171
8956
1331
8291
7942
2425
1336
3346
1919
8878
7583
5645
8392
9323
8965
3410
6144
808
5317
5116
4062
5770
5158
5308
8120
8632
9116
9238
6376
5294
3428
7548
4250
1111
5839
2193
3536
3527
1891
1807
2405
5826
7452
7150
5149
6418
560
7646
7226
2230
9114
7640
8000
624
2949
6120
5608
8417
1711
1985
3711
1491
9533
4313
2602
1724
2858
2490
1603
1101
4297
4008
6927
1750
7510
8429
4520
8071
6075
8098
6653
1541
5739
4653
2166
8688
773
7774
3457
8836
6111
3520
327
5644
4185
2929
3720
7044
5419
5323
4497
6069
5684
1425
4171
3194
9854
8691
7617
2281
3141
4270
3822
8880
8923
2340
3920
6049
6467
7377
4885
2578
897
5213
4575
5083
4494
8295
8479
6266
9971
2976
8687
5655
753
2858
8849
607
7901
2819
2888
1042
7089
3063
6275
2365
5403
195
4766
8222
7573
6003
801
4822
1216
1728
6257
2063
6375
1088
8329
6346
4065
7016
2001
4818
6226
7203
1778
479
22
1018
1521
3463
4081
7796
5828
5837
4344
6946
4059
1917
2950
1212
3091
518
2940
9349
2581
9316
437
7262
2014
854
630
4016
2025
3208
1219
155
3687
7593
1173
5209
1056
1607
9357
6885
7444
3701
183
7855
1970
3133
9068
5062
3652
8360
763
6233
4028
7552
9848
6043
4759
478
6411
6784
3687
7630
6939
3726
1575
4464
8935
2631
6071
4645
5868
3515
8346
6052
7723
6669
9185
6791
8083
2837
1503
8846
5423
5532
2750
5271
7927
7509
2101
4338
645
2140
8320
3936
5867
9895
8401
1154
2526
824
5799
8395
692
498
4447
8415
7167
9984
1558
5250
2822
3061
448
4597
4945
3198
9868
2872
7060
8321
3562
4057
462
1882
7994
6329
1777
2747
7483
4304
3571
9635
9051
4263
133
9850
9030
7300
9834
588
8902
9008
2
9350
3605
4947
8900
9825
4172
5960
8147
7734
18
4961
9617
4364
7642
7746
3463
5125
2050
7034
4760
7453
7650
1245
7303
3032
8545
3490
3621
7447
8850
3623
3149
2456
4922
2050
8633
5446
4362
3132
3181
4380
8093
9150
5096
5735
6896
8559
7213
5299
1946
8325
2752
5948
9571
6408
8980
4468
6250
2601
8268
5100
2576
1417
3908
3851
3467
2542
9297
7830
2026
2478
8562
120
7980
11
2207
4877
8570
9420
6528
6868
4098
5632
2816
3669
8392
1797
8137
4642
750
6405
9743
9679
4175
3651
3530
7642
2545
2827
1824
4572
1658
6739
1044
9638
3102
3251
867
1672
9024
7395
4893
3122
9380
7709
3143
7772
5858
1280
2415
2961
4038
8510
2640
8213
8513
6170
2207
1059
8997
384
1983
655
3475
3027
6646
6577
6278
7513
4601
1654
1261
9494
4776
641
3556
7919
4765
9414
5552
3532
2375
5942
8394
1367
507
6908
7537
2714
4319
6535
9450
6302
3542
2925
9329
188
9502
1959
4054
456
9966
1667
9950
4742
8660
9858
9014
3425
9273
918
3310
8000
6860
1704
9368
7367
8612
3257
6433
2931
6144
5884
5585
9687
5161
1266
6227
1016
3226
6633
1472
3192
8300
7774
4286
6960
7633
9652
6738
3258
570
48
7610
3782
1752
3330
7501
6717
6588
287
6000
2732
2523
1586
8771
7684
2852
4999
5052
2430
7984
6524
1974
6285
651
2613
9597
8284
2265
6335
7894
9188
2735
5504
9322
4488
8835
6824
7557
5423
3463
3557
4507
5986
5143
3279
22
4348
4630
5075
6778
2614
7951
5105
8899
8602
7718
8497
3238
9983
1184
1132
5523
3920
2989
4846
4760
1824
8022
2317
3599
1485
5874
8106
7471
7370
1385
3845
1718
6015
8920
8496
8630
6872
3601
3881
1826
7671
8730
1417
7655
9915
8901
9530
187
1890
4376
4947
66
2398
7264
3665
235
3138
8124
4058
508
5861
7904
8578
8229
6824
3427
6859
48
3380
7092
8227
1052
5823
9644
5059
2090
4897
4589
2277
6788
5318
7224
6854
4068
840
6872
4304
3978
4996
8362
839
857
2618
9417
9086
5795
2844
2297
5843
2577
5742
422
3629
7917
6418
8688
7
1316
3277
8636
4456
8595
2212
1310
2664
3052
4534
3320
7030
9530
8034
4221
6740
653
9991
2178
6448
9187
828
8643
1764
6570
5418
5393
839
1836
433
846
9504
63
5834
3960
5010
8046
1623
4026
1098
6157
7346
4480
2040
1733
5054
8780
2386
5045
7310
5186
4232
8138
3829
2349
1060
9247
4094
1899
7436
4528
9097
6940
4591
4931
7253
5953
2977
8876
9980
427
5033
3678
4908
7073
5411
6314
2205
4149
1359
9516
9335
1943
7654
9517
4292
8715
8764
8387
6966
2552
2915
6064
5845
3858
995
3098
6163
325
8326
6143
752
3359
6174
2012
6785
7937
8326
5342
8439
6037
4858
7774
7981
8865
7291
2273
3932
2408
660
898
1312
9927
6962
7157
137
4310
6607
6301
4635
4933
8796
1739
4645
1322
104
1430
5612
4782
3124
4051
820
7983
1825
8801
3200
5469
7426
3484
4229
4439
734
1893
718
7697
5403
856
8359
2010
3509
2994
6944
8657
1085
1589
9980
1189
9371
5592
5972
2495
9643
3144
6830
7820
1945
30
9641
5723
9866
222
162
601
2116
881
4650
7519
8089
3009
5881
1598
2355
2825
255
3440
766
6587
982
137
2179
3306
2633
8174
6450
5815
5995
8395
2198
1988
470
2064
8563
633
2665
679
7866
3667
4550
2307
6676
431
3905
5383
9609
512
5176
375
3452
6158
6865
5631
9464
5850
158
5914
1665
2505
661
3863
4493
1131
5928
3056
8116
4945
87
5982
8613
989
8289
1641
7773
8546
7025
7382
5411
2201
4109
8863
4711
974
846
4175
6824
1004
6441
4842
3509
7102
8705
4355
4585
985
7411
2702
5931
3851
5036
896
4840
9678
8889
8965
4576
5914
2699
6339
4467
6809
5202
9178
4135
6049
3353
7312
3405
6146
2154
6915
9600
859
7622
4186
8197
1385
3240
480
5236
4628
1376
6429
4306
6617
5394
5235
2532
8094
1574
3351
1255
3129
2530
5390
5530
2235
2702
8935
8382
1208
2202
7982
8420
9824
8520
6617
1210
1760
7097
2798
6389
4825
9227
7047
1442
974
8634
326
9068
209
3678
6675
3338
6208
2065
8868
4795
1120
4155
3177
8680
6358
7512
7100
2534
6032
3717
96
7793
7166
2895
534
1991
2122
3933
9786
9448
2568
112
8516
9129
3790
1543
2467
6350
3609
7687
1146
1081
8194
675
9761
904
8187
3214
3439
4220
6931
9887
8365
4098
2782
8899
2441
1257
2832
2227
705
1752
2340
5574
881
2482
7117
9700
8833
7078
3739
6331
4511
1934
7006
625
9190
5194
3839
8981
5766
770
8869
4131
1220
1651
9382
3662
9260
8566
2241
6318
319
4581
8244
7552
7064
5361
7253
2249
8792
992
8580
3303
9278
1938
280
8469
7132
4119
7450
9250
1242
2671
3381
2462
675
9115
2476
9935
7682
4718
2605
4353
5651
849
1905
9067
6211
5510
7668
1355
2855
2600
1010
2133
4539
1291
6954
1671
5410
757
7274
3004
3428
655
1819
4103
6123
4295
391
157
5365
2996
4510
7369
3846
2767
2788
6409
8278
457
7764
7485
3057
5126
9618
7596
6417
2925
5620
8180
3682
2894
1184
3462
9901
3003
3918
6024
3651
4309
6181
5368
3657
7043
2737
3855
6163
1878
264
793
2335
4380
8278
1744
9507
4248
5693
5924
7173
1313
456
7207
559
1641
670
460
4644
4588
2837
4647
5249
5370
16
8906
8766
9105
2762
4929
983
3026
2074
3318
3759
352
1415
3266
4600
7108
5542
8126
4773
5999
5333
5332
3992
6003
2144
4988
591
1333
9636
5840
3056
9652
1099
1822
8757
3861
3103
9741
3239
5177
9411
6998
1881
7178
6616
2833
4286
8511
959
9059
862
6293
4391
4854
2296
2888
9842
9240
4221
5830
1432
7277
5482
2531
5451
592
2744
8554
6685
2336
83
2448
5686
1964
9627
8655
4798
3913
7166
2109
9325
8028
8402
68
2882
7051
2956
9076
6291
7178
4907
4075
807
6741
2959
6259
3685
2055
1165
6722
4391
1249
9171
78
9565
5150
5085
715
5415
2251
2825
4740
279
7579
4809
9513
4630
4117
4941
7273
1295
6200
7701
8455
2942
660
4714
2979
2715
2231
9702
3459
9832
5225
9889
9398
375
4974
6465
5790
7225
5642
6883
3856
3222
1692
9721
4204
5809
1014
7830
3457
7215
5531
8264
6509
6191
9330
9488
5258
1561
5542
5069
1394
767
1310
7144
1142
6284
9961
3285
9861
5604
168
69
5178
8212
6142
9382
373
7157
7212
3830
724
9095
2094
7233
5286
1424
3073
6897
9338
4968
8318
732
5735
9629
4228
3230
2265
4189
6515
2127
9793
3035
8548
1323
1247
4691
706
1620
8200
4270
1803
5276
3366
249
2509
5004
8026
1934
8253
7364
6902
6572
4448
8990
2553
8676
2220
4818
2865
5087
3297
9011
8122
1846
334
5721
2889
7392
3693
7441
1663
5496
2717
1381
5746
1578
6385
3772
9864
991
7488
3119
7563
1936
2109
6468
612
681
1286
9829
2120
936
8840
6594
9134
5527
2315
2023
2919
6008
5816
934
7857
4885
2315
9955
2815
5053
79
2679
6044
7567
2150
9959
5855
611
6427
2819
1292
4065
2648
9764
5001
7841
6358
4135
3368
5025
2510
2639
7386
8326
3574
5243
9563
5889
1550
2378
7294
1629
1410
3338
5548
3560
3297
1403
4172
6076
4222
1816
142
3222
1581
5143
7415
4291
9279
7135
9317
8141
9775
6703
6468
9701
8298
2383
1942
9848
4762
9237
7829
2524
2575
3377
6084
2225
1132
6608
4653
5354
4777
4795
4928
2710
6291
2344
7001
1922
5831
6318
63
5606
9373
2883
1659
7671
5267
3602
3871
6381
2839
1700
8905
1766
1429
1341
343
2561
7950
4997
4267
9079
6144
9196
1789
8787
7892
8790
709
3723
1461
773
5682
834
8
7341
4858
5275
7295
5081
1656
6486
3134
561
4605
4563
1903
4948
7125
6205
6297
1392
5284
8794
6940
7073
7581
1184
2215
8291
4908
3676
5416
6942
863
5424
635
5721
700
7931
7154
8708
769
288
5622
5374
4852
3877
323
8329
82
2972
6073
1718
1766
3014
5143
9348
4198
3710
7639
5458
7387
9407
8752
4602
4831
9388
323
1883
3671
3829
592
792
4118
6214
6167
8970
6443
2842
7299
2877
5814
3372
4595
7581
2738
6090
3281
3289
9800
7272
5099
3539
6679
3852
8141
1510
9592
4816
9746
3263
8646
338
4055
2764
2904
6574
8086
5699
9416
1737
8576
5231
1461
9523
9164
4200
5613
2445
3841
1765
9717
8940
5305
2748
2792
3446
610
2384
4615
356
1999
3261
7046
2407
2377
9950
8981
463
5649
8398
2200
4225
9981
3661
3748
5497
4213
5713
7942
8054
7479
4011
6995
9136
3111
9787
8934
3721
8524
3549
4078
523
6810
1124
2930
9187
7427
8264
6002
9428
6662
8202
6
2995
1864
106
8492
2429
5820
2786
484
9651
3149
7479
8787
6260
3618
7721
6333
2142
1271
411
9018
4433
1536
8300
9973
5315
6564
5975
4743
9578
4178
4749
2573
2394
4856
7417
4823
676
6555
1659
327
9704
9138
5466
2316
9109
3187
8650
7603
810
5413
6621
5244
3301
4922
5217
8616
1486
1192
3360
7417
1722
8109
9990
4116
9317
3760
5292
9993
315
6951
6672
6372
2442
8490
5040
1551
1678
42
5506
2488
5456
2128
4084
8757
3402
9301
7374
4888
6846
7086
8657
8568
1547
5000
9037
865
8760
4329
858
5427
7632
3883
1799
74
2373
3192
7977
403
3234
3484
9244
8690
1964
9680
3800
5366
8982
1174
6606
2180
4612
5264
7100
6159
264
6137
7024
9024
6818
4235
4451
4451
4470
2603
877
3195
5795
8855
3599
5381
8691
9195
4072
655
8875
4224
6021
4209
5398
2627
2741
6362
7891
9842
2521
4507
5979
9546
3531
2798
133
4335
3601
4603
3290
4478
7798
5437
9685
7749
818
8376
3296
1242
9031
2172
5466
1404
2733
7216
4032
5475
3578
8275
5317
2452
9135
7648
8350
9018
6798
8483
3353
399
9438
2995
1230
7236
4784
915
1338
5603
9292
4634
3197
4675
3158
5016
6080
5892
2232
6464
7719
2163
1091
9388
4615
226
7036
9317
9245
187
7800
8950
6938
7238
8298
8168
826
3082
5436
2164
5037
1080
3151
8235
5755
6309
3251
8187
8553
1835
1003
2624
3998
2095
2012
4965
8673
9049
4282
4270
5588
8434
3221
2526
2024
1519
695
2851
953
2483
1367
5991
3563
870
4226
5670
7180
3829
3858
2085
5664
1213
4710
6015
9660
6722
7332
8334
2123
7967
2604
7711
2753
2177
6590
4778
3696
7285
3981
4650
6120
1700
6993
9683
2571
1219
1705
6103
1400
1915
8188
3416
3129
9250
5783
2789
2325
3116
1123
4448
7435
80
8512
188
2257
5102
1318
2306
8739
5299
3308
1211
7000
301
894
5923
1520
2599
2026
9272
4515
6566
2688
3996
5817
8472
6785
4494
7940
4261
5294
1727
4341
3806
1915
6598
5260
9586
5256
351
4885
8564
1562
8237
8865
8808
4160
6737
7760
2538
6009
8627
9105
5050
2623
1274
3522
9408
5768
7814
21
1062
9541
4362
1221
7808
7313
6481
7394
2569
3185
8632
1134
1099
6869
9999
9908
7382
6737
7668
9920
9098
6295
9025
4148
8918
6651
7670
4678
2419
1836
4700
3482
1377
5414
4703
9186
2727
7536
2932
1649
7073
1564
2783
8173
4786
9134
8081
2168
2223
2101
8440
1322
8396
3818
5470
3666
469
9493
8344
9241
1329
9396
2723
9059
4811
3778
4597
3890
7666
7529
5539
4740
5446
8322
2913
232
3809
7346
8752
6032
9447
3544
7354
4195
7362
9177
7861
4184
8670
2557
3425
6351
8306
2500
1762
3117
6278
6359
7007
296
241
2547
5036
2039
7221
4301
2271
7382
7999
7375
3415
3798
919
7121
7993
4634
6298
2206
8818
4968
1116
8595
7672
9422
1095
9434
2539
3725
2146
5898
4021
2387
4797
5410
778
8371
6063
3049
5753
4063
6776
9168
7861
4047
2642
2207
8681
8940
4413
3851
261
5529
2446
7933
1303
9893
3719
194
3618
5865
2445
3992
4604
7242
9402
5382
1965
1817
4783
7719
5880
7911
3239
94
1959
5881
2301
640
4822
6714
844
5083
8596
9642
9368
6251
5888
9439
6446
5858
5305
8891
9850
6261
2485
5604
7996
4451
7422
2779
2170
3302
7043
1761
3396
9002
7643
2049
5994
8817
8764
6838
252
3712
2833
5972
6315
8721
5411
2761
4579
716
8004
782
3330
490
6386
1326
1293
3808
457
9815
3463
7500
1576
3211
6502
5571
1613
8849
4388
6729
2039
4640
441
4872
612
6756
3593
6024
5870
4525
3092
226
5307
2774
7068
1693
4100
8361
1854
910
8176
1669
8410
9753
1232
1265
5324
2845
114
6065
9574
8505
7057
6367
3378
4022
9476
3323
46
1698
7848
9490
1924
9507
2265
8993
7553
2717
3706
5759
3627
1883
3780
8390
7988
5012
6007
9664
4210
2473
5729
136
978
9139
2856
4356
3161
2332
4032
9559
382
1880
9049
2306
7740
7666
7651
5293
6736
1358
1052
363
9593
4832
5105
7581
6196
1112
3597
6758
3585
9327
6895
4564
8466
9751
5272
7979
8435
9304
7538
8817
7537
2939
1123
5277
606
5127
570
3694
6485
7974
4057
6078
9158
5515
11
5354
6627
3608
2113
213
9287
5360
1129
4105
5111
6401
2084
9898
5706
9622
8715
3243
2562
6190
4872
9520
1317
1794
3214
4154
9768
3623
6584
8926
5490
6595
632
2118
6556
9097
8683
2195
4457
6164
6301
5920
2565
4737
5818
4623
4360
4533
4218
3274
7076
9090
9146
8393
884
8712
8900
7004
8687
5484
2282
4178
8432
9267
2648
1340
8364
1331
3535
2822
7495
9836
5094
6412
926
913
7388
5286
5446
1606
4912
2522
7049
410
7268
4285
9122
2520
1290
7809
8004
9924
8339
2788
9191
987
480
7556
2318
4016
6730
6165
204
1824
8930
1130
2737
6318
2768
4536
4276
7680
3410
1325
4442
7030
5611
3564
9550
3253
7726
3907
3177
6065
3047
8721
3405
3528
2629
5723
7544
9359
8241
4100
7535
3523
5231
6625
6193
7999
1161
469
2032
923
1795
2826
4306
3758
6391
3856
3363
469
7763
2892
2886
7163
1613
6291
691
4242
8367
8235
9953
2960
2335
7489
6483
3918
4114
2676
8270
1627
3145
6654
2550
1292
9480
3208
1402
2223
7065
4765
2692
1180
7658
5579
8343
5623
1870
9034
6218
6589
3621
6171
9549
2309
3660
6032
6227
4126
5060
849
5753
4558
7503
4656
5850
6984
7864
3605
9207
1281
4722
8252
2462
8732
183
7157
4356
2053
6192
574
8643
6165
6745
4544
8474
6758
577
1054
884
5637
1903
2990
195
5759
7646
2398
2743
1862
2355
8302
3144
7077
2906
5606
5810
3089
2763
166
1495
5307
7092
138
1473
3837
1034
6299
6947
1611
7353
7832
3601
5609
7174
148
1368
4820
8898
463
6682
1253
5117
6178
8331
8024
8136
4141
1113
900
659
2608
2559
7751
9098
384
7940
133
3036
4888
1744
389
9072
1697
2350
6246
1846
70
7418
744
533
452
1998
5651
6631
6681
3675
4767
822
4788
2019
7833
3749
931
5584
2847
1315
3524
2980
4351
4764
1077
1093
188
2774
9795
2786
972
9866
204
1717
6751
7009
67
2402
9992
6748
2429
1111
3922
3570
3131
1755
7319
414
3691
6518
8081
7215
9499
2433
8332
6928
9878
8520
9702
6025
7659
7027
5891
7863
5096
2643
1224
5163
1397
1216
8263
179
2328
8537
3749
1811
292
7420
2225
3983
3938
306
7550
9789
9091
2234
6717
5321
7107
2772
1347
4766
9799
3590
8981
1247
2585
206
2762
335
7774
1025
514
102
9562
615
8265
6206
4387
6842
6541
8325
3501
4091
4467
2592
6326
7536
4266
3433
308
5613
4551
6459
5555
3532
7706
8141
3738
468
8476
1513
7845
5342
7967
3759
5957
2585
6317
344
9427
2858
5021
2928
3302
9488
1873
5980
7025
6139
5765
3685
8104
316
6497
3659
3848
4203
8152
3939
1024
2980
1804
5221
8322
6123
5333
4279
8708
1650
975
4488
4509
5997
7416
4163
1837
9289
143
5214
1780
5908
8900
9884
6224
5397
9896
6424
5952
8048
363
3328
1029
2167
4902
9351
8291
235
9983
3351
1885
7310
7839
2746
3307
1608
6909
1497
897
7052
6711
9030
9312
1963
5266
5536
7360
5162
1961
9665
9563
8676
2993
6944
844
7895
2647
5487
4482
8982
5190
6368
6293
3030
5466
9600
4638
2376
7449
1887
5780
4161
917
5093
6124
2536
6981
9837
7698
5294
5854
3613
3971
5199
557
1167
9447
9557
3006
3929
8539
8196
6649
4832
1226
2116
785
2216
844
8234
4104
2976
8747
1373
4421
1224
3909
1403
1061
7960
3049
3267
1573
7020
8466
8483
8187
7913
8040
7545
1843
2931
5742
8492
7764
6968
6960
8549
9185
4156
3135
9641
7133
1883
1014
1554
3107
1276
9309
520
9236
2359
139
7161
5731
8605
1996
271
6519
6388
7816
4714
9320
3558
9558
7084
6879
6519
1985
2416
7027
5120
2057
4160
3355
3071
2067
6462
4347
7728
3334
9935
6439
3473
7097
2171
8431
5445
2442
4950
1834
6610
6016
1154
169
5574
8238
3400
8445
223
5816
5473
1695
7873
5985
5051
7296
4404
7865
7996
2133
7552
4283
8572
1025
1380
7095
5808
6826
5889
758
5012
2500
3126
6166
9021
8701
4404
2421
3498
979
8237
8971
9026
2462
1309
4077
6110
5713
1943
4106
4198
9495
4742
9123
6872
6122
6218
2681
9300
2108
9791
4312
4608
2918
6830
3629
7971
7586
2402
7821
8565
639
6793
7592
9453
4454
8021
5563
6519
6316
6022
718
5811
764
9841
9036
3238
6059
8069
8891
4519
4212
9555
9127
3482
6386
9108
1453
3972
1510
9275
8890
8501
2420
2834
7954
3226
7207
9870
9745
3524
2244
6815
5687
3008
6656
4723
2598
9068
9144
7841
3587
3357
7397
9067
6839
135
8175
4645
459
9686
272
9349
4539
9044
8535
8846
2270
5743
8716
8367
9267
960
5183
1306
320
8191
6030
9270
3611
5174
7112
7199
4883
4509
2618
1723
4644
793
2720
5103
6831
2992
805
1371
8388
5692
6569
658
1435
5285
5377
7054
2597
6912
8361
2917
1456
743
2187
5067
2269
5651
8618
7153
160
1236
8876
1156
8382
1596
2612
5213
940
3417
2936
9328
5461
9505
6338
3249
1142
1715
303
3739
4980
5016
3008
6436
2111
1548
1503
4381
7199
6474
1534
3712
7710
6762
4868
6092
4710
3832
7658
5650
3601
6946
1330
9063
2804
7668
2312
298
5735
8967
390
715
3984
3398
3503
2447
1298
1359
6828
8498
7833
4714
2210
1895
1476
3430
4340
2538
7263
8350
4540
864
1648
5870
9927
804
3538
2239
1103
5626
7559
1493
2693
7895
1243
6197
342
2542
3908
7171
1040
8093
8237
9602
9988
6066
9384
680
8604
6647
9030
3145
3864
679
5367
143
1483
5258
8735
8938
884
6294
431
9929
4189
1675
2478
4531
4217
6386
8054
1609
4479
6292
7563
820
8710
6947
1500
7314
9947
6883
6811
3811
3914
2179
3954
5397
7437
2689
688
4673
8983
1119
4602
9524
9146
3433
4056
9715
9819
8462
1324
651
4754
5239
7823
3464
2187
5675
7131
2134
2558
3942
5945
6472
2473
6251
8222
6262
5293
8910
7287
4276
6381
8242
153
5528
1675
4209
5243
7846
2671
2920
8497
3778
4511
6320
3594
6698
8348
725
8832
906
1020
1129
7379
9845
3733
5601
6108
9026
4511
9747
9654
892
7989
9807
2772
9664
368
4368
7511
3040
3640
2360
3170
8151
5033
6764
4850
3381
3842
34
4287
4862
7516
8018
4707
1249
9971
7167
6627
834
3267
6281
8079
1256
6089
851
7273
6457
1571
1136
5849
5211
9848
9019
3363
4881
5784
4565
4614
5978
951
5254
840
4819
3272
1899
6068
9596
5419
2695
430
8686
5329
8509
6294
1418
9361
9919
4227
7284
1055
77
2496
7256
9096
2211
8489
1232
6776
3104
7210
4079
8358
4402
8899
7982
2654
1319
3930
8073
367
4361
3111
5696
2870
5757
3466
8583
2029
7693
5868
9436
7770
4716
6692
3219
6927
5182
803
55
8286
4366
4134
2996
8768
9385
7330
7774
705
1261
2199
7424
1974
5310
3120
4844
7420
6586
9780
9449
631
2000
8885
8402
6716
1930
7973
3643
7112
8776
3698
1750
9494
4184
1098
8263
3570
8428
2389
627
6041
4589
8051
8015
6251
1171
9212
3671
4109
5344
9472
4740
7344
4710
9494
412
6640
3819
4055
104
8948
4105
1854
8442
4641
2952
3057
4563
7732
5447
5190
126
36
3241
4493
6287
764
57
6311
4873
5401
5783
5966
2745
6845
1812
9509
9837
1984
3564
9941
932
4021
8147
9374
5015
7451
8784
9578
5184
4231
4769
1662
619
4362
2507
6906
5127
2565
9569
6352
7966
1705
8670
7064
8550
6835
6573
8388
8819
6490
4681
9751
6863
2829
5477
1878
280
4261
7809
1816
4844
2578
3478
5463
6940
5986
8722
8419
8551
4643
1124
2869
6348
9794
9933
1251
6629
2859
9639
5448
9349
672
1551
6212
3501
7029
4443
3782
7642
2252
5598
2487
1182
5429
4302
4474
1415
9376
2894
6318
4020
4018
9187
368
164
5473
1619
6794
8332
7610
8594
4033
8283
146
245
1784
3527
1040
5566
1169
3292
7517
8
4474
2946
4311
5301
713
3687
8195
7031
7707
8565
2570
8076
8729
4395
6047
1875
2727
10
6822
6760
8293
3320
3358
6429
6847
4398
8348
4368
4043
5865
4377
4869
8811
8688
170
9524
2375
4717
2907
6435
9634
5477
863
4716
9873
3262
6591
8952
3272
9765
2065
1565
3085
5423
7995
6284
6173
6343
653
6568
8560
5030
1438
7371
3718
7960
3247
2445
2678
2506
5232
8664
7983
6095
3380
4208
9358
6324
9513
2630
6089
1578
548
5527
3353
4895
1811
5878
1238
2464
2447
6150
7494
237
9873
7564
8197
3120
10
7227
5626
5242
5892
9961
7690
9272
522
7048
1948
6387
6030
8038
4317
6578
3565
7670
1473
5376
9900
9063
4193
2347
5213
1687
8936
5086
9252
7134
4558
5614
713
6536
856
2957
2850
4898
8582
9724
1946
530
6111
4329
8568
428
907
8485
4450
8733
214
702
7796
4407
3050
9362
2446
8338
800
1698
5472
5359
3664
2538
8247
873
5495
1097
5771
429
7173
4070
960
9636
8399
5880
64
9306
4366
866
4391
932
1569
2188
1691
971
1550
4137
9309
8702
2188
1134
4061
2204
24
8661
3077
5519
6110
8849
2301
3284
2919
3261
2920
7670
9141
9337
6976
9859
6555
1368
7143
4476
9908
8834
5447
7810
9324
1109
6512
7864
2243
6926
68
2267
1939
3146
4138
8049
8347
6439
7685
1266
6052
6958
8936
5194
6295
2264
1405
9202
9984
8549
3679
6244
3735
9126
4054
9411
6587
6919
7275
8830
197
7344
7449
2136
6842
7940
185
5189
731
7871
2807
6784
1181
8095
8330
7476
6711
6087
3030
3048
4636
6709
5644
4724
2188
6051
4135
8775
2970
1411
3958
3167
5107
7759
5303
8301
2051
1840
9842
2783
6063
9001
5919
7244
3448
601
1072
6511
6688
4103
5911
7677
7164
1556
2401
9352
7607
6536
4480
6929
4299
8438
6448
5758
6197
1751
4059
4601
9943
253
7384
2359
9254
9655
9603
9054
256
7028
5566
3296
7483
1477
973
4647
9385
3374
352
6992
6263
4832
3921
6914
3270
369
9025
5819
8472
3084
420
4768
9690
4156
7127
5296
3811
3082
4351
419
110
6269
3716
7593
4098
1041
8593
3484
768
8945
476
7031
3777
750
297
3399
7471
9322
5570
2296
8759
2343
7064
8449
6499
4191
97
6663
3625
800
3434
3736
7069
3502
7681
1168
4544
6274
4652
5312
5219
1480
8695
5348
8582
8992
8747
2406
4667
4318
4702
3426
6661
1766
8227
9512
2309
8324
2527
5934
9125
2314
6022
2546
5816
3704
3714
360
6330
4718
5672
1550
2551
719
3250
7485
9712
1998
9891
731
2668
4593
4157
5681
2711
8736
5193
1372
3412
4073
3659
8889
6387
9681
1436
2203
9737
1502
8916
2420
2573
940
322
1476
1660
3572
8961
7724
5570
8853
8455
8238
9798
2612
3919
2510
7700
5465
234
1112
5890
3893
2
2277
9927
7790
832
6016
9292
6100
8436
1865
7041
8758
9693
8701
2331
8655
6425
4253
3860
1232
8844
3658
196
2763
2520
7896
4580
2755
9008
470
3000
5362
9099
9279
3152
6284
5296
2445
2384
84
662
9425
8843
356
4478
7526
5363
7255
8131
9223
8487
6975
2881
8683
9739
1754
2931
671
861
1940
1142
3861
3654
6593
3141
6807
2877
4789
5604
5262
4873
6266
1039
68
2974
1870
3946
8337
9125
2078
3912
3965
9053
6794
9000
8792
8548
8284
9464
5761
224
6958
9622
230
3551
9115
7037
6429
3904
2641
8043
5130
5260
9082
5198
4586
7304
9145
9276
2782
1223
3188
6747
276
6334
2099
5421
1234
383
1237
6995
6959
4547
6618
7190
8098
2085
579
879
2342
9573
8922
7472
1185
4357
2670
5771
1661
8167
1399
4443
5742
4588
7542
2371
922
5994
7792
2157
2729
5381
9152
6041
9928
2122
3231
4378
4208
162
5258
6550
9735
532
374
920
1241
9396
3044
9255
7564
4443
50
9658
9031
3945
2029
6306
9939
6173
8463
9020
1554
3967
5061
7834
2442
4644
2213
6650
4807
3823
9552
894
4355
6278
1815
1949
5674
1211
7556
9590
5654
7606
9249
1038
1551
1278
7344
7842
7452
2159
6863
5358
2478
8276
3193
4920
2921
5406
7922
4080
9229
3826
4974
9936
104
3141
8237
5779
4352
5793
5369
6359
9752
4618
7397
1303
2249
1093
5498
6053
9604
8713
1411
2082
6989
956
7003
6262
2714
4925
342
8295
8752
1669
8232
8856
1162
2821
987
5515
4967
6357
8226
4719
7327
1975
2374
9576
9420
7872
1981
9024
2937
3393
1106
9927
701
8109
2541
3416
9387
9236
1711
4491
7257
6295
9699
8419
9117
687
286
4084
3396
8512
8803
723
6839
1177
6652
6259
5402
8633
5283
8339
2026
6390
4618
2728
851
7160
2496
238
2748
4207
1081
5
503
781
8424
9620
1468
8711
56
4864
3575
8859
1939
415
6388
8591
3026
1790
7225
8310
130
5603
1052
1100
4683
1903
8260
7179
8494
7360
1387
5927
7365
1890
6708
2142
7862
4528
7205
7918
9392
780
6777
7684
7547
9517
6275
574
1308
3500
5236
7790
9104
6288
8890
139
4543
3503
7319
9389
863
8706
5317
4581
596
2025
6723
8458
2906
280
2728
8650
1060
5857
6334
4960
5374
2610
5534
3034
2462
770
824
7918
3410
6067
8058
7953
9570
5377
7343
6785
4083
9012
7718
1031
7389
793
5841
295
1073
8569
8946
2134
4426
5280
3446
6152
4242
8980
9187
6705
6102
6363
4623
5864
2430
9033
3817
8352
4410
7512
1490
4845
2876
9208
2228
266
2
8069
561
1075
2990
5859
9561
3768
1140
3007
9921
1734
8339
5460
8439
793
1823
9415
6657
4254
8448
6827
8958
9211
691
448
4056
3568
9657
2637
3834
6011
7058
747
3438
49
6607
9352
169
4099
8711
6442
5833
3403
1902
625
4196
3726
40
7206
4332
4840
4033
3290
4051
4724
3739
4460
4644
9748
3449
8478
2111
507
9226
5549
6908
2185
1253
7078
6284
9965
9872
8469
3368
1775
9094
3916
1853
5486
1122
6185
327
1507
5827
730
2584
5918
1542
7228
2018
4991
5707
4129
5499
1285
6031
8759
9822
7284
5837
2458
7249
5710
927
6969
3837
22
886
5690
5508
8360
8227
2187
6220
4054
2918
8804
6325
812
6032
8343
2156
8091
8825
7655
5728
4856
6414
5550
8492
8604
8008
2094
666
5288
9063
4503
5310
6301
6545
7170
1014
4772
9358
7234
5178
8628
6038
1503
5792
8422
6199
7948
2866
5024
1955
8594
6232
4722
497
4724
3326
4857
6818
344
145
2234
4847
1807
8535
7744
8978
9549
2516
4688
3135
4046
9668
9173
1902
5460
3948
8101
9761
6814
9477
1716
1760
5709
6438
8609
433
6116
9819
3604
6460
9964
5838
7659
8124
4373
5403
3454
275
4271
8142
3410
8318
4162
8936
6572
5974
9236
1025
5735
2402
502
7452
514
2563
3890
9124
9348
6359
8943
2952
2819
5259
5142
6831
9735
9516
2234
3189
6143
2858
7683
5905
7528
1845
1193
4100
4172
429
5125
9907
2831
1979
7359
9698
4542
7602
8822
242
3961
4117
3195
3132
5728
8337
9963
5464
4205
8550
5005
6700
1408
9041
8958
8936
7238
151
9388
1410
6933
865
1318
6116
2844
5029
5814
3738
2631
4636
3980
2944
5105
3527
2429
7186
8217
8744
9002
8774
7294
4007
1827
5054
3048
785
342
6639
936
9730
8049
4221
6947
9367
338
9791
749
6152
9881
3380
7141
214
2677
8598
93
1458
5784
8310
202
4786
3437
3849
5146
5264
5255
4546
6049
5598
1185
3337
1680
9235
7559
8628
4954
4249
4771
5703
401
4653
5436
3894
1219
4465
2493
1312
5923
4629
5975
2477
9416
9412
2678
914
4676
7934
5460
7077
9884
2998
414
1564
2233
7973
6544
3539
2222
1316
5595
8976
2321
7383
9222
3540
8200
1715
1204
475
6345
7179
2952
2113
6591
5631
3027
7619
9917
4839
4696
9801
7837
5111
7717
6422
9436
4262
6314
8011
1930
1909
3339
4251
5644
2561
4143
3844
629
1699
4319
3326
8879
3623
5439
1822
9254
4818
9442
5523
6009
490
5324
199
5601
9394
6621
1390
3656
2935
5753
1938
1196
9092
2541
6840
1653
3036
7036
2282
4735
1355
1960
3614
4979
7399
1789
585
8569
7583
6109
931
8073
7785
1130
3675
7179
7751
1417
7187
7039
7170
9125
4587
6262
1666
1428
4267
1054
8464
2902
5790
6172
4862
5756
1151
8614
7545
8088
3535
5128
4197
4466
3202
8335
5596
3229
1866
9700
998
5406
3091
8168
883
7678
782
8902
5458
1401
9956
3923
655
5746
6447
5518
1503
7598
484
5400
2038
4019
529
2588
4838
83
923
6786
9664
9141
2838
662
4547
5929
5182
1783
3608
2316
685
5418
3717
641
5693
725
6388
2140
2595
4243
6090
3079
9643
8129
3450
6524
717
4640
2959
1640
1427
2623
7133
617
9637
8033
6547
1171
9816
6507
3487
501
1925
3557
1142
7619
4282
3882
9759
6877
4477
2202
6308
473
331
9758
3349
1048
4399
6309
9040
2178
5284
6173
2795
1274
4206
9342
2445
4022
2201
2285
4523
479
5842
2018
4450
6476
2252
4209
3353
3082
6411
9661
3555
3094
5771
3256
4142
170
9565
3182
8700
1202
9356
1496
8828
3562
7190
1273
3937
5744
3558
4812
6223
5752
3182
673
2228
5435
1234
5581
4869
3998
1594
4776
7092
7366
8032
1235
3888
3950
769
2589
5152
125
437
3980
40
3979
1605
329
9723
1516
5141
5946
7268
8324
6619
9497
111
4206
1430
1332
8204
3025
6108
1648
6743
4140
2883
6983
8090
3653
5924
9594
130
6361
3574
6522
341
1532
6851
64
3048
1993
2363
316
6669
5334
9813
3132
9540
7596
4464
4096
6973
572
5745
3716
4712
8628
699
9155
8633
6624
8749
5116
9337
2324
1638
9678
208
8490
6095
3256
483
8458
3572
3504
3792
9738
6636
9685
7334
7452
3781
4307
8024
9526
4375
9088
4507
1426
8243
3140
4402
6993
4608
3740
5669
6247
9770
5877
4737
2217
9133
1572
675
9057
5076
820
8795
8064
505
2481
5516
638
3140
3540
165
7515
8980
1024
8942
7224
516
9696
569
5125
3436
2590
1372
9559
8467
6109
1776
3952
7681
2452
3009
9109
9624
8157
7173
6481
638
2689
7119
131
2581
3636
7646
1561
4660
2940
5137
5177
2637
5706
6654
2425
8296
8026
1984
3115
4135
3761
3419
8168
2565
6429
7277
2189
938
4450
5022
7928
3491
8493
8059
6072
2130
2058
3985
3142
4998
9123
4671
3987
1181
1325
6413
5830
9351
4749
8945
9838
8510
2365
8006
7427
5146
5283
5968
2436
6085
990
364
9576
9484
8424
2000
7966
6834
5986
1108
8184
1461
2132
2172
2642
3457
4937
8472
2809
9686
3770
8999
4549
2487
7006
8328
7633
8641
4297
69
1079
1639
6785
7007
7475
1561
9008
5441
8395
1346
2902
6580
2807
1386
8752
1801
4843
41
274
4004
6079
396
3004
6980
2883
6362
5309
6868
5003
5958
3289
2434
7597
74
9442
5073
1636
8450
6866
31
6148
6120
2963
8955
7506
1715
756
2350
8108
7382
2706
4188
7778
5710
1168
7013
2072
2829
3881
3428
8787
7170
5862
2737
3597
1656
7810
5233
6458
1028
1616
2606
7149
4580
7913
4655
2647
8670
3357
756
2404
6064
1296
183
8126
8816
7196
6551
1646
7430
6331
6785
952
8545
9522
4549
202
3684
6134
6660
4713
7751
5619
8214
8683
3532
9221
1330
2202
2579
8438
959
4995
6086
1142
9473
4903
4690
6024
2901
8472
2355
6038
9425
7253
5561
3974
7455
5597
6461
467
6662
4212
6086
4876
9247
9619
4098
6929
8173
3029
1720
9132
4376
7806
6626
3849
2709
7669
6226
1962
6141
4933
8001
1918
2186
9914
2245
5993
5511
8706
6461
2174
9270
8899
7050
8517
8518
7500
5446
3044
6881
3518
8528
7609
1325
5155
1459
386
9176
4037
2349
1669
8970
350
3588
7509
264
2185
3502
5775
891
6315
4301
161
5215
7704
8678
85
1556
476
3129
8438
3995
1658
6047
1672
3165
3858
2058
2341
4247
4407
362
3218
1109
3950
7079
7725
6135
581
9853
3378
3249
4154
3539
8464
1858
8569
8549
3415
5398
8031
8205
5745
9689
604
7417
9206
815
5827
7899
5062
235
8261
4632
7696
8564
8063
5422
1051
4997
5275
4430
8246
9429
4321
6710
7640
2891
1611
7407
4641
9642
1964
386
5683
8920
4155
4889
9735
9982
2788
1150
6569
1050
2134
4266
5966
198
9688
7017
5195
4963
1447
9793
744
5769
2855
4736
5012
4466
2143
6005
461
4107
2743
6144
3028
6898
7386
9115
3232
6526
265
9802
3928
8752
420
9894
5302
6460
6912
6849
7775
4711
6642
8519
6832
9497
3256
8196
315
1751
4201
776
5859
6944
3273
5239
194
7011
4354
9779
3537
972
5933
3818
6076
6353
3712
1378
2813
6976
8227
6940
8040
1221
5459
1224
7070
5067
9421
7385
6819
3622
8162
9030
6919
7787
621
3465
4798
1327
3244
4687
2299
9177
8505
4727
1882
8570
6105
1047
1898
684
7987
6290
8257
9799
7515
5327
1218
6936
2713
4389
6910
7227
3419
3829
1366
392
3647
6164
1720
6891
7203
371
2421
2061
5099
655
631
7556
1703
8881
4593
6042
5172
2850
5841
2687
4530
7060
5975
7243
1449
2885
822
1221
3067
2188
7965
6714
4704
9685
9957
1907
57
8730
3968
1508
9386
951
5416
7441
6185
9
3483
1357
9212
9325
396
3742
2737
2723
7337
538
5608
4511
1759
5027
6699
9725
8093
7755
5762
4403
9662
2171
3133
9983
31
8871
7286
5448
6312
3471
1809
9796
1180
1021
5473
7928
1115
8210
651
4804
8748
2612
5667
6860
7639
8718
2937
2085
6473
8699
6488
6136
7223
5973
2471
7254
4845
9757
2702
7509
3229
4512
7305
4409
1885
2778
8690
9353
7340
9341
509
6089
1953
6177
2949
5945
4895
5886
4382
7721
937
7222
3857
8160
3195
2680
1767
4392
2437
4469
8254
5666
5333
5559
6428
3571
4690
5118
9276
2030
811
6137
4471
9117
8666
7420
5062
9914
9658
5796
7635
6948
3018
7844
5108
2565
524
3227
3310
2961
7697
1564
4980
9382
3475
7760
9305
8165
2878
4933
6548
41
1071
1019
9158
9737
4792
572
9651
802
6368
3638
7750
5738
1482
9211
8304
2006
2438
1614
4968
6487
3178
9948
2222
3005
4060
1527
1171
6938
2813
4071
3331
3884
1442
2490
9973
2586
9414
5977
3389
5783
9615
1139
1521
1098
6702
6177
3104
9141
4143
4424
1980
7321
724
4202
327
4784
2082
7850
8074
4895
8273
1406
8779
9715
248
5104
8654
9662
1081
2043
1797
7049
9534
9671
4499
6237
5848
3955
1730
9992
8380
3710
3665
5456
7913
344
241
6347
4546
4667
1242
9171
2425
6373
5239
2673
1477
3893
8688
8911
5936
485
2312
1822
6508
6811
8059
8709
766
9789
5053
5498
9852
5070
955
4117
5415
7548
464
6313
2215
1706
5485
4641
8079
7076
3666
5908
969
2354
1171
3257
9192
3483
5079
5700
294
3139
4409
7413
9280
9462
2911
5484
4533
218
9601
6300
4118
65
8965
6334
8123
802
7327
6202
7878
993
8463
8847
9700
9634
