8456
8892
9470
3536
4592
6116
3027
5354
3529
8659
1168
2793
4144
2053
9363
97
8353
3482
163
3671
6168
8286
4473
3495
841
8704
840
5656
3903
540
1642
2360
5784
1112
2248
6729
3581
5275
2083
7110
3934
3251
6255
4430
1657
1971
4528
10
5453
1043
33
7973
5681
859
7820
2874
9563
8660
8530
9818
5553
6525
2178
7689
3989
778
4418
7570
6053
6501
1033
6340
6105
3640
770
7762
5611
1650
4124
7416
2693
510
5389
4727
1369
3209
7601
7284
8222
2484
7102
127
9009
5633
4168
2998
6411
8587
6921
8817
1440
7954
5157
3897
1594
2279
8011
7206
282
8488
974
9327
8998
6364
4054
6719
5925
8008
4003
499
492
7457
6978
5853
3090
1147
5203
5854
6086
2124
4671
7526
6430
6180
7776
8025
4811
5787
1583
5093
4275
2557
4421
9625
5273
8475
6344
1199
6483
347
8050
3327
7805
1381
5532
7247
2528
736
9453
4966
9212
4124
8844
5643
6656
6620
20
1468
2408
1603
6561
3035
4160
7334
2661
5786
2162
9005
6985
8645
5705
1387
8325
3510
2768
209
7109
1648
7297
6563
6614
6510
7039
5459
8505
48
8431
8525
1516
839
6480
4429
227
6992
1764
2888
2778
3926
8245
6115
8923
3950
3855
3600
3812
6623
3810
7274
4624
1107
189
7590
3969
3580
3049
2474
3628
1481
7351
1496
8672
183
5926
5251
7176
4042
8139
6306
4320
2737
8774
9595
6687
2629
3196
6852
9252
3358
4126
228
4465
4315
7819
4787
7895
7220
3613
7876
8701
7317
9372
3726
7500
1650
8977
1028
2044
3469
7335
6364
6206
6109
2312
9245
5090
5508
6097
694
5218
6575
923
6035
7242
8742
822
5138
5962
4436
9366
1016
1753
8738
1094
5605
6741
71
6634
8785
9892
321
1502
2450
2782
3814
8048
7872
5674
4145
8566
892
7073
5841
6927
4315
4583
4102
5805
6898
8538
5171
4266
6643
262
5360
2248
7003
1783
5234
5788
8028
5555
3642
478
4689
7456
8526
2561
3130
9024
7480
4022
6097
3321
7302
6764
4257
1404
2570
7507
6294
4093
1773
9289
4355
3485
1537
7710
1620
3124
3499
9648
8679
7141
127
9721
950
5005
2282
4080
4029
6114
4455
6478
9436
1757
9595
45
9513
8517
7552
5807
2610
5677
1448
3318
5514
2985
1028
7134
2461
879
3135
7493
4373
9614
7214
5323
4619
5848
9403
5001
1963
210
7831
7751
8319
7426
7796
7832
5943
1700
9991
4906
3729
1439
8224
9243
777
5604
2729
3238
6484
5864
731
857
5478
4297
6180
6450
146
1935
7803
2109
8498
5634
9860
6817
9413
4008
1002
5356
5708
7345
6614
9437
8785
4838
5032
5914
443
4113
5504
3279
9978
2588
4136
1808
6885
6668
4610
7031
4955
2413
9140
3453
8048
5352
6623
7461
9360
7625
9169
5068
4970
5784
857
107
6974
2241
2373
3769
6355
7878
7048
2685
466
7536
845
7351
4204
5456
4383
5512
4221
9875
5317
2269
5228
1940
6082
4588
5917
1604
6009
7240
3740
6866
7347
7066
5460
9721
836
1815
3951
7884
4500
4417
5421
1697
8120
5977
7153
2503
1489
1375
2379
3159
9996
3959
5099
2431
8547
1017
387
4556
4609
4127
7775
1956
1193
3235
8029
8381
5050
8332
6266
5902
2749
8039
3951
870
368
1105
9725
8210
8832
8456
1369
5180
2415
2820
3963
963
189
4350
1871
4798
4829
9646
3107
6023
9233
1136
4404
635
5821
7022
6537
8570
1413
6841
5792
8134
4298
1870
6344
3130
326
4065
4662
9094
6885
8626
6409
7075
9328
8280
1873
4158
4279
4980
6533
3512
2469
7289
4148
8290
4312
7037
3212
2077
3878
9005
211
8176
875
2907
7658
7553
6972
2321
6647
3858
7299
3056
7285
6627
1337
9158
7137
1968
491
3670
5480
2960
960
9628
7602
1624
6666
814
3701
544
6171
265
5073
3398
3172
2731
7304
145
1404
3951
355
8703
3360
7640
1683
1049
3150
8820
3017
3641
8843
8497
2953
9803
8126
555
1427
1144
7722
1480
8040
245
1745
3113
3644
4918
2197
948
1415
3601
1251
8122
8657
4611
5762
340
5660
8912
5512
5029
2554
4355
3527
1859
510
8005
2415
8289
5501
6489
9770
3541
6734
7867
3007
6730
9137
5204
4030
6904
8805
1634
5026
3814
2597
788
506
8258
6053
6019
3287
8607
6726
3166
6818
3589
1171
9233
1878
6672
2074
8000
6566
5161
5868
9573
8243
1357
1129
2274
8262
6286
260
3288
101
2857
429
607
7467
6482
2978
7107
1441
9705
273
8259
3294
7797
3845
1524
821
2271
9525
3739
7432
1745
3312
5676
3102
4441
4302
7716
728
914
7357
7181
3771
4138
7788
1239
620
7119
4698
8413
6824
1323
3024
6470
5472
3221
4346
6294
5493
3871
6385
2925
1968
6050
4953
1423
491
5607
5491
7571
6521
2848
1104
6645
6986
8893
4236
3958
2364
8934
2371
9188
257
1748
2010
5730
4969
2708
8376
462
2932
4761
9740
4900
811
1045
2675
7655
6653
8167
1578
9526
1015
2683
6171
4354
7928
407
8312
6644
9341
7036
5832
5951
5136
4194
8033
105
6902
6409
568
9834
7522
6660
1087
4686
7705
3762
8693
4358
1929
271
3885
9297
9306
6408
3651
3586
6816
8315
230
2509
1703
2414
8460
6839
2960
6493
3297
6215
9254
3865
2401
6777
6877
3488
7815
4582
7251
6508
5293
5532
6779
5530
4829
2438
1938
4832
2376
8754
9500
8959
7616
7555
7725
6076
4395
686
2570
4044
6901
8176
7909
5654
4953
1138
9143
2768
5720
2746
5628
7365
4630
2408
9247
5812
1198
1186
644
9926
6292
6496
8885
3908
4052
6611
6337
4799
7297
5259
8843
550
3435
3104
6204
4741
594
1699
3861
2666
797
9490
32
5428
8250
5631
1240
9448
3169
8236
9374
9462
4733
4612
9722
5137
1223
2411
6288
4872
7670
1483
1774
7458
939
4330
2199
1533
6030
6060
4199
6827
1902
583
8607
152
6215
9847
5952
9384
8084
1679
5198
9169
6291
1273
658
3866
3684
3298
8738
7707
1133
6864
5165
2072
1194
3716
9957
3576
9776
508
404
1679
7444
9011
8183
11
5211
4136
5747
9647
5815
946
8816
8458
8571
5826
2324
8607
5476
1062
6314
6609
7926
7831
5033
5472
1547
1342
9049
7676
1850
5805
5707
5646
1168
3890
5657
6379
4378
1405
6026
6545
8703
1194
5003
7274
3372
7327
2233
8848
4741
4900
5457
9019
2731
6842
4492
631
8184
9893
8307
6387
5698
366
2033
6866
4256
4043
3246
4987
5448
5624
1532
503
3171
6536
4129
6543
215
6362
5392
4957
1262
7201
328
346
4044
4820
977
2228
1065
5636
4967
6763
6002
7001
3630
6610
7396
3228
7949
2844
5204
9482
9699
8375
2370
3828
4919
2585
190
311
3894
7805
3864
4223
8151
7908
5395
5480
6489
6461
7468
1456
9576
9822
8457
3206
6432
5853
2786
4382
5049
7991
216
1100
6366
2586
4928
1285
1523
1471
7948
5418
9276
1813
5993
3779
6073
7740
5611
2562
4201
3079
4019
3778
9253
8828
3336
5685
1034
6123
6419
2435
466
6635
3536
6832
5573
8464
4470
7097
6287
8770
8867
1915
6935
4860
5694
3009
8952
7657
5571
3154
7088
5942
3284
6341
4771
2972
8379
2157
5447
4798
4592
5913
7786
8128
9098
9711
2945
9920
3160
9232
8690
2027
7500
1978
3239
3194
4987
2192
7204
6910
1698
4292
9205
1334
6986
3976
4306
5365
6133
9754
6515
7077
2019
653
1558
1117
6717
4503
1037
9877
87
6080
1905
7587
8058
1496
7134
9397
3688
690
6307
5386
1334
1864
3072
8320
5840
7379
37
8325
3485
2905
1755
5504
9910
3313
6622
6627
7816
4011
6505
4255
91
4762
8195
8149
6258
5329
7546
9947
2371
206
1685
3705
2070
4758
8378
4263
8489
8415
8940
1974
7672
695
7478
7583
360
452
4210
4528
4464
715
8784
4555
5477
6979
9057
1736
8660
2955
8035
7383
9513
6072
1088
1584
7182
9466
2199
5671
4234
7491
3997
1906
4539
7828
9489
4899
8280
3700
9428
9096
767
4564
3652
2597
7895
9061
4333
6555
2016
8720
290
1530
1144
1378
9466
8327
7197
8017
350
1431
5508
700
3337
47
8528
9179
1299
3160
9231
727
2257
9998
5291
2261
2595
3186
1322
3280
6093
9690
8352
6383
1220
9497
4113
7038
4176
1310
5055
4526
9093
564
1578
8783
6963
106
7962
8262
9619
7193
5341
1876
3543
6984
4137
6139
6522
1811
9419
8967
1501
7772
1702
9074
3621
5816
6112
7797
3478
7520
8675
2572
4436
254
7707
1399
6712
5669
6014
6331
9214
7707
4559
2757
4692
8696
8896
1214
6859
4668
6534
4713
8792
8236
139
8765
404
2603
6562
3883
123
1589
2807
4559
1843
514
2311
4908
2535
8325
1239
1749
6032
5799
4506
7076
847
9755
4643
4059
775
1177
8772
9567
9413
5263
8332
6170
7866
1246
6405
7990
2835
9212
8901
1031
6078
1212
5939
8613
5889
3530
6714
1922
5681
1220
5350
2881
7327
9993
6940
8102
7522
2064
4021
6936
7327
8705
9458
5193
9951
5863
9535
9139
5075
8437
170
7505
6001
6109
2470
1891
5991
9184
165
1673
6756
5515
4554
4084
1861
7846
8538
9383
9910
2560
2671
3589
1265
2129
5134
7569
7992
4670
6708
9419
9459
6878
6924
1812
9339
5746
3703
5330
4930
220
3355
1687
5736
7909
2123
7597
5755
661
3332
2017
3221
6004
5606
839
4485
741
8408
2478
1763
5116
8249
7574
1994
1526
9386
7685
7272
3090
3015
2203
3310
6371
242
5398
632
2365
9347
2740
3026
2680
4757
2600
5036
364
3439
9521
7457
1847
8351
9220
6963
6601
6794
5309
4479
6180
2994
1751
5622
2361
306
5285
5084
6900
683
5717
9265
6383
4809
8644
9063
9566
7596
451
6282
1035
9972
3739
9234
4676
2959
2549
7629
6105
7858
2108
2286
7204
211
4260
9565
518
9545
4650
7418
6581
6719
3036
2964
1528
8032
8379
1094
5628
8830
3729
3015
5154
7468
2249
9830
6780
1150
7459
2885
9008
5919
1523
2564
6131
5784
2129
6649
1681
3131
419
8262
9850
9807
1226
1378
7839
9605
8825
9819
8435
2554
2834
9942
6374
1435
9772
3154
2585
3584
2392
7945
9503
3915
509
5634
6051
8991
8635
7733
2122
5407
5995
1973
5214
3574
9703
3054
3179
4880
2873
7967
3786
2060
7909
161
3495
4033
9667
6081
7617
8411
4026
7121
2327
4536
9107
4730
3527
7743
2463
2001
3150
4811
326
8364
8385
6382
7770
7916
1262
6996
5883
1401
9056
3792
7914
8903
7826
7581
4984
1795
5993
5363
8916
4672
6251
8024
9402
6130
2119
8218
8131
5269
9381
8458
9985
7766
4840
4108
5682
2454
1104
7918
3855
6512
8062
1769
5415
5888
5703
6752
7684
8048
2115
2952
2720
8366
7328
8474
848
9447
3044
8979
1068
2425
3789
7406
6543
4981
1514
8578
7436
8970
6496
7643
5482
4558
5765
7249
6799
1468
4001
835
9516
2468
139
8588
7186
7468
7062
8034
3267
107
7014
688
8884
7155
8094
5428
2137
9608
358
5925
4930
6854
3568
6764
7764
9333
365
915
7153
4367
1750
3021
3187
8242
1609
374
2062
5024
8408
5329
1483
1774
6017
367
8930
463
2147
7419
6423
2505
3344
1353
5711
3264
4469
9828
8950
4835
743
6103
9202
8846
9125
8741
7088
7086
9115
9150
2110
3876
831
9945
5650
6849
313
932
7312
8812
8351
88
7670
1695
1441
3381
4960
5911
9561
3910
746
305
6365
6300
9151
1842
5041
2591
5281
509
1741
7391
4385
2572
7337
35
5773
4002
968
9438
9166
5671
9526
6836
7367
7319
6570
8679
9582
6131
2589
6680
2788
5306
2980
8291
7149
4374
882
2430
4883
2623
6173
9268
1548
9862
5655
7321
216
2975
3111
5735
8647
8989
2571
2366
6309
5493
1045
5891
7977
9986
2572
765
5292
1904
9057
8793
6278
9939
7575
7513
8915
101
3133
6815
6315
8789
488
6532
8116
3600
8619
6763
2589
1190
9129
8898
3036
6526
1142
1013
6512
66
8130
1805
1970
3539
6950
4601
3479
878
8466
8746
979
1600
5561
7294
6741
6049
178
4857
9649
8797
7973
8591
6340
3454
3841
5728
9981
4983
3093
6493
1401
1223
4650
9724
4763
7953
4325
4594
8831
2791
3340
9810
743
5253
3456
7484
1302
9987
8694
7304
5136
6667
2247
7828
6473
6088
3556
6454
7424
6649
9300
8825
4225
3950
8549
8988
1903
9226
9934
734
2018
3274
6896
9113
4879
6705
6598
2533
6692
1644
9837
1828
8311
2084
6009
1136
4525
9565
7591
1949
2567
6891
7126
6792
7193
5676
2132
5449
4902
2066
6183
3272
1692
9432
2386
6571
6137
5336
9104
2829
6980
5294
1009
1643
3730
7018
2779
8255
2936
6722
6556
5503
9965
3683
2295
7159
9359
779
2608
613
2845
5143
238
4537
4575
2624
1108
7064
4312
6564
6245
1292
1858
7255
9287
5589
625
8418
196
9913
5141
6753
5416
5106
436
4063
8617
6147
4842
1225
6760
4039
2721
3350
8576
3648
5974
6036
713
6638
2601
6958
4282
811
565
3569
2752
7543
1988
2949
7456
3481
9702
9225
8587
6490
9640
3557
2637
835
1134
5749
4874
3855
9100
3451
3856
1426
5839
4569
8065
8440
7879
8699
5604
4797
2269
8356
2340
609
1305
6148
4090
7359
5373
9029
3849
1366
8938
6486
2201
73
8588
7075
3928
7688
6878
7784
9114
2718
8705
3531
7510
6585
2231
3114
1382
852
1471
74
7813
2776
2574
8255
136
4300
3636
3985
5666
2575
6824
7867
2648
5412
4942
2928
3100
8173
7065
8566
891
5770
8450
8401
8707
7033
1516
6441
7885
2987
2867
2050
2115
5442
305
2251
9742
3941
2589
5408
6516
9413
3275
9164
1177
4569
8445
4277
2742
5510
9195
9985
1280
7645
8387
6340
4678
6255
2781
8915
9242
2001
965
1357
7443
1270
9961
7185
1564
2550
8945
8080
8315
8572
3597
9492
9493
2042
121
2236
3904
5668
8573
1536
3314
6960
7876
4344
9567
7010
9612
8809
9011
6929
6519
6454
4552
2832
9991
6116
1734
8936
548
49
7508
497
9541
7001
8891
6014
5589
2795
1682
4163
4332
1348
7475
2208
2045
7043
5570
1657
2204
4581
4938
5075
7387
9490
7907
3730
1958
9641
2666
2507
6042
6526
3004
1935
9880
8248
7949
1821
1043
9632
2336
5375
7332
9812
3936
9377
3207
5858
7386
1763
440
2325
6839
4179
1815
1098
7910
3774
740
6928
2633
6782
9807
1989
8718
9687
237
3019
7860
1281
9003
197
3008
6336
6361
3296
5713
9568
9155
3100
1331
9595
1777
4522
126
3592
5621
4388
3718
6361
7669
6351
9495
7476
8341
4565
3515
8578
7585
1375
6211
2940
1572
9220
9276
7933
2516
4990
3853
1671
4442
1537
7618
6219
6059
4097
6163
1680
8485
9882
4393
2506
2585
241
9982
7278
4806
9849
5857
8743
7577
8420
1684
5501
3992
960
3435
6509
2302
3640
4532
3096
5177
8503
5667
1237
2600
1831
9269
7437
8065
3663
6296
650
3904
2630
7929
5062
2480
138
158
57
4910
1842
5558
8903
9154
5345
1764
7809
5338
6296
905
515
1151
6573
8104
103
4756
7374
3893
2821
7389
189
3471
7645
2819
7752
9059
1651
4242
9217
1708
9153
7411
3619
8056
2918
5316
9820
727
654
2468
7984
7522
3620
909
5626
3723
5665
9352
3968
8486
3093
4157
8310
7090
3329
2414
6150
4980
6657
5367
3041
2162
9131
6660
6570
2049
8328
6390
2776
5335
5210
7112
2857
8830
8022
4835
8906
3687
540
2874
8526
3633
3384
3188
724
6713
5602
6874
8045
8611
8593
1086
7125
7724
4098
3695
9773
2427
85
8901
7762
1648
6014
6971
478
388
1806
5736
4075
2346
4963
8953
2332
4699
2141
3056
7764
4096
6282
5809
9059
1227
6896
6185
5304
994
6232
5077
9773
2670
331
3887
4318
2697
858
1148
3085
2665
6885
3512
1363
8200
2466
3695
2899
959
3103
663
1407
5737
6472
6819
3317
9720
9356
8621
7067
5588
50
6840
8258
381
728
2576
3078
1586
3725
2515
603
6962
6028
8319
5162
8494
8366
4413
5805
7822
1428
7213
3559
4252
4032
6876
3973
3388
1849
1040
8976
1900
4232
3587
2281
4960
6163
1712
2899
6240
4227
9854
3202
255
8173
4716
5101
6540
5481
907
4362
6909
4472
4273
7514
4856
7502
1487
8244
9351
8879
3572
1251
9463
3511
9885
4424
9675
7949
3675
2267
2176
3529
5470
8784
8055
6538
237
947
2020
7496
1661
8929
1968
5934
2795
6824
9788
634
1420
9140
9513
1345
6743
8977
4856
2980
9753
883
929
3428
3151
9458
3309
4973
4594
7716
1511
4831
8663
9883
2328
324
5165
4296
2611
7960
7473
8751
8595
5245
7891
4460
6590
987
9789
7799
319
9542
5034
1249
9322
4537
707
8984
5862
5301
6700
7374
6484
5364
3609
8812
2040
8774
9461
1003
6735
6934
9755
1682
2179
3998
6142
5122
4985
5932
9273
5305
1826
4307
2906
1149
5197
9965
6485
1059
1618
3185
4785
8102
4901
8395
6915
6942
3521
6376
7945
256
9662
4052
8290
8193
8051
4433
9667
3036
6717
8940
4693
8543
9600
3951
6044
4797
3916
2529
5856
5534
2067
642
9989
6968
5389
6904
262
8910
9632
4560
5519
5646
8612
3809
3839
6663
4594
3507
6052
1311
8799
7097
9855
8399
1049
2251
3196
4965
4781
5405
6852
6848
2399
6841
168
7788
97
431
3050
6081
4991
4921
1727
9955
8731
1918
6619
9677
1777
9023
989
577
6120
7196
8976
7169
9447
8525
8487
580
282
5339
7428
2681
2180
3949
6821
8629
732
9871
4710
2075
1145
2789
2030
9876
4707
5001
9553
2837
4024
6894
3414
145
4090
8742
7314
9890
3619
5801
470
3901
7492
4251
6582
6024
8200
9755
4653
5284
5979
9363
7359
7124
2152
9389
3352
3212
4391
2905
6049
8415
6152
5815
4912
6594
4557
8579
6484
8177
732
3307
2078
8225
3910
5013
4249
8462
4768
8903
3746
7099
4618
1105
4223
3123
494
7575
6335
1237
6833
8736
9653
2985
4551
4565
5931
5460
9496
2416
9989
229
2075
8420
8454
5985
3433
2703
4447
4553
7958
4545
8005
2577
5650
2228
5700
6144
9804
8387
7382
2989
3475
3387
5974
4378
4304
8257
9838
3801
673
9828
4030
9100
4600
2484
1437
8033
1539
5884
8938
9498
429
6943
8427
2431
5524
479
4928
1680
5218
2310
4669
5045
2049
6995
9423
2705
5252
9261
6506
2278
5441
6888
1378
41
5724
2816
4426
7264
5052
9717
3114
1834
3012
7893
4265
8536
8372
9193
6568
9942
7855
1237
4987
6256
8232
4410
8962
3485
23
1820
5763
1817
8709
3493
8210
4433
2661
8989
8049
7714
8706
1163
5900
8070
9056
6517
2959
3780
2063
9527
74
6270
765
1413
2527
5349
5823
7841
8834
2199
9661
949
368
8370
795
8578
2804
3456
7567
7205
1170
2625
8369
3422
7048
3777
9940
7
3910
2003
5886
336
4625
3003
1750
7152
8353
3925
4993
3539
6124
1007
841
6492
9377
1636
1423
8533
5092
5342
5739
2615
7968
460
2389
1368
589
2329
7727
4499
684
3613
4836
5310
6617
2938
8814
1322
6863
160
1213
2988
1167
2054
5832
6896
42
3607
5430
5135
8950
7521
4102
3270
7981
6491
4638
8570
5173
2365
9422
5857
2330
610
7519
5299
3548
2686
6621
411
2846
7835
9751
365
6241
1936
7261
6284
5543
2691
7771
4493
6564
1873
4115
4545
8364
8753
9468
9889
1118
5242
5747
9801
5852
9618
5100
9400
2304
1722
6163
1502
5909
2267
1867
8502
4203
9129
4786
6098
8172
8909
6944
4737
782
1059
5634
5499
6165
5102
5388
3635
6696
7487
3436
2548
3458
8537
8300
2114
6611
4464
3617
8872
3083
5484
7374
3638
965
8513
9736
9138
7422
3032
227
4557
4092
5861
56
257
7316
1796
3892
4012
5636
3681
6561
5446
2218
1213
7560
8829
2029
1177
7701
5112
3014
5075
8750
331
9940
4839
9469
7363
7871
9696
1920
8315
1910
8328
4924
9226
6476
5169
9590
8464
8850
6151
3910
1068
3717
1471
6249
5746
9000
3950
7211
8366
5377
5961
8698
5318
7152
4519
9033
5024
568
7305
9691
2478
1985
4616
8056
4813
6137
7646
3278
4987
150
3540
2407
3867
1363
8656
5965
6716
2606
3176
5082
4335
9138
132
9653
2642
1004
8686
4018
7924
5991
3710
6754
4328
4678
4810
9142
815
8808
2420
2154
8958
5960
4561
9177
3676
9569
5143
392
2175
8319
5474
2862
3809
1959
2516
6452
9315
7554
470
7239
9898
4180
3993
4226
5210
8803
3368
6025
7611
2140
4531
2922
4453
5444
2099
8129
5013
7242
8521
3540
5562
347
6403
5723
2306
8919
2175
7973
2825
2646
5212
2723
3178
9205
3302
8389
4360
6670
766
8324
5163
5298
1246
9616
7094
9697
7745
2108
3292
6266
5648
5206
2965
2051
929
1624
7322
3105
9597
6500
5751
4810
9223
5281
367
2525
3670
1080
5548
789
9404
711
2439
7002
6679
9533
3051
4424
1641
6343
7042
3642
1549
7
2045
2479
1631
5720
5584
7581
2220
7687
8743
7795
2968
9110
6673
2991
190
2221
132
5946
9284
2571
9300
5963
2104
2352
6739
98
8695
3781
3740
245
140
2137
2724
8124
7857
4660
5705
77
8699
4448
7873
1667
3558
898
1010
101
9471
1142
2399
8755
65
1700
1070
8522
4052
7809
8620
9099
7942
8712
5696
8082
849
8420
6206
5059
9432
1911
1488
8131
2711
5713
6151
6270
6611
3513
2723
6082
4656
1474
1189
1073
3174
2259
9595
3578
6420
4567
2678
4362
3279
4726
2445
481
3147
5003
5540
8931
6915
3380
7063
9626
9094
9566
2248
5705
3079
1323
1788
4087
2798
2977
5161
2324
1589
1108
2255
8009
5676
1285
2372
8955
6011
1169
5788
5510
6172
7680
4442
9439
1061
7857
5418
155
7423
4018
5860
6854
1694
4000
942
4492
3330
2455
3168
4919
3563
5423
9280
9239
6708
1652
4547
2720
9173
6687
8230
5346
4368
9024
1137
1781
6881
6555
1936
656
6926
4148
7511
8620
4501
4805
9464
4183
3612
2632
9102
3527
8056
4734
9119
1116
6387
18
3836
1912
6705
8419
7258
7425
7443
8396
9206
4325
1303
7494
1333
8229
7995
8844
6849
2496
1
6313
3031
9965
5298
2133
3493
9706
3219
8964
822
5958
8982
4659
7871
5687
9430
1481
3113
6873
6229
8671
1198
7533
6166
2532
2114
513
7728
5316
3009
4082
7981
6040
4047
3279
4525
3892
2985
4096
2856
3808
55
1838
4819
7926
3878
4249
9407
3343
7474
5637
2014
8673
9522
4532
7557
1636
5045
1637
3304
4406
2071
1286
446
2471
917
1323
6363
3903
1772
5572
4063
1827
7410
5234
9753
7640
5835
5512
983
3309
1149
2998
8334
7023
7530
2243
8660
2576
233
1964
6982
2304
9602
3781
4775
520
1456
1139
775
3228
3063
1190
5055
6825
2776
1160
4466
8611
6673
5449
8272
4174
8447
6607
1198
2330
5202
6210
4906
5435
8174
8240
7740
4129
8373
2515
4649
9830
6
1776
9410
3069
2966
4466
9895
5742
1978
4361
705
8651
6162
8977
2826
4610
1936
376
3292
7139
6586
4550
2574
1112
2790
314
5241
1164
9182
6242
7346
5540
8018
6756
8610
7336
7574
4857
3078
9553
5570
135
8204
1732
9113
7382
2694
1049
7758
5986
4540
696
6888
7115
1809
9679
3781
3402
7195
9315
9645
4541
4856
4015
7649
9818
1352
5224
4675
782
4777
6597
918
9333
4681
6383
6716
7376
7432
826
9714
8325
1523
6603
5440
9684
2634
5573
3086
6181
4889
9083
722
9745
3099
8371
5915
4451
9947
6942
1585
4724
3539
2503
4058
8220
8886
7126
1948
2671
7952
8015
996
5827
970
2788
1863
9956
4713
1302
6137
9602
385
3211
5699
3484
7934
7966
4287
7882
4908
5873
2606
8447
4728
6664
3020
9967
142
1320
2638
4447
5687
9986
6626
3009
9126
8490
2965
191
9792
5454
9794
177
8665
1845
14
6600
9812
4301
4482
1072
6526
3440
5872
1255
6457
5244
1222
6599
6564
212
1046
8604
6550
7673
1613
5676
2515
4579
5867
2307
33
2013
8836
5051
211
8850
8003
6375
9504
8837
7447
6030
2277
9671
7285
8734
4915
8507
1686
1480
5071
9084
6436
1621
6757
8049
3649
5624
8980
9517
7931
5366
7882
3120
417
4445
1970
4772
7172
1474
3609
4620
7505
5886
643
1142
973
5559
6002
2659
3391
1073
8095
9827
2695
4853
4228
6344
6829
3209
2213
4761
4927
6448
4233
1696
893
6203
6468
8066
4030
77
9038
7887
5963
9681
9029
3288
1592
5031
2299
4983
6105
395
4810
5152
1600
5391
1496
8429
8600
62
3190
9879
6510
7423
1575
3755
9979
8043
8173
361
8120
7211
8248
435
3245
3629
3724
4837
5013
6023
6173
7470
6418
7335
2622
8018
2726
470
6448
7678
532
5990
7557
3394
9766
9132
7150
6097
7175
5323
6458
1647
8887
4706
2083
8484
4687
2159
9673
9700
8182
5846
7170
4601
3182
6144
8971
2260
6615
1771
9939
3499
7762
7496
6894
3880
2981
396
9977
6508
5719
6435
8156
958
7493
6591
9442
2180
8750
9116
8233
6932
1314
5403
7885
848
1548
3209
3109
4515
4980
9400
8014
2742
3248
1260
2974
6229
1656
2951
2738
7376
9386
7246
4686
3231
3837
4129
1764
8939
9597
9997
5871
911
5400
109
1760
3300
3318
1221
4167
4650
621
2182
7393
221
3442
6719
6451
1451
9671
5541
8827
5409
9139
9865
8641
9328
3994
405
8267
9943
402
4138
855
2154
599
8967
1807
269
6540
5974
4920
3513
8156
8665
3734
7951
5384
6537
9402
5055
8430
4581
465
7569
4446
5458
6897
4793
5863
5164
4736
2617
5655
1943
4771
2606
7262
6578
2876
3802
2553
7796
3667
7061
6461
7402
1364
1845
291
7118
3253
8722
8051
3718
2643
8850
9176
9541
3643
1391
1057
4731
4008
3064
3027
8779
5671
289
1710
8547
444
615
6343
4111
4028
2804
1513
5393
1001
8157
8863
4254
6879
6915
4324
9522
5765
3500
5415
5760
4891
6473
6843
5251
9537
9870
4031
1560
160
2093
107
6956
2708
6450
1067
6736
5606
8933
8481
6608
7090
3697
7214
321
612
1539
6195
2729
1391
1611
4841
6283
4436
1684
7886
325
7907
1917
1886
4419
362
1993
1375
3070
4796
2442
6159
6754
7727
992
9714
4817
4689
6929
1490
1653
8468
7686
734
9859
5649
5575
2494
85
3612
381
6762
1519
8650
5000
2290
9013
3346
3665
8435
8142
2459
946
4896
187
1939
4611
1356
2980
7892
9199
4634
2712
6885
5368
2571
2534
7296
1418
8971
908
8151
2085
8779
3153
3438
1069
8518
6784
1086
6954
1278
3545
4252
2526
84
2543
3489
7793
5524
1381
6992
6510
4093
229
1878
3017
9115
9174
787
4438
6434
5290
6523
5213
8443
9961
2634
6962
3097
3720
268
4375
7266
4520
6902
3702
3416
6743
1495
8940
8125
4839
5450
8570
5068
3680
7939
535
9207
8726
4973
5641
4016
7849
7207
8812
4162
9841
5774
7260
3562
2394
7987
7180
3266
1241
7234
6682
7985
5082
5622
2462
9921
7424
7384
1342
7457
5324
1877
6664
402
3203
2305
771
1052
5864
9583
5214
5706
1709
8826
9268
4103
6814
2800
7369
4407
34
4052
2392
5116
6026
1206
1390
9803
8591
2732
7260
3915
961
276
669
4164
8933
1440
1568
4798
1023
3135
504
9084
1961
6124
3187
5127
8924
6909
9535
5310
7313
8279
427
9691
9486
1817
5846
8077
901
9458
1992
8214
9734
2661
8731
8668
454
299
3466
7829
9786
322
6914
1748
6446
6453
3227
1722
9714
2762
7032
3379
7394
3811
3071
6880
1980
8917
4957
9233
4728
3301
7448
4462
2314
6179
9482
2768
2830
2948
598
2617
9622
3864
717
6068
317
3944
4142
6384
3059
1175
9763
453
1338
2834
7333
3319
8104
8642
2552
2832
1943
6352
3646
4257
2531
3129
3378
1714
2429
328
683
2052
4192
1400
4472
861
1696
4967
7245
4755
2494
7009
1560
3832
9843
5245
3503
4299
3887
6056
3483
2182
8760
7130
2792
7644
6611
6170
9358
9040
6498
41
7444
7042
1441
8269
7903
9489
3236
5149
4245
5730
2158
2157
5914
2001
7403
9418
2653
7642
1826
6136
9825
586
9618
8969
8230
6229
1491
3940
1622
7989
333
5418
5031
1774
3687
9286
7616
3275
4435
8213
5357
6593
370
1272
4947
4125
7042
7600
1768
5220
88
7945
5806
9707
3266
389
2288
4757
681
3910
9098
1015
9329
481
9141
9368
9767
6757
2644
4203
4970
8001
7148
5341
5625
2095
5818
2667
6047
3938
7887
2488
8235
46
8547
1501
6787
835
6258
7468
1098
5356
4835
6779
2189
3977
6147
1957
734
8791
6160
2057
3145
9660
3750
5122
1756
9568
4142
4155
3507
2029
6643
8094
8427
5190
9596
1566
2378
2206
5387
3476
7563
222
255
9752
551
2754
8061
1286
7898
573
9695
1043
234
3445
6165
8342
9365
307
2497
9224
8689
5493
7319
3468
7035
3267
5035
9413
5473
6774
9241
9388
6996
5848
5493
7548
8603
3554
5186
6501
4128
1233
3896
714
1030
6413
9056
395
6721
7905
5972
1762
3398
3291
1582
6786
6558
2969
2551
2031
9743
8145
1420
3092
3993
6913
6992
2596
6819
8530
5449
947
9763
9345
8013
793
5759
7069
1188
8832
4975
7160
6946
4725
6803
8528
7863
9713
7850
415
8097
3945
8560
5869
7037
8905
9134
4029
7854
5953
2559
3303
3253
2322
9001
1266
9467
4760
8336
7008
9944
9663
4168
6890
740
7324
1770
8604
3389
9620
9019
1486
3566
3931
7355
6955
2836
6489
985
7042
8795
9896
346
2048
8571
9347
9666
8038
459
4354
5046
403
4017
5567
7293
1110
9243
5415
9714
2632
5036
5085
4119
4954
9016
7826
1909
8204
668
9246
5247
9463
5495
1945
7863
4066
7644
7529
8456
8103
8236
9855
4858
2253
5422
8503
3363
4665
3918
9429
3649
5306
4514
4120
6612
9882
1947
4874
4439
2615
4120
9686
2078
9615
7983
6293
33
1979
3822
8490
6434
2058
8345
1292
664
119
9795
379
1136
65
9809
4785
1724
675
8906
8336
558
7205
3210
4997
9820
7331
1035
8250
3298
5370
4543
9684
7349
4717
8174
3783
3128
2871
5075
144
9342
1222
523
478
1287
6684
1615
3011
3712
6873
7700
4270
4078
910
5619
3898
4593
6654
2148
4244
2024
3043
3928
5725
7761
8454
9508
889
7677
935
1033
7019
2157
7908
7497
9796
945
5464
9160
4657
2338
6860
5279
6416
4122
898
6667
8716
3904
5167
9312
2280
8211
3240
8005
2324
8046
7513
9565
5723
4800
6950
2742
6957
4858
6591
3105
2155
2055
2265
3164
745
5477
8443
3514
9600
5693
181
4668
9597
5348
3980
1877
9911
3572
6234
2235
1618
99
8152
7341
4899
5102
6435
8208
6313
3026
1314
8468
1433
9931
1633
8531
1761
6428
2045
1361
2122
8578
2381
8071
278
6361
9949
190
9933
6183
8777
7903
6283
6930
5244
7534
2032
8031
5743
4697
7409
7057
3166
5194
3340
1151
3725
5101
3931
2122
2814
6053
700
5195
477
979
7908
426
7521
4193
2961
2650
2096
5596
9580
3692
3131
7965
1723
8874
2662
9132
2283
2180
4327
5623
9683
4404
7077
3615
6527
9891
6020
7227
5087
6497
4558
2995
3275
2079
7189
2589
1082
5637
8185
662
9330
1316
4979
1053
6542
3994
6538
5177
6174
865
801
2210
1621
4230
5825
8148
4121
8197
1728
5560
1047
6286
4908
4322
4718
8449
6911
5800
4086
1449
2814
3416
9117
7794
822
5660
8140
7360
837
666
4577
7990
2876
6198
8572
5053
699
2694
3251
2427
4606
650
8713
9514
4972
9783
7963
8236
5583
2050
9685
4750
1818
8802
8896
2640
814
7036
0
8004
7702
929
5994
6931
3480
4567
8336
4179
3613
7939
6606
8219
8589
1671
4086
3562
1455
2049
1798
3390
451
7835
8140
8622
6637
3388
1262
7452
424
7615
5456
4479
8544
7802
7762
2024
8721
6098
2555
8686
4038
9161
3258
2627
833
7344
2541
8640
5745
691
2030
2549
8526
6523
1171
5164
6263
8785
8968
3040
6400
776
7519
1297
8578
1633
9673
3652
4083
2229
2338
8121
1390
5596
7101
8575
9292
9642
7215
1390
334
5598
3939
5212
8473
1462
376
4736
247
5696
7776
6648
6472
1647
4297
5051
9632
3970
5055
3716
2551
7393
8189
294
9342
5290
8869
4986
1285
2437
6376
7971
4387
6667
3183
9212
4481
9912
3948
4729
5608
8077
7729
2081
6076
2026
3484
2061
2348
8539
5777
1252
2284
318
1546
1626
5609
6767
6613
3246
9204
9341
7569
9943
2361
752
9155
6842
7016
3104
1571
2625
7533
5652
1058
9961
4030
4542
2022
2731
9433
4151
3983
1717
4470
5529
9696
6431
2296
2661
6029
7853
2002
3598
7796
715
4350
6952
7558
7719
6408
5481
6696
293
7486
7754
6606
1516
8648
8629
4247
8081
9132
4582
9798
3602
6463
5846
6385
5112
8507
2414
2965
510
6012
7113
1225
6715
417
5135
4434
3177
617
1130
3470
8103
5236
77
5971
3884
5058
6571
1965
4190
1153
8115
4145
7617
3962
530
2729
2469
2945
2046
9331
5309
5511
6909
2024
5929
2044
6458
9106
9013
3940
8929
7116
9176
9006
9440
3060
416
6011
1377
4606
7164
5845
8751
4781
6159
5634
3862
4980
4931
5908
4312
240
1420
7573
2265
3701
9617
5075
2807
8631
5368
1736
2099
4544
7094
7891
3957
7510
3902
1686
8469
1067
7531
3572
2200
3690
9206
2415
5023
4137
4675
9335
4378
2447
6908
2995
6148
2877
8070
5308
7860
3438
3396
6312
4335
491
4203
8292
4353
8106
6330
2822
5525
3862
6395
7725
3904
1953
140
8927
6091
1168
4614
6821
3615
7874
9816
9764
7104
4238
5072
4964
4029
4820
1276
8364
5311
1832
3008
9665
9938
9338
8839
1815
9552
5234
9540
9809
7188
6033
8736
9631
3553
9703
6452
7168
7577
2620
6932
4681
3210
8356
5998
7239
3177
3626
1955
4840
5458
1315
857
1748
654
9697
3563
6558
1283
9456
6367
4823
1841
1456
806
5394
1159
3610
2562
5088
6230
5847
6122
9441
555
2120
3032
84
5746
4988
4925
7557
2655
2134
9305
9661
8183
9221
6220
9467
8677
2587
642
6870
395
1449
2264
1554
5059
1178
6643
7642
3377
2765
3435
3933
1237
2819
369
3335
4159
1646
892
6815
3781
6550
6476
1964
2123
2696
7783
7152
1636
8426
4022
2031
6227
2638
9938
7638
168
2933
5280
3546
5698
5067
3831
3287
7887
552
6622
2046
2199
3867
8861
5980
6769
1690
7944
5244
4386
2080
2396
2374
6858
2770
758
3085
1760
696
7075
1928
3629
2356
1826
5679
3775
2009
5318
1662
2562
8292
61
4761
8511
5274
7093
1632
6964
1389
6876
7703
3469
9272
77
327
2042
7187
9764
154
7883
6840
2083
7864
5548
261
3543
9323
2271
5213
7338
1185
3506
7399
5946
2017
9025
9391
3650
5990
780
526
3693
4250
6151
3770
929
4545
958
694
4700
5193
7534
3135
3058
9434
3396
2953
8757
5667
4519
2447
6852
8025
6198
9150
6394
5224
8541
44
1214
9322
6923
1259
9924
3074
1381
853
3971
8691
1547
8671
3885
5433
1806
3295
4867
5203
2600
9977
7222
7119
2424
427
1496
4975
9577
7891
199
4471
7935
7765
3793
1210
9024
69
636
6757
922
4608
5449
2470
9631
9334
7903
1438
8981
2771
2993
7933
9100
6567
5053
1524
6994
6549
2851
2924
792
3050
7395
5080
7167
7540
6290
2543
7609
6927
9301
8531
1535
4750
7353
1166
436
5257
8956
9417
4380
8301
7350
3480
4869
8755
1356
8215
1657
4208
1139
2449
3610
8534
7529
7130
2426
172
9673
35
7099
5326
4919
4986
76
2272
2504
6864
3881
1461
2633
4613
6114
6336
4445
983
5091
5802
5551
3100
6362
6690
1902
6324
1577
5783
3454
4003
5955
9480
391
9406
4806
5310
4392
1235
3934
6897
8099
7816
4710
7085
8781
824
3421
3227
8160
4864
5381
3711
7965
1743
6753
9867
8067
8330
2002
7874
8686
7958
7354
9077
7364
2160
739
1757
3395
4673
5006
7847
8841
9716
4932
3975
6892
8353
7202
5052
9569
2583
5115
7534
678
1869
3753
5097
199
5756
2971
8885
66
6677
4314
7430
8838
5053
5539
8585
6079
6897
2784
1272
6613
7716
5247
3506
2421
2449
4910
1991
1384
26
5877
8414
1895
5983
3512
8446
1739
2835
3684
8157
9513
7998
5587
4703
9404
7479
3288
5483
4376
6073
6755
7342
141
8355
7200
8915
804
2110
906
8541
8488
3135
6955
383
9118
6819
5182
857
6007
5218
9014
5520
9568
954
6575
8972
4785
6215
807
5513
2288
3915
2855
8782
2270
55
7697
9426
8518
4955
7967
7006
8090
1275
3742
7209
8094
5276
8066
4101
494
3433
5973
62
739
8900
9035
1876
5116
6194
7389
3756
109
245
2538
8731
6652
6587
8158
1522
1542
6125
8529
9633
3752
8623
6842
1847
3899
1260
2300
4393
1045
4626
4455
1784
3526
9842
3660
4994
2389
1050
8751
2498
7647
7641
1230
651
4229
5740
2174
5771
8217
7055
5404
1970
5678
8598
169
9577
9859
8821
322
904
3447
1129
9041
3326
972
9053
4672
9713
6455
3423
8563
4102
1065
6145
1106
1646
1885
9632
3769
103
3039
9174
2073
8717
4124
8594
4646
3983
7415
4968
1240
7215
6097
6633
541
3421
5686
1565
3134
2142
4989
1698
2596
2406
7843
3702
404
6081
9686
4173
6184
9077
9699
4609
4146
3824
3203
8792
4159
6970
112
5399
4185
2562
2032
1078
2335
7719
2644
1822
6213
7633
9872
8809
6391
7715
8864
6795
148
8550
968
6332
7628
7020
7293
1774
844
6848
6919
5003
3819
3383
6755
8004
5945
5139
9083
4633
9210
1727
6455
5423
5712
6327
4233
8455
394
3097
5250
543
7999
2570
3227
1979
9590
521
106
6786
7369
3377
1790
1188
6760
4897
5545
9058
36
4628
3691
5599
6355
146
1022
8419
6473
1607
6874
6867
1056
8476
3762
5408
7398
6990
7387
6989
7511
3845
127
1232
7222
1917
2421
3983
3166
4318
3041
3203
8946
6732
5154
1653
3230
6176
72
9703
7784
3298
2922
5192
1774
6685
600
9172
3675
4340
2513
7538
8185
2641
8770
5408
910
7543
5743
429
1861
8784
9984
807
1868
5138
8812
5098
1314
8884
1153
5450
8534
427
643
308
7112
7595
5833
7139
1935
4698
4677
121
3691
3448
1881
954
7343
7624
1383
9205
2760
1367
6364
4628
6505
5177
6078
4171
413
3583
5974
8948
4010
2969
5608
7475
564
7793
4614
2500
2492
9292
8973
6183
9092
854
3489
6435
8478
4872
5640
1238
2591
8357
2218
9096
3534
4648
9620
3947
8231
5594
9247
8593
8563
4856
6068
9127
2649
683
7979
5141
6327
6952
7677
5419
7806
1166
8206
2636
2391
199
3874
4982
8556
2444
431
2090
7092
51
2389
1675
5645
1637
269
4208
6493
2689
9687
5494
3372
7667
6988
6051
971
4665
7822
8778
2183
6029
7766
926
6228
1641
5909
1136
4085
2692
3226
7530
2743
5615
9205
4740
7252
9474
5300
97
8516
4987
5592
1888
9006
2580
4292
9978
3597
2114
5108
2132
4495
2874
9411
7075
867
1672
8211
1305
4364
7789
8835
7107
3405
8040
8199
7009
3867
3499
3459
2383
8486
5403
623
3845
7983
1267
3823
7932
9734
5283
6416
4229
8157
5827
7657
9025
7499
2220
330
1863
10
5517
5322
9767
3557
3521
6776
3776
3372
235
2511
8211
5638
9487
2056
9973
754
5879
4257
6840
1162
674
7422
5671
2853
5079
4696
353
7299
1378
8568
7309
6895
243
7076
6805
116
205
6933
3489
6792
5797
1700
8783
5284
3756
5108
2390
5987
9366
9231
3501
6392
6653
9172
9245
8084
221
5950
1735
1599
871
5397
4847
1114
2473
1652
1230
9030
8585
4719
2175
4382
6419
958
6018
6527
2418
4761
2514
8136
344
6015
4528
3349
1540
126
1433
1761
2428
3168
9712
3299
8565
4559
4413
7391
6211
5644
2773
1149
6715
4948
1883
9487
2258
4254
6014
4677
9015
8529
2813
9359
896
3694
2708
2436
172
493
4197
2600
3661
3910
2252
8579
4821
6665
2322
7385
8661
5095
8534
1729
44
6769
1216
8654
1023
7230
3331
6390
2111
2497
2101
3008
6191
1161
5444
6363
1654
5994
5315
1668
6256
7567
247
1077
585
8921
4814
5598
4016
3348
7327
412
6470
8543
9067
3845
2126
8750
6588
4237
1247
8689
7245
3790
9851
9042
153
7857
1388
1821
9525
7644
9388
6124
5073
9973
5045
9888
1924
9062
9588
9251
5826
2410
4147
4893
6256
6273
9996
2844
6862
1243
7885
460
5034
7736
9502
1539
1946
7242
3360
1471
1238
9101
7596
6311
5426
8993
2551
7350
4407
8492
2954
234
902
7101
1479
3510
9726
1475
2706
6588
9071
592
3400
4105
4680
2902
1996
6626
144
5357
4450
1382
810
8398
4046
6236
7391
2949
3587
1799
7793
6541
2033
5048
9994
9864
8558
9720
1340
7617
2660
411
4561
6061
868
5593
5315
9216
8572
1812
925
3022
9546
1735
1420
3592
7972
5163
2894
7911
6962
687
4452
5347
5735
4446
5212
646
518
2904
8263
9530
3315
2824
1943
535
8417
3611
9751
6989
5423
7029
6363
4969
8764
4135
4914
3088
9299
7808
999
6261
4847
5451
7961
583
6249
3173
1229
3119
6077
5844
9002
5744
5020
945
2631
3437
4556
8734
6779
6331
5763
9494
7653
4528
3630
2567
7616
2929
6727
4968
5542
1574
419
3503
2157
3021
6676
9738
6140
9105
5582
5142
1201
602
2440
3832
392
3348
2567
3523
9680
4682
3017
7333
5562
6647
6252
9531
5928
2979
4499
1471
4553
4918
4974
6711
7939
8003
2801
432
7108
8384
1926
8310
5338
4366
2142
2082
7715
1061
5605
3747
5744
4975
1080
1306
1622
7332
837
7551
311
1688
9022
4864
6607
348
7927
898
8351
729
7682
5460
5465
9609
122
803
3975
8616
9238
8042
9678
4843
1789
1774
9818
9221
9432
7793
2905
6622
1696
3216
8310
7070
4433
1269
7418
8712
2168
5770
5793
9850
7582
7610
5811
7704
4766
9787
6320
4004
4181
2350
8847
5971
4124
5018
1544
3557
2811
4450
6531
859
4018
4841
7929
4803
6111
5347
3516
4631
7469
5661
833
5051
3272
6645
2755
8038
2784
9076
2042
6965
1426
7241
9288
1903
2259
833
1812
1422
5283
8343
2281
9301
3184
6562
4105
5647
8262
3973
278
5731
9634
1112
783
9258
4109
9890
7296
6893
5318
9338
210
6745
2932
9499
5000
5191
332
6812
2966
5615
1507
1599
1268
1043
8162
1725
6691
6424
5698
3321
8507
1685
785
5642
943
4894
5533
8240
8139
851
3930
8350
3948
6862
7849
8948
8406
8181
2112
7724
148
3619
9323
7768
4663
3837
9494
7706
6613
5192
1027
5121
6877
1813
763
7821
3059
2648
2413
1199
3500
2695
9549
3800
5910
3750
2749
668
8283
1213
8392
8431
4833
7715
6199
5848
7905
2045
3554
4518
7238
933
5991
467
9098
3107
4640
2158
5755
3405
9709
5607
6101
9258
9408
2011
9360
8509
9031
7643
9722
7423
6074
907
1490
8625
3107
9395
7023
6661
266
4261
3947
6257
1080
3045
5716
5721
1555
1472
9126
1264
3431
1579
6874
9191
9942
6234
7700
8973
3877
3775
2748
6303
1034
4239
1281
4142
9986
8304
7155
6604
8917
7454
9214
9997
500
4930
2070
2055
2754
7549
9672
6186
9128
6546
5377
5423
2781
9430
4396
3010
9557
7145
5666
6943
7736
6947
1085
4074
1603
4593
679
6872
2047
9893
6869
8899
1175
5292
7307
3930
2841
6979
116
8321
3525
1845
3744
2658
7627
4493
2021
7184
7990
7687
480
5726
986
1565
6152
2589
2510
6831
9461
910
3076
2682
9809
4252
4326
7116
4534
7167
4095
1002
1841
3973
2847
5585
6631
6827
78
8652
363
8068
2691
843
146
3677
8761
2651
2618
1271
9482
2079
8533
8911
1114
4695
9515
5440
1811
4049
8960
2259
5051
801
2584
4250
2738
5567
1077
9169
4220
7793
7237
3263
8636
3736
6941
7397
6387
9559
5021
2221
7991
3554
7484
9105
8249
6999
897
6413
7400
6209
5024
8803
3362
7608
3054
6101
9527
483
5270
3747
8276
8859
3363
6913
2595
304
662
5334
9863
5683
3908
4206
5590
1392
9663
191
4744
561
6604
8496
3122
7980
7300
6485
1940
354
2586
1468
7189
7856
1567
5466
3067
4930
8731
5663
5234
9393
7349
1450
1429
7609
5656
7019
9002
1672
7210
98
8585
167
8594
1707
8147
2246
8192
6440
2600
7130
7908
6142
1338
9475
1608
4406
758
6691
6421
5992
6084
122
3794
3865
7732
5803
884
3086
7475
8095
3184
6060
4614
8130
4119
2761
377
8664
5553
9329
5794
3461
5471
7133
9289
3431
7891
47
122
4312
6039
2559
4434
6186
6424
2166
8341
3661
5252
2168
8108
4788
8228
2722
9271
8699
1835
9648
7363
7389
5329
3158
850
801
6643
139
4232
886
186
707
5198
2578
9618
5984
5116
6042
4503
3457
9703
6107
5625
7811
896
205
6885
167
8904
8721
6167
2620
6110
1496
2130
3312
8649
8773
3452
9234
9659
9990
9941
1209
8920
5911
7193
4036
1953
8048
3845
8009
4156
5822
2172
5052
6027
9058
1571
1284
7779
4090
3904
3889
1938
6034
3553
588
1159
7005
6174
7170
3348
2467
4731
2268
