3602
9325
574
3000
7433
1232
8952
1418
4225
2451
1295
7838
7301
8470
5496
2285
5098
1427
2358
3838
8127
9988
6477
5777
481
1861
1370
1242
7783
6953
5155
7738
2630
2081
7090
63
9665
6042
1482
242
8494
9129
8081
5795
7599
3577
8081
9050
1356
6791
2888
5835
6780
5717
1613
3613
7578
9335
4855
1713
2640
6362
9451
5271
4795
6542
5334
4460
8936
3168
4702
7430
2297
9135
9578
6249
2713
7659
5299
421
4450
4539
6257
7582
256
4222
1195
4186
9909
2402
2251
2549
8764
8055
7820
3559
949
9507
4371
9885
2675
9074
7316
1325
8209
3246
3926
7274
905
9225
4048
1707
116
6657
9290
6724
7231
485
910
7140
2888
9513
9689
8004
7568
3862
7916
8517
9721
2287
4755
2396
1361
2071
73
5923
5317
3999
9549
2574
9576
3597
633
9692
6606
9923
6416
3837
6761
3678
977
6001
3192
7019
4005
760
7233
8273
5630
6954
561
385
5702
8274
8808
5776
4197
477
9775
99
3051
9352
48
36
5396
6655
9960
1813
492
3073
5491
7822
9074
8683
4841
9431
5796
2074
7705
7778
5380
8266
8163
1082
2892
6971
6858
3442
3800
2986
3541
3203
8690
3589
3239
4086
6596
3199
5899
3441
2624
7743
1263
8050
2778
2456
7482
4926
882
1539
2704
6262
6157
867
7344
9049
4190
4203
2491
7990
3541
6032
1193
2231
5974
785
6317
8922
336
8569
2363
2961
2664
3626
1011
5442
2434
4845
369
3316
6384
9425
9578
2541
6645
3275
1591
835
7478
434
5178
1019
2819
2723
9602
5145
3508
5919
4067
3845
840
6431
3158
3504
6409
4169
8947
8844
9015
5668
2160
1751
5093
8091
4293
1738
1366
2236
8926
5196
2670
456
2567
1841
3179
2169
6986
3040
4440
1054
3237
5281
3837
6395
8785
246
6916
7732
5442
2283
9752
7603
4035
1198
2046
8328
2936
9764
6916
8214
4960
5938
8670
3879
7780
8202
6048
4766
7594
488
2172
831
5769
6009
7226
4555
2608
494
8639
8050
2778
4744
2005
6813
5942
4051
1493
5230
3815
8409
3445
5127
699
8467
9006
8479
3021
1406
9598
615
8247
1770
1446
4016
4132
5024
4923
6740
5519
9915
1142
8297
4659
3148
1462
6953
7199
2955
2183
7367
7716
1980
8846
8415
448
7853
3247
3469
5611
9197
4085
3858
7319
1883
4227
1451
6908
5502
4543
8779
5417
5686
3428
6428
8834
4890
3381
2385
4197
1917
6104
8265
3897
4951
3032
4345
9156
6279
4167
4767
1828
4604
4978
9148
6487
9205
599
9747
4707
1495
4878
6477
3533
8306
9257
8719
9548
2639
1104
3745
908
3561
8362
4805
4864
1395
5503
4020
4026
9670
5139
5855
626
117
5003
3465
5674
1954
9565
382
3449
4443
6859
6982
2750
2468
5701
2298
5107
3158
2396
2367
3071
758
7173
7935
8505
2676
8307
2532
8698
3446
4739
5676
9916
9742
9141
5590
8048
8706
2324
1498
9502
5535
4832
2252
8004
6886
902
9463
44
3298
1831
3115
409
9004
7402
8914
8032
5709
7798
6730
9155
2537
8758
5423
2279
4251
1014
328
9310
3338
8178
8812
8874
3010
7416
6878
6248
8318
6341
2644
7969
8172
5759
4730
3528
9513
3644
1560
5222
1443
4642
730
332
3400
6153
2612
7652
7167
9292
6962
6858
3822
2126
5732
3184
9542
8962
9433
4212
1655
2077
2181
6180
4189
3263
9708
3702
6908
7621
8925
4703
2263
9655
5035
2016
5808
3999
6020
9328
9643
2982
2538
3465
5108
4622
6650
1002
3584
6083
5214
1591
8160
3748
7771
8701
7011
3832
2404
271
