8378
8276
2657
331
6325
6502
4692
481
2325
6865
1885
4704
5923
9808
5988
3702
3898
6244
3943
2188
8630
7496
2776
6141
854
5302
9663
4202
7769
4394
2822
6147
9023
5479
2831
5348
8334
7523
2181
659
4388
4066
1715
311
226
4056
365
4124
6652
4308
2664
5283
8157
5441
7776
9011
7095
7440
9565
4865
8186
2387
1012
3561
4219
3843
8909
2553
7719
7442
9564
2107
1508
1279
8771
8086
1687
9136
8562
8340
9797
1227
9975
7954
3020
7751
6965
115
1543
2882
4980
6082
5269
5993
9643
5840
6188
4905
8393
259
2347
4309
2367
208
1941
7490
8294
3628
2978
6857
8320
2775
8084
8295
7081
1104
6047
398
1219
3942
3280
6200
24
8550
8545
6020
4390
1085
925
9136
1345
3272
9797
64
3480
1738
3906
1775
1719
6884
8632
39
6012
3068
8335
3093
4172
734
3492
1743
4676
6772
7943
1053
1674
2840
7073
2417
278
7998
7905
7975
1270
7702
4391
1103
5793
8297
9230
7512
1533
7862
3903
7545
930
8590
639
1454
9324
483
3197
353
7255
7493
1406
8930
6685
8479
7699
6963
2829
5604
1290
451
3306
5681
1554
9099
3978
784
2963
5512
4998
6867
9409
2280
5457
48
3734
1134
531
3284
1487
4139
777
9245
9421
7462
7724
7120
778
6905
2724
2068
7356
6030
4102
8911
1482
4432
6047
4445
6296
1046
7664
5706
9678
9474
2106
9765
608
8990
3049
8447
3129
178
7692
2550
3992
1768
6022
4770
8673
8746
3191
6029
1128
3645
1292
2610
8077
7340
3408
726
4738
7424
6432
768
6898
4890
533
3858
3880
3582
8657
3361
3760
6349
2263
7753
4469
8285
8875
3142
3383
8418
5524
4512
8415
6816
7122
2845
508
6882
3571
1598
4307
6355
2367
1205
1245
2900
1416
1478
2835
73
4839
2947
6423
3455
7052
892
1740
2280
387
5124
7050
5911
5988
5466
9079
3110
8311
5940
9993
1882
3890
4300
4589
2609
1857
5834
1862
3273
7312
4697
3347
8504
7644
6122
8311
4697
3366
6403
3329
3753
7879
379
6016
3867
5845
5096
3330
4156
7388
9675
2390
7630
3975
6979
240
2184
9166
2102
1810
2830
6799
1509
7686
795
7631
5997
1844
997
2401
5173
1103
280
5553
7119
500
1398
8567
3830
1907
2307
3505
649
9938
3832
3981
178
6016
9499
8632
7826
2329
1783
9335
6368
2578
3318
2365
775
668
1118
5948
1771
7751
7853
5242
8251
5604
162
2081
3863
2469
5586
864
2407
9418
4845
8937
1786
4344
7569
5965
3026
9352
1652
9394
8283
4971
1759
9058
1991
9230
1358
3762
6981
5564
5356
5232
1168
5518
7313
1383
7988
2899
2247
6747
8669
7093
2037
455
7789
5958
6420
815
5311
8073
209
9946
9396
8321
5356
1387
7551
6714
1501
884
2278
6857
6116
9798
8728
3429
1181
3068
2680
3429
6167
7701
6874
8204
8156
4663
4163
929
5479
5826
9002
2040
5772
4750
6713
1128
2489
616
4194
3990
1500
6473
7199
7616
2623
5927
7397
157
5347
6429
3586
1515
4130
460
9719
2287
1475
234
3216
3306
6060
8570
1699
1832
9672
8412
9312
2161
9029
3507
2503
6881
6332
9702
850
8955
1982
8247
9112
7329
4677
9050
8844
5159
5862
4916
7446
7338
5150
7014
6996
1211
1936
8695
9395
7960
3460
8708
121
2489
2215
2624
5722
4899
8679
6572
3854
661
4820
9319
4342
5849
4721
3187
1008
584
4455
4807
4274
5957
8173
7622
7168
6462
6318
2916
4422
9778
7976
896
8619
6543
9872
4341
1442
8551
914
1648
5564
2086
7319
9907
4287
2041
9446
1647
8977
253
6454
9603
6210
980
7225
9731
7442
9895
2647
8216
9673
623
9112
4644
3518
8985
8986
4960
3888
6252
2960
9453
4690
280
5712
5329
2321
1510
6976
7650
1763
9783
7253
7973
763
4478
7704
4557
4374
6703
2773
399
7326
1886
5044
7196
7223
382
2156
7463
2986
5117
3268
4028
5397
5332
9357
4070
6842
6333
1720
8605
6116
5325
2931
3231
9803
635
7788
529
7339
562
7281
1017
8800
2325
8214
2375
9059
6722
9838
8397
8191
9459
2425
9940
4791
1782
4010
1634
4467
2082
6591
6936
7407
9522
167
3563
6510
4308
444
201
4870
7725
1218
22
6402
5784
2397
1813
8859
8587
210
7050
8046
2635
6991
9190
769
7353
7176
1589
5788
3767
4877
9547
9642
1396
9462
2504
5704
9907
2705
574
3984
3923
6948
6739
6060
9345
8552
4919
4285
8763
8321
8683
7750
5312
7873
4872
9018
5049
2813
4806
5169
7690
705
1163
9086
168
3667
4791
75
6372
1717
411
6647
8666
7150
2707
4363
2055
3978
8648
7170
2300
7332
1272
3964
5205
2496
2982
6607
5309
4140
8128
2999
4846
9291
8438
5014
9310
9581
1441
5682
1298
1852
8681
6316
5355
7741
680
3762
1719
5680
932
4019
3012
2204
7984
4570
4701
7318
7529
6362
1459
5657
5714
6305
1300
4152
7671
610
85
9112
2644
7735
7316
1325
4052
9023
9066
1084
2785
786
3116
69
1157
6129
8626
5493
7051
9679
2812
4580
6041
623
237
8107
3280
1537
8611
951
2147
8696
6415
4791
6432
83
2468
6836
5459
1535
4272
4596
2321
7388
4666
9830
9869
3292
5324
6920
9323
4488
1500
5364
5111
1737
3472
8391
9626
2083
5694
8125
7132
8461
2916
3564
4896
5385
6752
355
3272
1024
4952
1945
4764
9618
1775
4634
9262
7099
1554
8585
7939
3055
301
3050
1144
125
7793
771
8561
9839
8896
5693
8300
8165
5609
3197
9902
8713
9904
3174
6089
4856
5119
853
826
3246
1839
6440
6698
3394
5025
4637
2801
1679
4040
297
1804
8185
7420
6717
8025
2669
2410
2677
7186
4371
2226
7088
3084
2131
6614
9173
3339
8085
6379
4166
1331
8218
606
4381
1612
1984
9019
765
15
3059
1063
1819
1244
8483
4889
5621
7504
7299
8299
4690
8023
525
1778
1107
9008
4744
6633
2348
9181
3012
2866
513
1230
3472
1246
2843
1808
265
9960
1823
9676
1023
9995
7273
5859
4884
2894
9715
8535
7545
4406
6558
4423
2536
4018
3431
7281
651
2131
6462
3663
4997
3327
4893
4822
4574
4088
2982
1191
401
1158
868
7776
1153
4493
9987
2389
3739
9703
7276
1285
4109
3835
2060
6645
4205
1843
278
4856
3975
6741
4871
5324
6420
6116
6498
7346
6557
5833
8538
6958
6991
5758
4734
4496
251
4722
6885
3990
4425
4161
1627
8534
4348
3687
1531
8553
1883
1810
9761
5858
4903
984
7534
7675
7101
385
5022
3658
6218
3560
6968
3209
5670
1702
7705
2273
2776
942
2615
7201
5103
4243
2087
5804
4282
9971
709
6165
1781
471
8375
3036
7807
2262
711
4908
2647
5733
4918
8865
5645
1886
8426
1315
3589
2483
9940
6365
3425
2556
9919
4880
6799
8358
684
7433
8329
7746
3599
110
4569
8326
9498
2376
588
210
7285
9587
2295
8555
4804
7941
442
9582
5608
383
2065
5549
3100
5490
8105
3019
6723
1256
7730
3759
8689
6059
1505
8640
2522
6074
3319
2020
8451
259
2230
2088
9847
4526
643
1003
8819
7437
586
779
7820
9003
2680
7273
846
7137
6644
7569
4745
4374
1328
9787
434
2834
4779
2956
8908
8098
4976
3711
4710
3559
5799
909
4437
2795
1912
9608
232
8850
6739
4405
7854
9420
8030
8700
2909
4674
6269
7655
9049
3949
7442
5835
6783
8573
8791
2044
6672
119
5755
1382
30
7907
8643
4467
7054
555
427
3638
5758
7167
4395
3612
2939
2425
8664
5848
7100
4933
9855
6149
8882
3649
8336
2018
2223
7127
414
5247
3598
2521
2981
9981
428
1624
800
3834
2179
1228
7473
4289
8395
1868
7901
7686
4294
6565
3534
7746
7850
9742
247
3085
3391
8583
1455
1966
2062
1869
7213
2012
4390
194
1993
1171
1818
2794
5005
350
4022
8830
4639
8769
7051
8893
6455
7697
1810
6341
5443
9661
6083
5690
9098
5827
625
553
7793
2687
2422
5007
4699
3164
1553
6693
4335
3372
9487
5693
74
9861
875
1065
8630
7926
6310
1437
5623
8121
4130
7418
7782
214
9460
3232
2393
85
3785
186
2772
2559
1545
3824
5723
3099
517
59
2823
6356
2104
9249
2569
2979
314
1199
906
6625
8988
2881
1098
3118
6652
8880
9684
6112
8464
2077
6198
2249
8616
5322
4808
161
9146
531
3260
6015
6942
6083
8723
5398
5332
1292
8378
1999
8843
5636
4976
7831
4869
6074
7302
1521
1306
6986
7634
9770
5416
184
8371
4032
5506
3179
4193
1005
62
3806
3372
3357
9889
2096
8755
1574
3388
7133
9925
2232
9121
1253
6415
3991
7327
3717
5512
4985
7056
9498
1107
2472
9682
9478
2856
1541
9009
7049
8898
5423
7207
2270
8780
3449
4366
3888
1375
4107
7373
1300
2691
6495
2553
9106
486
6232
9176
5998
7569
2584
1849
8676
1408
1531
4506
4264
9424
3515
7665
8322
5290
4873
593
4071
4674
1311
4311
6049
1770
1684
7349
4461
8179
6254
9920
8665
8838
5448
1016
6407
8032
2865
1435
5792
748
2293
56
173
2160
4073
4847
7450
5298
1792
7873
9972
9456
2184
6021
1226
3869
9722
5688
2048
5976
1960
7066
1166
7408
4434
3925
1792
3651
5360
7584
4399
4005
3992
924
6165
4417
5772
3616
6068
3916
1489
6040
3372
26
8414
4599
3895
8136
6639
2295
465
8599
5713
7983
2359
147
1909
4151
3798
3621
8087
4550
7627
2079
5474
144
2848
7598
3760
8916
1515
1602
1309
1239
1628
9723
5838
1875
4211
2477
522
1028
7428
6236
9012
9787
6383
7273
290
6534
894
8377
1084
4873
6808
2910
5018
9657
6861
5130
4925
8376
3084
6234
5967
1064
5957
1806
2939
6521
635
9814
7549
4416
6050
2913
555
8785
186
846
5319
7433
5575
6403
8658
8736
5666
3676
4745
2527
5159
9670
7255
8243
5905
3222
9308
1862
1380
8599
8383
2016
8413
2285
6432
815
5198
6987
9601
1737
4185
4920
9170
6113
7676
4180
4849
9694
4209
9594
2221
9368
9264
9476
7611
5169
9050
3271
3384
431
1871
8119
8799
6636
404
5231
7452
1955
8570
7053
3692
9108
8325
9214
5221
2353
3394
6422
2047
7603
6016
620
6971
1632
6448
935
3154
5499
4206
2890
2282
2429
1009
1081
5418
1414
2664
2870
9721
1234
6275
3413
6694
952
2627
1915
3306
6021
8337
1705
3625
705
2326
6948
8690
8774
7883
1844
4273
8442
4734
6555
7223
2095
3988
2641
9861
6652
5511
9582
4239
8138
2995
933
9091
1974
9201
2397
7996
3890
454
7973
4596
2780
4921
9638
1555
9157
1482
2180
7599
2568
5088
1174
4663
9076
3816
4525
2081
5679
4107
6320
3818
3455
7253
9261
5429
2806
8010
9777
6697
8464
7750
7645
1245
9024
7283
9152
4533
5117
7684
2132
4037
9124
9658
8700
8201
3474
9577
6634
5506
37
2954
9324
9844
6559
4937
5273
9366
2947
1403
6063
1411
5505
3708
2656
4529
7343
8160
9062
8812
5845
7546
2849
4969
3557
1549
9522
7031
7479
6156
2537
7516
9110
8213
3712
5670
9502
8985
1388
2449
6740
7451
3861
2246
7511
2869
3127
1206
7382
8542
18
3227
2440
2867
4548
5997
768
423
9381
8247
6579
8270
2115
2042
2836
5827
4064
2338
1165
5452
4788
7905
9255
5001
6503
3118
4222
5983
4324
1604
4525
4342
1183
3317
3561
5732
9315
4329
2507
5048
2577
9086
3318
1044
7480
6154
6872
7896
8493
4389
3348
9633
8646
8955
4634
5150
2073
5208
1133
2749
6813
2010
7091
4348
5327
7004
6432
994
1334
8939
6042
263
4378
9361
1307
1858
1867
4531
9755
6712
5272
9455
6345
3919
4763
7331
9069
3188
2540
6554
5938
5705
8564
9381
53
243
6386
2838
1238
4072
1777
3632
4335
6155
9345
1994
4366
1213
2878
473
7925
8150
6280
623
8421
1043
4306
3842
4232
3198
396
6522
5255
5312
5903
5309
5556
8641
4499
3146
2713
6276
6778
7048
8784
6124
5395
3150
3689
8273
3623
7966
2775
9903
8589
1197
7299
9248
5039
7883
2446
1788
4405
7702
7100
308
9363
9008
8950
3862
8506
8015
138
1637
5064
5274
4113
459
8424
7802
5084
8399
5768
7859
4655
710
9056
1954
9958
448
6189
8756
2236
594
6458
9336
7254
5821
4697
2556
6035
3203
572
2526
4840
1988
7800
5305
2447
2577
3107
3883
976
5228
1742
5631
5938
7151
3937
2248
7599
126
1004
9835
720
7463
5523
4327
9636
6572
6883
2024
6128
3807
4550
7320
5795
2350
2626
8242
4927
5733
2125
2256
961
220
7887
3251
7371
8177
5499
1322
8303
6504
7509
5376
319
3032
9703
9955
5957
2938
1979
2085
6746
2881
9405
2541
5232
2031
7136
6511
4117
5613
5119
5078
2185
3007
4682
9556
1184
181
7230
5839
6685
4739
1215
7004
7772
7270
3312
3729
209
1643
2166
3307
4525
1571
2200
6109
9955
9336
2620
4072
1302
4092
5502
3487
7099
184
9396
4635
366
6626
6826
3403
1366
8042
408
5490
1664
72
5571
8225
1715
7737
1532
6240
9308
3733
2349
9263
9421
1322
9687
7075
5414
5190
563
8865
5374
6311
3500
5740
2937
6678
5496
655
4720
5904
6145
6385
2328
1716
962
4043
5805
2495
284
5114
2580
8985
729
8353
307
417
5429
5721
5607
2344
938
7333
5007
4438
9426
4296
7469
4922
4952
2189
826
7449
4926
9506
5518
5889
3549
1323
4736
185
2789
3668
9171
3519
2021
9478
288
3802
1552
2247
6146
2490
9580
1153
3281
9006
1802
750
3928
6754
9291
1106
4203
4218
612
6073
6459
514
7397
7547
699
186
1215
9870
57
3236
9349
6697
7039
7253
8944
9537
9743
4877
7043
3024
3883
8845
126
4164
1951
9418
1622
2506
9988
2235
8580
2799
9101
5977
346
9800
2515
7913
9671
2573
1149
5372
5622
4540
2625
4567
430
8720
9444
3825
8097
9679
9022
8223
3843
973
3993
1818
3479
3981
4053
2059
6780
3154
4388
3478
9306
6904
1391
8977
5829
8893
701
1451
9785
3326
2370
6567
8399
1814
392
6496
7846
9414
1071
1689
6739
5065
9859
6571
9046
3912
8630
2179
3418
9371
5657
2725
6275
3401
8054
8456
2294
8756
9907
8431
8434
2278
4999
6833
444
5391
9681
8290
1158
753
6332
7897
5818
6191
820
1216
6456
9451
9747
6226
5174
1757
5303
1449
5158
3358
6257
3804
8466
6164
2235
3252
4794
7234
6438
5239
8978
6119
9881
136
3224
6213
4385
5394
8757
5206
6611
5213
1009
6358
1439
2535
4467
6743
3984
9625
6453
6593
9781
4919
9109
2017
4523
3904
5603
961
5495
4581
7081
5376
1069
6657
7942
1807
2052
3051
3365
5015
8264
726
7725
6055
3261
2193
9150
3597
1818
1955
190
7952
3226
9299
9969
7750
3203
1924
8711
5050
6506
2144
6779
3927
8802
1073
5734
854
4124
5451
5869
8740
6177
9946
1147
9438
2139
298
3035
310
8605
9577
8262
1832
8877
8231
5934
8432
155
4645
3483
3013
3142
6614
3293
1944
7687
9027
9150
1811
4479
1371
6903
7008
1317
8050
6447
9809
4700
5834
119
3306
5412
8381
1490
641
2964
7424
9073
9471
8421
8908
2485
1563
5522
5778
9859
3209
1157
5361
1372
1988
3084
8275
5349
754
2678
1796
563
7378
3982
682
7036
5746
9063
4878
6387
2027
2302
5461
7850
7076
4369
335
8639
6244
2465
4851
9453
9975
6564
7178
8315
9649
1805
3664
403
4483
1812
966
8214
5795
1648
1602
7893
7063
6481
4281
5442
5135
6094
3292
2211
6815
9980
7203
3059
8797
8406
8865
8772
4970
2395
3440
4619
4200
7104
5022
5036
8917
2340
9602
1064
340
1204
8957
3755
4037
9590
9197
5525
5684
2490
7736
8852
8822
1291
1911
7619
9697
7128
2744
4668
9523
6184
5639
76
3288
7014
5112
8557
9354
4714
9621
6047
2270
4931
9802
2660
4521
9000
8185
6558
7842
2273
5410
6664
3565
3673
635
3262
802
3379
4282
325
9563
9922
6753
9204
6936
1865
7761
2642
2931
3735
8689
1554
5018
8492
4214
5891
7492
8751
2449
1686
1024
4211
8350
4589
4237
5337
4204
5039
8717
8486
1716
4632
4760
8470
3836
1696
6687
7950
4339
9619
1685
9380
7525
3055
7872
8091
8946
5364
6842
7748
3402
7866
1959
1752
8808
6196
7090
3012
7587
2159
7850
5656
6791
2611
478
6980
659
7165
4930
1350
3136
2967
731
661
6022
4955
8752
1320
6672
1946
9068
74
9813
1028
1827
8621
3576
5269
7985
7516
3780
2187
3172
6923
1150
3650
3903
1810
7167
5185
9512
304
4504
6595
7317
6878
1551
2422
8199
8223
4368
7267
4649
533
4647
2828
5506
4576
4449
9843
8444
8229
2031
1616
5153
3181
1618
5408
1343
5137
6946
7208
1793
1450
3803
9111
4681
1706
7885
9232
6281
8605
6499
931
5491
7499
111
7349
8427
4561
7193
6871
2790
5576
4839
4295
8757
6457
9704
6453
7946
3002
3661
9740
804
3816
5203
5485
1875
3088
4717
4508
8045
7569
1791
9888
1420
1903
7238
9847
6464
783
6718
9254
6359
1557
9902
5116
4366
5958
7921
2312
8960
7934
2052
9764
1751
7255
1602
9978
6695
2671
4486
1093
6592
6278
981
8012
4533
4571
7859
997
5354
4577
6603
1713
2486
6505
3182
6852
8815
1103
9165
7775
9038
7569
3892
7141
1177
1846
7119
7872
869
1605
5317
7462
4235
2651
5474
5120
7222
3334
6117
2577
4263
9073
4290
3102
1930
7472
9954
746
4928
5471
4873
3966
3041
5117
1107
4218
6963
4578
8442
7833
2535
112
5295
3123
2763
7121
8243
9985
6807
4361
2562
7423
9786
3205
525
1716
677
479
8814
5605
2303
3688
5923
5344
8805
3382
5914
5769
7960
708
9954
496
7172
1601
9971
9935
8722
8214
9921
1882
8927
8835
9305
8713
2040
9830
6782
9070
6661
5596
1027
8964
9284
6951
660
8090
6685
2926
211
4646
9987
6517
1494
7159
8118
7817
3447
3192
6031
9720
5074
4959
8555
731
3672
6948
6913
454
6018
3575
2403
3397
8891
1687
348
5904
6129
3386
5182
2692
4384
1521
9209
2230
5033
7327
47
8480
6872
6078
8200
8298
1037
3107
9030
1062
55
5943
7868
2425
5870
271
5823
1114
8311
2523
3370
4440
5909
4904
7133
293
6426
6342
2523
1459
22
2570
6291
3246
5001
4491
1544
2390
7598
6926
3452
4006
2870
7673
6431
5092
7944
8606
6206
6255
1130
5928
7048
3391
833
533
37
7259
6875
2560
5070
3249
1483
1361
2847
6484
2204
4392
8874
9802
1318
8679
160
540
6352
2944
5633
648
1550
8191
3256
9032
4120
304
8776
1305
7189
8813
8564
416
1373
9986
3666
9208
1347
6513
2044
3551
7257
7271
9705
8576
5950
6218
5468
8654
9162
1101
9302
7064
5645
8910
2449
6117
5566
1225
7422
2755
38
2338
3172
7763
2324
3190
3324
23
6055
5368
9926
3313
2639
5983
8241
4941
2201
61
3595
7715
7515
9250
4780
3160
4512
3581
5629
79
4806
3051
9186
1196
5389
8710
5311
4065
1900
8635
4088
4308
356
366
7621
2995
6349
2214
4289
8551
2275
4236
2618
6142
9838
7398
9302
4351
7331
4931
782
8489
4334
9968
9685
9723
8679
4997
140
6931
9984
4228
1239
340
4594
5212
9688
7296
7426
3977
2199
6054
8213
4817
2196
4404
8568
7851
8755
5899
9134
9537
4389
9821
5857
426
5896
888
1775
6037
7820
1760
6617
9059
8452
7564
4272
8140
4860
8050
8469
7059
456
3035
1876
9005
7439
444
3208
6194
2696
8694
2083
7085
8515
4292
7511
4412
5181
9287
449
9353
7399
7066
4764
5851
4630
5388
3992
5842
9791
2461
2901
247
1848
1130
5604
9287
7926
8812
1833
622
3859
268
4059
2374
4561
7923
6786
6094
3562
3587
5447
961
654
6563
6812
1636
1952
7156
3831
1743
5970
3084
8342
7818
4214
3947
7106
8493
9111
8939
5467
2970
5560
5879
1697
121
3802
8483
2567
7364
2071
4366
8325
9077
929
1489
7065
2881
4998
896
4624
968
3981
2967
8786
4547
3266
2244
9392
2377
7536
4860
1700
3096
7091
3397
9569
893
8232
2136
4609
6655
6502
9286
2084
3783
775
9150
6665
5773
6398
7641
3093
6731
6960
1880
1279
226
476
671
8956
8012
1883
7008
7460
8974
405
7029
6219
4989
5517
828
1645
8371
114
81
2155
7242
9231
5172
9367
1982
2813
2461
8713
6126
693
9992
2704
7521
7016
8012
1886
5251
5020
9346
578
1777
2728
6797
6767
8245
3978
4764
2969
444
4845
5124
4038
429
6648
3406
2411
5813
2219
1124
1939
9264
7469
996
6785
837
9008
8671
6088
4029
4370
6666
2158
7098
9816
8925
1695
146
41
4664
590
1239
6140
4629
1668
2788
4387
431
4954
2958
1555
6893
2222
5376
4241
5359
6213
3250
4031
2302
7279
8401
5320
9437
1851
1488
4715
3546
1634
1108
4563
8577
2347
7055
3206
367
6196
3945
798
1150
6903
8706
4395
5477
4082
8637
836
296
1887
1219
8950
5518
5972
622
1307
7823
2111
2374
7722
97
9835
8637
8674
8534
5692
8232
8902
8240
2177
6052
9390
5432
1110
138
909
5193
8775
8098
1841
7014
9317
791
8884
5290
7765
6543
9465
9876
8918
7187
6326
8753
2176
1352
7287
4221
9585
2541
2461
8114
4946
1852
9899
6056
1990
808
1249
7117
5258
9442
4131
4576
6585
9367
6218
4351
5910
5683
579
4828
9223
6905
9933
1399
8258
3573
5620
4195
2466
8082
8661
7412
6286
8560
3469
8276
5721
1070
1745
979
513
2228
5555
7098
1595
1773
1449
7505
3809
8381
8686
3032
5286
8619
4431
9896
8544
6404
4091
1011
838
2753
4775
7124
7665
4596
1752
3386
5667
3497
4366
2532
5725
6273
5982
7320
4399
3784
1177
8208
2165
9863
1240
3803
4835
2023
3700
3379
4779
4143
742
5617
3248
1870
2741
914
6466
845
652
8485
4342
5018
7369
6419
7644
3352
91
8395
7136
1269
6603
5653
7484
4195
9456
2319
2570
9508
2051
3702
4
9145
9319
3252
1015
8413
518
7482
9258
1171
2319
9953
2541
9689
2724
6537
3041
9168
4932
6529
6789
1535
8534
4273
2082
7990
2945
1005
3851
4996
4707
3855
4141
4026
3459
5157
8791
3978
8991
4402
1501
1310
4355
4042
7351
3431
6932
392
2599
1864
3273
9388
9752
1807
3662
1834
6150
6607
9191
1
7955
3898
208
2096
4277
19
3605
3068
349
8948
7470
1850
6611
8177
2245
3962
7961
9177
707
560
1041
3980
6301
793
2140
6315
8980
8290
9274
8171
4643
7229
8422
1203
5677
2699
1222
5635
2119
1572
935
5942
9774
7546
471
2019
7861
8432
7548
8568
5345
8590
8900
1646
5735
7392
7961
1067
5682
7235
5591
6677
816
4013
4232
6493
3064
5455
8480
1535
3379
9416
7477
3153
6962
7949
1525
1175
2733
9073
6095
8078
4015
4996
6076
9751
8740
4037
7170
4423
7624
2761
7452
4792
3126
1685
1286
2542
3492
6118
4078
3223
5534
1555
2728
2497
5856
4253
24
8590
9679
6120
3020
3694
7468
9097
9797
6208
9486
6968
6983
3463
6081
4436
8255
5560
2473
5893
8102
5965
2012
2180
5540
3898
3736
8268
6395
5944
2522
2772
886
8553
8892
3907
8599
6360
9356
8397
2568
5194
1717
9552
5009
4150
340
3265
9710
9165
5510
7813
1482
3874
9993
7022
7773
81
5290
520
2378
4164
3292
3264
2717
2184
3523
1317
4896
9231
6066
3817
4426
4135
3369
9435
8285
61
9052
4348
9226
4563
2161
708
4789
8506
4082
2562
8588
9372
3083
966
9889
2727
582
2606
1264
4106
275
6160
3337
2693
9977
4115
3180
9698
3551
1466
9759
8955
2166
5337
3518
4327
2397
4660
9185
6479
7222
4125
2204
6657
5091
2093
9385
2026
1051
649
6132
7679
3161
5821
372
3139
9937
3553
2837
9840
1371
8949
8795
3537
638
8666
4216
3036
9678
3401
5867
6900
7527
8071
9910
8970
164
9295
7348
7568
6296
9832
5247
9457
5654
5619
8948
1943
5524
1786
8135
3247
7087
3282
6784
7725
8300
7352
761
7978
7106
2981
4879
4633
1052
4789
9955
7569
436
7304
5137
3084
7136
6736
8893
9142
8707
7842
7437
4232
5980
5572
7479
3067
8855
616
792
7155
7968
7906
1486
1426
887
6365
6059
8291
7506
2367
2212
4294
6023
3701
3730
9511
437
2623
5006
9145
6817
2443
3377
2797
4368
7208
2216
9575
7824
9361
3082
2145
3619
4568
3571
858
933
5983
9149
4791
4702
7714
5437
7077
1415
9167
6588
1853
8143
1594
998
4960
390
727
4110
4758
7935
2678
4333
2112
2039
7415
609
2010
1984
532
2868
9269
2867
8370
4061
7569
6084
9498
4646
7499
5018
7587
5704
3161
5533
6702
8121
5923
3781
8583
681
8069
1262
5014
181
3301
8782
7142
1664
766
7674
4532
6387
542
2902
448
4463
5338
6299
5462
9190
1317
3049
4894
830
8582
1597
8951
4506
5378
7535
1539
3447
5149
2906
9980
4802
1688
3474
6466
8806
1149
999
5193
8043
253
1994
8858
1944
4645
4320
1134
5962
7369
6028
3144
2304
3977
2095
3162
9356
5982
4701
9155
1131
7607
5488
5934
9295
8962
8752
4453
6463
6103
9647
858
6357
1641
9717
4653
6286
4037
5787
8600
7759
1815
1744
63
5793
191
9577
1501
2526
4278
7008
9
8238
8848
2295
3885
4163
1048
8339
626
7151
7986
1485
9860
5979
7554
4513
8617
1591
6652
3569
9350
8468
5313
5765
613
1856
5342
8466
4382
5973
1826
4392
4211
675
3039
8096
1190
4087
6435
1816
1239
773
9653
7451
6752
7207
1965
5369
5151
8617
8938
853
3437
603
6619
402
8812
8313
5220
3194
4286
7047
3938
4849
4074
6978
2946
5264
7417
9381
3432
5008
6507
9438
2460
3259
2997
777
4981
8148
9394
271
9002
9184
7227
1973
5938
6039
286
1159
5585
925
4558
5876
5774
4984
9206
8720
6600
6623
4454
6384
1632
7313
5822
444
572
8820
1221
1905
3320
6967
8529
2322
6151
5756
647
8442
8147
934
5953
3732
8211
6863
5960
3985
1847
5166
9058
4799
8142
9864
1183
6126
7177
7006
6570
4101
2178
7791
2359
5498
4758
888
4173
7262
6644
4820
5704
4791
2106
8009
4875
317
4872
836
655
6719
2354
6065
7870
496
2281
9053
6622
5810
6059
3192
9911
8237
7335
2270
88
2094
3158
4261
9356
6154
5433
1412
7297
7540
9421
2173
4209
4293
3009
1216
7364
1715
3633
5234
2212
5914
4287
5186
1724
6699
4731
7988
1288
2066
6610
1376
4160
6121
5637
9868
2275
1071
1280
5925
4963
701
8098
9172
1346
7459
6741
8710
9174
374
296
7738
2641
936
2925
4365
7635
7656
8705
8923
9722
1668
300
235
7789
2289
103
6416
9712
1384
2341
1027
2085
6791
6552
9784
4250
3293
8494
9777
3667
5143
7515
6308
6079
6792
7026
3714
4448
2083
8989
523
3751
5641
758
7892
4283
861
661
3995
2245
3002
1375
683
6146
7927
6819
6748
1220
1665
6525
1239
6808
393
7548
2887
7185
926
2953
7986
3009
8295
8509
3113
3936
9267
1005
8219
6480
1666
8567
5078
1021
9942
2113
3519
7869
8932
267
5441
597
6793
6680
7406
3538
580
6645
723
1506
9599
8709
868
4246
3570
3981
8182
2837
1338
6402
5670
9357
1321
748
378
1263
2861
249
5484
1793
516
925
2390
3661
3957
9796
7199
4538
2794
4275
2396
8745
9336
3264
2991
2907
3597
1173
2096
4936
3927
7766
4293
5248
8514
1023
2863
7727
1272
8347
9520
8140
5624
8263
1802
9582
4411
5353
4120
7205
9628
6516
5950
8965
6133
5293
1872
9730
6467
320
4666
6746
8087
5311
1995
2953
2686
4858
681
310
9558
6553
8451
5182
4816
6605
4764
9228
1958
8884
6433
7939
1753
8736
6904
7886
4029
5128
7616
6848
5448
8635
3595
3535
298
1942
2841
9337
3152
3522
9647
2710
75
4450
7893
4892
7407
9009
472
9366
4246
6905
7305
5999
1993
561
237
2375
2041
4205
9223
7489
2840
9170
7377
9491
1112
218
8828
4265
92
4827
6975
6519
5630
1220
1411
3037
6582
8235
8755
828
1493
2412
3179
3486
9325
3416
5861
1366
7621
1437
8856
6814
607
2585
2657
1720
9155
7837
2337
9247
2664
9312
5766
4646
6885
3530
7684
9819
1765
2791
647
9610
5204
3826
3097
881
3594
5310
2248
7567
6747
7456
4381
7355
41
7038
5427
5548
4875
7764
4795
3892
3428
6913
8538
6665
6795
2574
6484
4913
1718
7131
4523
3274
7309
3972
4155
7255
9283
6403
4823
2382
211
5556
6089
252
2595
1516
5800
3822
5632
6947
4066
9061
213
8957
5726
3360
7883
8563
8273
9601
2046
9149
9227
9356
3121
3383
6611
8756
6138
7786
1139
6350
3343
3580
2954
2290
1449
5107
2464
7081
8406
6531
2494
8619
1840
4573
1980
9723
3136
6605
5677
5182
5754
4904
890
5228
4639
3854
3984
7130
1640
1475
9832
4983
1408
9138
3625
2857
4245
6090
9938
9004
8973
2433
3975
813
7006
2307
6888
6494
8913
2565
1676
1019
3822
2567
6247
4813
6421
6584
8295
4413
4411
8127
5749
5819
7266
9374
5028
7863
5464
4967
6867
4437
3752
843
5250
7110
3150
8491
3604
8415
7408
5280
9435
1230
4199
2034
2396
6972
4970
691
7738
9382
5171
3487
1553
8789
2861
6582
6652
4678
7901
9872
9115
1653
715
718
5115
217
9209
8719
4985
6617
351
772
4200
903
2806
2948
4227
4129
9991
1965
9863
5162
5452
1416
303
4666
4350
6956
9344
2251
6828
8459
256
3895
5529
1723
464
1090
442
5449
4060
7146
2573
4612
8049
5380
7560
2276
5861
3903
4242
5724
9066
6046
3492
5721
712
7843
2677
56
6446
5857
4868
3055
6104
397
4778
2921
7840
1573
4722
1900
8719
7296
6512
3120
9028
424
1748
4889
4327
2342
6965
9745
8389
457
5467
5453
4652
4496
5510
7451
6706
378
506
2810
7127
1636
2083
4967
9561
6806
3219
4632
454
6083
7752
9482
6507
5853
723
835
8195
7688
6932
2936
8145
2399
8390
2798
6896
252
249
9954
630
7107
2764
4109
5095
1200
5429
4657
8006
8648
9289
8460
4732
3394
4294
1239
5599
5017
8426
146
2705
1711
3083
7202
4110
7825
0
7358
8077
6601
7312
8707
60
6429
9168
5156
7629
4597
6165
1987
3246
5454
6799
4330
5200
1093
1921
799
6110
6700
946
5167
8411
381
2369
2521
8206
8722
6232
6283
5323
9896
1342
5384
2677
6862
6892
306
1460
3057
8645
1058
4863
5444
5388
64
6537
3661
7215
8999
361
4513
4166
8772
1246
2888
7646
9452
1610
230
2087
3285
126
9781
5021
2804
6644
1913
9462
4456
4970
8108
5514
9834
9904
7254
6250
6442
915
9817
1793
1277
4331
2312
6401
5577
5200
4047
1382
3162
629
9821
6447
756
5955
1469
9912
8951
9734
5726
9759
4705
186
5273
891
91
8879
3493
2885
6146
3310
4678
3775
3993
6990
177
9571
8542
576
7305
1704
1206
3478
4504
8314
5785
2325
4578
4736
2059
304
4495
3116
6843
6120
4007
6934
1351
7500
6171
7498
7163
849
1273
1156
4192
1450
7079
2734
8379
4384
791
9585
4215
1647
4251
0
3972
8829
1089
6031
5485
1936
9148
2328
4409
9507
5614
5760
3360
1785
9610
523
8987
884
8031
3179
8686
5111
2265
3417
5847
9408
3002
62
1055
3605
6415
5027
2434
3856
7411
7920
2144
2911
6600
6553
2418
8567
8666
2130
6704
4628
9005
5691
5512
7037
5222
551
2148
3840
3968
4347
3248
3323
762
656
6928
7177
5683
9363
7385
9446
3635
5881
2357
6587
2435
1128
5154
7453
9610
1859
2081
8616
3902
3946
2005
5477
849
505
9317
4817
4852
8917
4492
5614
9573
1421
9143
1609
7136
2880
7407
7123
8762
9765
3710
7549
7245
5217
1354
6855
3428
9787
1823
3682
3733
3828
9159
4582
685
4828
5752
5538
3746
244
7504
9671
8017
3000
7632
5153
5880
5040
2276
994
1157
5987
8543
8402
7556
9897
1609
984
9685
3433
4666
9770
3613
3826
705
4299
5006
2809
9837
8752
3053
3693
4776
1071
6693
2408
2576
8926
3800
4853
9920
4957
7192
8464
9711
4748
4713
1321
2084
750
4754
6750
6873
8367
6928
3930
2666
1935
6739
8855
7039
6144
2549
1815
3567
5594
576
6144
4520
728
7349
4441
5686
4541
9257
5397
5641
322
6718
7725
7425
7824
827
4298
6192
7756
4580
5210
6043
1319
4066
3082
3815
2967
1250
7383
8561
8178
9879
3082
8906
7228
3875
944
8121
9484
6342
3762
9806
9412
1487
3583
3589
2314
4233
6133
6422
8813
1343
2465
132
1761
1900
3948
4728
3150
7683
9642
1328
7562
2724
6586
4790
2951
7531
2911
2435
225
3025
8593
5989
864
8529
9578
3178
2762
5711
5953
1576
7055
8418
8060
8816
6670
8360
9897
9820
6043
9539
7500
9957
8615
439
1099
1566
7970
362
353
8195
3387
5298
4184
4251
3827
115
3782
2942
5826
9735
4518
9233
4505
8930
4402
1176
7291
4299
7348
9686
190
1201
9644
8805
1640
743
6723
9610
1106
3428
4157
4493
5078
4693
5097
5258
4808
8879
8200
6987
4966
9070
6220
5823
8000
622
3351
5291
1273
700
4978
1463
8253
974
6620
9893
1717
3343
5855
2823
3123
12
3669
8202
4705
8766
3460
5866
3997
8012
2853
5315
7082
5425
1138
1434
6048
842
6726
3673
1542
8056
5137
9795
9030
1757
6040
7099
1453
1895
6275
928
1907
9944
9130
2964
5062
8942
5182
5411
3306
8035
726
6740
3461
8216
8175
5861
9058
1253
9534
6952
9309
1023
3099
4691
9133
9139
8142
586
7386
4417
7866
9293
713
6997
8610
5775
2291
3792
1186
1950
8180
8264
8690
7993
6481
6865
206
1891
8118
9740
8844
3779
764
8295
4822
9897
3787
2965
6835
1173
3734
4701
6819
4448
8050
5429
223
6694
5573
7762
8644
105
2378
7334
4450
8859
552
4656
7103
8670
4397
2299
8802
1513
594
9976
7762
733
2941
949
1907
6676
5650
8726
1124
53
507
7699
3099
2432
1813
1743
8890
4192
5429
3340
9403
5981
7997
6506
1004
8746
5157
6158
259
2104
6134
4373
2837
5428
5322
1096
2104
7324
6174
9580
3729
6681
3631
6828
5466
5445
8571
708
9637
353
4048
5392
6334
8397
1899
3690
7143
3408
9848
3754
5512
2335
8127
8350
7763
9801
9446
6219
7126
5621
5799
7207
8654
5782
4036
472
1227
2607
1180
7216
9312
1581
2609
5647
9978
860
5689
7122
620
1890
7228
6133
4225
5356
835
8340
1509
6633
4559
4987
2254
6710
2195
7261
2492
6231
4085
3720
5190
1618
7288
4503
3199
6249
6502
3177
3461
2191
6651
4082
433
3880
215
1010
5588
1050
9350
7097
7683
3909
2085
6290
619
632
9903
3112
6863
340
3184
2053
1958
6824
6556
5157
3074
9410
4687
6535
1602
7690
6969
8387
1570
7184
9398
3510
4586
8748
608
8622
9010
9045
1264
5981
6029
7519
9093
2892
7859
8629
1297
9818
5454
4206
1327
4880
3616
2366
1415
1570
57
8385
9958
7979
1921
5708
1490
2860
4456
8450
1482
9818
7495
9098
5800
9876
6617
1245
2768
828
9875
4065
6998
1681
8271
4678
6561
8240
7044
4328
9810
3453
9065
9768
1433
987
5476
2923
3847
6285
1373
1681
2455
5220
7131
8255
5096
3748
9501
4216
928
5728
8281
7927
7409
2905
2605
322
7497
9649
4650
7307
3103
3716
3428
4536
1055
5256
3811
1254
7893
5184
9287
349
6756
6418
4956
1852
6518
809
6068
7446
6537
701
5373
298
9958
7978
6972
7455
3980
1623
4763
3435
1691
4543
4323
2746
9799
8134
352
7693
9670
9639
4394
6426
6057
9350
4630
2575
160
7050
21
3049
7751
5395
3348
4062
9725
320
1517
3705
8295
2632
3492
6338
7175
7815
5436
3327
2301
5788
1020
1971
5427
5414
4749
7836
1116
9379
411
1276
6429
6785
4326
533
2180
4026
4595
8257
698
6112
8315
8994
5097
1807
1684
8624
5975
7121
1951
8276
2909
2971
248
8337
4737
4997
6173
2206
729
2937
3482
7158
9722
4160
7691
8254
8186
8638
6511
5237
1103
1178
583
6200
2986
2267
4824
8961
9388
3128
3589
2298
2451
3837
6987
7189
5187
9512
5747
5916
8801
9229
9426
8523
9742
3470
3129
7928
2108
5993
3165
9563
7171
100
5763
6509
2368
6940
1822
1756
68
5412
406
2519
9249
3745
6060
788
3258
1807
3056
8411
7389
2483
3287
7131
5953
6416
1411
4413
2409
929
3977
5933
1029
6092
8794
9749
9384
617
1506
5804
6029
8264
4676
1630
2010
7088
2419
1620
5248
1827
31
2637
4310
3318
6120
6615
6087
3883
7381
4848
4812
1358
781
2194
3802
9576
1943
9539
6545
9801
1695
2574
8066
6371
556
76
9812
9327
8048
5060
1155
4431
4049
5465
4102
6521
8433
189
404
5814
5037
5217
3524
2171
3763
7326
8099
5706
3217
4644
5508
4913
3570
3574
7636
4126
2
7448
3454
4402
8860
4609
8833
2909
6426
2935
9430
4859
9476
6187
673
866
7756
4197
3037
1519
7876
7488
7225
7445
2132
9085
2358
2054
9011
6347
6180
5365
3795
5986
9767
2656
595
4953
1917
3374
4240
7700
8233
3717
3887
5259
4583
7995
9456
3972
9514
3684
1460
3091
1130
9944
2177
9840
1998
7540
6187
8178
2906
9983
517
9025
8991
1112
3978
7260
838
8219
4960
9072
8288
5199
4331
2871
3194
139
3195
2708
3824
4655
2152
1306
4599
681
1146
6597
8221
7334
1127
7479
7317
1644
6505
2660
9109
6835
9920
9947
5054
1233
5371
9694
6432
6054
8917
5979
6194
2112
5039
6370
6767
7191
7676
7718
7872
8822
4315
2446
6156
1795
9925
9825
9791
2782
8837
8900
9618
8758
5200
1024
6343
571
719
2775
6626
9636
8754
9172
8101
3794
5542
4868
7337
3218
2587
1562
2040
3254
4008
4549
1401
285
4374
1193
3068
3212
6445
9038
8322
1645
62
4665
8569
7133
3792
1547
3122
8899
719
1223
9045
6261
6091
6382
5831
5030
7944
4223
4637
8304
8772
6038
4942
9499
7231
4362
9063
29
3400
7385
1674
9814
8402
243
6948
2194
1790
70
7445
8861
1293
6490
1474
3736
2873
7305
8767
7169
1529
9756
1826
301
5794
6768
6152
9378
1130
5215
9407
882
2600
7433
696
7354
4029
7644
5901
2171
4066
3346
1033
5359
9837
2507
5448
9062
9813
567
2583
7694
323
4409
4347
2469
7529
500
1847
5011
5715
7606
5893
4668
5040
6590
2022
9069
586
7923
1240
4653
7622
8625
6364
7459
1133
1812
2873
7298
8731
1808
4992
9054
6218
5691
1524
99
6191
9723
5111
8259
7330
7356
2927
8722
298
1301
4143
885
9225
1735
1890
3199
361
4606
658
7846
2771
9883
1496
1502
1691
2840
557
4261
8531
8433
4361
1075
8156
5824
9334
1838
3180
2261
560
3479
3562
1055
716
9139
2791
8958
2338
9504
3564
9348
3702
6335
5583
5198
4190
7275
8038
4747
7888
6569
3180
8601
7644
7688
777
3330
9527
3958
5591
6439
3789
5506
3847
857
997
2990
9815
9688
2494
3379
9036
6196
6067
972
1394
257
8247
5784
1356
2487
8705
888
1089
2702
8576
1866
6032
4455
2176
7976
7247
2317
3482
1094
3174
4479
4084
2989
4167
2930
2721
9556
5478
5140
528
3224
5397
5127
9008
6753
3966
4065
3993
5055
6767
8921
3274
2800
3377
1802
7128
6976
4120
610
4422
7294
1441
4858
6636
1961
4140
5709
7869
9618
849
4749
2842
6246
9876
1850
9351
194
5915
9696
5250
9035
8617
4876
8187
8346
6678
5315
5322
7150
2277
9744
4445
3718
954
7433
2031
5094
3142
9900
4712
3991
4649
7554
6589
877
5756
2292
1072
8024
1988
2674
3411
6957
3902
1598
5304
580
6913
626
7731
9190
6723
8528
9260
4029
2313
1292
9124
5455
7544
188
5798
8546
4095
8739
9423
9851
7383
6847
4227
5723
5873
3990
2680
9775
5588
7984
6708
8853
4963
791
4395
8038
9319
8
2067
1632
1300
1191
3439
5196
1380
5589
3742
5475
4328
9518
1678
8063
2717
2258
138
8591
6248
2818
4718
8189
7155
1426
3394
2118
2217
7790
6508
7888
7798
8575
9520
5450
9767
9311
6998
7499
4900
741
9326
5580
6611
1004
9995
9328
9614
133
4271
2215
2952
8990
404
6459
416
150
4929
8986
4292
1437
6874
8442
12
6395
244
6131
2058
7243
3630
3311
4336
9308
8891
947
313
8887
6627
6279
9020
899
8494
8324
6241
5250
4783
6657
5401
6064
1995
6045
7501
8870
4488
3866
1617
4732
9997
3675
1975
9980
6986
2663
9288
2230
9962
5953
1117
6590
8585
6489
3841
7079
1166
82
8682
2301
3091
435
8366
5087
6480
5867
309
968
6085
1926
2053
6083
5601
380
2415
2588
3044
8055
4818
3006
4009
2287
9596
2594
5128
9789
6025
6294
6223
1059
8596
5667
7846
6962
7106
4327
9181
7415
1647
5267
9341
3700
7702
4942
433
117
3882
3477
8172
5052
6483
8533
7339
2432
7479
8820
8573
9857
5114
4797
916
3710
6816
8763
7024
3922
9442
6206
7689
1089
7825
7030
1142
5527
8324
7927
5644
8559
1404
168
3611
4239
8702
7303
6671
6181
6123
1597
6038
1237
2746
3307
1300
9562
2070
8324
9836
7864
882
7525
5305
8707
4555
2799
4234
9231
726
6230
7790
2130
6399
1402
6370
5101
5057
9393
7634
1180
990
25
8769
3736
3332
6421
9650
1754
4746
9486
9618
1980
7011
4923
7040
7918
7723
1274
7150
8449
3857
4940
6932
256
2694
9654
1709
7751
9047
5695
8931
6390
5720
4053
6478
9052
474
6129
7158
1572
1967
6776
3553
8979
8052
593
6897
5775
8219
399
576
2076
5340
3860
8684
8034
3514
6745
5786
8914
2441
1069
1656
8161
5122
8134
3566
5597
615
724
7169
2583
7501
7074
7914
5553
4019
1163
7680
2239
1563
4608
667
6903
8469
5704
1289
8335
2449
7075
7249
4890
8145
5257
3052
9619
9744
6618
5216
359
7342
8738
9294
1195
2164
7208
6748
6184
8372
780
4775
9935
5389
5442
3190
3858
7498
4479
8545
9948
7907
5795
4838
2404
1052
4242
2023
7148
860
7240
7508
4555
2330
3154
5750
4494
6715
8851
678
1439
5983
1805
7726
1372
3600
916
1582
1098
1747
128
1046
9654
2275
2237
2058
9679
6479
434
6828
3692
4026
688
4599
6356
3842
349
850
557
5552
7881
8348
1536
9686
6074
9260
3286
6990
843
737
5090
7323
1783
4744
9598
372
3155
9277
6852
3589
6105
6896
7615
6793
1495
323
6988
8196
7525
3897
3749
5406
2246
1637
1445
8320
897
1083
1663
8092
1820
6753
5415
9956
7849
5013
328
7356
643
3532
945
6748
428
4912
9894
1923
5235
3234
120
2761
7131
221
4519
5729
1858
2316
4050
9107
3400
2065
7200
1572
5170
2615
7880
3019
3981
8209
376
4624
8093
7673
7724
8522
2586
3970
6797
7821
7204
6917
6934
4336
3490
1454
65
1700
122
467
808
3522
2532
4360
1447
7702
3327
5679
7074
7308
240
7450
1932
8334
1475
6009
3208
4061
9979
5
8235
7184
3275
1521
7872
6765
9327
7937
8466
9450
4757
5626
9324
3641
9986
7123
1344
3313
2803
4770
6974
3043
8572
5258
1377
47
1267
4585
461
1247
4591
5048
4783
7866
6569
2655
983
5897
6944
5801
5347
1701
7779
1023
5343
7765
8147
3039
7431
950
4161
757
3993
2733
6015
5371
2780
3635
6308
9593
1234
7251
4641
6017
1469
1211
8672
2453
3460
5616
4606
5159
3670
2386
6182
5365
6503
4329
4756
3934
5279
8917
1043
5625
1650
7059
7348
782
7046
3656
376
8280
908
5017
4297
8729
2580
2969
1182
6040
4937
5789
7551
4959
8175
3734
324
1030
4415
1432
4965
6047
349
2360
1672
8351
5771
9020
5486
2817
9028
2214
1097
6288
3583
5394
5018
6164
4715
6200
8556
6005
8341
6108
7316
2868
6194
3993
3899
609
5425
5216
6656
2127
7576
8328
478
3348
3700
2316
2517
2729
4530
3615
9017
8114
5361
4035
4278
6429
6588
9186
8786
1281
1646
6102
4150
7840
6447
4401
4802
1873
5969
1458
4000
3545
6139
830
3245
9839
9499
2115
2568
4029
2082
7938
2143
3795
8325
2773
224
4913
1960
5362
2547
9958
7817
6697
7799
4264
7450
2601
2489
3419
411
2841
3316
6550
24
2914
6390
9523
5029
5310
3552
7111
9600
5696
906
7926
4821
7483
9191
3133
9197
1738
3092
7014
4787
7243
7631
2237
6196
120
2008
6607
2962
5325
3158
2986
8239
5900
2509
9620
7562
2413
3083
7163
4461
341
1441
9283
4176
632
2416
3374
8723
1860
6740
3510
9103
4371
5748
5299
844
7756
8259
158
9433
7769
9496
4024
21
8357
3644
7583
770
3079
1098
5232
9773
2539
867
3949
9524
3283
3675
8247
1496
416
1757
599
1139
3857
2251
8335
7966
6862
8493
7399
4631
7989
1424
4652
2698
1420
2235
3469
852
9686
8701
625
8577
5920
926
8101
9203
4602
2700
699
1370
4458
7651
8861
4667
6254
7197
2633
3116
2042
6385
4099
6384
4161
8751
9082
1933
7338
2551
2785
7024
7604
9762
1954
3524
689
55
9080
5291
2756
6131
3013
3566
134
1874
4585
6388
5423
3571
5856
7466
9956
9955
3850
4117
5058
9284
6050
2397
8188
5188
5773
2144
4950
7727
5669
5639
4135
1101
7282
3243
3584
295
3161
3719
2170
7746
6459
3945
1317
8668
1411
7625
8623
1613
8094
3682
898
497
2431
5438
5685
8204
7582
635
5932
9603
2627
67
704
9909
3310
4289
6557
6471
4360
5079
569
819
9024
8239
9487
436
5864
4463
8401
3959
4497
5651
4456
6928
1089
141
5132
8672
7128
7416
8275
6107
3835
5332
6017
7145
5973
2574
9968
333
7653
6890
7504
3029
5129
3344
3465
993
7807
8219
1304
2304
3870
5760
9232
1312
2253
716
9984
5734
8133
4611
1841
1968
6295
7858
5466
2268
6784
1786
8953
789
8676
6458
3819
157
9802
3636
1151
3961
1855
2455
6265
2078
4568
1849
3390
6821
2565
9726
8907
698
4337
749
9019
6985
8607
837
9253
1744
2623
8207
2533
7652
1017
2704
7809
819
6341
5312
4780
4548
4120
7397
6626
8688
9246
16
1861
1811
6094
769
8862
6784
1518
4233
3769
6477
5070
3022
8221
4045
7581
7107
1697
8598
6163
5859
5769
8856
1171
6901
3405
5291
4298
6383
331
3544
2752
2193
1708
8846
2962
6922
5630
832
1155
9399
7309
2577
8774
