1883
6622
2707
5342
4672
1306
7857
531
3427
6714
8054
329
119
3346
4627
2854
29
4524
5606
2222
2584
4453
1536
9506
83
2368
661
5835
6030
3238
4609
4265
6212
7316
5959
884
4974
3816
1415
8402
530
9470
8731
7001
9168
9710
9856
9197
586
5462
7772
3170
9915
5660
2676
6351
8029
9689
2186
411
9279
3147
4676
5492
6815
635
6376
1790
4451
4144
6544
1334
9966
1627
8335
5486
1337
4543
1035
8276
6
8807
1446
6273
4468
4123
8976
8849
3812
7514
5612
3092
661
288
4936
3829
7275
1312
1971
8078
5456
8515
5764
1774
142
4100
7260
7831
4995
8296
6107
5001
3455
7554
7627
4275
8029
2955
3124
8193
470
5088
1285
7483
5376
6221
1312
9003
3886
3283
3434
5694
1798
9198
7469
8292
9650
1081
2476
4646
5729
4935
5999
9185
8841
9978
3460
3222
2934
2937
1416
3404
8025
9053
7239
9754
1627
8552
5109
5513
1835
8543
7559
9986
4094
5028
4630
96
2462
3458
1094
8191
8394
3446
7376
3587
3424
7189
6810
2710
126
8226
6114
4503
7279
3354
609
8906
8258
5719
771
6445
614
8331
2783
4708
9711
7414
4805
2173
872
2251
6717
5618
5697
4093
5558
9122
7634
2368
1832
4112
6946
4299
8616
4225
4005
9225
9484
2263
4944
255
5060
5559
4938
7844
6619
4650
5258
7776
3175
2482
28
9892
4453
5725
338
11
1199
7972
8731
9384
2085
5677
35
7053
6254
4040
6278
5738
2655
7575
2346
7715
9486
3636
1911
2457
4638
7169
234
7814
6004
6614
4058
6809
8691
4396
3172
9891
8721
1903
5627
806
3932
5662
7859
186
6054
489
2277
8709
8064
4623
2776
3902
4611
4688
6360
9250
8209
2946
7064
565
9560
1122
7374
8251
1871
546
4494
592
8801
121
7750
2733
2135
5609
2920
8189
2450
1549
3250
6867
2524
6027
769
7135
7067
3481
6385
1628
6427
3449
2194
5987
924
5920
591
9147
6467
1437
9739
1620
7911
7489
706
46
9450
9978
4588
1900
1527
7838
5119
4051
217
5889
1186
3636
9370
7572
5265
2150
7373
7459
4489
4649
3379
5080
3796
6198
6518
9887
7819
4429
3728
8525
827
9530
4855
5415
7783
6382
3254
2902
433
9823
5143
7971
3460
866
5543
8725
3016
9269
6184
7505
3918
5915
8938
4067
2114
5456
306
6285
6237
387
1162
7064
9917
6017
8832
7700
2399
8438
6955
9184
8261
2098
7155
1721
2964
9051
446
5980
8320
2982
9838
8590
5250
8776
9009
7364
584
5668
1
6821
6055
7515
237
2324
3532
5421
25
2283
3859
3332
1467
2121
5430
4974
194
4747
4025
6993
7079
8697
6327
6917
3640
1577
2045
2649
8941
2629
8317
5294
5802
724
2809
2392
3049
2693
7813
9426
4976
1673
2758
2795
146
4540
4122
6692
9287
8147
3685
2719
3197
13
9636
6837
1590
1682
5838
6884
663
4156
2178
6466
1232
1340
5210
4281
4033
3023
3707
9010
1048
2817
8157
7546
7358
2279
4239
2997
6779
4276
5716
9976
4289
1705
6813
2232
9739
2651
9116
402
3159
7646
3220
4392
8986
8430
5025
3020
7806
8733
8382
5206
7902
6539
2753
1612
5171
3344
4610
1950
7620
326
1926
1910
8383
5091
494
8122
7742
9610
8525
902
3608
8097
1646
8947
2880
6671
8319
686
1756
3053
2244
9659
9592
4997
7623
1115
8341
2233
3065
2314
8912
1343
4224
7295
6434
4718
5418
4177
680
295
1431
640
4744
9429
9587
7624
6100
7906
4662
4209
959
6907
220
6904
8256
7843
4371
2950
6429
7437
5264
5341
8780
5840
8988
5215
6910
4406
5744
7590
1053
3527
4582
2150
2956
4170
9774
9056
8428
789
9617
5740
4048
9837
2644
8656
4033
7015
1606
462
804
3222
5803
5937
9062
4791
1152
5972
5550
3248
9914
2955
6775
4497
5105
9731
5019
1232
5139
3447
8373
4757
9187
2421
946
8183
1077
1331
1551
9036
1793
2355
2258
3948
8292
7673
5092
5796
9997
6994
9044
9912
9949
2171
761
1407
1902
5780
2639
3394
5579
1012
4503
4767
9785
1801
2950
7214
3133
4501
6250
4926
3209
4861
5227
7853
2534
319
3650
2531
7313
9046
8795
3614
1218
9556
5021
9472
1688
4012
9218
7268
5024
3721
2035
1161
5523
1337
8376
8656
2191
978
9934
5400
5839
5161
3253
4725
1832
3255
7257
5497
8654
6052
9112
6224
1961
4133
5696
3649
8146
1267
7269
9522
4988
5656
7036
6863
6994
5412
5519
5537
2742
1806
7289
8582
3319
542
3307
1504
150
6916
7001
8804
9321
6113
5028
7634
6599
7076
7635
1097
8343
4905
6971
9684
561
4007
6547
3907
5771
8419
9444
8514
225
6733
7096
9896
3628
6755
1400
130
3672
8402
5286
9345
867
314
6979
3818
3742
4614
1267
8438
9519
8239
8122
6433
8598
1021
340
4370
9440
6137
2884
6017
9222
6332
2266
9202
3087
3666
9332
3111
8420
4618
2456
5640
1284
5787
9458
5027
402
7078
9817
6273
5317
4291
2706
3915
5312
9399
4637
1105
5536
7521
7122
1110
3853
9388
313
3293
9407
9645
2756
7827
616
1565
9819
1900
7352
9278
3279
4106
2708
3096
380
8025
3739
9438
8292
9052
8837
2930
157
725
6803
3631
8188
7009
9372
8501
302
8779
4498
3058
2958
5114
975
2778
7015
8328
8408
6646
2434
1116
6095
9166
5493
9834
8605
137
8886
3794
9419
5395
872
6223
5379
9060
9584
4751
7561
9886
9882
2059
9296
9192
3526
6624
8322
6893
4952
3082
3539
3738
550
9634
2905
2395
5821
7862
2533
4707
1656
8304
6455
8880
879
8186
7940
463
2937
1853
6701
9171
265
2350
4715
3791
8974
3038
684
3926
2472
575
4016
3023
6562
3273
5418
2383
1135
4303
3442
9144
2608
6249
8024
9839
4435
2317
303
3724
4170
3356
9247
4435
5706
3963
8226
4680
3353
5262
4958
5825
2190
8975
5200
5104
8600
6971
7487
9736
1274
7281
5232
234
3531
9608
74
4318
1925
6729
8043
2448
85
7290
6883
5792
1253
1462
6824
958
3076
1783
6784
5266
7110
8336
370
5710
5307
4209
1798
6582
7843
3382
3168
1374
9343
9594
5692
7620
6323
87
68
2761
7378
6952
8553
4983
4766
1729
5942
7842
9864
9078
9461
3326
7414
6183
9037
2722
6745
7187
5656
4588
6922
8824
2314
6265
8419
4358
3885
1094
4446
306
3855
8176
7258
8760
3159
8376
490
5453
2570
354
4531
8383
3681
8298
4567
9070
1020
7664
2609
3028
2252
5883
1852
918
2148
6623
5276
2386
7718
6074
2692
1573
4250
6302
334
3762
1030
824
5567
3600
7530
99
1984
7563
4749
2903
6633
2121
567
5595
5149
2819
1478
3353
89
9979
9977
5365
2365
7695
1440
1409
5620
2042
4063
5954
2156
5093
3130
7724
8693
661
4175
677
4576
8924
9932
1210
7397
499
6805
2546
9670
4635
2251
9759
4614
2228
5125
3331
6275
2917
4740
1896
1311
8803
4202
3468
248
3685
7544
8942
698
1719
5971
5274
643
5904
6484
4392
2755
9641
6938
2426
4277
9189
2185
8891
7770
3662
2223
4045
2931
3315
2293
4243
8471
2848
4063
8719
6533
1607
4013
7231
3326
9985
2505
321
2241
5342
4713
4996
1335
8003
7422
5612
3544
5960
856
1314
9622
9431
1712
2554
9098
357
3149
7569
3205
7212
2641
9738
5171
6654
3321
8497
2991
2179
5170
1584
7521
6235
2933
8856
4238
6707
821
4134
2667
8029
5449
8642
3812
3513
1196
2910
3870
4345
6832
3428
7909
9473
9518
3080
2479
2840
7929
5471
5019
3099
7055
8892
5686
9988
4100
6276
3048
4921
410
5715
9302
5859
4357
3114
5724
1905
2377
9595
2602
9209
3023
511
5034
2541
9943
7513
1733
7872
9336
3104
7323
6392
1996
9361
2732
2449
5637
5780
3722
6048
7848
3025
1907
2205
2491
3984
4111
4868
3579
3065
4077
2954
3577
5463
1847
9872
2977
3581
4097
2313
3037
7772
5057
1386
7134
4142
3835
2771
6274
7557
5171
4122
582
7079
2680
3074
7415
3143
4294
994
6208
8372
300
6137
187
2147
2362
3164
2080
6459
1830
5118
4231
6887
6504
7717
7381
6691
6841
3656
4248
2012
4130
4831
5443
6810
4257
2858
9953
8551
3852
2514
3275
4152
8651
3463
2652
7365
2979
4732
3824
4809
6202
4408
8049
9058
2125
1782
5749
8966
5438
9998
7331
5921
1181
2774
2731
5438
5633
9037
341
5837
7903
3617
6342
2906
3432
8994
272
2763
78
4096
3925
6281
8504
8326
5339
6982
108
1089
2300
1899
1087
9631
7820
8620
8758
6903
4058
4391
5940
751
6580
3843
4368
2922
6750
4152
8268
3374
6916
8347
7470
841
980
2327
9167
6319
5661
5627
3760
4313
7526
1199
297
5346
9819
9055
2250
229
9798
4542
981
6378
4738
1701
5653
7840
2206
273
1214
9122
4972
5036
6315
5952
3715
1834
8624
9376
7461
8736
3690
4988
9936
339
6686
6107
9394
5288
6337
5544
6183
7318
8274
7273
5371
279
5113
7577
553
2679
6699
5525
7715
9366
1478
7783
1200
6454
7159
5014
5190
7201
6354
5126
7540
9392
1234
3286
4681
3923
8830
7216
7593
3457
4489
2964
3736
5954
542
4289
8633
3593
6167
2700
9312
3997
483
512
451
3995
1878
5641
1196
8232
7120
5089
7625
4706
4727
8658
4981
9910
5874
2574
3367
6715
5538
7103
2669
2432
7745
1302
6026
3912
354
5338
7909
838
2202
8360
4833
4081
353
2381
8665
3825
3822
2642
8531
8550
7652
9864
8460
3526
2438
8179
6593
4329
5282
9262
6761
3027
6916
9139
6939
7271
4477
1200
4461
3032
9560
9294
3465
9914
8027
2130
91
8202
1125
4975
6752
8777
4839
1564
8656
7278
6095
5249
1607
1377
864
8368
757
7780
3860
4048
1403
8337
5249
5864
7721
1161
1510
1186
7427
5890
9669
7519
4092
794
2494
7196
5923
7333
5112
4579
963
1207
6181
2570
8936
7045
7291
6045
1177
1151
6446
8933
5840
1695
4797
3562
9208
2660
1100
6636
8550
769
4155
8994
7915
3001
6190
191
334
1302
1122
1298
8861
7303
220
4149
700
3863
195
8230
5014
6641
7163
7207
4688
8312
7121
248
972
8221
6884
5874
5343
7391
4868
9610
392
1058
9801
7079
8712
924
4729
3925
4579
4949
8075
1632
5165
4622
9862
6531
1263
7025
3738
2303
1689
859
2551
2662
5433
5788
4888
776
3179
9757
6738
9924
7167
6540
7003
2232
3816
1732
2509
8395
3033
584
6379
8198
5206
6241
4730
2821
9618
4820
1476
1308
5680
4028
322
7465
9816
5210
8241
9347
1319
1331
9271
4839
7871
6274
3423
8039
4358
5932
2787
3744
6517
9166
1942
8075
5408
3024
897
1378
7845
2373
9038
9877
2753
9360
7342
8921
923
1935
8269
8594
3266
7540
3433
7490
167
6856
5529
877
2789
4668
4621
5658
3835
2916
3733
5595
5940
982
6973
137
9708
6012
14
8813
1724
3708
7735
8999
5643
6004
7594
5262
9896
7379
2752
63
588
4633
7293
9729
9302
1914
1739
9489
4830
5472
5084
7123
2807
8409
7260
8867
773
3627
7680
8850
3687
5415
7849
9331
1419
1795
945
7668
5527
3697
4083
6115
4682
1376
2196
336
3291
3935
9825
4473
5759
1261
1596
8566
9671
5209
7433
6796
5188
5114
5646
8875
6881
3496
4558
4653
1643
5503
2321
7170
5552
6404
9637
6587
7781
1833
6923
7424
2120
6749
1897
7880
8010
9846
2798
4033
1407
6584
830
6595
8050
6476
1822
4931
6324
6381
9584
7968
8236
8257
1490
141
4662
1128
6728
8795
9313
3651
6219
7786
6752
4468
5666
1115
4314
4816
5148
2073
1400
2330
5020
5802
5159
6843
734
1483
9576
6670
5803
4164
4928
7294
4305
5942
4774
1033
4737
439
1037
956
8225
7789
1776
243
5256
6091
5060
6757
8164
2812
9087
3185
8615
4246
6380
9349
2082
5956
2371
7885
120
7299
5179
4426
9593
6305
1811
4330
6745
9200
1638
4970
6990
3415
5214
8598
5858
6626
5355
374
9438
4443
3559
4405
5041
6291
106
7123
8599
2478
5009
8720
6129
6540
9498
5723
2846
7661
6405
9591
6862
4396
913
204
7811
2479
8802
21
9105
4158
395
4896
4953
307
9301
6346
6598
9408
3470
5198
8238
4831
270
4367
7723
6120
6442
569
3781
2848
6512
6995
7244
7426
7199
1407
6257
6002
7780
5363
6512
8175
259
7817
4834
5912
515
7785
5320
337
9335
3558
5168
5957
4278
2892
2077
720
9813
2210
9920
2678
9206
3516
6456
6405
1275
2713
8759
9055
8076
1623
3583
4687
5792
4769
6952
6308
2554
8624
6645
8241
2183
8166
4198
2813
7410
6275
3533
7223
8486
9806
9901
7692
3322
6357
449
4598
5423
5561
5
3499
3536
3588
4539
9329
8358
1491
1989
7264
115
8634
5506
8650
3152
9704
7815
562
2332
1349
4138
818
7507
4039
4862
829
6749
1663
1779
2172
3576
1785
2023
7113
1725
2914
2794
6435
757
4783
3700
7225
9769
5558
2227
2922
1614
43
9836
3946
7744
3974
1116
5251
4366
2330
6080
7467
346
7860
5991
3922
5997
8014
1035
7722
7281
3829
4158
8038
4964
4210
1615
4734
9768
3843
4008
7734
3886
3844
1681
1630
4171
9149
6881
8537
1480
9313
6004
1826
3525
1995
5748
9522
6361
3136
3597
9994
3317
4107
8033
8282
8317
6000
9368
4437
9843
9728
2171
3729
9924
204
1711
4095
9354
4944
8984
834
4258
4988
9012
4135
3335
1112
10
6049
4248
3607
6043
3918
7714
428
8552
2383
6429
7920
6820
6272
4000
5343
6354
3924
5548
8065
8020
4902
9362
7004
2088
3620
8345
1100
4107
8032
2212
4117
4081
2813
4076
125
6731
8142
553
5283
525
3334
9555
3697
9607
3555
9041
2313
3831
941
6730
8203
2195
6092
1560
4283
6064
6257
1735
172
4289
3947
641
8371
3112
4718
4848
6195
2860
5401
1478
3386
8736
7385
7083
4695
7292
2476
7008
7476
3417
90
5679
1964
6183
7239
6247
2247
3496
4334
2419
4138
4634
3061
2509
7746
4131
7357
3942
6991
9110
1772
6729
4198
5510
3813
5245
2802
2641
8605
278
2411
8696
2310
4375
4879
5901
6975
7126
5750
1309
5898
9888
5943
5311
2397
42
9442
6106
3984
2785
5216
2108
9515
5767
7618
9680
1012
6773
2321
9618
3403
1084
8314
5713
1812
9545
1615
8787
6671
7365
6448
8921
7253
2392
584
6002
8786
26
2108
2770
9164
3676
1230
8679
5795
8849
8359
3160
5622
7032
2778
9025
8117
7444
1091
9929
6989
2706
5068
12
6423
1516
8934
3676
260
9518
6030
9046
5897
4490
8168
1413
4518
9399
92
314
4600
8451
3474
222
1835
2604
5599
9952
48
6690
6233
3389
5748
7653
3401
2171
9170
8687
2199
5782
4558
8229
4829
6807
9071
9349
8220
3590
8748
8312
3904
3348
3115
3730
9922
1302
6334
5522
7607
2734
8564
3840
2475
4313
1494
5876
2836
7016
916
5036
2798
1826
9617
3979
8633
8689
3329
6853
2279
8429
1517
2535
1778
984
6265
8052
2286
8951
9926
9893
8037
8491
86
512
9156
7932
2740
1992
4948
8
7028
7746
1834
6646
8078
467
5335
1407
3672
7614
9836
1541
6501
7966
2525
2766
6019
1164
8069
5945
7409
2458
788
7495
2970
9944
5427
2062
8289
6727
2071
5317
826
3905
8315
8904
725
3650
6663
4397
7616
6499
2291
469
818
1168
9587
6837
2332
7656
9134
6094
114
9923
3589
9436
6219
5369
1499
4508
8448
9922
6178
9274
179
4493
4530
904
4496
1193
1654
8464
7693
3945
8934
8511
5113
8521
1700
3798
2530
7186
9892
2644
3461
9833
8433
9681
1554
6284
541
3
6206
6719
5629
2737
7565
160
3642
2061
1353
1648
6877
5398
1945
5811
261
3410
685
8313
7208
3215
5500
3452
2211
8961
9638
644
4994
7544
6928
5536
3899
9486
8607
9529
2224
6172
6041
2218
4585
3746
3866
1463
5497
5811
3626
5758
5573
663
424
9134
3878
5924
2586
2442
1237
8576
3086
2584
6121
6367
8120
20
5853
3079
9549
4429
5604
1942
6647
6541
5689
6865
4356
1186
9028
7983
3296
4602
4998
3720
3736
8877
5996
2674
7671
7234
1251
757
6170
7372
3476
642
7392
5682
3721
3294
111
9325
5236
3111
2219
925
9976
6575
8463
9005
910
1760
9959
5909
5480
3695
1138
7829
6369
8809
1415
3972
5918
7585
1344
9395
8227
5089
1429
8300
4735
1540
3978
9971
1003
6197
7249
980
2772
5712
6337
3683
3824
6296
9592
5657
6343
730
3486
9064
9539
1253
3037
5457
8838
733
1204
7065
2174
2633
5365
6909
526
9343
6881
1529
1892
482
2509
4665
2546
5198
8348
6371
7846
4292
8380
4189
5022
1866
9606
913
3119
8995
6370
8309
9728
3927
1726
1903
6560
3443
5164
7086
9139
8397
8616
1031
8879
7477
5696
1426
9028
396
4149
6874
4688
2529
1064
6062
747
7022
6975
218
6017
9698
8527
5745
3625
253
4000
185
48
9165
3624
9187
3914
8592
219
2794
6069
2267
572
5097
2664
4721
1972
3704
3602
9388
9767
4349
6410
6742
4567
8779
6440
9446
4524
65
6051
4877
6603
6099
394
227
5287
4308
5171
1858
3454
1240
477
4026
2690
3141
5099
1014
6846
8701
6754
2965
3050
9516
9707
3969
8295
6148
9767
9171
2565
5818
4048
5520
8270
794
2099
9909
1455
7270
8119
4909
4863
8596
8936
7553
1738
4035
4919
4936
2737
8025
7901
2139
7541
3960
2461
5836
6460
8580
1359
5378
751
1760
898
9021
2554
2998
8930
4009
268
7049
8919
5131
1997
4207
9036
3735
8242
307
5023
7331
8332
9276
5823
5873
9589
4636
8061
6049
3216
9421
1427
3967
1181
8678
9340
87
1676
4622
449
8296
8023
9368
9780
21
9927
5168
3756
4521
5476
5132
8205
3808
760
4028
9682
349
5016
4095
2751
8232
9868
4178
8552
1049
9208
7892
7489
7236
8867
7938
5533
6890
7306
1665
6911
3585
6833
7020
8106
2309
8504
6311
2470
9264
6691
2152
9614
1707
2599
2365
6292
2468
2895
1196
9869
2104
5440
7358
9340
4307
5296
1225
1198
8954
2890
4461
2539
6076
1481
646
8385
9985
3309
855
9250
1
9359
5216
8060
8311
3933
4352
779
6828
1900
648
5284
7341
8007
977
1648
9655
8554
9198
8610
7797
3660
1149
3873
5141
8147
8610
1479
1457
9466
729
7810
5177
2297
5870
3488
6230
6575
619
9410
8475
7620
1047
2168
1979
8376
3817
1634
6930
9367
244
4727
3027
1394
8600
4521
5893
7211
6000
3702
3029
3081
7864
4558
1730
3735
4399
7960
6662
5018
3722
1489
8990
4769
3658
969
3145
3827
2604
6428
3194
2848
1155
2574
594
6108
3447
6488
9671
9447
6542
9052
8880
4407
3610
610
4494
4361
4922
7508
5732
4996
8997
4722
6118
9007
5692
5615
2834
8296
2043
2381
1144
9551
4955
8091
5659
8402
931
1682
4201
7473
734
9433
1880
696
6395
2726
5058
7669
234
790
2665
9232
1864
8783
8239
7556
4399
7426
5852
2794
9807
3349
2345
1114
1440
4356
9516
2371
6038
69
6196
3124
9502
8077
3821
5897
7155
5231
3566
7390
2373
2583
2974
4237
1367
7565
1794
2118
4991
3998
1264
1150
7347
3610
2264
5139
4318
8132
3862
357
4553
59
3481
4055
4488
3654
6304
1643
8885
6222
9033
1258
8806
8359
1848
6525
5925
9994
4995
7268
3992
6259
4771
7692
6221
3387
9183
540
7872
3046
7249
2425
3105
7082
2833
3945
7089
9137
5588
5974
1712
974
3585
518
9333
1785
3395
1610
1779
8390
5231
5771
1001
2
9815
7223
3389
8999
4115
1261
2045
7716
39
1502
4798
2872
5447
1887
8361
7387
4214
73
8361
4151
591
4047
5936
3986
2009
7715
8728
7240
3486
9730
3594
9654
3305
3336
8653
3772
949
698
1488
988
8552
2638
3860
3999
878
2222
1386
1444
2295
6100
5595
9239
147
1531
9577
8508
5598
4658
2101
5436
4388
5695
5090
4045
5383
3743
7817
6333
793
5657
7321
9345
4647
7534
3344
5525
6108
1083
6969
4755
7183
8916
346
3682
6799
9924
8542
2397
4582
643
7834
5322
2691
9276
5719
8074
3020
9888
759
165
5545
4433
9511
6544
1967
9207
2070
4427
290
5391
9182
3825
4308
9529
7507
1107
5805
6050
9857
387
3045
7691
2061
5736
3319
4132
163
2691
4020
922
2857
5917
5355
2368
2461
3674
1575
883
8101
8218
6275
7284
2043
6935
3165
5903
8042
8970
8305
7899
5709
1350
1942
4122
3439
5262
8254
3602
7953
8626
876
810
895
2584
9530
9708
6258
7458
592
712
5676
3219
4348
7719
154
7513
3622
4548
6483
1927
2448
2192
9630
742
2666
3069
6004
920
3023
310
5898
251
7472
6793
2835
7003
2853
5446
4461
9797
6158
6489
3016
506
4208
9522
8019
4183
4071
854
6110
6519
9398
2092
7261
2064
5161
9618
9336
4536
6280
5234
4788
3752
8379
7623
7107
1232
3069
7920
1030
9227
4409
398
6085
4970
9921
456
9153
3992
1310
1615
6863
708
3708
476
9124
8869
94
8460
9758
2726
46
4546
6479
4777
8521
9938
6010
1591
7859
3392
7170
8620
142
3256
3590
63
3712
2743
407
1375
711
7270
8435
4419
7747
7560
9640
4193
2372
9398
6920
8771
296
9751
3548
8818
9689
5910
409
3900
5654
3931
8873
5797
3539
2463
5860
7252
1559
2620
4979
2270
9890
3414
6689
3989
7326
2681
4535
9699
2080
7807
4822
2376
7558
8370
1194
3599
633
7955
3852
6287
1887
2725
2084
5426
1540
4297
9030
3099
6917
361
1721
3159
3776
4762
3501
1102
7444
8036
7153
9524
5843
1975
8252
9753
6698
5799
3352
7331
3754
3556
9970
1993
6281
2055
3772
7822
2704
9154
7273
5973
9516
8995
9132
9644
3757
8985
746
7553
7021
4252
7077
9216
2579
1682
8969
5629
7481
8674
2960
7587
2230
2931
5933
4864
1338
9705
2686
394
5211
6311
6367
4727
5306
1851
4371
5416
837
1470
2969
4210
2074
6399
3427
4653
4433
2396
283
1914
7422
9595
5853
6005
8878
1786
869
216
7843
9907
610
3055
6218
3329
4134
7877
5181
4858
3293
6018
6328
2614
228
4754
5365
7
5759
9798
8756
6042
1712
6178
1990
3918
8535
868
5704
9404
7437
9900
9311
4399
2955
1882
4081
3441
9759
9262
8299
3052
1632
979
2018
8212
5733
7384
8220
1493
7182
3328
3887
5247
5858
5877
9165
4394
3098
1221
3798
6887
1121
9462
7638
428
1344
1719
3870
1103
7333
2169
507
8965
3149
2525
3530
5234
9909
8102
3079
3444
1430
6967
8691
7288
9196
4208
1682
8646
5429
1833
5533
2903
1295
9524
3331
2639
1243
3553
94
8577
5723
601
3894
5224
3126
7424
6810
9388
5526
9890
2832
3308
6857
7875
597
2405
2083
8631
1052
7512
464
2937
6767
1759
2461
6451
750
57
4
844
8634
2079
7797
8880
7303
7276
6305
466
6664
8183
356
5848
7844
3565
3723
4793
5970
5806
3424
3374
9670
3889
6312
2790
2000
5125
9241
9103
5182
9245
6299
168
1325
4097
9049
4980
7725
1706
5446
741
6241
2154
6589
4085
5719
6664
8878
8042
8822
2303
7768
8492
2544
432
7634
896
5558
6875
6351
7092
6121
9003
7261
3798
9452
6310
8778
7177
4368
4225
7918
609
6379
4507
4695
8451
7523
9925
6493
6345
8580
4261
1189
7476
1046
8824
4725
6604
5699
1076
3696
8172
6431
7309
1970
5883
3619
749
3060
4339
1326
978
4949
4057
1837
5996
2508
9360
5921
5353
5705
854
5967
3247
8330
7013
2071
9407
9969
7770
6836
3665
5943
3267
975
4265
9151
946
1366
2211
5286
2692
9542
6587
3102
7731
2583
1962
7092
4856
3668
9149
2062
9635
2396
6745
3000
819
6152
9321
8590
2988
9338
885
6256
6665
5150
5407
7612
2869
3970
9250
5561
3512
2189
5015
1244
1124
6978
4688
2332
646
189
4395
6633
8938
1140
5985
9757
7292
5306
8347
6633
4644
5584
2889
1310
7087
4648
5274
9956
8618
4524
1869
8483
3065
6885
6079
4189
3863
767
6521
861
7308
916
7494
6246
8408
3479
6004
2053
8785
703
8686
3429
2640
7927
4739
9727
2575
13
6035
7545
889
7904
2380
3954
1141
8459
4495
5004
5578
1017
5865
2887
1933
9711
5485
6694
3190
7841
8747
8327
8545
7433
8109
7537
1712
9200
7264
639
5566
9651
8184
6455
7555
6917
6762
8697
1728
1257
53
7307
8626
2271
6546
6912
1982
8383
3606
1525
6225
2353
6204
1122
6138
4313
8659
7850
3514
2275
8489
9080
1926
3025
1887
9481
9942
5001
4530
1671
2611
4584
5330
1237
3207
8228
8149
5189
6611
1755
3066
2836
4108
9271
310
6598
3584
8969
4448
3450
1244
9289
2530
3170
8667
770
9004
8609
5771
3534
6632
8382
4470
8314
9620
7677
6542
7769
9219
9506
5877
2285
8694
6337
7908
9005
2936
1493
7974
3736
4943
5571
3026
3826
8741
1693
4596
7745
6654
367
7632
9639
5102
2102
4305
4722
9780
848
8843
5351
6706
4720
7636
5400
7410
5545
4405
346
3390
8732
4082
4685
4303
3460
4863
3044
1505
9459
7142
4512
6179
4774
4151
1281
6876
8456
2355
3008
5656
1198
8359
2362
2271
2348
4115
9681
4245
4872
6379
7635
3604
6813
8672
7907
6626
3536
7304
8131
9347
4446
2643
1878
5572
3146
3159
8800
7955
1866
1809
3611
9417
6520
2326
8040
8868
6441
4073
9465
1313
452
3452
1270
3617
2125
5529
243
2013
2833
8375
1360
3631
7370
9591
9203
517
9102
4356
8472
969
6165
8435
386
2685
7113
4778
7906
3554
8851
7371
1220
9303
824
2490
2920
9301
4371
9516
1314
7205
7891
9026
7188
1613
8617
2744
8482
7720
7100
3306
5041
9617
1742
1779
8654
8855
6557
6560
8762
5408
284
6334
1063
7460
5176
3983
6761
9547
3499
4427
3104
7742
9805
293
5708
4775
9389
4190
8847
6489
7497
3888
6106
5591
5667
4760
798
8576
7673
9560
3984
4309
2246
5047
1769
7422
5382
4882
6970
5234
5661
6426
2976
5466
6719
5036
241
6108
9227
5440
8949
3076
9328
1407
5019
1347
2520
5817
9923
193
1730
259
4502
3976
5306
2623
7751
7041
7505
1073
2275
9518
7499
1603
4984
571
6640
1578
6679
2219
7018
1981
5295
2699
3388
6666
4046
5908
2483
322
2453
565
581
3307
894
2240
5930
8645
9281
9787
9718
7908
5657
3569
9511
642
4140
6151
8572
7172
4722
5590
9153
6369
8289
8893
3035
8688
1154
5519
5362
3607
2436
5943
3267
3330
4535
5549
1975
168
5337
8045
8076
7346
1615
7588
7988
5755
91
6560
2927
4814
8503
8432
1183
3144
7326
4219
8184
8480
6090
3546
2087
8526
5842
5354
8209
377
904
184
546
2593
4582
4974
6291
6197
2562
4280
8304
9006
7192
1232
172
2047
9664
7707
1544
3342
8278
9728
1822
4368
3275
262
9247
5469
1968
7456
5846
9224
3992
2744
8169
8574
7719
4461
1123
6633
5093
9428
1991
8637
7012
2163
685
3028
9871
2229
6371
8149
1957
4545
8870
1584
1159
8117
7053
3128
1925
9252
8704
2269
8348
3226
844
6067
7687
8319
9053
9132
4099
1044
7769
1111
3208
8454
492
9431
7035
6863
7580
5345
7760
2802
6929
8920
7271
335
8400
9196
9587
7104
1466
7935
330
8662
355
4369
3333
9408
3501
7433
6804
1271
8544
6364
6077
5388
5795
3113
2251
9728
8458
12
8882
1739
5284
6154
8426
3684
1702
8013
788
9520
2301
7471
4534
9008
1840
7868
4768
5342
5301
1572
2965
197
7937
5394
5586
84
8507
4189
6164
3317
553
5047
1409
5837
1201
9835
5873
9255
4201
6662
8776
6502
485
3310
1862
2325
1178
6630
4019
2831
4554
3336
9381
8843
8731
4967
8928
3590
5508
1444
6908
6062
6491
4669
8251
4044
4504
4125
3300
5057
7139
8428
1559
7624
1738
9773
6301
9269
6403
321
2100
958
9
1481
9801
8740
2800
5081
2331
8309
6526
5591
723
9369
260
5326
9766
1116
9451
9418
6174
2942
7846
4085
566
5936
3859
6868
5205
6614
3541
7306
3924
3550
5139
3726
8643
7940
5159
7326
2601
8037
2917
3324
3759
9529
8650
3525
6997
4454
9295
9523
7396
3493
9961
7963
9429
172
1183
987
6786
1076
4645
7063
978
9784
7141
9621
7724
2300
6947
325
338
6216
1
4097
2097
8652
3974
5447
3106
9621
4970
502
3114
4931
4817
8895
5103
2352
9882
8242
3428
4527
5305
4407
4312
2446
380
8388
4746
3680
5066
1436
9896
5067
1885
8346
71
2211
3793
9529
1832
8763
32
1298
3695
1201
194
5150
3554
6428
3392
3334
956
5049
4093
1620
7495
4474
6360
8594
8154
1426
30
4402
2846
8268
2748
2917
479
6541
2447
8664
5305
8831
9962
5352
32
156
6854
9938
6585
6599
3273
3893
1648
7366
5513
5496
8192
1873
4090
6346
9652
472
749
2498
5092
9849
5415
5572
6391
4214
4236
8048
3045
4198
9752
9430
707
2958
9368
7292
9557
8993
1185
7558
2712
3050
3054
7256
1275
3496
3603
927
3968
704
9777
9061
6905
1545
985
9648
5759
1573
7696
8805
5771
3800
4587
2830
6759
3955
122
2668
9301
7659
6578
8365
709
9632
5621
8337
9480
5576
5616
9801
2632
5394
8862
9538
6939
6199
9186
2698
7772
3235
7855
9895
3387
2442
2726
6498
2750
9200
5519
2051
6860
2097
6768
3921
8082
8741
2258
7562
4318
7875
7363
3302
9621
2577
9192
6560
8776
4731
9258
2900
7966
3466
2796
7705
5908
1874
4204
8658
1074
6075
7061
4286
8172
3829
8208
6254
2571
6818
169
3241
1045
7532
6543
666
6462
2088
7226
1590
6819
2837
4491
1137
6303
3639
8842
2211
1865
9398
7222
2939
5473
4283
7226
3646
4465
1786
6252
3388
8604
6421
6629
9650
306
9524
316
3120
1612
3895
4710
4783
6732
5553
5920
9387
9192
4763
1598
1057
513
5172
349
5987
9456
7575
5985
3921
9361
8589
7309
4317
1363
290
3967
1669
6166
636
1141
7779
4531
5851
8914
7615
1405
4835
7002
6949
5950
4952
4359
6463
125
4708
8802
9581
8635
1139
9854
4348
9729
3515
8665
1092
3805
8985
9113
9971
9621
254
4102
504
6105
3017
8119
3862
4204
1473
812
154
6425
1523
2969
2902
6231
8124
8835
1218
9263
8689
5566
8992
8556
583
84
8713
9568
5549
8685
5541
5803
9139
2397
1909
8508
6868
2123
2712
8341
2935
9218
1119
810
8540
373
3393
6664
9209
4611
5927
4250
6529
4920
2807
7113
1356
1520
3033
6906
6557
4927
2709
2049
3676
970
557
545
3094
9622
5238
2381
8840
2709
9544
7380
3083
2937
4044
8644
7549
6324
2894
4078
7596
2053
7543
8952
9926
6929
2210
2835
8208
1272
4884
1884
8594
1794
8781
8040
1416
4020
6774
6608
6729
6318
341
6164
9255
737
4808
3156
7061
4055
3587
4657
6108
7482
9962
6034
4411
8524
5222
8971
9796
106
7208
4743
1900
5989
2783
3316
9
9557
6277
3091
2227
6618
5607
7835
7355
416
991
4417
4471
4578
5426
6931
2061
5388
2966
2824
3913
8188
8148
61
4646
5356
4804
6547
1345
3940
6215
7707
9849
2492
7150
2077
9110
2757
9912
6466
3173
903
7235
3996
1834
2661
928
247
8050
246
3071
8315
4786
1219
4728
9432
2927
9533
2331
4273
3473
8547
1980
3322
7391
5482
1751
6502
8239
1663
9320
1413
8919
6555
5409
753
5568
2689
7352
9970
2935
423
8285
7721
7995
3014
7154
922
8899
9485
1547
8724
4384
9879
2046
1776
5361
3798
4630
3601
1813
302
1366
732
3209
3127
7837
8777
5817
5189
8748
8752
1965
3385
6474
6312
2751
9980
3586
1650
5817
5134
374
202
5013
8773
8330
375
8923
2960
328
736
9614
1694
7821
2823
4821
2010
1600
638
3552
6700
5743
5517
6438
2217
8181
9189
2197
1767
7192
8014
6901
3918
4568
8267
9043
2898
8642
7966
2210
5322
5055
1824
7016
2876
999
1837
1238
2600
8828
4790
5652
4571
6659
2090
3140
4840
7632
1689
6608
4824
6055
9861
5094
624
8128
4138
9874
3122
8456
8437
8444
3511
261
1812
2739
7613
3650
330
213
8830
5120
2217
9753
1780
660
2893
2972
8292
934
5932
9468
6989
5794
4562
3965
274
5052
192
9749
3509
8629
4545
3372
5242
6358
2464
2855
8
2794
9420
5190
4266
7990
4943
2398
8650
4188
5371
6942
5122
7655
6410
8463
9801
7324
8781
76
8729
8973
6177
8590
3954
722
1962
5548
7080
778
8404
3440
9924
4176
8630
543
2166
9925
2941
816
4113
4664
4110
5587
2320
520
4051
8473
4197
2832
8549
2926
8157
1078
1516
2111
1801
9830
7659
8881
609
2415
2322
6885
2944
952
7428
1462
7230
370
2279
1343
1386
2741
6931
58
3262
982
8532
3811
166
3433
6737
8323
4512
4605
6786
6313
4435
797
5194
1396
9565
3868
8282
2509
1173
5710
3971
8403
2432
2602
9746
171
1696
3029
229
1310
363
8761
5121
529
2195
1858
5204
3059
6463
1990
9372
7250
9140
918
8647
8705
4787
6929
7566
5960
8991
7889
4363
7776
6844
461
4299
8540
3491
4528
9850
3854
9642
4971
736
8189
3181
5940
1248
5996
4283
620
3246
3423
1538
1893
2128
6325
5174
9694
8637
518
3935
9352
4646
779
6166
8945
9319
9657
9825
9169
9863
9467
4140
599
7656
3673
2892
5256
9669
7175
5876
9268
6950
3767
1161
9078
6444
2688
5124
5082
9558
9059
786
556
6191
6952
9501
5510
2961
9326
4680
2825
5146
5172
9776
9154
8846
9020
4411
4867
6195
287
4135
9497
406
1649
8575
6851
689
51
8285
247
5463
9071
803
1654
6024
6656
3516
8985
2334
8196
8162
7480
9721
4291
2987
4919
3311
7398
9786
5859
4037
274
5356
4444
1923
284
1295
2612
6687
9580
9211
8502
5003
6366
6508
7379
9374
25
2717
1708
4573
879
5541
4294
1522
8528
5565
1186
2278
5352
7045
6315
1978
8753
759
3901
5389
8406
2865
2077
4338
2076
6931
9342
4794
3440
6721
4168
3465
9438
5876
8038
6670
7769
8685
8192
2649
4250
5730
4927
5954
2775
7595
7932
7881
4706
8185
3270
3113
1050
1699
3803
9478
8631
3145
4272
2071
6219
4792
1888
2009
7021
6278
5031
4790
1315
9576
7440
5566
5306
8719
7872
8082
6314
2157
2315
1021
342
5585
486
7745
7285
4289
3575
2268
3787
4200
691
6358
8992
2579
8367
6013
5209
3399
7156
6525
2975
948
2091
8281
9667
6315
2715
2334
8472
5030
3355
5167
6968
3841
9264
605
4482
2839
2873
8269
7039
3564
4627
6032
2495
9347
8397
7704
9098
5553
4229
8425
6501
2672
6706
2521
5340
5774
4855
164
7156
8210
5331
4124
8403
4595
4729
2885
3787
3954
7507
826
3870
8486
3210
6365
4185
1608
422
3283
7161
1003
1708
15
28
4767
2536
1720
6893
7391
1884
4049
1953
3568
8174
356
4515
9255
9593
8302
3210
3452
9129
7080
8291
2339
9798
2476
299
6572
2112
7461
7575
3820
3828
3955
4939
6364
5675
1832
107
3912
2234
2060
7480
408
2416
1995
6015
8361
6650
5577
8166
5779
2658
6457
4470
8808
8933
4770
5380
1045
8583
9307
1218
2411
9615
2509
5127
5290
4342
5234
5554
2928
7294
3034
9688
6062
1382
5703
4423
8032
1281
8941
163
291
5398
4633
9099
4332
5755
831
1729
4338
6490
2947
3101
6105
5457
8228
7748
6151
3462
3302
9079
756
2689
8767
3170
4071
822
3946
2103
2103
2887
2266
8746
8286
3251
4197
2618
9007
1380
699
9697
7871
3647
2799
328
5456
1027
4428
7959
842
7731
3390
7950
420
8509
1121
843
9331
5067
2946
7787
7954
1564
6533
2592
4815
731
1562
3822
2111
2262
3520
6334
2261
2671
6663
7717
50
1091
2028
892
5174
5418
8843
1946
3927
9964
2789
9610
1383
5735
7397
5689
7299
3931
8282
8467
1014
9844
2289
3125
2106
2161
5812
719
1184
2475
4788
1235
9918
6816
2127
5093
8586
7322
7039
8865
3638
9829
8476
5021
1916
5873
711
5568
6156
5345
4035
7170
5189
2676
6648
3648
1190
8812
4367
2374
1287
9156
3609
7557
2324
2089
2650
911
9411
6042
9776
3050
2223
4604
8071
4139
6830
5134
6059
2986
6831
6446
6509
8373
9123
9509
2021
6665
8321
2740
5391
5960
8248
9001
9869
573
1090
2520
7836
501
4914
3964
3551
7137
8569
7975
7628
5399
9461
3688
4737
6293
6486
1246
4666
1961
7107
3039
8626
1780
2131
4018
4092
380
9371
3962
953
6813
6482
5141
7314
7748
9105
7218
4885
7674
1545
8865
3073
1006
8905
7811
3651
5392
5409
4669
7353
8869
7708
2332
649
9840
2702
4742
220
2073
8704
7525
8886
1538
9018
2552
9286
8123
6122
523
5798
4019
9388
5223
1378
8294
9386
5029
38
1148
9699
3743
17
3759
6075
666
3599
8777
5408
171
7202
464
4048
6088
2002
3066
4993
1288
1190
7467
1811
3340
1487
7552
4915
2865
2198
4302
7894
2236
5450
3945
5979
5467
7705
8407
2485
7656
7184
4246
4180
4387
4710
8228
6827
6713
7647
1820
8001
5189
9288
6165
8529
7127
69
9796
9992
2267
450
4238
4503
5900
8184
6834
7719
2241
5241
6557
6249
8778
803
429
3165
5513
5010
6344
2226
2657
8165
6580
4198
3805
9097
9079
932
9166
8875
7276
1433
9326
1514
2288
1578
6050
5474
5650
8291
7068
2207
893
5846
3010
1322
5363
4875
2684
1707
7102
5341
6224
34
5891
29
9131
4970
7313
4649
3846
4589
2434
3172
6104
1074
1102
8506
6548
6752
6798
3616
5311
4043
5814
8321
5365
1177
3197
4402
2885
6651
6095
9109
3037
1987
5491
8520
6957
2804
3169
803
3746
5603
327
6202
6677
1430
4708
9577
4534
7858
9546
9846
1901
5360
8167
3619
6538
7716
8021
9423
719
4116
4884
3756
6103
375
2276
3061
3180
1797
3864
3278
3752
544
9480
429
1974
4188
6359
6508
2047
5905
2706
3948
7617
7226
7567
507
1294
1940
9930
2014
6057
1167
2122
2160
1542
751
5221
1074
8900
5438
4352
2653
5982
3832
9434
4308
4373
5793
7168
2772
8050
9875
3072
5668
7101
6992
6175
8395
8932
2458
6761
4989
3625
8884
7150
1519
5987
8723
2594
4887
4161
3298
7540
6495
7131
6975
803
7856
9120
7972
628
7171
7847
52
9191
1300
7044
1718
9695
5977
528
6457
966
505
1693
4468
2025
7680
9544
971
8919
3705
4269
6460
6553
1400
9787
7356
5608
8907
1680
2588
2430
5879
2641
1621
7179
9685
3340
6875
5662
3868
9684
2981
4374
1377
3801
2751
5409
3345
3722
4328
3403
7991
7140
9956
5744
6927
3664
1352
2187
5345
293
4617
7576
2934
6239
4756
2619
5931
7983
4634
6151
7667
3967
6877
5396
4120
9628
7157
3818
9702
1485
7221
7694
4978
3529
9790
1905
7193
7494
444
8890
7787
5062
6467
721
7653
1223
9693
3584
5558
679
6087
9577
998
2965
4973
5118
8945
8482
8936
8648
9967
2509
6342
4945
6038
2484
3203
9584
9978
9999
8474
7766
5061
1293
4839
9066
8868
4532
2650
4426
1563
8738
4003
2561
8055
5328
4032
7000
3810
2968
5648
130
1830
8342
1427
7868
826
982
3804
805
982
8631
8571
2395
9924
9762
1462
8793
4295
4112
9571
5858
9202
3575
4772
3609
5255
8804
610
5418
8124
6258
5548
9954
953
3327
4175
1779
4310
7979
8936
5292
2962
3859
7687
2887
3622
9149
8032
4269
9614
7603
6479
5168
7530
1251
8778
2786
55
5740
8204
8180
8350
104
4486
9303
3431
8661
7435
4093
2993
6371
9385
5955
231
3425
5194
205
8926
3226
4474
4892
830
953
61
8360
8557
5191
7498
8612
931
2054
3144
9281
8510
3983
4937
1942
2644
2372
2387
1989
8743
1773
7945
5326
1550
3139
5531
476
2718
6357
5369
3548
7311
1782
8260
5868
6973
5759
832
4256
4165
329
9889
2676
4312
4826
970
3308
7198
3357
5298
2294
1482
9595
7620
3032
9086
9504
9861
8156
2213
1582
1704
5876
3364
6317
8096
6689
8428
8929
945
2593
5610
834
5269
6274
2013
2591
5934
9211
5949
7584
1505
7431
7179
5478
6816
2618
1334
6677
774
3547
8259
8831
9424
7975
5148
3872
4664
3576
9153
1961
2521
4763
9147
4143
7389
1160
6734
3324
6724
9035
908
4581
2819
4440
59
9635
7058
7745
2664
4184
7645
7275
9367
3421
1602
867
7293
2618
795
6447
4579
3317
1210
78
7460
4952
1239
546
8276
4315
9582
9184
8896
8753
3624
5308
4740
7034
3053
7404
7571
698
1031
6938
471
2633
7806
7765
1603
8601
4212
6182
8270
1774
6260
2082
6726
3851
2629
1354
8166
8563
539
3415
7316
515
8723
2056
3902
1776
5812
1473
8827
3195
4763
9298
2180
2569
3415
3783
7523
3979
6317
2145
5754
8929
4228
8832
2781
3209
187
7299
1772
7078
714
5440
7593
9437
3848
1495
7566
6012
9320
2745
9207
4084
8395
7739
3005
1811
1522
6880
5790
7839
9026
7896
6768
9606
3081
5901
2815
3268
9553
939
6698
267
2731
643
6057
6579
2139
9975
8943
7811
2720
8150
1895
7467
5889
1253
9278
3763
4485
1421
1602
3511
5669
4722
3117
8750
6976
2284
8370
6529
9575
5068
6796
2306
5712
9205
5237
4203
9180
4180
8366
8252
8682
6614
5720
923
7867
1350
4686
2352
9123
2640
2216
4793
7363
1685
3543
4339
3970
8266
7220
3545
3334
4016
2204
5398
9574
7441
5953
8754
7974
4320
3359
6656
934
5431
7580
5153
6781
2266
7505
5905
1259
6073
7050
4974
7759
6945
5665
8081
5211
2885
7978
4898
6901
182
6648
2827
3976
2602
7934
1950
3274
1293
8606
4208
6724
2538
9361
9857
4805
3218
5762
6064
9292
9164
1038
7051
6110
3055
5132
7673
5940
9462
2571
9193
9645
9220
2021
9973
8174
9955
1923
1448
7600
6881
2008
4324
9420
1369
533
577
939
2648
2993
231
1812
383
3634
7922
3438
5118
5596
9378
4581
4519
8571
578
91
592
551
4617
6899
8826
6065
4499
5707
4425
5175
1479
2146
5709
2056
3086
8357
5049
3317
169
1784
3304
4444
5222
8422
6392
4600
3003
911
9524
3581
7355
6468
484
1972
3368
9310
8038
4219
1370
8815
9395
2849
962
5104
4906
4048
9813
6307
3717
9982
8092
7021
4426
3314
5444
7170
4267
4799
8082
143
4733
5437
6611
1569
7409
6331
880
1799
551
2250
615
9946
5099
7929
1402
6357
1977
1215
2665
2046
7549
757
9068
8328
423
864
5498
1042
2015
9932
1185
6748
1721
4149
4670
5483
480
5550
7282
1031
4152
4249
7329
5603
8530
5083
1961
507
6298
978
2554
200
8087
7974
8528
8510
8838
4026
5905
7205
311
3442
306
2032
7591
4976
7515
4424
6878
1150
1807
1030
5399
9137
2985
3930
4220
4946
789
6871
5924
9695
7071
4011
7669
1951
8874
2859
2329
4779
65
2640
8221
6723
4673
2165
1699
2188
6589
8577
3338
8396
5959
5090
3885
8944
5372
4458
243
6161
7681
2519
2209
1104
2883
9878
3055
1757
9090
5384
2888
5507
4377
7461
2230
9050
5978
281
1238
2567
5210
929
7316
1169
6019
1201
6465
1391
5659
3060
3904
9692
5580
6113
796
8463
2344
3851
6572
7786
5588
9460
3293
9965
3273
1875
9015
9252
2156
6605
8171
3718
3886
5487
1239
9905
3041
7704
7648
5052
765
7905
4745
2697
370
5541
1160
9066
9393
4084
6852
1333
9896
6497
1298
3169
4724
6665
8773
6880
9622
6945
6950
3509
8784
8189
3414
1825
5894
7415
6878
3011
1672
1623
2060
2042
7164
9572
1109
2909
3656
4313
4242
3552
811
1892
3073
5535
8557
1847
8768
8180
5144
5718
1689
3928
3908
1455
5754
6154
8870
8984
5517
542
607
7577
8937
4123
7149
6398
7033
805
711
7627
709
7874
9520
3782
9762
8077
1981
4882
2609
7125
600
650
1054
860
2106
3160
3366
7328
2144
5235
4223
9103
2812
3160
3226
9961
5910
259
7118
6621
7887
4179
848
3759
7962
610
8188
9943
5492
798
3421
2444
1448
827
9657
9906
3987
9375
7235
2483
4611
7810
1586
7423
7322
4812
3737
3232
1424
7207
6205
5663
1387
7053
5774
5701
4015
3962
1996
5859
4760
5417
4656
2561
6244
4313
2467
6583
40
6054
9066
4651
216
7004
8427
7538
8169
8516
770
5945
2075
3328
1608
3462
381
3734
5515
749
7696
7512
6608
8809
2929
1264
1370
5526
1929
189
2109
1970
2596
7528
6621
2812
4532
1400
6703
2701
6268
3825
8646
8344
7153
6606
8158
3887
340
3674
4636
4389
7538
1244
3198
467
8861
920
5993
790
7461
4455
2760
6409
1983
5734
5574
6515
3486
2277
5569
9755
6102
567
4451
9608
3526
2609
9847
218
2635
4483
4607
173
2079
4157
6993
940
5077
9338
8083
8891
3793
843
5300
5776
2929
7226
8644
6416
9503
565
2523
1958
1132
6974
7918
4658
5935
7765
4877
8571
8600
5836
8744
679
9994
2089
7972
1423
1428
6055
6666
5221
3250
8319
7350
2532
5545
2346
8948
1401
2911
7823
3359
4043
4797
7629
5054
7084
5394
6283
5655
3994
8471
752
1025
8465
2841
8997
6241
4269
1404
9259
5843
1007
7578
9545
3539
3124
1891
8839
4525
4802
6662
4236
5197
7811
1865
6603
4895
3611
2886
6903
7605
1358
7655
8630
6175
6848
3980
8768
7470
1736
8028
3313
2743
5606
9210
6282
5082
1101
5121
5959
2255
8135
195
7452
2298
8412
4056
3546
2023
3294
449
9628
1004
4456
4611
7180
7656
4943
2300
5126
6679
6680
4791
9423
8639
4001
2057
3721
1454
3531
6033
3709
8018
6228
7514
317
993
1570
215
3016
1216
664
8997
2221
1472
9960
5753
9128
4903
4405
4255
7934
1086
5398
3709
9725
9400
5767
3446
7206
5650
5831
916
3668
2060
8430
337
9405
6352
552
2421
7568
7568
7770
6141
9040
7730
8246
4521
8985
2652
8776
6920
3738
526
6981
3463
6278
9100
3261
3485
4750
9093
4401
4771
7505
2831
1460
6910
5535
8365
5683
9455
5933
3454
5597
1326
7536
3843
5847
6522
2847
975
9794
6585
1501
6775
6400
7780
5876
6014
7617
6978
1459
2018
8101
5316
1201
9562
8578
6736
4279
4261
6191
212
4067
8140
7890
7956
8336
3737
4478
1183
4712
624
4121
2566
3751
6873
346
9627
2887
7963
2958
698
6333
1059
6014
3886
6973
4592
6974
1252
5206
9517
7817
5625
7658
5707
3581
5994
9445
4411
3529
509
5035
7650
3075
8787
4524
9773
4766
3763
4088
4076
4462
6773
1488
6828
659
8461
1421
7633
6066
2979
7151
235
8604
1161
2294
8538
3507
1739
2949
7036
8601
7985
1039
8028
3124
5563
7802
7890
9326
8242
1967
140
5016
3455
6969
5675
8268
4742
9661
686
4073
6812
921
9029
4325
3216
7567
7832
1307
517
4868
6260
4854
5907
4289
7978
7822
8443
5868
3501
6685
4187
3641
1701
7642
6962
3729
2263
8056
3390
2949
2129
6554
223
1159
879
9791
8726
5063
1098
5595
9931
3711
449
2191
8000
8427
13
6443
648
3514
9480
4835
3508
7534
8830
6822
1263
1093
4879
1005
394
7008
3911
617
8167
1142
408
3246
6205
7859
8841
6136
1570
5643
4679
5922
4070
1045
8717
1070
911
4549
5906
4419
2083
1088
1242
9698
2181
6121
703
8927
9481
966
9545
4001
2108
6305
7247
8313
516
2440
802
8438
4435
1833
4360
4858
2878
9429
5928
3790
3979
8186
4561
2414
9274
5803
2113
1455
8276
9168
383
4110
135
6280
8111
8595
8937
1710
6909
9454
4150
4063
7892
4938
5896
8605
9796
8775
4386
5724
2565
4717
3911
7126
7132
9537
