9282
9245
7345
3910
4765
4080
8020
1252
360
6131
9848
9297
4193
3109
5103
4696
7172
9348
9634
3068
7953
9430
8195
8691
1506
7112
3409
1769
4239
541
1307
9873
6138
8652
135
7255
2732
8156
8508
3092
639
8356
8741
4833
1465
197
9529
4989
9545
9163
8057
3850
4945
2605
2541
6451
9717
5950
8221
308
2843
9528
181
5333
4532
317
2589
7264
4825
1097
6708
1816
9453
1801
6649
7270
1998
2530
2259
7895
8045
6668
1745
2990
9273
639
5794
8991
6589
367
9299
5785
6247
5833
1118
779
2502
3707
8043
3679
4804
4751
5495
609
2904
8497
4231
4903
1027
6490
2798
5425
3159
896
4767
8784
1535
561
4127
8124
928
9779
261
3527
5612
1380
4306
4466
1439
8701
8145
2596
3452
9992
3205
2709
8489
7437
7612
5869
279
6762
1294
9790
7658
6061
8575
9193
6623
2702
3670
3903
2481
3931
7431
4445
1663
8089
5263
3103
6791
9760
5699
6595
9753
5256
9304
8242
9045
6916
4111
9325
31
5405
5467
7689
7819
4042
6883
4442
3097
6905
4697
5578
836
8480
6376
8852
6570
1639
1955
3361
1400
4006
9956
1153
9262
9261
5747
8308
2529
6211
3985
2560
7968
9452
250
5787
9847
3485
6581
2944
390
1279
4874
7578
6111
7602
6430
2681
9242
8385
2394
6994
8743
8703
4499
8006
7964
6598
2666
6845
2809
3003
9406
778
8807
6008
6565
5006
5845
9499
7950
6235
7130
9177
165
3241
3131
6596
2275
2373
1333
4669
5719
77
3372
6570
4435
7688
3169
3453
4534
5978
2808
292
6756
1615
2652
9674
6622
8497
9173
924
1084
6303
6453
1249
5896
9585
4197
8171
8310
1883
9193
382
1960
8917
6952
2747
2958
121
2552
3844
6100
5360
4136
9208
3327
3140
8882
6301
1637
4407
3578
9073
7062
31
6674
2959
5968
872
1130
4279
9107
6675
1013
1067
5593
7965
166
8551
8087
9070
2395
539
4430
2883
9747
4109
6023
4982
411
4012
9389
3989
9437
6452
372
6111
5763
6341
3335
3245
6972
2442
9921
7985
9861
1866
2302
6379
417
389
5449
9164
928
9879
8399
676
3989
4422
2010
752
4786
1399
1093
4223
4203
1465
6686
9966
4158
22
3212
7482
2464
9485
1819
8678
1351
4122
5057
1768
863
507
7284
1792
6738
5683
8820
7079
6457
830
7831
7595
8581
5276
1818
2785
3094
4856
9103
3604
4878
8667
1087
3695
8152
9258
8725
9503
9732
3782
7623
596
641
4907
8740
7380
6942
3912
811
9751
1094
4995
7346
9675
271
5516
8812
3365
373
4268
6970
1603
2935
4409
1650
1088
19
375
591
9752
510
4567
6700
1151
9474
5440
4883
2769
5704
5695
2520
6798
690
6219
2825
961
1735
7990
679
8460
2258
4001
64
5193
8410
8066
2633
8429
8442
9577
4533
8952
4144
1233
6455
9970
3025
1339
2739
8729
7034
1612
1879
4076
7831
4705
1389
5918
2695
2068
4379
4953
2421
795
6498
831
8861
5484
5613
3655
5061
6498
2607
5557
4084
5415
5527
7109
6754
4619
2191
140
6231
4070
568
4062
8775
1957
6332
7822
378
711
9127
2799
7858
5626
9983
6720
7462
5596
6727
2523
8446
5687
8080
2530
1102
9959
5992
7856
4578
8183
4348
809
2253
4916
1223
7381
3225
7556
5203
3603
4619
4331
6403
2478
6309
6386
5550
3771
8334
2277
2646
3132
7964
7078
5663
9066
7037
1655
3274
1616
9838
3974
8777
8443
5242
6353
5824
8468
3909
7380
2071
4880
1711
4826
3710
8020
7564
9260
1791
2250
7890
789
5383
2206
7867
7398
7625
4904
9053
899
2872
5243
1226
1650
38
6468
8003
2215
4936
8264
9595
3360
3144
1306
8186
6855
5678
5751
2467
3821
4353
6709
4610
9736
8916
2477
7134
6541
7381
2539
3792
254
4134
5018
8256
525
1487
6259
2740
2775
875
2335
6135
371
3641
4322
7226
5671
6425
6046
9492
778
2755
4102
6867
1671
6579
353
4564
3960
2893
8357
566
3379
3375
8822
3904
1214
1433
6644
3990
8660
5331
6477
9032
5324
799
2610
995
3576
8656
487
707
7764
4589
7574
5787
1168
7927
352
1481
7172
8709
8399
6904
8436
3574
808
6003
1359
3805
9993
20
5488
2822
5404
813
9974
8014
1808
3550
3023
2296
4257
787
3237
1831
2926
758
6111
3278
8591
3283
8339
6990
187
6776
564
7348
2779
8276
7505
9124
8296
2993
1946
3700
3806
1920
8066
5615
1823
1089
4263
6080
8228
3852
4264
1155
4610
375
785
9553
10
9125
6544
6550
2253
3460
3898
1384
1736
1403
508
6384
4396
8806
6436
4555
7079
855
6522
5254
1944
7137
7686
6525
989
1950
4032
1952
8677
1169
1505
5040
294
4401
1590
8899
7862
5488
283
5950
3243
7143
8687
3991
2302
1475
8546
5733
2330
5068
987
627
2205
8673
7152
9547
6976
7536
1499
5653
8705
9356
693
5352
3758
8635
4251
7972
4123
4535
274
3718
8030
5313
7710
332
6789
6256
6065
9119
1325
7052
9746
9882
2078
3250
9429
9054
786
7280
1059
5844
6637
8105
1196
6747
6740
5447
1071
7216
6334
1345
934
4365
6659
8644
1049
3448
4901
3467
8919
2578
6871
5018
8812
8949
8268
8242
4355
5407
5522
5415
1251
8511
9872
8799
5258
6612
598
6329
180
6933
4027
1115
7650
7038
6111
8699
6838
7364
8518
5757
6294
5390
775
5107
4339
5396
3349
8695
7155
5223
462
4758
3735
334
3557
5345
3298
4155
8027
3479
7440
8406
946
5090
5444
3409
142
2282
774
8660
4391
7068
4050
1519
2175
4742
6915
1876
9789
422
3452
251
1532
7187
6937
1441
8884
235
5596
3263
66
9389
1669
7364
831
7113
774
7325
5747
7900
5986
139
4968
6388
1658
3496
7482
4925
1724
7271
1699
5176
3874
3231
8715
811
4672
7600
7399
6620
863
3817
6009
8885
1182
6841
5998
8308
4166
8098
6208
6504
8237
1176
9245
9895
1024
6727
1172
9101
351
2871
4277
4225
6102
2993
1389
774
6945
5140
7394
4160
8957
9756
3045
6491
2949
5396
4799
3467
3494
1007
9972
8083
8536
5569
4330
5912
8648
5502
5013
8999
4725
9291
9577
827
8636
7318
7953
1933
2458
1699
2445
7767
1455
1843
4259
4404
3591
5410
7872
3437
2770
4196
1520
1306
6117
5850
7218
4765
7704
8584
117
8781
4227
6046
9608
2863
3364
3913
1148
2174
5612
3593
6293
3420
1788
6904
4176
5379
2315
8400
8816
5085
8948
336
2743
5065
2538
6313
6183
6594
4897
6300
5375
9124
8698
1335
8339
2062
1600
5839
588
7213
5785
3233
6985
7573
138
1161
2953
8805
5914
8121
242
4862
4810
2985
6280
3700
5650
2463
295
6900
8763
2022
2376
7461
9710
7068
5875
1310
2907
2815
4875
8692
2400
1860
2618
2538
9374
1923
7695
5288
44
7937
6502
4854
7274
2782
8555
9277
5245
5202
6177
360
3576
8553
4173
3286
5621
6400
949
4881
9215
5824
9925
1616
7685
2543
506
3411
4466
8202
8699
4511
2491
1553
5717
6118
4336
4272
5395
5933
5826
1572
6294
9403
6477
6819
9041
8451
3220
9990
9684
8787
5815
9609
6755
9852
8505
7262
3263
2971
1816
8314
3834
659
9867
5904
6777
555
176
2172
6489
2355
96
9135
1758
2926
5954
799
1377
9174
790
1061
4314
2957
7022
1069
2809
5527
4683
6072
4851
2851
738
8685
3511
6957
4589
6640
7513
1118
5165
354
3473
1613
9489
1583
4539
1795
2382
2268
7322
9524
9681
1636
2481
6704
2705
1642
2231
3741
7714
7082
6592
4804
2120
103
1762
3061
3096
9275
531
8261
5981
4004
9874
5470
1939
4414
3617
674
6682
939
198
2716
2575
9032
9420
1633
674
8003
5374
4741
1438
1966
9545
9910
8422
1307
2971
1518
6934
3503
6131
2915
3859
6005
4737
5799
6771
8355
6473
9806
9294
3023
2522
8222
2055
1942
6207
2730
6297
1581
3823
7735
9899
3368
7645
4673
1028
6969
2543
7962
472
8674
7230
683
1032
1967
6482
7803
6674
9307
7609
2321
2331
131
543
738
8425
6750
3468
4723
4683
3643
8810
934
7012
2808
5608
8040
9777
4503
2354
6601
3178
5936
7284
4210
4256
119
8365
930
5778
5975
9603
8109
6106
146
8848
4532
3248
8668
5607
4283
2312
4417
5218
5676
7225
7178
68
3354
1681
2422
9955
1211
4711
3592
1773
8967
63
139
6249
5841
6114
5853
303
8572
2351
9151
3104
5600
4171
8711
6235
2835
9481
1453
8511
3058
4983
8579
6413
6665
7354
2720
4228
2065
2664
6002
1032
9079
2493
3633
4921
8607
9486
1576
7179
1838
7079
6636
3790
1250
1699
25
438
7532
7831
8949
591
2814
3881
3356
5831
1235
2428
60
9652
1445
2414
7036
524
4907
669
1797
9866
156
9725
3397
8346
6804
6385
8488
4407
4437
4865
4845
1969
2696
3794
8912
1863
7675
8620
7694
5262
1049
4106
4914
8846
2872
1950
9370
4131
2620
7520
3997
9128
7245
3747
3826
402
6484
2314
4809
921
7179
9654
2891
6228
9800
8155
4443
3828
6776
8489
9090
7825
2596
357
3023
1820
8659
8745
5952
7631
6265
6301
6759
9863
48
6937
265
6533
5603
1426
3806
2783
1080
6697
5363
7232
4853
9806
1060
1629
8295
6503
5806
7243
6860
8829
9064
5519
7574
5016
9503
192
1317
6262
6407
7718
9552
6672
603
5155
4450
4409
4290
5530
7459
9653
2762
2312
5811
175
293
459
3030
2451
7702
9890
7632
3118
1761
1558
8134
1264
1750
5804
3879
8157
9874
3431
1181
477
8586
5631
1238
2877
7513
8697
8882
6628
7361
4694
3155
4006
1505
6185
6457
9207
2427
441
2326
540
2000
6812
1805
3750
8968
2036
8260
8842
1819
5793
5671
6757
7777
6910
5986
5290
1959
1221
8270
9321
2267
1425
3327
3772
7610
6137
2979
37
6578
1657
578
4930
4822
8735
5033
3790
7123
3293
8985
5294
5438
4656
2051
3215
7918
4390
4858
9878
5611
3128
5551
7878
906
8878
1650
8516
1367
981
4906
4298
2639
1836
9228
7461
571
4261
7603
4046
3906
6588
9340
9345
7597
7743
2560
5515
2133
3770
1745
7744
6899
7296
1974
7805
2527
3624
2673
3894
4606
7579
4544
3597
9415
3773
7410
6338
4386
5013
6736
8293
1602
6076
3990
5551
3820
2902
1066
5953
6673
2812
50
3572
108
2024
7729
8987
2001
402
2882
2959
4334
3778
2908
101
7551
318
6440
8290
5331
3176
2935
3285
5605
6925
8836
9425
9827
6255
1730
2852
5419
8132
2776
1879
6509
505
867
4862
7260
101
7821
1594
3879
729
1695
7783
7399
4487
6073
9082
4016
9008
2368
9621
2285
7556
5398
8464
3811
3480
1317
9230
7965
4093
1110
4474
4599
1977
5688
1859
2078
3509
9805
2309
590
7852
92
4341
8692
6165
3423
2708
1525
5791
8681
3810
9700
431
2275
9863
3911
3592
9094
1876
7685
6556
2702
8636
4885
8390
6847
3315
8251
6652
5624
5193
857
5717
9534
9549
1882
2958
2257
9760
5101
938
3570
1153
1369
5845
1017
1632
5789
111
9861
3475
3019
8915
8463
7904
3658
5311
1219
1909
8315
3195
3455
9172
8912
9341
8721
7147
2299
7330
6907
3753
4620
6829
4906
2341
2675
5923
3974
4816
2386
187
4643
5405
9102
3107
9661
2760
8418
7232
1022
3085
428
829
2258
5692
170
7331
2839
8822
4662
6098
2575
9282
2928
3833
7976
1955
6109
1950
6771
8495
8489
1415
253
3943
874
9914
6704
9292
7147
4078
2377
3927
4907
987
9619
1429
8319
8811
251
2981
1261
9178
8615
541
3012
6591
2496
9121
4893
5620
3968
3382
3387
4221
7326
4261
4136
382
9905
7635
812
8634
1562
2071
9622
7533
3500
7941
6344
104
7274
3958
9282
2241
4499
2294
8833
6996
7767
78
8968
1736
3461
2355
2309
7139
2968
2797
3873
2873
432
1037
1507
8346
3108
7481
2232
2960
5422
8576
9416
9048
8886
8699
1290
3386
7345
6475
382
1465
6553
5702
3201
6366
4409
1862
9857
7377
4660
82
6602
1444
1119
8109
9791
579
1943
2023
9892
3717
6951
9308
2766
5838
8007
408
9224
1705
6883
5958
3170
9788
8012
2723
2507
2421
4585
2364
6150
9245
2447
2752
690
9918
861
6833
498
9156
5208
390
2874
2159
6050
5640
4349
4058
2400
9925
2115
9283
2235
5285
5423
6599
8008
7930
9020
8945
295
5170
8191
9094
7922
5233
9012
5136
2066
5862
4292
7274
2604
7166
5785
8655
9158
6487
9065
1558
2764
1180
7193
5000
6465
2617
1599
825
6899
6972
6122
3546
8494
4313
2640
6417
5898
8005
7905
7964
3867
8549
1590
6472
5716
7376
5127
1226
215
544
2785
2979
1724
6330
7979
4541
8947
5931
1718
2199
9255
7840
5745
7749
8506
4738
4166
4404
2743
8423
2369
2962
6973
3959
5786
9041
7687
913
267
7902
7809
9404
7234
9533
5735
5213
426
1034
7496
2144
3233
6751
9985
5331
853
8491
69
1371
9247
2812
9795
1616
2126
3120
1928
7913
2161
5967
5178
8780
222
2988
4537
7456
2521
272
9021
9300
7658
2870
1444
7244
5973
7781
2575
6826
2624
2644
8198
1872
1808
4345
3488
3934
7465
1768
8199
5978
4088
3378
4758
4310
6366
9295
8118
5239
5919
7139
4539
9930
9
2336
7174
5983
117
9749
9161
2742
8745
7359
4614
6905
1704
4454
839
9169
2575
5391
5147
6663
8769
6258
7325
5135
1905
5443
6726
7825
8934
1266
7755
8944
3602
1281
1279
71
1030
440
9165
6127
4152
3779
3032
2208
4586
223
1378
3513
5614
2877
6528
4383
5487
3853
5870
7393
5648
2597
1570
4582
215
5677
9878
169
6958
1157
6592
4340
7950
5758
467
8454
5889
3499
662
475
3722
2040
340
9337
1270
6868
72
3109
7073
5943
502
2721
4892
8424
3656
1459
4101
3534
1628
7411
1044
4572
1751
8994
330
2218
7448
6220
2069
8110
3047
5792
6503
3388
1481
4125
6608
1553
7234
3682
3848
4089
2755
5092
2513
6411
6551
2967
9946
4531
378
990
9104
2130
6336
9434
700
136
2006
2770
4598
5054
4914
1101
4794
6395
1578
7754
4300
5165
7788
4501
9254
544
9593
8119
3307
2497
1086
9605
7028
1465
6947
2484
9947
3283
8271
6999
9771
277
9769
4370
1683
1035
1823
2829
7430
3402
584
8083
8567
8372
8936
4173
5268
8529
2292
8576
7378
3379
4533
4407
1196
1481
3243
7495
1116
7866
4494
888
4496
616
1610
6179
1651
3433
9009
5434
3187
5945
3517
8106
4317
2453
2279
5938
7334
4572
4514
4713
4303
9047
5472
1851
6880
5067
9346
7997
2934
192
5237
7430
808
6847
3609
2460
280
8970
7894
3468
1267
7763
7926
1937
6568
206
7875
3902
1130
8741
4967
1785
4140
439
3636
1021
5507
9334
9018
8441
9526
4255
5871
6687
7454
5832
9147
7734
1155
3393
7554
2422
7508
1833
711
4076
2039
8586
7978
9521
7327
2946
1306
1468
9737
1294
2489
5244
628
7859
37
6506
8466
2260
3193
2272
4445
8692
6
5600
2085
3913
4374
9593
5746
5086
3669
4137
24
8000
3658
7352
7298
1316
5172
7035
2610
4013
8632
9590
8224
8669
6096
3042
930
9290
5314
1727
7982
5320
7327
6420
5585
8053
6013
7683
9491
6035
1820
9516
387
1830
3220
7685
3146
8392
1072
2108
8757
9704
1698
6981
4726
4147
23
2008
3437
5337
3735
7771
7009
7414
4191
8947
5467
6557
6630
4959
8944
4803
827
5683
6633
4047
3368
6132
8791
4440
4592
7548
497
6291
4529
5223
6790
904
7231
227
2593
7318
4350
9602
4732
4894
8549
199
7803
1532
1510
6747
6335
8689
2430
9320
2736
2150
1804
7879
2942
6397
5427
3439
9040
6308
5014
5830
3564
8597
2409
6157
5915
3111
5760
647
8005
661
7199
5808
2193
5061
8907
4880
3751
7689
553
2839
9839
2357
719
9134
5106
2498
8925
4146
8807
3940
6328
2371
2537
5089
4881
4805
8201
641
5452
6206
7654
9003
8367
9848
4065
7274
1080
4168
1316
1633
7007
7507
3991
7726
6641
5449
6577
5567
9596
5384
9507
2276
4107
8396
3718
8988
3201
1919
5981
5006
4477
3636
4009
2844
9836
4426
6471
916
8594
4139
8902
1954
1646
9245
6032
8288
4694
2609
207
642
4345
9714
2919
8453
4462
6637
3793
7664
4908
6127
9022
9385
9763
9383
8582
5951
3810
1405
3219
8756
5544
2121
7062
7190
1366
3095
1830
6061
5704
2037
6703
50
8103
5974
4855
2566
8963
8648
6582
223
4775
1956
5961
890
1339
895
6841
1501
2300
61
6610
4196
8534
3672
7738
9901
6767
9569
2314
2472
7958
5369
8874
6062
7696
3729
4980
3011
8729
7914
3235
9857
9870
9196
747
1209
91
3941
9063
8743
354
5673
2939
8888
9345
7029
5141
2465
2950
7455
1289
909
9177
163
3323
6873
244
4655
9884
8973
2569
9471
8830
8791
8667
5930
0
5110
6223
9063
205
6577
4736
9496
1817
434
6526
6959
2899
9476
766
4188
6737
9943
703
6412
3168
947
1067
3053
9920
9988
8876
5103
8779
3896
1033
5132
9006
7256
4195
5564
185
5284
5060
2002
2070
7938
5313
4969
7415
6080
5509
504
6023
6212
6917
9192
7159
4336
8597
3431
4325
3825
8534
9456
7721
5919
4588
3080
9527
5136
8644
9712
420
56
1715
2490
7995
3380
3811
1762
9460
9320
2266
1836
1884
5535
7380
9043
6224
5977
2474
6901
6154
7361
6357
3876
3280
7298
6956
2808
2434
5600
2520
9206
5656
587
8048
3
3968
1859
1765
9780
7531
4032
1616
9415
5919
8996
4810
2143
1325
3636
9044
7480
7349
1754
1356
630
9052
4664
9790
1486
6616
8662
692
2272
5602
8740
8628
5922
6951
393
5702
834
777
7319
6601
6697
2667
1411
5192
3993
1399
589
7825
8749
2343
9181
5731
1395
197
5521
9233
6813
535
6277
5437
6137
1369
4065
2059
8320
4459
4114
9154
5236
1433
5755
1933
452
3518
3478
4445
1269
4067
8622
18
6410
4155
2101
4157
4352
3974
9742
1165
4510
6019
6603
647
7388
668
9059
2060
5127
3173
1214
364
958
3321
8649
1410
3191
2127
2208
4460
6194
830
831
8956
4986
2932
3113
9338
3259
2855
504
7769
5226
7107
4768
2614
4127
3827
4674
9255
3352
2240
5971
4310
1913
972
5721
5104
9452
4281
9565
1998
5111
6748
955
6449
9680
420
2140
9291
3276
2644
7060
4854
6103
8181
7469
6582
2008
8495
5837
5361
736
8160
6023
2649
5485
1744
4106
4937
6025
3671
6935
7489
419
7890
290
6451
8311
2430
5743
7939
1426
9155
2793
3881
7336
6614
464
5697
5110
2653
1058
2198
814
7081
1199
2651
5178
5305
7588
7555
8976
4523
1396
5747
8766
1687
8551
7077
4117
4294
1368
5544
9801
513
9425
7138
7128
6241
2835
8590
8895
245
788
6061
3678
1987
8712
5208
7293
6300
2764
2621
7175
512
4721
5941
2199
3272
9370
6317
3918
7090
8213
3719
7604
3990
7209
1084
232
44
9674
5479
6641
6814
7892
6672
5153
2956
1880
8798
5608
4644
1420
2783
1509
2493
5077
3708
2117
799
6377
6035
7890
942
6106
1846
4933
3316
2930
1517
9712
8956
3348
2706
2122
1240
9378
7275
4196
1258
6074
9804
2255
3846
8939
3764
6339
4016
7472
8456
4816
202
843
9058
1144
6949
904
6077
6617
186
3946
2682
5494
7294
5388
7616
4886
4766
1243
5434
6024
7317
5238
4631
7515
530
8395
206
898
2220
5014
2066
2422
5857
1124
3566
9159
8380
5996
5776
8566
6294
8458
412
3589
198
4380
4827
4964
5624
262
7341
9293
1852
1972
6809
2382
6720
7015
9633
8940
2030
1699
7714
4239
2824
7632
3398
7556
9980
5527
2475
6275
337
2887
6216
536
7268
1043
5500
2892
7657
9193
2185
9510
1166
5346
8244
4238
2362
7877
3178
744
9577
7244
4983
8753
1228
4734
2661
1209
261
5136
7484
6950
8024
52
7486
5292
1095
9339
4536
5105
8532
3073
4615
6050
8420
2859
288
7134
7089
9818
7878
3018
7062
9213
8123
8291
3947
784
5852
560
5921
9688
7511
3945
9740
4997
5589
7187
4336
6477
2292
9221
9550
6907
5271
7970
6119
5560
5104
9560
5378
2982
2578
8793
8548
7053
3436
2495
7837
9288
3056
110
8976
567
407
5068
1916
5996
2255
2605
2473
4548
1826
2024
1455
7097
6346
3926
9009
7803
3486
740
7137
2416
9533
5685
9469
9321
8181
3659
4961
7589
3769
289
4508
4177
5357
6424
6525
7612
9029
5351
8512
7207
3727
6320
4305
73
246
9666
7876
85
406
5014
8853
6291
699
4675
5612
5232
4686
6925
2821
4807
3566
7329
8984
8923
106
1862
2888
5487
7213
7752
2695
940
4072
3352
7365
671
3018
5242
7108
3425
6608
5961
9716
3659
6988
1681
8892
1674
4958
8065
6482
8525
5395
1818
3800
1853
3680
3040
7340
7245
793
6387
8185
4865
9739
5551
1888
9110
7145
8996
2535
3753
1310
8603
3764
8298
6636
2656
6325
7947
722
9159
6472
2469
977
6624
674
1010
9665
8014
8255
6810
754
6441
8027
493
8344
9916
9603
1841
5264
8490
1946
6574
3446
5710
1225
6434
8367
7550
4381
5441
6709
7205
4262
4038
182
4936
5048
9847
9302
9656
3009
56
2449
1036
550
793
7304
6505
8986
2569
1348
932
9143
1146
6642
368
3932
1361
4270
4666
6802
7331
1871
7416
7722
2053
2352
9122
8252
1655
8778
1261
1711
7579
8650
8613
4724
5954
1471
3710
8523
9171
4642
4019
317
1285
739
4249
2646
1362
8915
5801
8693
7139
3217
2767
5544
1922
1890
149
3577
7020
7762
1640
4600
6412
6606
9324
8719
8077
3035
7242
7248
7677
1261
3917
5314
8353
4518
7961
9715
9786
114
8408
6925
3331
7528
8821
1605
9418
5322
5182
6438
3085
3175
7390
5849
9781
6715
4568
7858
9750
8163
1458
3779
5776
5375
9094
4129
6245
3407
3844
6031
9873
8605
9308
9556
6133
8130
1162
5551
3452
2696
8341
2889
5871
2084
8739
5652
8799
3307
9862
4901
7822
7672
5032
3599
9399
478
7728
5645
3885
1573
1676
110
178
985
9667
2663
5467
829
4566
5271
3525
2907
8161
9397
4991
3252
1401
142
2911
7616
5043
734
5288
6428
4333
4688
6906
2061
333
7144
9986
8361
7254
6516
5698
6921
9179
7517
4102
3745
2789
7628
3005
7302
3377
4348
554
1130
4491
9817
8746
5886
551
4035
2314
4884
8723
5573
3298
5408
2717
3284
121
9971
6153
5820
3245
5332
3337
7347
5430
2478
4975
8435
9780
4704
2783
6686
5835
3626
6504
4581
5865
3407
4968
4531
8292
3691
104
7942
5451
2821
7578
5573
9145
3731
1393
2390
5416
1082
9737
846
3561
1065
9281
9693
2121
8416
6380
4308
8395
9236
8890
4260
2643
3858
8791
7287
3902
8896
5229
5705
8069
9160
1278
7214
2891
9023
5956
8307
6458
2046
5505
19
9463
1138
6064
1584
9555
2444
5893
7950
8032
1135
2210
676
1345
7353
7963
1599
6249
9545
7305
671
8705
4935
4237
7948
311
194
2608
6769
8592
8113
3140
8055
9252
9204
5991
5159
8001
8236
3109
6033
9371
1671
6709
7069
9024
1025
8668
1626
6922
2325
2297
5627
7261
6534
9927
7572
3080
2535
4341
1672
7001
3833
9727
6253
3037
2071
7764
1038
307
7225
7072
6031
8896
133
9452
4272
7510
8120
2250
4432
446
899
6411
4059
3786
6339
7983
6866
5226
8676
4891
2227
2509
970
8480
5546
3041
6244
6585
9701
3469
9
2084
8717
6494
1536
9342
4005
9656
7944
8437
6454
8844
1201
6865
8982
7540
4848
2200
2766
3524
7091
1346
6033
4414
9826
1580
7455
2423
4517
3508
2244
878
5592
7314
7372
7128
3008
1377
3137
952
6167
5943
6148
7368
2809
5130
1260
4009
7331
378
7534
774
1724
9919
5188
7903
7851
8996
6678
8720
2504
8922
9598
4449
2588
6971
1577
5596
8348
1066
6549
867
3362
2697
8235
2523
4180
5847
6532
7863
2578
418
4989
4302
338
178
8557
4541
5526
5235
3262
4382
510
2860
8831
3098
9831
6761
8695
4532
7827
1596
5399
1189
645
3635
3712
4825
5834
6597
9040
8412
7015
4030
9067
3705
560
7624
8247
6086
2860
1509
468
3370
721
9300
6468
553
6061
1515
5085
240
3111
6836
7782
3757
6823
1494
4934
2658
4443
327
7422
1459
4357
6489
1516
4917
4114
9763
1003
3326
7624
7823
6696
8346
3475
9516
5251
5888
7384
6688
6129
495
3524
3911
604
348
1757
1891
3006
2553
2218
428
4012
6575
3270
5528
7844
7384
1644
5199
7062
9268
3022
3758
3966
6498
9626
9217
2386
7010
5905
4867
3858
9430
5130
4462
9778
3240
2705
9136
5793
4923
5916
6157
7850
9186
8037
5694
2922
9681
893
9984
5302
268
94
9268
3118
6073
4838
1856
3083
743
6724
3293
6525
8206
7756
2655
1446
6813
1791
3591
1737
4060
9748
9587
3246
7786
1634
2521
3819
8879
2505
9121
5499
8952
4742
8617
5025
9580
474
4460
323
3550
7754
3201
1756
1862
5856
9555
8675
7648
3146
6764
8060
9247
2704
7658
7033
4338
179
852
9569
9037
6326
5069
7989
1068
3686
9366
648
512
3826
7323
4062
1580
524
2171
9794
6381
8078
8470
381
1224
5234
4793
6823
4290
2451
3856
8628
2631
1061
4550
8020
7387
9619
6009
4807
3305
1727
5455
170
5553
9130
584
3486
6007
2755
3280
8740
7185
8102
5473
4762
9689
266
1585
3979
2717
1794
8960
5348
2855
3510
9720
6594
9481
5729
1401
2786
3808
3208
9308
9362
8690
9893
9200
4697
9000
8832
3437
6186
3287
8910
948
9328
9176
8885
3307
8246
679
8619
9946
3534
8481
9667
6480
7962
1748
7881
7101
5557
1089
6409
1271
9780
6302
471
829
1655
5655
4267
4193
8942
9529
5141
8270
5058
378
7930
3304
1058
2901
9602
944
1383
9269
7425
9345
1018
5306
6446
6575
2748
9208
4198
8880
1862
4669
9709
3517
6676
328
7710
1971
6210
9203
6593
1268
9582
875
924
6992
3777
526
7936
5160
6148
5361
857
7166
668
3656
93
9768
2864
4291
8648
1078
5312
8357
948
1988
5038
8658
311
1248
4214
6905
2516
148
7780
9792
7140
1557
6670
5076
3069
2818
438
279
9984
7458
3935
6429
7226
3151
720
5874
4229
6032
583
5177
4373
5621
188
1036
6869
4402
7941
5737
902
2074
1881
8042
9983
8552
3118
3053
7722
9908
3332
4059
7366
3619
488
944
6770
7561
3170
999
3593
106
2529
4318
2079
2717
5355
5301
3471
9648
1038
4373
1722
9272
2415
1706
4176
1885
1111
1898
8146
4443
5957
5512
4414
6446
2809
1184
4007
5979
8535
3952
2437
7416
4623
4517
133
6330
9818
9956
5978
7208
681
7701
6480
9448
5759
656
1334
6870
2555
9480
7665
4864
1344
2079
1310
505
9615
1669
2837
4502
1974
5274
1919
6597
9791
8404
9279
9609
8361
5257
6818
9042
9310
9650
8491
5069
307
6177
8291
9214
2009
5956
4078
9705
4387
1741
211
4002
9762
3048
8505
1736
4674
6776
4685
4466
5180
3964
427
3541
5574
7245
8936
4884
3248
3779
6306
3555
9956
4597
9121
8317
6906
3199
8022
1293
1292
8233
1648
1055
7633
6505
9143
2308
3281
181
6774
8461
497
3553
8355
6071
7151
3643
7308
399
7422
3614
3954
3730
8211
9427
2047
5117
2626
69
2763
271
4655
4411
1326
2288
7268
6821
948
549
7002
4074
5362
7500
7628
3717
3571
4779
3712
879
5178
1134
4493
5484
4864
9057
4911
6911
526
3889
3333
9641
4160
7988
4052
1838
6628
7672
8660
7577
8221
5662
1651
9936
3162
5631
5
3086
410
3718
317
1940
4852
4811
7424
6069
220
8687
9332
7098
8929
2665
6740
9441
7005
7144
1280
3634
4817
6292
7563
9390
1954
5566
9326
1469
1198
5684
907
1608
9402
1224
9901
606
2387
3677
6675
2607
2365
2360
9706
7646
1377
2798
7087
8383
9942
4719
8369
4759
1011
2284
4150
9318
7850
9828
7139
9048
5512
8046
7009
1266
5622
6910
1873
8010
587
4900
617
9304
7260
6675
3302
4990
9473
6742
3373
5768
1461
8094
527
8825
378
1029
4495
4580
858
7986
3629
2722
2384
6990
3989
8006
252
5862
6016
7191
7114
2986
2848
727
6013
6150
5717
1839
2892
9090
7607
706
3536
8134
5883
3914
9164
6730
8494
6374
4716
8475
9096
7100
1817
3085
1458
2069
5299
7475
5613
2414
461
8461
9493
6474
4611
5210
8313
3856
652
5920
914
4188
407
6797
4454
5923
9879
9300
2297
4595
7776
7745
8047
5945
7183
9505
4367
2482
6980
9980
1248
3793
8441
741
6620
9404
5951
1285
9612
6603
3558
526
7143
3965
3675
1597
6240
3554
898
4889
4501
5026
2634
8900
7323
9817
8406
1690
8652
1738
1670
6252
1884
6463
6994
8504
2220
9297
9789
8184
2253
3347
5063
9396
3664
8738
7346
9904
8645
4596
4793
9498
5974
3780
8399
3297
3597
6805
4988
8601
4895
3010
4854
6779
5826
8200
1635
8046
7497
1425
2582
9750
1124
7645
5499
4789
2736
2845
4693
1381
7441
5839
7231
3415
9619
5630
6712
9568
8787
8052
8170
3683
7415
9376
6814
3241
7576
8450
7639
5073
9875
221
1176
7351
7867
6675
2140
6955
9520
3186
8336
3313
9025
5567
6728
8644
7550
9792
4564
6337
4197
2734
20
1612
8462
3187
1205
6038
1637
8844
7464
7864
5417
8640
5215
9636
1667
3708
6591
1187
6894
1279
852
2271
3199
3932
7267
749
3724
1831
7086
4273
918
3459
2237
9380
2998
3442
1771
4635
8638
5587
2499
4056
579
4066
44
2246
7774
6636
9785
1020
4267
637
3291
7466
4569
558
8215
4645
8742
1654
8919
9660
1465
1156
5392
4463
4599
7163
5450
9589
2750
4301
3645
3329
8367
3690
1927
2494
6678
1712
3514
945
2349
3158
8412
3270
68
2979
7916
8810
985
3187
8470
8802
695
215
9617
1646
7378
5067
1236
6481
5720
4881
6162
4088
4923
8090
2934
7953
6154
2800
8899
4856
5958
3663
8126
2379
2994
2394
1189
332
1933
6012
9134
2629
6227
5104
4275
9957
171
5511
2790
5892
6745
8953
6332
1668
3395
5618
9622
5901
8418
4873
757
729
4888
5236
3108
7882
3982
4297
8214
5916
6661
3701
8545
9240
8805
2820
9198
5328
8332
1988
7572
1429
7293
256
3097
688
5874
9071
6590
4293
296
3699
5022
5184
8935
4482
3067
2918
8779
7633
8834
1793
7686
7379
1033
2843
6551
6583
8172
1235
8572
2096
2664
5865
2353
2114
2906
8227
7537
9496
8872
7834
3195
3894
3018
8483
8376
2437
1401
3508
71
6587
1653
4109
318
2686
6953
6869
9270
5125
8105
4194
7221
7121
59
5926
9235
9317
4154
3125
8813
9378
959
8361
3273
3977
3196
8001
2767
949
7861
9190
7536
9514
3299
7854
8553
252
1075
4175
5377
5532
8369
8951
2654
4780
1229
8241
4098
5383
1366
9263
4762
8677
3976
4387
9007
7172
8740
1774
8121
2954
964
2009
8820
4263
9863
3725
4516
7291
7900
6245
2823
2621
1548
1829
7402
2778
71
7852
4513
7789
3467
5627
6467
7444
6366
5474
968
5107
3600
9090
4413
4564
1099
3233
5179
7315
6959
6047
4606
1211
2293
3781
3833
3841
5611
7587
2971
5682
1791
7485
9823
5258
3112
2642
2702
9479
4468
3671
938
8068
9113
1703
8984
6564
4936
516
231
8247
6563
1189
5811
5208
4971
5996
9050
582
3583
8373
2616
5374
5858
8791
632
5323
1434
9687
1154
5902
9710
2092
323
5175
3795
5659
8091
5083
6175
8323
9683
2739
9512
5494
7947
835
1490
3349
1417
1425
1723
385
3151
3933
9177
135
9256
611
9822
410
2865
5884
8854
3188
1059
9001
8848
9151
437
1375
3826
120
4114
9690
1966
8414
526
9808
8115
8295
7585
6190
8681
736
124
4210
871
5732
4821
7046
2495
4038
2930
7701
3579
342
6703
8779
5845
3492
154
9671
9964
621
5713
1930
9035
6239
8090
7150
887
2027
9693
5920
2763
9817
130
9986
1901
1303
7032
4396
5341
6315
8450
8920
6657
5153
4051
8854
8645
4206
4877
8609
4827
590
6891
214
3182
1333
3716
4069
3360
3409
9989
2475
9578
119
2461
1480
7774
5846
2228
3115
2161
678
8388
5170
2183
2439
4024
828
2997
8901
5789
7824
9491
9032
8038
9025
365
1755
3094
3725
5164
9435
6200
4743
5906
5014
2575
3680
860
4803
3148
3021
1834
7888
4543
4017
327
8567
4846
9677
3820
6987
7501
9663
6020
1892
8689
6385
9999
8135
6463
1515
7571
9015
2610
3477
4029
5185
7158
1241
6341
6658
614
8175
4546
5157
2192
1225
3724
3390
902
3896
378
4756
3560
6398
3000
8601
9135
2999
6736
1950
4514
4307
966
3477
4137
1347
5014
7647
2589
1355
4305
3203
5882
8851
4713
8075
6428
4789
7817
7331
8686
8195
8439
2246
945
1439
7199
6433
4438
3935
8383
5304
8243
5701
8781
2380
7049
3796
6379
5990
1503
684
5545
7386
5887
258
5461
2315
5048
9630
5998
86
7826
4437
8684
5123
5876
5883
1556
314
9818
9940
1971
4413
1993
7104
3145
5394
900
9524
1384
2404
208
3282
6142
6095
9892
7955
8411
1292
7585
761
1378
5411
5199
62
6887
1075
5945
8443
7742
2116
4735
9713
6529
6729
6817
9675
2123
4070
9199
9860
2826
5760
9494
8968
1855
9386
6923
6618
7031
4508
7380
8409
6272
8931
4824
3159
6
7121
7954
4100
9237
2690
165
5767
5771
6983
1794
4246
7405
7345
458
6583
3105
9952
5551
1313
5691
8826
4283
9074
9686
8015
3835
5958
6946
8659
5469
3305
5781
3424
7405
1370
2466
7571
3489
4589
906
5283
8835
8311
8981
5646
4894
2086
1950
6797
9751
3993
5623
4035
3067
5309
2050
6903
7620
5349
1914
9441
8654
7695
2865
6059
5418
1683
3630
8907
6272
888
543
1460
5551
9524
7106
445
1610
5408
3594
1362
9402
5569
1749
2469
7231
3799
5724
4851
5500
7639
4292
4154
1686
3510
214
7104
1545
196
6012
7818
1085
2907
5630
6636
2431
2736
3434
393
8144
3380
8107
3898
8950
9856
2720
6181
8
8444
7384
5508
2435
8028
9663
4122
7890
6229
1226
9436
2777
3590
7254
214
6497
2884
3203
5280
1972
6637
5674
6468
6369
133
367
5319
9990
9439
1500
6350
7883
5236
1858
319
3265
7873
793
1155
454
8371
591
3232
1962
4197
3446
4811
3433
3001
6444
1757
5990
2118
8226
2360
2251
4945
7679
8593
736
5532
4943
8619
7120
3154
5290
385
7379
6083
7893
4186
4455
4836
7418
2769
5386
7216
3932
8819
6570
376
6929
2560
8846
1507
4920
1098
2804
2600
6043
3540
4484
7339
2159
1604
6845
3802
8342
4224
9885
6235
8410
692
7423
2180
3461
2809
5749
7394
7981
2319
7770
4910
4879
6617
6417
9800
4067
9221
8752
6462
2761
9588
3801
4920
7544
646
5074
5886
1223
4960
8473
5985
5652
5897
4518
5466
8706
267
2860
3039
8938
6982
7949
169
9951
4366
6321
4018
3587
5073
6833
2700
1013
634
3973
8558
7633
9047
4444
5208
4007
9270
1193
6012
5167
5711
1478
225
2330
690
3265
7620
7672
1214
7790
7624
1933
4111
7994
5520
5537
4827
4573
6550
1814
8546
1460
5799
7593
2257
1007
7953
1527
8552
3965
6694
616
1795
3271
9298
2485
6536
6919
157
4103
4709
4133
6036
5172
2128
7908
709
3307
2481
3612
5121
1027
5072
920
4973
7329
8279
2926
8856
6832
3243
1902
3800
5038
5174
3098
7523
1710
17
4032
5813
1078
8166
1849
6251
294
6110
6960
3601
8591
572
5075
5971
1997
2347
944
9326
6979
3870
8183
163
7113
6437
3963
2151
1611
7061
6026
3322
3431
58
5487
4509
8224
3689
760
4870
9799
4073
4824
8390
997
9899
713
2994
8598
1657
8673
5577
1879
6856
2092
8992
9645
6055
7495
1257
9469
3521
4579
2900
9932
6418
3761
8156
107
874
9379
9906
1299
4203
4649
2296
454
5362
1643
9052
3372
316
982
5251
3524
3074
596
3169
5482
8091
4426
4951
7965
5357
4203
7897
1776
4316
2405
1883
5190
1784
8142
6489
5987
9143
5138
6441
857
6781
1846
4229
7097
9180
5833
621
2254
6429
3790
7736
4520
8217
9039
8837
9926
9594
6734
1702
3911
5492
9938
5453
7276
8080
1943
3264
3575
3433
6057
4432
214
4255
5014
3663
3435
847
4284
5690
3628
4426
9778
4500
8995
8818
3338
8922
8412
6424
6976
8675
1916
6914
4129
9193
1346
2424
8809
4921
5857
1218
5706
2423
5474
7072
6086
8909
4271
6722
951
7899
7500
730
2399
2848
5900
2089
1770
664
8514
8746
9340
430
2013
3469
9623
3359
5893
4784
4633
8102
6003
6691
525
1477
115
2963
6738
738
6037
7690
8637
3537
8420
7388
2737
672
9478
4507
1336
4344
9606
7028
4774
7971
6849
750
7682
9094
1886
2315
7196
7889
5358
4073
5718
5473
3388
2457
2563
9425
147
1200
9315
4919
4941
2052
5591
771
2912
3279
1467
8870
308
6241
3193
7157
3343
875
6252
5230
9543
9800
9471
4901
3874
5190
6727
3614
7647
9290
9392
4146
6843
8707
5417
8136
7111
1008
5259
6375
639
6726
1597
947
2967
4790
4457
2663
5666
7061
7893
5209
6861
7364
6462
7087
8906
3189
702
2905
8832
94
7051
2027
5153
2468
163
8616
9828
5422
4992
468
2148
2941
7767
1467
7732
2224
4130
3398
5637
8375
4959
2499
2092
1421
5938
998
963
2992
3904
6147
9438
7307
8174
4591
6128
4689
9560
2308
111
904
9128
8611
3845
6896
6430
1577
5472
6913
1327
7462
5288
2638
9961
3732
412
2251
4731
1375
5244
4987
3874
4682
8646
2048
5626
4774
6737
1538
3435
3200
2442
2563
8163
6287
5811
4593
4217
7636
1506
5544
5098
3147
4535
1411
6879
4947
3662
7962
6322
5258
2949
6548
6293
1596
8596
8271
2722
1685
9809
2509
1237
8603
5073
9400
4890
7236
345
5459
4872
1852
7356
9970
1351
1891
7733
8230
6838
1396
6193
9512
6654
5494
6060
9299
3442
1008
7570
2517
2693
7379
5026
282
5982
6451
6034
7225
3688
6379
2684
8560
4583
40
4883
5934
1931
2616
4165
5121
364
6710
4633
3371
2204
693
2670
1999
1701
241
4516
746
3972
9542
1028
6307
5994
7062
3532
6034
9794
2568
946
4377
8961
5829
312
7244
4798
4477
2366
1514
7539
6999
4885
6095
7693
7556
8094
5746
4149
8962
6493
8121
8505
3873
780
851
7288
4312
6885
7082
3233
7831
1459
2194
13
1771
5790
1163
2600
8156
2677
6491
1508
3915
2587
5553
7823
7033
1299
1972
5996
4144
6445
4501
8018
7226
1704
5306
7890
4941
8740
1123
2772
199
9669
9137
8323
5460
300
923
9968
9330
7415
7828
3245
6354
3381
1068
3387
1033
9392
9383
5177
2189
236
9547
9415
8292
1205
3658
3233
9945
1133
2358
6497
803
1495
4820
2615
8148
2095
8935
7478
5862
6764
723
2216
6497
8143
1956
3882
3887
7691
5412
6076
4280
4959
1844
2572
2517
1854
5806
2462
2987
4516
8959
142
6011
131
9109
4159
2227
4397
1637
8089
1161
8712
306
4010
3207
8614
7893
3446
6305
3305
9523
585
4616
7719
3158
7133
9573
5316
5948
8912
9832
4907
9055
2195
1391
8164
6355
3618
2561
4344
1707
74
9409
8365
437
8968
6979
4682
2415
9637
7987
1938
222
8955
6009
9732
6089
5582
5048
8389
4494
1232
9648
9901
3428
1039
4418
6135
4657
3331
6831
2717
9758
6240
1082
195
1561
4414
4877
3976
4051
9216
2266
4273
8171
8275
4006
612
209
5406
9001
1055
2991
8650
957
2771
9689
1727
8906
699
5058
5737
3416
4816
8330
4498
1363
9891
8912
6240
219
9315
1808
2485
3589
6332
7112
3947
6944
3673
5705
2298
4728
8696
7300
2037
1467
6989
116
6725
7688
5175
8815
7456
6343
3497
1955
7707
9740
7219
299
9959
2887
8460
8796
6476
4792
5908
6775
8088
5933
8832
386
661
3881
7686
9051
5348
1028
9167
8426
5068
694
7241
2525
7038
738
832
1097
478
4403
7748
6789
7290
6208
5585
118
7352
7845
6893
5441
3778
2078
2179
791
5959
9866
9842
7659
7246
5362
6085
2314
2408
3326
1191
5798
416
2023
6895
7246
6427
996
4035
69
3556
9620
188
909
3817
3433
6350
7595
5511
8529
8387
1470
4747
4581
9130
1993
6295
1567
660
8704
1246
1851
4502
1662
227
7750
8909
6654
5098
9296
6723
8654
5269
3263
5915
9086
6697
2265
3034
8560
7147
7773
31
8246
2354
5513
240
5002
7080
7252
58
8326
9103
912
6341
9330
8662
1602
2336
112
898
5412
8767
2519
8675
1034
1606
1724
3300
992
285
6799
8765
6668
5045
7471
2181
1637
2473
5613
8889
2531
292
4345
9796
6633
27
4810
8235
8716
4923
5485
4128
42
8005
9155
1076
5963
880
728
3307
7517
7527
2072
4185
8925
9543
2718
6914
8369
8331
2156
7252
8623
6501
7048
5256
2880
1859
9843
1596
3134
1681
2076
3176
6038
1232
4252
8353
8464
1333
1660
5981
5212
3732
166
489
9627
9236
7404
4348
7567
9560
1601
6191
2413
5001
7799
1645
3212
3995
3242
6346
2028
5318
9522
8066
2902
127
6419
1366
1460
4431
7347
3024
4515
3865
3514
4142
3101
918
8491
7021
6830
6444
9564
5595
7797
3715
7240
1010
7710
6834
7356
9738
2153
6879
4156
5055
3358
575
2774
1170
1358
6473
4194
5873
6691
4060
16
9792
4978
4859
3165
8160
7655
2729
107
5452
6445
7348
6462
507
4182
3819
6598
2687
7050
754
4095
6760
7682
6869
7930
9040
3342
8476
4914
33
2537
1282
6178
3867
2493
5695
8380
6500
8425
8487
1952
1222
5835
4767
8081
6370
4938
1031
5409
1988
8138
9504
5100
5820
2725
9382
1212
6068
7858
2478
2453
6747
112
4983
6967
2605
679
5347
9105
9104
186
7410
6678
2374
2177
1111
8744
7115
2143
505
5455
281
10
555
2453
9087
9937
17
5155
4147
8848
3961
7247
8960
8944
566
7918
9623
2265
3375
5079
2451
785
8109
4825
9314
9221
9921
2781
7716
427
8236
4349
6789
5143
6802
5876
1432
3171
7384
1932
2019
1345
5531
980
289
6097
5250
6265
4714
8625
7696
7165
5763
5806
8343
5077
1379
8264
4211
9095
5043
2447
3444
1832
3943
6598
7709
1727
9769
1445
3659
8141
2790
5542
5473
9431
7991
723
2048
2705
9348
9745
6223
1463
5551
4566
2893
6930
9182
7104
2377
4226
5903
5821
6058
9846
2419
119
7926
8540
7916
1585
6681
706
3480
2154
6490
1471
9229
8538
529
4930
4635
6752
6393
186
1318
9286
3468
6852
2742
5845
1078
8646
8018
3489
4844
6789
9960
2770
1682
7877
708
8363
8583
4188
6870
1425
2011
6099
6316
2540
1029
951
9292
3775
7490
6962
3061
958
3815
5804
3156
4893
802
7526
8382
5646
668
8343
8417
2350
6220
5477
713
1155
9665
3935
2581
8028
6387
5249
569
7416
6200
9861
7543
3690
6824
605
1001
6991
2761
509
1884
3563
8035
6619
5561
8703
1314
330
7405
3886
5807
8119
5041
1824
8406
3974
9853
4793
9223
422
8562
1776
6635
6105
5466
3459
3062
2819
6802
2175
3328
8687
5738
7716
1658
7652
2771
2972
7982
177
6858
142
4648
8251
1966
3054
8578
1819
7848
4153
8593
2762
5929
5229
8867
7748
5040
8282
567
1843
457
248
6882
6196
7964
8540
200
735
7864
8182
912
4722
4676
5560
9325
6643
4967
4255
4814
9167
8409
3408
1929
690
4989
7148
4790
29
5430
1710
8224
5888
1958
5106
8436
9922
3646
8636
7009
1510
3170
4274
2584
7847
9834
8262
842
1153
2517
5656
320
7278
9064
2249
4321
405
5750
9111
435
1180
7173
8659
7068
9131
3766
1856
5405
3764
492
2415
1627
15
3041
563
7862
9227
8825
8704
381
1343
712
701
4973
6129
9303
9294
6534
1405
4758
6969
2585
1931
1981
6006
7415
2099
7862
2820
5863
4707
1587
3842
1074
980
4406
8936
208
3231
3992
589
926
1056
7642
5900
7185
3297
1546
3720
4702
2656
7041
7288
4588
9022
9646
8355
1121
3860
1175
3337
8567
9115
7179
9641
95
1585
4929
6655
1169
5273
7244
2095
6330
4887
4347
3515
8184
5894
3587
9239
8550
629
2879
9490
9651
2525
7845
7125
6385
5373
462
1305
840
3993
7298
7287
1931
8580
3943
3100
205
1187
1547
2887
2426
5895
2755
6963
8141
6342
2554
6691
6971
5433
2534
2975
7958
6731
6452
695
8456
6914
8352
9296
7259
2003
6584
9190
6935
6879
2290
7140
4418
3838
28
3197
6085
9135
160
4226
5477
2714
7269
8801
4499
6155
8128
2457
2887
4580
9504
1343
1494
7857
6992
5105
9860
9928
4296
3147
6807
2938
287
1225
3128
6667
4422
9213
5802
934
9791
7632
0
7061
6433
4499
3216
913
3308
2455
5493
2813
3799
3339
7022
7143
8444
3234
7071
2740
6381
3878
2031
6668
1455
5159
9688
5878
725
1842
3164
516
9474
9517
3929
2259
4016
3498
3172
3677
5953
8665
6490
6104
2004
9864
3247
449
3098
318
9541
9479
548
7924
2499
2004
3084
2187
4234
161
4030
7398
677
9856
3267
959
2116
3636
4457
5288
7313
6762
306
155
2867
2310
19
2466
9111
3117
9137
5005
8948
9685
2929
1447
8041
2365
9987
2275
2526
369
6026
3204
225
9293
515
2341
2929
4972
3982
6594
1734
4288
6749
953
2950
3120
9772
2062
2589
8909
3419
1537
4946
2700
9337
9340
5066
9324
1615
7592
9693
7641
7148
9918
3287
7663
8612
2568
8987
2594
9163
7074
6882
5912
8027
6184
5385
4151
4598
7974
9412
8017
9512
4359
718
5201
3699
2136
4525
1666
9728
570
5660
3229
6840
8947
892
5452
1515
9880
4398
7030
6954
7632
9295
1333
3817
4680
5485
8415
2654
1249
2785
8518
1960
3503
3719
2011
1991
4596
3678
1719
1518
5690
4948
8359
4637
2193
163
2504
8425
4562
9535
1731
2194
8830
3064
6011
9862
4901
779
2516
2503
3564
7387
4463
3419
7458
6475
5410
8407
153
3481
9925
5843
8430
8284
6832
6975
8448
5688
5400
9362
1575
3483
1556
6757
2899
3920
6619
7801
4699
5488
6656
4615
2875
1119
8034
6685
7594
9796
5092
4099
3277
5018
6294
8059
9654
9478
5034
4454
5167
6786
3816
3094
269
5373
9852
3169
9293
2823
7322
344
4663
3978
4959
3890
5097
9345
576
9044
9141
5668
9495
8770
7038
5790
6830
6693
1620
8216
1147
3139
5003
1316
6234
1624
6689
2438
1145
2334
1613
4819
9030
6277
8797
3989
167
247
9686
743
5643
8827
2764
5138
7597
9802
7280
779
2847
8901
8996
347
2040
351
1663
4626
8327
8352
7064
9473
7038
8678
4292
2420
4955
9442
6409
5122
6041
2447
2218
1684
7626
4982
3174
1575
1136
455
2355
3984
9356
7703
4331
1396
8054
5994
6023
2733
698
9439
8558
4088
8117
2851
6508
9424
8645
9269
899
4686
1716
9469
2722
9342
803
5896
917
1939
6351
9624
2275
2059
7327
6606
3456
1733
8952
5831
4467
6002
1622
3025
90
6092
2228
2950
5516
7225
2219
2767
1911
287
2236
985
5981
3039
6882
6899
1331
9585
2875
3606
1645
203
6565
1453
8288
5517
7284
2755
7872
5258
2133
7962
1350
4361
913
3219
1587
9484
5986
9850
9772
4575
836
5753
3966
4070
9004
5297
3655
1880
5256
5300
8435
1821
3105
6723
3690
389
5831
1562
2000
7964
5877
3350
8677
3142
6569
6616
2626
8908
6467
8750
3483
3655
856
3801
4077
9860
5451
7732
8092
707
9385
2879
2528
2490
9603
2570
9232
5434
4133
7584
9750
10
934
8427
9504
7504
1396
2130
2764
7863
7233
2599
7870
8089
6400
1947
4301
1851
6031
2394
8910
1768
1625
1438
611
1228
361
6195
3014
4494
3779
9116
856
1065
3896
360
4921
5292
8842
7685
9507
2427
284
7377
516
6685
5676
4818
4888
8059
3564
3799
6180
1541
1589
3143
2770
1950
5690
2136
2796
5821
1253
4
6886
1501
6716
1808
6793
5559
9493
6300
4338
6130
29
4855
9167
2057
6025
4055
116
5941
4206
2648
7482
5796
5791
6604
4098
7833
5093
6895
3654
2698
6899
541
4199
9968
2349
992
1879
8194
3644
6217
4324
3673
7424
3491
5730
3449
3899
2198
5742
8105
4847
9577
3901
6990
6181
4352
4824
7626
1247
8478
324
4498
5371
4523
818
7720
1867
2697
2267
5511
8915
6591
9184
6339
6435
1266
6141
334
3465
8235
8439
4664
7812
8693
1654
346
3045
2830
7972
644
7661
4649
1494
3032
5524
2313
7105
3744
5010
9372
9255
277
2315
4792
6617
5102
6058
9110
5436
5875
7345
228
539
1510
5273
8546
1856
4670
1376
6180
5314
9037
7181
3160
8422
2706
