1825
5527
2802
6836
1251
2057
7113
9918
3201
82
5021
5612
5544
6809
1487
9242
3389
8379
752
8662
6925
8960
3332
8301
1492
4998
3691
8674
4511
2113
7732
6336
3992
534
3172
5243
8943
6638
5161
2145
3072
182
4109
4969
3344
1948
4211
6733
327
4963
5396
7252
3923
5080
1906
1767
6431
1949
441
942
4062
4525
7278
8054
1411
6803
9649
355
9793
4810
8852
9217
1345
2961
4186
1041
1261
8397
7774
1589
9712
9522
8841
9987
955
7099
1755
7386
9048
8548
4680
9462
9426
8310
3868
837
1465
3517
7544
7610
4680
6396
6828
2377
5709
7366
3418
6971
2116
7544
4912
1828
7067
105
1816
8022
7205
9923
1760
2605
8471
6440
2068
7897
1102
5936
5087
2568
5806
2631
178
486
5380
3358
9215
7441
7077
2633
764
9193
177
5676
7373
3596
5782
5541
1618
2987
5464
9730
1944
288
6170
4012
4537
3625
6301
9624
6193
2107
2256
2723
8945
3988
2434
4512
1429
9511
7145
2194
5056
3674
7870
8781
7271
3652
4323
5241
2991
6139
4972
1288
2779
7494
5300
7317
1119
7953
3293
3664
6412
5549
2740
5357
5889
5174
9869
7319
1037
3366
9513
2445
3393
3735
1226
7016
3740
1901
8609
3083
8041
9933
4371
820
7428
6024
4489
4899
3977
7783
4916
390
9684
4008
2099
5574
5534
8321
2893
6571
8039
8758
5368
1432
8845
6594
4800
2585
4848
3410
5669
2889
3343
6392
61
7123
2416
4551
8375
2746
2334
9643
3136
2018
3651
1587
3944
9185
6260
3189
2108
4300
1947
7476
2084
7145
422
6885
9730
5270
295
1751
4511
9990
8144
4573
3466
6912
5476
1841
9658
7810
1484
9146
6180
1487
734
6477
672
6994
9666
9132
7646
7966
6608
9731
5111
3382
2968
4841
8653
3263
2945
3164
9605
7441
4089
3071
4353
9565
4912
364
3727
2748
9510
6260
4235
6596
2737
1259
9943
2403
391
7589
369
3351
3672
5480
6734
6640
6674
5387
6255
5971
4903
5861
3412
8993
8932
4117
8558
197
4481
8638
9297
3992
4898
9885
6940
7635
7496
6883
6390
7888
825
3112
7591
849
4944
4325
7490
1618
6064
97
7589
968
5958
7353
6313
1243
1471
1223
7792
5952
9861
7089
6296
4759
3326
9589
8746
823
6472
5137
5063
3649
8249
2654
851
3193
6980
8341
1164
9396
4790
5105
364
749
2459
3029
8344
3930
4253
2488
6234
4114
5929
2531
8874
9256
2120
7620
6431
4944
9109
1494
4946
3710
4148
5797
3256
7480
490
4420
6877
5280
9525
3593
2381
8336
6623
7077
2266
876
9565
4853
4990
5495
7384
216
1103
5856
4189
7534
7152
3298
9028
2098
3361
9528
4247
6617
7009
1089
7389
238
6370
6914
3831
5103
1603
454
2181
221
7682
8098
5074
9025
9945
8810
9241
7400
4666
3430
4934
8171
3081
314
6621
6442
9843
869
9411
3204
1958
6800
3442
4680
66
7273
6136
1669
4080
4669
1891
8114
2767
6965
7139
9065
5776
6381
6465
6794
6163
7752
4965
5596
8066
1587
8390
4261
8808
7801
7465
7118
4601
907
1799
4668
4533
4287
2689
4965
8956
4580
3079
8075
7898
219
7140
26
2952
3606
6820
9115
1358
8138
4712
5776
6077
3102
38
4885
7256
7503
2003
8209
4763
154
2877
9296
4441
1919
4261
9749
6499
7340
7825
749
3911
4965
775
6863
4923
7596
5979
2633
2086
7043
8410
8163
6497
4800
3048
3753
2303
1403
1963
7066
1558
1192
2714
2351
3111
3327
2101
5963
7020
9926
6712
931
1243
3840
7795
6167
7788
3774
5152
9874
7169
3562
8037
3666
8362
7437
7420
7018
8840
5735
436
6750
6927
9503
5454
6391
2830
7555
2354
9850
3833
5418
782
1428
9258
8577
7595
7046
8703
9100
3272
5872
2662
1309
5890
7377
8746
9662
747
3939
5397
1183
689
8677
686
6143
5068
9869
50
3774
9719
235
5544
501
1664
1155
5430
5611
8201
4133
4711
7826
6357
7374
9135
2248
1103
4234
1910
1850
8173
3660
9385
8862
2337
6424
1358
7405
6293
7760
7531
6012
7996
3075
2866
9660
4230
8296
5271
8784
8782
9983
6610
5139
3709
2097
3739
1164
6331
2002
9366
4504
5662
8751
9719
7999
1527
7429
1756
7820
5189
9287
185
3185
2362
3051
2845
2945
1347
4469
1729
6481
804
8339
1621
865
436
1712
2029
3120
3714
1395
7624
5728
6498
3695
3727
8026
1124
5483
2198
6314
1122
2383
9499
3485
5434
8697
2782
3134
9518
4511
9615
322
9202
7588
1187
5990
5653
9568
9110
5719
963
3087
1448
3813
6782
1527
8191
7907
3363
390
573
4485
9125
6424
4322
912
5121
7104
398
4639
1615
6365
1313
7169
306
8852
3160
5959
8420
8622
1678
5735
1709
9478
9549
8492
1006
4092
2751
4369
834
9676
8854
9960
6100
3177
7224
1222
6633
7622
2213
4601
3987
9879
1770
4293
8731
4930
6604
7152
9905
4635
2887
1614
4113
8788
6458
5119
2881
5561
5840
3715
5237
1047
27
1338
4224
7251
8912
7209
4873
7477
1810
5213
7356
3581
5858
2440
4863
2463
9592
4768
3450
8831
2735
7563
7620
9193
9035
6853
1107
1227
568
6344
2274
6948
7682
2850
4199
2946
60
5425
424
1870
6990
4132
1803
2848
6572
3019
1663
6164
7787
5113
4996
6874
9029
8968
6068
4416
5821
3527
5643
2741
9871
7918
6041
3906
768
6593
6852
828
8370
3628
9051
5360
7761
7206
4560
4333
225
6224
6850
4365
7689
8198
1239
6718
7166
3659
7486
9339
7186
3130
8432
7058
1048
4474
7316
8168
1067
4168
5349
9437
4149
752
1149
1910
7958
5709
6243
8184
8285
3093
2549
5975
1291
140
9045
4809
3800
6532
4148
7338
6014
8933
748
7062
3407
8064
1582
826
8585
6931
6615
2734
4035
7764
4644
1994
9825
7239
6530
8111
333
5431
438
7976
5571
5835
9138
5723
2367
3286
3062
4733
8571
3810
8147
1978
1875
9730
9156
6812
3013
5771
9546
7049
9887
542
5395
6065
7781
1925
4176
4466
7356
966
8795
2927
6801
7933
8651
5521
7571
1713
254
6143
1875
8402
4473
102
4484
3630
6914
7497
5753
2812
898
1993
3354
6293
8058
7488
8218
8586
1954
5574
9552
7101
4854
2705
5034
3505
8226
2606
1570
4833
8749
9797
3235
3222
9900
4071
3204
6814
1568
8958
5979
2467
7303
9333
5112
5361
3173
3331
3947
1480
5257
3499
8581
111
2556
3616
9968
783
2574
7890
5616
1323
7688
5203
897
7588
9274
454
754
7194
5764
3085
6013
3067
2419
1126
8428
1944
809
8727
3424
6066
8578
2006
2530
1134
5622
8850
1917
4548
6741
3885
2223
781
5440
9472
8369
1066
9926
5475
8261
5690
8561
4274
5109
7332
1752
3537
9276
2561
8616
9053
4980
7194
1059
7510
8329
3033
2712
6598
7581
9453
484
9804
234
2276
9276
4955
3343
5555
6783
1604
1245
1696
2230
6355
5380
3983
6244
1008
2896
4861
61
7876
8407
1120
1738
6736
4153
4451
3335
8086
3904
171
7890
491
2447
3519
1798
5790
9074
4933
3746
319
6629
5977
3026
2009
9960
5623
3018
2856
6836
3079
7085
5243
552
8823
8332
4705
3274
8019
9144
3531
8190
7034
374
637
553
8524
2780
5979
3458
6526
2651
87
2503
5677
8449
8815
7652
7819
8024
840
7250
5109
2436
7802
284
768
8860
9911
8787
8004
9794
6977
1390
168
3966
8296
5044
3098
4275
8502
9625
6926
4942
2128
8956
9743
7296
6608
7562
1672
3801
1164
3133
6237
8967
3417
7005
4179
3328
2144
8535
9474
5473
9925
5994
5791
8221
1039
8890
2497
9541
8515
5775
835
6995
4731
578
4291
7692
4492
2315
1493
5657
5448
7730
976
8866
1087
1507
8546
3231
42
4373
8704
9967
367
4495
4541
1406
9737
3390
7300
8252
9165
8135
5248
3897
5066
5891
1589
9558
8207
3082
1567
7
812
8895
5225
8251
402
3772
1482
444
8145
6538
6764
4864
7385
1305
6271
7123
1047
9923
1727
212
8058
6975
461
9476
9219
2050
5387
3778
1484
6954
3785
8648
2202
5363
6899
2604
9135
8381
9401
3632
1271
6165
8496
8657
3822
1119
2132
4869
1042
3859
1433
5453
7187
1895
4929
2758
3945
316
2888
1782
3623
3025
430
5825
8388
7330
4781
7523
2063
4182
7507
9687
6699
2356
8344
6873
3475
6828
1742
870
687
9528
6323
4226
1423
7604
6984
1720
4273
9872
3502
7896
2898
3933
73
1286
7615
1206
5162
9678
5389
9021
9365
8440
1377
4061
5314
1205
889
3408
8427
7929
2936
4750
8507
711
8706
1844
2432
2979
1716
5934
7227
966
9867
3652
8605
7482
4859
3767
3513
6600
9140
2878
5040
518
3292
6706
8075
533
6467
6502
4814
9403
7604
3322
115
6310
5166
8899
5642
3234
4833
2869
553
4701
6522
9158
8535
7733
9277
2048
4333
8417
1279
5725
8935
923
8784
3362
1456
5251
9864
6271
1006
3820
5945
7473
131
7463
6372
2125
697
7558
4994
1250
8611
7868
408
7146
1953
9685
5547
6286
4455
3178
8364
3390
4101
3500
3105
5557
5103
2969
8180
6109
6790
4125
9935
3273
1588
2659
5398
8638
217
6744
9888
8828
965
6649
2327
2918
2686
4226
5557
7141
3756
273
6884
7857
3773
9989
9766
8876
9310
7947
1337
2452
8424
1272
2077
6365
284
3827
5003
501
572
1243
5682
1537
7892
4361
807
6931
4939
6364
424
8695
6637
3660
6552
410
3649
6318
5638
9312
617
6976
8116
5394
8248
194
1759
4884
4021
6762
1738
4593
8005
7420
2482
2250
8133
3290
5533
3072
6006
5957
1767
2644
9618
8319
9406
9619
989
5045
5283
7959
2021
3400
3353
6621
3594
5112
7858
7615
8226
9596
8561
6231
7016
7395
4833
1501
685
366
4573
3044
2676
6340
5688
8646
1011
1446
4617
8352
6491
9901
2663
4864
3301
6016
7838
6895
7480
5696
862
5706
5292
9423
8290
8660
6819
9475
161
3856
6194
1086
6900
8870
3778
8940
3868
1141
387
8485
9493
3230
8386
2157
4447
8039
4525
2285
1286
2006
4333
2149
4064
5977
7924
8706
989
1095
8182
7502
1304
4376
8588
8204
9598
2366
3497
3466
3507
236
8303
9352
3466
3042
7861
4265
1081
8739
2902
2368
7097
7235
4517
1161
9564
8793
9868
553
9889
4402
8055
7545
8778
2995
5749
4728
5361
5598
4546
5220
5834
2849
925
5653
5891
5138
9918
3325
3877
2821
5693
974
6408
6562
8488
5973
5355
4708
2878
1596
9110
934
9141
4240
3929
1243
5320
5643
3193
9866
7215
9028
9067
8140
4681
4959
3279
951
8284
3508
3772
329
835
6533
6891
9323
2506
8598
383
5384
6547
5845
2670
2040
85
2952
3283
1757
8595
2829
1623
5810
1857
690
303
2890
2001
9934
3841
6637
9794
3966
6966
629
499
209
9952
3005
8808
335
4741
1707
6180
7412
3747
2617
6716
3383
4374
5311
6212
2349
7473
4421
9392
4128
7311
1393
4062
7504
4383
3857
1470
1349
4486
1969
7911
791
1326
3071
7478
2420
4778
11
6184
8525
2628
2900
8260
3355
4563
4472
5704
2036
5245
1448
6165
2556
2842
6579
61
3577
6788
7883
4926
7627
6205
9189
8418
3883
2260
5896
6303
7038
5907
8839
1916
4888
1739
176
4595
6302
1001
299
4691
6246
8100
7208
5155
7294
3787
1568
871
576
9451
2149
8203
2008
1339
2973
5892
3599
5221
8547
6990
7481
7387
8906
2369
5478
5434
6964
8133
2787
3615
2824
5386
1715
32
6893
5361
171
8461
6232
7099
4264
8382
1654
6273
6073
4627
2165
9672
6201
712
3014
3682
4451
1920
2403
9930
3707
9367
8063
2846
9334
887
8232
7402
7271
5125
2763
7442
9938
5348
894
555
82
2548
6828
6155
3528
5345
2179
9729
2409
5194
9763
6861
3466
2166
6791
7173
7885
4854
20
7219
2093
4604
973
5716
6082
89
3158
6020
5437
404
6575
5519
2953
9755
1674
2833
5100
205
8914
3862
5399
8677
723
8866
843
7514
2391
5080
8720
2411
8651
7165
3368
9625
2881
9450
6066
2391
1822
1503
2796
4750
3374
2101
857
1400
1286
2310
1605
200
6172
7005
5229
6895
2223
6072
761
4614
7504
5833
3378
6155
2998
3098
2132
2231
2548
8198
4622
722
6053
7418
1824
9427
5871
9034
827
7157
1344
8785
7357
7516
5790
2586
763
4365
5010
7876
8979
8866
3709
8709
5022
3059
1807
7154
5290
707
1705
9912
7782
7758
3683
9606
3538
5906
8640
4365
3064
6336
9502
6773
3852
5292
5712
967
6009
7074
8843
1341
5941
8904
50
963
1963
8210
4469
3605
8917
2526
3518
6699
285
3553
2658
175
9459
7650
4540
8875
3987
4043
2001
4191
5687
7713
5159
8049
4787
4002
9390
7080
2907
9440
8043
1222
7650
8865
4828
2920
7743
4698
9619
4380
4603
8629
4555
414
6280
5448
9290
267
5843
1291
4458
1530
5356
5969
5931
6495
9972
5321
3576
9231
1114
7971
453
5116
6836
5281
8036
4580
6331
4008
5312
934
2637
9868
1349
5269
5316
639
1888
1159
8282
2699
9041
9990
8668
4973
6485
8640
6646
61
4223
7760
8033
4677
9229
1221
6310
3617
2153
2642
7625
7466
3576
6615
7334
1277
8236
2650
1916
125
3809
6550
2824
9202
6540
1492
4175
9378
6485
822
9439
708
4934
7472
1737
4163
5046
8048
7781
7199
7042
1758
4665
6970
4725
1999
8248
2962
1001
6516
3087
1162
3067
5911
365
5959
3755
892
1689
240
1714
1129
7301
3001
4953
9038
7164
9999
3438
1297
7199
480
3056
8216
7451
7781
216
5699
743
7569
8567
182
8732
7986
2445
9097
3946
6201
9989
1987
2793
8056
3116
94
1057
4422
5485
4573
773
8923
5871
7972
5756
8927
2541
3207
3060
2757
5258
3804
6678
3825
338
5410
1812
2784
859
2110
8985
7201
449
8130
1609
3566
8225
9018
4340
62
3591
5113
8985
9462
9438
4741
4741
1979
4300
4154
1088
5910
7958
7766
6088
4648
9529
4252
7432
6740
6362
2769
3941
3163
900
1902
6729
5477
920
7421
5539
4512
2535
876
326
8325
5618
1420
304
6270
5574
1392
2181
9884
5510
8269
4532
5039
2521
8317
1780
5235
1086
2073
8398
8338
328
1480
3815
1248
8901
5706
2112
7788
6583
8791
6113
8553
211
2769
4823
2137
4161
3356
2021
6024
1625
2905
1063
498
1222
9195
5733
8661
7621
484
6999
7949
1964
7167
5549
7217
2873
4014
1358
5808
2805
3823
4361
9368
6593
5537
7857
7106
8893
6230
3130
519
9135
546
7369
6710
9741
9455
5371
3714
9939
2370
8015
8255
9537
9917
1824
2411
3931
3182
8219
3088
7006
8933
8808
9951
4470
6665
7057
3363
2895
188
234
2030
734
7604
8740
6827
7059
463
542
3350
2834
8557
7957
8723
8474
9781
1134
8757
9316
5706
1845
2674
991
653
2625
5461
3670
9682
5176
6565
9870
5411
4948
6956
9367
40
3784
2778
504
4326
2480
3338
9235
437
2061
4062
218
9548
2819
9534
1606
1017
8560
2597
8022
1185
8058
1693
7220
9586
8258
7090
4997
3206
399
716
3247
4183
3494
103
4861
5974
3441
4096
2763
1854
4510
2982
1402
3682
8868
9360
4699
7429
1957
9073
4966
6367
766
2186
5954
5377
5629
7303
8583
6028
4372
8182
211
4218
8285
5072
6545
8078
5520
9308
9933
31
2290
7687
65
7511
7048
1116
1292
5357
189
6258
8077
956
4797
4031
6333
426
7686
1268
6454
2058
5803
3017
6277
440
4441
2822
4871
9961
2130
4804
6344
773
8843
6409
4636
2243
7525
5928
7601
4067
8538
5678
5023
9687
6061
7708
113
99
5328
2919
2158
1131
5936
4787
7924
377
3961
2795
6691
2443
3951
9387
9568
2794
5797
4204
1390
9674
6484
5343
93
1375
1021
5116
1062
3434
9176
7528
3533
4505
447
2043
1988
2736
6830
9912
9465
791
2707
6156
3235
6658
5544
9155
5805
7693
3360
7195
3719
6196
2538
3813
7571
9911
5281
4986
9697
810
2514
9582
5315
2961
1626
3655
2049
4808
3568
1515
5600
2627
4023
5187
5638
9567
4342
7795
3612
4054
1342
3684
251
232
3849
4174
6495
5482
9160
6192
6292
1674
5774
7959
988
7400
1615
3037
2209
1535
4552
4161
514
8576
5700
6152
4495
6394
299
4460
6801
1641
4496
3404
1873
8345
7578
8368
179
3091
912
6472
1117
6687
783
2105
439
2398
1495
9000
285
2399
9513
800
7327
5213
3304
8175
7960
3604
2635
4761
5245
3483
8165
3471
1828
2095
1839
8359
5186
9104
4831
2656
5791
5615
4761
2582
4365
2608
1583
4651
5008
1096
1803
8687
2662
5107
6862
622
8711
5849
1735
309
9332
6252
3780
7512
4699
1971
5872
6238
1075
7055
8894
6866
9022
3655
9449
3388
2616
7384
4391
3976
8480
6194
2663
1142
1301
9526
8116
6365
1727
6203
6674
1060
2455
454
4924
3507
2425
796
9745
9853
7852
8639
6719
3226
8646
2520
6614
1262
6256
7357
5238
4737
9903
4254
2231
1205
3780
6700
7570
1859
2903
4244
2919
1711
1050
4196
5218
3475
4992
4963
3328
9196
9954
6400
2423
8600
5272
5389
9863
7881
9099
1453
8970
9002
5707
7553
207
5839
4253
4129
7699
3509
4725
6970
1572
2127
1166
3142
1955
2511
4457
1635
1707
4411
8035
482
3011
9660
2224
9226
3893
1323
680
2863
325
2739
416
6885
8579
4670
7366
2630
4531
8444
9600
6103
571
767
5597
2526
3278
54
4162
1337
4465
8549
8172
3828
4561
396
9407
8454
1719
6439
1317
8396
9178
1734
1633
4109
2756
9000
6739
3639
7444
6340
6094
8015
3459
1691
6894
3089
8097
1056
4426
8914
9605
2598
2742
4167
9346
8501
2621
7417
4940
291
5814
4119
8377
7447
8228
7485
2799
4968
1124
6595
7660
3570
4611
1119
5261
1505
4208
9710
8913
4986
8624
8518
3937
7718
2685
3283
6220
1659
701
1160
1950
2867
1631
6679
314
6212
4164
9466
1180
5288
6061
5192
8858
7024
6311
471
4881
6871
181
3794
1857
5157
2313
5794
2875
1350
9078
9095
9361
6131
6608
7663
8998
8239
4342
5664
4451
8506
5130
1983
146
1192
7175
5356
8216
9838
2179
3098
6709
8712
3244
4919
3869
5557
713
6745
3260
6143
2192
2621
8626
5152
6637
7624
9744
979
3289
547
5838
8419
2531
2336
5963
6058
7693
532
2249
9872
9982
8958
8585
3226
3877
8806
5136
943
5551
8396
3438
4096
7369
2065
9248
4006
9689
8992
1338
9330
9540
7176
4102
8423
9512
65
4481
3557
6949
6730
9782
6931
2041
4719
6510
2270
3525
1646
9565
5429
6394
3004
9525
3763
5069
8773
4122
1110
7766
5460
6793
3658
8988
895
2081
8500
7312
2914
8410
4262
9645
8192
7545
8038
2911
4055
308
6436
2053
9874
1865
8447
9230
1390
8563
651
6516
2685
8113
4282
8145
4906
4292
3485
5801
6373
1985
3114
9287
6747
3728
5284
4939
7625
3322
7850
1681
9983
639
3734
6209
2504
8534
1791
247
7097
2442
6763
9782
555
7397
4279
5462
1689
7764
7615
4414
6101
729
3701
2849
809
5338
4140
8435
5012
1991
6468
1347
2630
6554
7556
1486
5088
9347
8085
2185
8141
1200
8319
8697
8597
8950
511
6638
6714
8126
7404
9168
5208
7458
8369
6017
2796
2509
804
7808
4500
7272
9156
3482
179
3064
1321
5267
8764
9406
3805
6905
607
8476
1954
5556
7427
2465
8547
493
592
5951
9661
2152
3409
8030
4521
2557
6892
5326
6718
7744
8950
2226
1227
5481
5290
8900
7101
406
8306
7258
7312
5265
5734
9266
7174
3161
8084
5721
7
5028
8024
9668
7180
7786
4051
8053
343
943
9731
7061
8687
5034
5639
6266
515
930
5166
7616
1336
9825
4874
5000
5090
6961
619
8616
6474
5055
689
6481
83
8714
2502
3615
2852
6553
1668
3195
3848
7752
6609
8887
2786
2248
1506
3301
9530
6672
7270
7219
2849
8496
8571
4292
5457
9190
2908
1932
597
3598
4765
680
8664
7267
647
1516
172
8668
1063
4020
6420
4024
9260
5558
2625
766
5211
2155
3790
2481
5726
6640
7330
4298
7284
9139
9840
192
7423
438
142
2189
7470
8806
9456
8118
322
9629
3138
7738
1
9558
1762
9261
1468
4387
6379
6679
6543
170
5513
8621
3162
2843
2919
446
1982
9112
6990
9406
9550
7133
7947
3372
2291
7403
1490
8966
3384
980
6704
3386
538
8466
8999
2006
2854
5379
5038
5749
1901
551
4370
1415
3394
3642
1861
1728
9106
5203
7486
5008
2336
5433
8380
4628
9189
6223
9946
2573
7203
6650
2311
4094
5116
7663
2452
4322
9394
7490
71
1295
8041
794
9062
7787
788
923
5868
9894
2478
3354
4902
4815
5140
9634
5795
4329
5857
5741
3254
9413
8743
5566
3507
3859
9581
5959
8182
8975
9802
4605
6622
4195
1751
5684
1983
2539
2959
7851
8785
5437
7557
3687
6604
2697
3322
2399
3378
5531
4492
6633
4944
9587
8551
4803
9799
8132
7115
4333
7107
6917
8938
3729
7464
690
9413
9447
9581
2372
3650
8367
7809
7560
8406
4414
257
8080
3165
3636
3612
4010
6621
4908
3597
5172
9712
3396
3304
3179
7729
411
6448
3020
492
3912
62
9905
3360
9643
8629
3362
4362
6438
7274
2769
7204
7532
849
370
7520
813
732
4141
5722
681
5665
1786
430
8969
4965
4511
5732
1413
7531
6224
1677
3945
2481
1389
9941
1110
4752
4303
7548
2026
7072
1105
5910
4274
1475
9782
5087
8559
275
7161
9240
5940
5299
9670
1261
6616
534
3345
4381
8065
5921
6059
2011
8402
7448
8304
9512
2200
2607
3413
579
6032
4518
2841
306
2345
8976
1745
7256
9251
8907
6496
1544
4206
2519
9157
7175
3053
2503
1556
7470
8424
7615
5833
6827
5064
4137
2691
3616
6745
6104
547
9129
6974
3389
9435
5671
2365
1180
2927
7968
6439
9424
9512
6998
8295
8670
4173
7700
7525
5729
5170
5949
9697
7356
9128
4761
1493
1820
4729
4590
4276
5277
3719
1251
5018
9506
6922
3735
7039
9850
8055
3478
5626
7568
6828
273
2590
7353
7973
6467
9435
9495
2416
9132
6851
7897
245
4697
9717
4974
5639
3993
6603
5711
1596
1621
5217
4871
5356
8608
4721
9764
8439
6699
7332
5267
6972
6274
2621
1297
9093
2056
792
7861
7540
3996
5758
7785
8693
5475
2759
684
5821
9363
6395
7417
7336
7965
2288
9045
6573
3361
8809
5012
6412
2493
280
9736
5119
9253
7385
4212
7661
4530
2073
5201
8526
7832
2986
3571
3307
2097
4255
5480
1460
7003
9250
8797
4968
7890
4194
1541
7604
3003
6554
4016
5496
3186
105
615
2439
7490
4827
100
2020
6900
5301
6898
1084
4639
469
744
6736
1077
6224
4549
8080
5474
9698
3048
3365
3892
4589
969
6895
7495
1337
2391
681
1442
9358
3120
5285
537
9572
7305
3789
4873
4204
4874
5864
1025
5618
2601
2102
1842
7150
6534
3669
6848
9582
7034
740
524
4355
3987
8019
5692
2730
8701
7135
2088
8173
2420
2625
7746
6077
6414
2619
6633
1288
8484
7659
3258
7437
6113
1453
939
2648
5122
7787
8582
2156
4879
5458
6511
8866
9830
8555
1596
8531
5690
36
6704
4462
2661
4450
6892
5427
3422
3525
3068
8258
1184
6326
2047
3650
7779
2986
2650
9253
773
7584
1409
2004
3043
4272
870
2873
9180
8818
7756
1222
8854
4460
5685
7867
5263
8929
3294
5037
2454
6362
9647
9991
9041
1694
3641
3172
4680
2643
2426
1805
227
187
3809
3270
812
1031
2495
9992
9849
251
1214
5055
1064
6899
2922
2679
5828
6216
4068
4635
8931
3715
4626
4324
5409
4619
7496
6441
7262
9922
8246
3841
6462
8407
3464
7274
9438
5959
7266
5639
2563
8480
694
9979
1732
3616
2658
3912
6184
6726
8547
5115
6793
9525
5791
2202
496
3288
4995
4110
9562
3241
7952
6024
8000
1416
3298
7438
3727
564
3077
6290
5397
3771
6269
7129
3739
5279
1041
9923
2005
5941
1391
8798
1818
7182
7352
2315
6822
2347
6425
6385
1940
4377
2409
9940
2145
5708
3730
5873
2624
3159
2163
8021
6930
4785
1502
7021
64
8896
6945
2070
1189
4688
7220
3007
1870
925
1674
8693
9624
8100
1430
1565
8829
3839
7857
975
5899
7940
6848
4876
1099
5363
9249
4382
148
752
1403
213
6000
8348
8635
7189
9388
2207
6548
1259
3132
8223
6304
2757
6323
7734
674
5152
7925
4883
2479
177
2823
5679
5053
3923
7395
4302
8305
7543
1406
9708
4108
7406
4409
9095
947
3797
7655
7496
1408
787
5719
4064
9896
2042
8150
570
3546
6076
1806
2378
6253
4629
8057
7658
8552
5452
1960
3209
9348
9719
2918
9808
7125
3679
5256
4425
7476
2911
1921
5237
50
7640
9301
9947
6034
3804
6869
9580
6232
8675
8310
2485
3305
2720
6495
8209
4524
4807
1419
3872
4526
689
33
8004
4368
5289
2429
8196
4552
4350
9785
4602
8342
5439
4549
4376
9243
7771
308
5475
6446
8619
4312
6103
1339
807
665
5863
5614
2084
6088
6493
9125
6121
4497
9845
7762
3278
8041
8666
3980
4179
3268
2322
9618
4170
6698
5213
1941
7006
688
8387
1977
1352
843
3316
2159
1508
5532
4125
9944
1620
618
9069
4093
1467
8914
8207
1097
3307
6873
5077
7486
141
7399
3456
4311
449
8669
2604
3808
9357
992
5785
709
8187
9102
9220
9695
4634
9698
9639
2606
6668
5060
6699
4488
3974
4906
5585
3633
8131
663
1120
4624
4414
928
5288
4864
9598
7892
8672
5307
5236
4457
2369
3423
9911
7941
3118
897
7639
9109
9855
4308
4169
6554
8796
8143
7812
733
1777
2295
1396
9249
6920
2163
177
2208
7027
6127
100
2051
1435
5337
2860
156
8760
9124
8097
8231
6373
5737
7340
6229
6397
1510
9135
1545
6005
6948
2278
7782
5595
3675
3383
2515
5838
9913
4723
9217
2392
1176
1268
3827
2865
480
335
7977
9604
8433
6208
5978
522
9901
8559
6919
1411
7694
8464
7416
994
742
1551
6590
769
1286
9105
2959
7551
181
2176
9944
7709
9796
123
574
277
459
8551
6233
8892
1112
8563
9414
1013
7122
2685
8776
4817
1149
2544
5811
8243
447
2401
9013
1734
7859
1972
9285
8040
501
9229
5749
297
5705
2675
6926
6164
7578
9512
1408
8690
8075
7174
6055
1550
9859
1183
6367
7360
3728
8530
5603
4175
7284
968
2261
5143
9293
1547
9535
9794
7128
1636
6443
9185
4311
3370
5349
1889
2882
3109
6932
7309
283
9339
8859
6494
6875
1578
206
603
109
2162
1130
7393
3130
3392
8888
2423
1291
8423
8569
4771
59
5013
3957
722
4735
5658
8963
7617
8768
2247
1278
5403
7939
6490
8250
4814
8068
8456
5417
4529
6970
2899
1922
6453
6291
810
8876
3934
5585
3798
8706
1996
8811
9015
2718
3546
1025
8034
7515
6145
281
5145
1549
8220
1635
6151
3034
9704
4607
4803
4233
1578
7703
2508
8031
346
9670
3259
4281
5256
3409
9339
3604
2220
4706
6323
2118
5731
709
9633
1877
990
1131
9778
9211
2766
5929
8597
8822
6888
3401
3056
4818
7456
1916
9201
7802
1586
8813
8435
3194
2222
4126
6799
795
8832
9474
2913
916
183
8899
9145
7525
30
8923
3088
9148
1204
1686
7971
8092
1439
7379
2911
5247
9295
8464
3049
7233
7277
7837
6780
9500
1963
3579
6647
7148
9405
9560
8064
5940
4811
3561
3465
4841
2484
2906
3990
3688
4592
8313
8132
2383
5692
7395
7630
4987
5860
7031
8572
9489
4868
5352
5341
3184
5283
1988
332
4688
1549
4748
6980
2712
8309
6798
7554
7145
9704
7896
7185
648
2561
1669
9383
8253
9065
7013
3240
1277
396
1812
766
5265
3517
6108
4801
8800
8096
1485
9841
5997
6233
6821
8710
894
9971
2616
4391
9675
6864
1576
6675
9425
3245
6058
7678
8662
3071
7270
9939
3468
5434
706
5085
8951
6814
6238
7752
1262
7723
7593
7260
3956
766
5970
1202
738
4938
5593
6765
1802
3521
3441
7579
6766
9499
5257
5429
2571
8879
5368
2391
4313
2426
3828
9617
9240
66
3721
503
7789
7666
4115
8097
8432
6437
9299
5522
1375
1244
2288
9529
4765
5729
7108
7883
1580
2365
3312
503
7596
5033
9246
1909
7459
3074
7878
3052
9492
1599
9907
7281
9265
374
1730
4050
6811
7381
9572
4538
8625
8212
4067
9742
293
1175
7626
1874
9892
938
8729
7488
2323
7976
5749
6135
1050
3628
5539
543
1579
5446
4176
845
2172
5907
1247
8983
3288
7171
3521
8266
5384
7588
8008
2029
5115
5634
255
1359
2925
8985
8847
1600
6961
948
7735
4363
4576
3274
1258
2508
5072
5435
3353
7244
7694
952
2579
982
8123
2452
5600
9859
40
3609
1889
1507
5595
2144
2866
8520
7481
8065
121
794
9014
4208
5158
9942
7483
6416
2450
8907
8203
2155
2504
5897
3107
5083
6880
1231
7536
2480
1090
3928
2441
9331
1788
8037
7828
4654
6557
5309
9072
3030
6104
4438
7239
7614
4380
1074
4030
3183
9981
8586
5338
8837
4483
4798
3921
7715
6029
7809
6548
3471
8089
8989
9155
9877
7026
6983
884
9936
8644
9956
9318
1100
4394
2909
8714
5126
3983
9097
8309
317
7683
0
9154
2166
4798
9427
9882
7179
3588
6430
7002
1678
1771
6157
7907
5150
9492
8791
1438
8137
5099
756
9237
5845
3666
4304
972
4001
9753
5633
4318
7436
5633
9825
5954
431
5604
2188
7610
9193
4970
4613
7223
3094
7122
5130
8244
6615
3922
9682
4752
5373
6790
341
1219
456
997
2191
810
750
7824
5128
4538
9810
1305
6845
241
6910
9033
4204
6103
356
5169
9678
3450
2291
4808
1694
8906
5082
7728
10
456
4518
6704
1675
1327
7701
218
2137
8452
4394
3617
9342
4204
4923
6187
4446
1833
5221
5002
4288
5577
171
3966
9027
8814
5126
7073
7721
209
4801
4083
7017
5671
787
8692
6998
8489
5262
9135
3293
9656
2753
2635
3861
4028
5175
4659
5861
396
9661
6501
2325
6184
6819
7704
4998
1945
1129
9071
8506
5930
9507
5523
1601
294
567
4952
5135
5829
4087
4780
1838
3192
7416
5699
7220
2591
6710
9433
9339
2723
5934
8016
8907
2753
2072
257
1051
3201
5681
9557
5483
5188
1433
3436
5482
8352
8388
6970
534
8828
1750
2372
8372
5518
4423
5593
4461
1133
1378
152
3856
7313
8168
2763
6418
240
9372
3821
9793
5053
3379
1628
241
1164
5065
2076
9516
9805
5398
50
8633
7148
2422
7006
2667
3197
8951
3480
4330
329
3633
8186
3994
1801
7301
6765
8394
3026
586
4539
8079
317
6168
4673
1481
1233
3101
7350
1038
8499
7400
6024
1999
6175
9382
4666
9372
8333
4499
55
5014
8132
4593
5361
9933
8247
2126
4679
1273
2712
9219
5704
3030
5387
377
863
2972
9830
8213
4010
8329
1966
34
329
8141
9416
1347
3865
4101
5846
3920
5468
3978
4866
829
264
3113
2955
1295
4386
2019
514
6442
5049
5901
6820
5913
8873
6650
478
9236
1332
2444
5622
8013
6937
1391
5712
803
1844
7911
1075
7312
8241
5941
8141
4857
5406
7448
6153
6144
9468
6667
2587
869
8921
5759
3134
4146
8761
3613
9734
93
6057
5357
4458
9347
6748
171
150
4944
4434
7577
2257
2675
9871
6750
7533
5277
4199
3686
1422
19
6705
361
888
5626
6120
4023
9773
4881
3988
9507
4975
6397
1216
5785
5744
4316
5956
5894
9261
6742
9824
7870
9418
9695
4620
6951
4972
5171
6989
2746
1542
3694
3107
2431
9321
9227
2806
5446
461
6794
1305
1788
9543
2522
7573
5288
3190
9882
7534
2451
6624
7358
6673
6042
7053
7646
9345
8378
2817
6334
7476
4360
6381
6936
3143
2054
2515
2301
7500
2976
5447
5157
4764
4990
4031
2338
278
7222
2220
7813
6025
5196
1523
2699
1239
4929
345
6936
9659
9514
9623
7135
226
6004
423
9721
8058
2939
2022
1910
5915
7469
7067
680
2460
7451
9370
2738
4673
7942
6903
7050
3138
4779
6101
729
9708
2798
4018
9367
2313
3641
2854
8891
5997
3278
8613
4055
6217
635
2317
8484
4457
5736
5516
6917
3187
4886
6007
4212
9180
9263
1263
2319
4042
7364
9400
3750
163
3418
3117
8828
3411
2323
7719
9408
5601
2684
9815
8170
3320
2132
6655
7777
7869
2171
1046
1056
3410
7053
5269
2590
6316
2884
1261
358
248
662
4108
6763
432
3577
5591
3844
5901
9663
3252
7854
2347
3068
6025
2019
1552
9032
6148
9421
1203
7194
6830
965
600
8451
9908
6916
7687
1169
3627
7935
8183
4087
1051
4968
4017
2994
8812
9918
2657
8416
4124
5005
7836
6501
3376
9389
5533
9525
5162
3089
6719
8344
4054
7319
3147
3962
588
834
1484
4215
5122
6019
8302
6173
987
8671
9167
6151
4941
8177
4568
9066
3182
8756
5567
6558
4497
7453
2435
9660
542
9155
4356
948
2826
7504
1263
9766
4690
2747
3981
9812
5118
8636
2337
6106
7307
1505
2257
2249
9682
3177
7667
9216
1934
3234
2126
2783
7039
4562
8795
7581
69
3152
8530
9247
7008
9793
9014
8050
8892
9347
7863
4010
7983
6552
6468
1643
8057
8726
244
4091
8255
7911
9659
6541
7497
8138
9325
4537
9052
8120
8470
9121
7624
7000
4720
984
3145
3734
9035
8389
9434
3250
8752
3769
9802
5220
5412
7860
298
2008
8303
4906
6271
4315
1447
121
2453
7124
1010
1505
1597
9480
6978
9221
2833
1698
206
2330
1785
5593
720
7571
8843
5824
1340
8645
1044
3105
2857
1343
5113
1161
2601
1385
1828
4048
7858
4281
1173
8868
5786
2770
8348
9116
8343
7533
7166
4901
9864
5303
494
6936
2874
9337
2760
4215
7983
156
7320
7192
7851
8785
8353
452
6522
6533
4501
4380
814
2026
3248
2952
1148
7949
2068
9491
1834
5587
4393
1698
890
1239
4986
117
577
7746
4332
4912
4255
8004
2104
2106
6789
6810
2559
9664
3343
3412
4044
510
5438
3645
3462
6586
7946
1883
2429
9780
3822
3174
1479
1064
4414
2817
1181
1343
564
1865
2607
4819
9869
1063
3277
3011
7873
5836
2675
7569
9248
3071
4431
1038
6716
4245
3976
4662
6128
6406
4443
6302
9580
2274
7367
346
5091
8548
8041
2007
414
648
3178
6635
1712
6456
5998
5937
2292
8673
9858
7893
1745
4289
8931
4813
8535
2908
9476
1015
5666
271
7318
1598
2545
4685
1945
3988
9585
9986
5996
6351
6987
9174
2987
8699
1982
8985
4636
627
4011
847
8520
2108
5136
3803
6921
23
3063
2749
1039
8729
9372
4709
328
1917
5746
8625
2258
5331
4963
8254
8035
1950
3780
1022
649
2115
6359
1638
2742
370
8837
7614
8830
3973
7769
5752
349
7185
4853
1388
5914
4226
6097
2594
2495
8195
7571
4753
9878
2535
9359
7913
837
9492
8935
1487
1607
1647
9477
701
8369
4666
4667
7200
8639
2436
2952
8988
9621
7805
6728
1888
8383
9177
834
879
7372
8406
5632
7251
7293
1344
5164
8130
836
452
5969
8795
2099
1798
9496
6820
6464
4163
4020
5104
2951
6972
444
2573
1130
3525
813
5865
9054
1647
6744
2779
53
8729
30
7346
6425
1546
5477
7261
8350
7798
2408
6801
9597
8256
3622
6061
2419
7642
7517
1722
967
4314
4295
8449
7839
5108
4314
6893
6756
7411
9672
3161
6140
6054
6860
2565
3953
8689
6178
8655
6487
4938
5457
6084
3194
5431
2146
1965
3073
6015
3687
392
329
4335
8841
4520
9443
9508
7766
2551
6919
3790
2065
9411
6197
8925
8328
150
7614
858
8805
453
5796
614
6538
8990
6045
5036
955
5471
1051
4642
2215
7733
8977
1057
2253
4773
6917
19
3676
3836
3810
5741
9599
7
1018
7927
6509
4984
5137
1666
5438
933
8633
8328
6275
4678
3364
7230
6501
767
8224
8717
8500
3554
6126
7106
8327
3043
3477
8355
3231
7287
4097
9182
3646
1467
3461
6507
6452
8598
8174
1890
9531
6807
218
2158
7837
9934
9388
691
701
3964
9408
5554
7518
5534
9012
2197
4929
2489
553
4512
6129
1002
3694
9775
2469
7155
2635
8921
5753
7161
7163
1636
320
7381
3794
8157
3667
9534
8848
721
3498
4608
6275
1017
6494
5287
3214
7775
4128
119
2287
257
1121
5981
6385
3591
3136
9020
8864
5241
6181
6028
6877
2853
9761
7023
1010
9781
6557
6211
502
56
7171
3129
7425
18
4768
6991
7793
8896
7111
81
9154
8232
6062
5539
8175
5551
4559
3392
792
7092
9420
4022
9945
5533
1045
7307
1666
7603
9870
2168
4011
7042
5297
7788
7060
65
4779
1205
8962
8242
1286
8116
6475
7349
7
1002
9252
918
4394
44
8010
166
4066
4307
2052
1464
1614
3718
5419
7837
5887
9430
1231
7536
3570
4643
7602
4701
5848
2916
2944
7135
7384
5771
836
7391
6773
88
8309
7520
6484
2671
7686
551
6978
9738
2015
4944
3457
3786
2781
5696
3216
364
3232
3138
5007
7186
7839
856
102
783
4343
3838
6554
5179
1229
9680
1619
5890
7200
8103
8561
1238
5006
1891
977
3373
6836
786
7159
5969
6482
6727
6334
6066
9865
7693
3253
7705
8549
9707
4840
9244
3546
7747
4423
1127
7427
2394
7018
979
498
5579
2217
5504
7471
9546
5230
659
332
2389
6628
3166
9117
9314
5585
8982
7008
5190
3039
1909
4897
7880
1154
4795
5627
1929
5923
9406
4324
2941
385
4822
4872
2602
6678
8695
8501
1908
9354
8833
650
2335
8352
9767
8001
3937
5101
5009
5479
4493
3271
376
2373
4425
5172
4352
6354
1095
3758
7030
388
495
8204
5260
9449
4883
3956
7950
3143
3310
3136
3793
1997
7840
9912
9999
8129
1366
1360
3608
5859
4631
3984
4584
5408
5508
8936
8115
6603
9046
5145
3343
5893
3350
8604
5342
4585
2560
9645
7728
2222
2781
7874
572
6973
4138
571
5102
5504
8283
8710
1363
2915
9046
2299
4675
4555
7587
2790
7510
2985
4288
854
8878
7638
5810
573
8575
8370
218
2655
6944
9351
529
3868
6324
1020
4439
1426
6524
9075
136
4240
8342
5534
6539
3017
89
4127
2160
3952
7112
6448
1158
2343
438
6968
2916
9013
1690
3134
1668
8634
2485
8550
2503
8809
9570
3294
6587
2446
8721
3075
6686
7063
8609
3226
81
5051
3705
2241
9003
7169
5041
161
9512
5479
7129
2428
844
5171
1914
2512
3805
4399
7414
2660
9560
3336
2307
6147
5783
1028
9222
8821
8092
4184
8399
4525
9235
2104
3118
4590
5626
8159
4751
5138
3638
8232
3919
4482
9755
5833
3346
3560
6585
7113
2573
2497
449
4880
4997
2584
5908
571
1406
352
4755
9805
4877
342
8262
7995
4932
3888
2506
6035
5378
6144
619
5649
6978
374
7835
325
287
772
3790
2860
3269
4239
4092
8266
3176
6352
5190
4582
6705
9945
739
7934
288
5353
2282
1572
5593
4788
7608
7324
933
4579
2973
4263
4954
808
940
5241
7932
4730
4453
1202
5322
8545
5820
8498
4897
1010
9432
7954
7308
171
5889
3948
5525
8171
5520
7470
2959
9480
4794
244
4060
4120
4508
9014
1280
1800
607
9213
6531
5060
415
1853
3605
6235
351
8502
3598
9783
6457
906
6306
2346
4854
8183
6869
6726
5654
6180
6207
6800
2777
267
920
3637
5633
2201
5437
6240
1414
1968
1300
1829
3821
4905
4416
524
3407
4366
6659
6216
5272
2966
4914
6478
1149
8135
3205
3155
4316
9412
9956
7093
6031
876
730
1664
3077
2519
7904
4491
4488
9204
2672
4661
4109
3441
1538
3868
7807
8197
6437
9432
1163
1351
5910
8665
9487
9115
1820
155
4879
1776
7248
910
9005
4330
2574
2082
6849
478
2926
7689
9682
1950
8703
143
1743
241
4012
5903
4790
449
5335
5954
8152
1245
971
3991
6713
2791
4146
1592
920
7746
2503
9925
8428
1429
8359
1630
1908
7637
5671
7942
5940
4374
4438
4035
967
8450
9938
5758
5251
5273
8064
9755
6519
9035
3747
9584
8178
4245
1176
9098
1992
31
5375
6772
7813
87
8402
6073
4076
4074
4015
6368
8448
4805
404
5768
9607
342
1526
4858
5616
9590
966
8487
8625
1065
8071
6803
5310
5599
2254
3654
1983
3981
427
9796
420
8829
5869
4497
9255
6236
865
4056
1042
7621
9824
649
7964
1350
1860
9932
7292
9178
8419
5917
243
2842
9072
5553
4793
1326
5560
3128
1660
5987
2924
2080
1168
5145
6577
424
7734
3795
832
5128
1416
656
2129
5732
8358
341
5664
5650
9519
435
7919
9762
3277
6991
1668
4423
4670
7228
7551
6330
9567
6828
8410
735
1973
1340
7511
6059
5135
8343
1187
2903
5351
3317
8636
3709
10
4300
5711
9530
4736
3630
5644
4365
6974
3664
8788
1644
892
6340
7974
459
3168
2736
7547
1493
4076
5058
3905
9211
3402
5092
8467
8753
4761
7103
8815
4772
7755
4526
654
2491
4509
6298
3209
1483
9963
1997
3127
7207
4689
7453
4019
4209
189
1566
2055
4266
2976
5960
9829
6378
7404
4648
1484
8518
1751
6651
3290
9507
1177
296
8350
2038
2946
7911
3521
9261
6261
3000
6469
7302
453
6840
1512
6995
4758
9919
7613
7734
2231
7442
465
9635
2091
1949
8153
194
4952
7795
6053
2481
4443
756
4520
7390
8667
8041
6651
1280
1042
9472
8583
7847
6312
6447
4842
1070
6366
2455
5157
8597
6250
5622
4584
4693
3923
9090
1239
8875
3237
7293
1356
7681
4401
5876
5071
9420
270
8074
701
7664
7547
9284
1863
211
5731
6706
7634
8449
5513
2791
7046
8115
8413
7982
9160
2336
7072
400
7563
310
4045
8919
7991
8446
1148
9414
4218
7770
7488
4919
5434
5035
555
7297
1599
6286
355
9233
4735
2221
2024
8133
336
437
6116
9497
9125
9540
9897
6688
6202
294
1959
545
5092
9459
9959
9310
7229
3800
4230
2663
8835
1137
6313
6786
7424
3020
6019
8511
5241
8043
6645
5578
4832
9113
5075
3957
8653
1324
6997
1208
1618
5309
1753
6710
4768
1713
2372
1998
5513
2954
1013
700
4092
3678
7487
1516
6699
3506
27
1940
7902
3024
7518
2734
2137
8945
3044
7143
6621
6393
4703
4591
1702
6456
7653
6471
4521
26
4821
34
2980
2186
7087
3424
5865
926
1292
2564
784
7672
856
8686
696
4727
7773
9186
3672
7169
2681
6646
3562
7384
1237
1617
3840
8891
4440
8362
5269
9261
4748
4601
7799
8187
8026
3664
9113
9318
2580
9898
6990
9789
4936
4039
4516
2709
3225
4540
6230
5906
1186
9793
9642
8776
1410
3482
7667
5850
8196
9288
1463
9297
3889
9262
7484
1915
9279
6598
7586
8211
2848
4576
8000
7784
8615
2516
6846
8192
7057
3076
4098
4595
9221
92
3371
631
3575
7390
2833
8123
6678
4296
7420
568
9911
4905
8835
9190
7855
6421
7401
703
7350
5402
8487
5965
4270
1685
4158
1327
1114
4608
2275
335
1053
5646
967
4628
9389
3800
9103
6067
4449
6524
2987
4360
7781
1823
9902
5636
8244
7303
6339
5594
9057
1178
7912
3328
9216
8422
1007
330
9382
3282
665
435
5281
7984
1415
4670
8137
519
737
2586
3395
3725
3298
1176
1900
3200
6812
144
6855
9503
2091
5913
7033
6355
9241
6249
1129
248
6579
511
9883
7245
7299
5164
5229
8714
6186
3366
5585
6923
2304
8980
7000
5602
6508
8900
5154
9672
5397
2010
9175
3840
7923
6209
195
3516
8810
7676
116
5390
8187
9999
8987
1838
1515
4216
6905
7701
3935
2490
977
6239
7823
7977
8194
683
3230
3348
356
4979
1710
5883
8819
9633
8444
5366
3149
7255
3042
3266
8997
7581
9617
7984
9420
1133
2200
6325
8834
2487
5167
9811
8727
9342
4141
3273
26
3723
6621
6734
8702
8332
2617
3873
4317
7414
5591
3819
1021
8633
3437
18
2566
3054
8002
8338
539
6554
1015
5726
9042
6183
1889
4121
1877
6030
7394
1903
6105
367
8637
1159
5051
7607
5032
5721
1373
623
9540
2394
5608
2977
2412
8175
2383
414
6513
9275
6968
3881
5001
6010
64
6890
6483
8293
9273
3877
197
5378
4245
5186
6538
5648
9145
7922
1369
518
8546
909
2912
506
238
1676
8681
8974
2090
1547
8249
5411
5428
3250
7773
1844
6492
4257
137
5765
4486
6686
7496
5083
8225
386
732
7370
8308
2101
4241
3206
9363
7153
3713
5953
8830
8746
1279
7272
293
9528
9035
2073
9130
6809
269
1975
7418
6759
7740
1904
3445
1588
6988
1670
1974
4072
5393
6635
2525
9634
9841
1888
3139
3554
4194
8321
8653
5473
5594
8946
1354
981
7372
6836
7790
3993
8811
5208
752
2904
3465
550
844
6805
8572
9171
877
3965
5806
3402
9951
5647
1643
3091
5554
5837
1412
4207
7662
3358
9505
5368
4340
3229
8557
8482
7223
3720
43
4327
2976
9860
4877
3821
6665
9802
2992
7542
119
5150
944
71
7149
2587
9514
9055
4776
7278
3262
8791
6989
9120
4159
7681
8701
9068
6163
2276
2789
2558
6604
5765
2418
7833
5938
9083
7635
5282
2977
4107
432
3922
530
7582
2861
44
6637
3990
3674
6252
2781
663
1724
3292
4696
425
2361
7212
2702
1502
9770
9306
3619
8541
3491
9558
3976
7479
4840
6954
1586
5273
7228
2116
9207
89
8512
5844
4079
2186
8448
3212
9202
172
6505
250
598
5218
7462
9652
6720
3585
5310
339
2126
8801
6249
2454
6280
1090
9408
4218
2715
6636
6334
8274
3078
1198
470
3509
9737
8919
6722
5291
9091
3227
5541
6041
4797
3004
2045
1517
2941
7355
8208
1419
6157
4458
3873
8789
1900
3282
3008
4615
6270
5694
2889
9348
3245
9711
2858
2982
8630
5932
8273
4074
9159
166
115
3956
9522
2161
1825
2463
5868
33
3882
2025
4491
4108
7167
6391
3742
6527
7358
12
8573
6599
5713
1818
6311
4923
4800
1293
855
9425
5367
6366
9592
1835
6674
5466
3996
4851
7930
6216
4884
8164
4594
5728
2272
1761
8471
2366
8288
5830
8731
6861
8781
796
5032
5092
5719
9832
6386
2926
5610
8105
5644
1554
9940
2318
7020
288
3521
4950
6505
8405
9467
1099
485
8091
2860
8957
458
7500
1139
5541
713
9920
6337
2097
1365
2056
1930
4103
1334
3892
2208
6978
5446
2149
5648
2466
8789
5521
3769
5294
3926
3236
6393
4412
7679
5605
9721
4489
9457
860
30
6523
780
6367
8620
8497
4775
6902
2600
6109
7146
1161
9439
2592
3310
1439
1411
8451
6960
5180
3746
7239
4768
6491
8003
8799
8449
7724
3289
4258
8584
3319
781
5716
9687
5754
4214
4462
9008
6814
6924
6155
4327
2715
8747
7637
507
6510
2441
3819
1690
6187
1058
2810
2678
5413
1610
7479
3137
1251
1738
8073
4570
2519
3790
609
4625
4356
1424
3634
7522
4700
9789
1850
7415
4888
5839
4274
7751
8280
8094
5793
4467
5504
8604
3498
918
6566
7329
407
7817
9067
8481
8739
7939
8623
5701
2564
2979
7125
2550
6853
1825
8691
8703
5592
3580
895
9867
7683
9175
7961
3476
9995
3465
2080
9845
4383
4998
7174
4791
9167
6242
9624
4259
4181
4599
9960
3097
7578
7085
5648
783
5262
4339
9487
854
4271
382
721
1954
5909
5034
5431
5904
8500
3863
5749
9235
5214
9276
378
4381
5518
2
4992
6051
953
4952
9148
8531
8389
1148
5667
3651
5488
1506
858
6111
8240
7931
8066
4149
2966
9849
6406
7818
3712
2155
7053
5278
1431
7432
6012
3301
3786
1004
9352
4740
2309
4853
9623
698
6001
1642
702
7841
3148
7912
3953
1388
5843
8371
5538
8809
8220
8296
6627
8284
451
33
3563
8235
3817
9575
7888
3955
579
3593
5047
2888
8446
4671
9939
799
2665
641
8641
5814
8553
8946
3554
4396
7317
9092
9558
5537
7388
2537
3821
4192
2570
7384
8779
6387
6959
3019
343
3891
6612
5390
3131
1410
6413
3070
2210
9079
63
7203
4893
8616
6149
8447
9365
3466
3892
5275
5355
7632
7812
9176
8176
383
2913
3307
6770
6224
6327
3465
115
2939
8856
3247
702
5269
2669
2912
700
2733
115
1945
7701
2616
6745
3418
6082
6989
8693
7789
4621
6506
6965
9150
3241
6230
8809
6363
2455
5136
9829
8922
4428
8685
8521
5130
306
1191
4394
1007
3924
861
2952
1625
3477
6049
5044
5911
3038
89
3700
4012
2947
7017
3162
6188
3248
8323
2552
5703
9812
2381
977
4240
7418
9499
5722
4076
690
6468
5083
966
3681
4388
8943
3510
437
339
9421
3476
429
9473
3840
3376
2842
7002
5917
2442
1677
8469
4497
1489
7202
5475
5729
972
4974
7803
5048
5664
623
6484
2982
4304
7224
1925
7814
4013
2265
3587
3841
2694
9412
7681
2422
2255
1035
8339
1049
2713
3160
5547
4202
6714
1022
9932
7686
5996
4087
9087
8012
4711
1923
994
5367
9147
2919
3182
3160
1536
3121
7002
582
2534
4683
3005
1141
5719
7696
2190
8432
7209
7737
2634
3923
5111
8918
7962
1107
9358
3401
5471
421
5324
2817
5788
4471
2089
5322
3983
3625
8444
7337
4208
7330
2021
3565
8471
4092
7613
7013
8876
4822
1103
7862
5098
6214
3133
3060
7322
2491
2813
9145
9264
8137
1963
1404
8960
4052
6727
2943
7677
1523
6633
8237
5205
8654
8154
28
9098
5768
7041
4326
590
8144
2188
5688
711
5321
5100
4385
4164
4265
3530
9780
2402
5493
1185
7714
5897
4264
7010
3575
5787
3643
8164
7344
8649
6319
7372
7747
2087
765
2073
9029
5262
613
1070
5973
2287
2522
358
2803
6788
3888
2584
5542
5734
3769
3257
1631
8033
267
1558
172
3910
9723
7516
2559
2394
4888
6658
4481
2005
5083
9862
7267
2048
932
3240
4335
3455
3598
3491
243
3839
6075
5785
9573
6196
5394
7556
581
5661
9115
753
5923
5190
4621
4834
7584
5861
7844
8417
7866
9279
8279
5134
1328
5564
8374
2015
9019
8325
5506
5614
2164
7933
7751
8089
4129
3146
5645
1062
5159
1112
1815
7435
6302
2788
8621
238
8649
6466
5007
2868
5745
3287
8002
7073
5203
2728
5441
4222
1053
947
6188
9569
5233
3939
7658
5714
3437
9656
6777
4949
