768
8592
2384
3423
7733
1005
13
2734
3823
5021
5602
5921
4660
9956
2994
9863
2685
4787
437
90
2087
6625
6012
7320
6916
22
3034
6706
9678
9811
8007
6799
4756
391
6574
2489
7748
6587
5223
7924
7960
7178
3845
2620
7134
3191
8835
6171
7979
9272
6262
66
2249
8626
7386
5518
8648
6772
8576
4679
6584
6583
1478
7692
3326
4404
181
1074
991
1756
5350
8952
8934
9195
7924
6069
8739
6760
8592
6718
2384
4854
3136
4634
9832
522
6504
8481
3646
5080
3160
230
1663
990
4274
4989
5394
4455
2415
2737
2564
7766
8041
7850
3313
5966
271
2052
9078
8864
8770
1462
70
1906
6096
9903
8780
2600
8384
2427
4032
7896
9009
5695
8886
3284
684
632
4091
3100
3369
3007
7218
7763
858
531
3729
1129
8936
2807
6345
7706
621
6416
5965
6718
6319
1097
5670
4703
9876
9703
8951
8886
1750
7837
8522
8787
4821
8965
8239
8190
8325
5457
5953
5535
2340
6034
6664
1276
5193
3010
5335
5815
5778
7652
8885
2097
8749
907
3152
8626
6962
2103
3864
8713
6292
8738
7500
1113
4055
5739
5655
2380
7548
7961
4267
6240
347
932
7517
5541
294
9204
1356
2424
6856
6593
4521
5605
7500
7673
583
4463
6128
799
3176
8772
9537
7028
9885
9945
9119
1892
8677
6667
9853
2945
2907
201
229
6776
2094
6875
5980
9802
9299
9188
6395
3820
1146
3895
7845
1729
4710
325
2529
4238
9097
8418
1266
5334
4715
6737
7226
3393
9756
3432
6338
9016
9985
2919
5792
2079
9794
8125
8233
9093
7313
4628
9265
4811
4875
7110
6541
5938
3787
5422
176
2884
192
7795
4570
4908
4532
8148
4653
4289
1580
991
9657
7917
3910
1801
6348
56
9926
4581
9149
3592
5561
8414
4755
437
1876
1296
6375
2015
3070
2903
1251
9615
698
5821
875
1583
3969
5528
2224
1902
2871
1881
9819
3133
3682
2520
3189
9961
7101
8690
9905
2663
3456
4660
9452
5332
2309
2179
3699
5379
5082
4950
1346
2133
771
2221
3716
1092
7749
5940
9346
620
7821
5518
105
7855
8038
3294
7816
5139
8336
4073
4154
1792
8734
3606
7124
1043
2137
7175
2774
7220
2125
4121
9353
9248
2694
3069
6693
444
5361
6039
7416
9534
1557
3874
7389
9595
7168
1558
1087
5505
5631
5241
3649
4365
5200
774
1760
7337
4301
887
4557
6427
1360
262
2027
4054
9683
8720
4498
5044
4760
8267
4578
2669
2141
8320
8617
5661
9878
9704
7518
5509
4945
1168
6227
145
8294
4339
3835
2595
5226
4744
5374
6586
5007
7402
641
4690
2474
1491
6087
7234
6110
7017
6256
4603
5337
4873
6617
5215
4577
4135
7077
5874
1655
9656
2372
6301
3995
6207
5249
5574
951
6975
2160
2310
729
9153
3353
3204
645
9440
438
3107
2809
3046
7711
8147
7919
4328
9714
8848
4815
3143
1075
2823
2799
9799
5476
3147
2358
725
8721
9661
4053
7233
1972
4782
6387
5325
7986
7032
1117
4777
139
278
7823
4202
4777
2095
8530
4492
7295
9698
3987
8370
2521
3139
4521
7997
6286
6879
5075
1359
6541
9128
8592
4865
3910
4979
6542
1897
8363
4011
3026
4855
4289
849
9057
9067
9296
3940
9911
6592
3638
3898
1314
6159
3389
5836
508
9675
2715
5583
1034
5608
1063
5979
473
4974
958
7015
3223
9322
1026
6249
529
1668
3450
9586
735
2747
9878
6998
5691
3516
896
3357
6027
638
9193
2888
313
8261
8471
7700
221
9535
3679
695
861
989
4062
4084
6663
1441
6685
7192
3109
6487
3131
196
5586
3009
7194
1277
2878
4442
4635
5257
5080
180
8145
1746
4793
2969
5798
5015
2504
5829
2062
9717
6818
6124
153
9834
3917
6838
7026
3378
9677
6509
3574
5264
9519
7120
2893
8749
7915
7528
4006
9347
4061
2152
7445
8854
5121
3243
221
3977
9072
2283
46
2243
4760
199
2077
8677
3389
5455
2056
3066
1965
1982
8330
7836
5455
1224
6585
9722
5104
591
9069
9165
9095
2867
4372
568
6110
4593
897
1535
3229
943
3778
7989
1142
2207
3018
4531
7662
5074
7598
5979
3409
2280
3815
5216
3504
400
4938
8609
7344
359
4126
2791
3226
4850
3360
5689
5796
609
3576
9025
1553
7354
7014
9047
5913
32
3579
9927
1459
7529
5907
1220
6161
9722
6436
9666
6475
7726
4627
171
4437
5105
9314
4016
9956
9026
9705
2104
9636
3281
1129
1189
6987
8143
6588
9252
4527
6519
9179
5986
400
5086
3558
6562
1161
9994
2580
3988
4072
3559
511
8510
8664
9825
2526
4972
8852
8583
7076
8488
8216
4557
6029
1555
2700
8969
807
3580
5489
9986
5918
5889
1425
9477
2451
8938
5823
1383
9278
6248
4942
9789
4758
3607
5966
3636
4931
4818
8571
8360
9658
6787
2917
2039
8342
1970
1009
5501
5550
6498
5487
7820
8739
3264
7297
7543
2202
9473
8926
7832
5721
3869
7621
6831
3828
3588
6819
8759
4758
5390
3471
769
8529
6389
2808
6871
8359
3817
2372
261
6667
4211
8081
1759
7476
1731
9302
6030
7556
8228
3863
9629
8449
7836
6460
2277
7776
3279
7389
2535
8669
860
3304
7198
3601
2464
421
1960
2634
9145
8573
5653
9708
3007
7412
7184
1090
3066
9567
8646
1295
9782
4627
6096
3970
1087
8374
1747
718
2115
634
5739
2975
3938
9289
6577
2754
9710
4889
5388
5207
9815
1042
4915
2822
8454
8452
264
1521
4371
5262
9168
4153
9889
1616
8123
7328
9990
6222
8046
8457
6856
3785
1433
7146
3074
4362
9901
2784
5603
5289
4343
5418
6331
9258
4592
1138
4062
1208
9011
8433
6470
8179
8938
2711
6147
7062
39
6138
3284
8085
4595
6493
1870
2380
3639
4944
3094
3540
4080
8698
8830
8423
4116
1513
4034
5061
2651
8096
6269
8014
6530
2740
2545
1820
5451
8693
8882
5491
4831
8519
3576
5778
5012
1799
4511
5003
6743
7605
8544
824
6303
7374
5599
6772
5239
9633
1833
4243
4082
4454
2257
612
7194
4803
8784
8998
3496
7667
841
8327
2538
769
457
3902
2568
1320
8905
5664
8926
7449
6488
1581
1175
8439
4705
2767
8073
2890
7010
2155
7345
9267
9119
891
4070
7903
9889
7566
1922
7082
2245
812
7852
9055
4714
420
375
9972
6084
5653
3773
8924
7235
1301
7364
8292
4068
1789
1183
1078
296
8528
345
5767
9419
768
22
5661
8334
1945
2743
580
9109
595
5987
176
7368
6362
148
9804
2016
273
8729
5603
1574
2445
3895
1994
586
1430
9424
882
9958
6122
3001
5730
6890
3023
1391
5224
1320
4134
2156
430
1082
8143
606
8450
858
7106
4606
9226
7379
9687
4829
5306
2132
5076
7300
9070
6507
6725
6304
2817
2847
9305
8547
6089
2329
6290
7665
3649
6777
9822
4079
4211
4317
1037
9013
1527
8143
3619
753
5523
3307
5582
7181
1791
7011
4481
862
3518
7558
7166
2687
6757
6472
7587
9198
5153
3877
6864
8802
7006
6686
9234
1217
7355
271
230
8883
8415
3850
9636
290
3509
1571
7471
5300
8582
8304
6162
8452
2215
9681
7491
8972
2505
5078
8171
7658
5308
1387
6460
2314
4425
5694
9884
1780
2318
6466
7015
733
6668
3004
1023
177
4575
8494
5478
9509
6798
7992
4313
9013
4025
1804
4338
6530
6883
8861
4188
8543
248
7001
7209
4673
9047
7093
2805
1365
9912
9821
2098
6580
9177
9473
6758
3752
4319
8588
9613
7470
6580
3926
2835
6958
5730
7173
3488
8965
2386
4029
3860
8986
1030
1070
11
6429
4515
2817
4147
4427
8990
6245
1008
8167
2071
4118
8271
6390
2706
4236
3860
5638
8162
6696
2596
244
221
6085
5562
8960
6466
9422
7946
7496
492
4310
277
1360
3479
4424
2139
8821
7022
9499
3340
9093
3617
1611
1835
6323
2199
2048
8314
361
8744
910
605
5317
3347
2519
629
9813
1942
8576
3661
8786
9238
3939
146
2717
4715
8638
1538
1737
8137
4878
7182
1755
2841
9018
4430
5040
1066
2744
1753
6162
7
8710
7831
3354
1230
8461
3168
3172
3389
3181
1958
2627
3472
8457
1696
8188
7095
9586
6277
1584
4464
3460
3339
3657
8830
7770
5049
6248
6866
6802
8762
6873
1864
6593
6580
3094
1406
9748
2618
4795
9281
929
3774
2754
9386
5470
942
2833
5056
7219
4417
5872
7031
4109
5881
5861
8231
7282
2109
5097
436
7223
8323
2301
3817
4903
5395
5223
1003
8014
6371
284
8943
6497
3038
4681
8320
332
3866
9728
7552
4635
5601
935
8744
7834
6797
6975
5117
5258
8425
5553
2482
3100
7854
2651
8003
9602
4226
5358
7616
597
5642
2911
7095
5033
7592
1767
5365
7810
1495
9269
2445
3448
6557
1190
1283
3354
4517
2752
4964
2942
4657
7446
2394
8864
97
6749
8466
676
2107
2434
1273
4102
5345
4720
9135
9289
6487
852
7099
7983
6474
9544
1431
3031
7086
9066
2737
1604
8170
7701
898
2828
1500
3293
1692
7949
6394
6510
8625
8502
8944
6251
2604
641
971
8091
6282
3811
5295
9733
8146
1769
5629
5929
1152
2716
1348
3889
672
9518
7943
7922
2346
9443
7567
390
7392
3962
6900
6018
2464
2196
2269
1420
9189
9592
9511
1823
9755
4806
1556
4253
2928
3538
6535
432
2606
7883
674
3278
3753
8617
7552
2452
4412
5120
2842
8156
9082
6095
526
7898
4643
9147
9318
3833
8740
5181
2008
4847
6339
3565
5453
5619
3455
1988
6052
6061
6223
6726
5691
9976
1695
3243
2428
6107
4715
1623
4263
3797
7718
1142
8047
2361
289
3717
2546
5381
8898
4555
229
5238
4472
2034
7209
7927
4022
3261
340
6597
6339
2383
6573
8034
5626
5354
493
342
6977
1109
491
1047
2251
4891
3408
2540
8608
2307
7922
7507
3214
4503
9097
4038
6537
6306
8317
559
5920
8657
7156
2259
1040
81
294
3018
5435
787
9712
2412
8248
6556
3459
499
1447
3220
3040
55
1879
962
3914
1445
5465
3011
5483
8354
5670
3800
5265
1590
2457
8773
3849
9849
8854
495
9219
4290
7635
8932
3054
5883
1840
2866
2735
3287
2438
5775
9694
4317
3089
3609
5762
4906
2972
1245
3260
4994
1397
8525
6584
206
7298
6786
55
2504
3633
9274
6794
7620
4558
6201
3504
6398
9067
6239
6037
1505
8366
5732
2174
7807
5693
7936
2713
8665
5533
2325
3660
6930
850
6596
7136
4500
9734
3543
7004
9720
9169
151
7340
80
2704
7196
6478
1771
9787
2516
9628
8153
4600
8154
5960
293
2442
5025
5310
7975
7350
8970
1257
4552
1919
4745
9052
8005
4640
2409
7725
3809
2560
1418
3889
5264
8614
6720
3387
8402
5588
9367
2907
188
7521
5220
6833
6315
245
2143
642
7596
7466
1899
8500
5737
2996
7553
3742
7636
6314
7820
7797
8874
9238
1687
490
7852
4759
229
2606
347
5948
5514
6887
9821
734
3720
6136
7331
2215
6778
1279
9681
5029
9780
5418
8025
3685
5513
5661
9999
3333
9810
5225
2571
1497
2067
423
2608
2296
3030
2955
4596
4896
6194
4417
1982
9914
6905
9313
8482
3683
593
8163
8712
6725
9934
3089
410
5447
5102
6761
8780
4912
1986
1351
2762
4053
8126
5370
2701
7508
8326
3649
2404
4520
8066
4386
787
4971
52
9269
5006
645
3784
70
3722
3718
3159
484
5517
8261
7245
649
3173
5583
8352
5935
5988
6479
1306
5041
339
5984
8690
2744
6856
3108
3482
7643
8079
3534
3264
9437
531
3401
9507
4253
7119
2666
4737
8989
7279
8334
9638
452
3917
7991
2740
9905
822
398
4946
1161
2734
9988
257
9590
3096
3740
3586
7527
7274
3202
6964
4158
6603
6471
8411
75
5489
9501
9064
2768
4187
8702
9573
8105
3045
8665
4362
3867
9063
5661
5029
1797
5649
5286
7739
8746
9026
1325
6273
2653
4528
9590
6811
1131
2413
1574
1206
7903
7427
6622
7023
1615
5325
6596
6072
8370
1613
434
8590
676
2447
3619
8825
8097
5257
6565
3195
636
7890
5820
9641
8770
5410
6452
9902
4176
4378
7460
8431
8158
4083
5454
6125
5760
8403
2197
482
16
8983
9072
7045
1431
2691
5870
5880
4301
8787
9075
4937
3030
1247
4578
1800
3010
7382
8054
7186
8112
5515
5617
6270
5950
7423
2395
1710
5826
944
2192
2195
9928
1265
9240
7711
308
1462
3591
961
250
9018
5898
3280
265
476
1432
9627
4210
9487
6813
2323
1354
8782
4945
7304
6206
7341
5366
2032
4637
3910
579
917
1527
9819
8628
8188
7634
8571
9149
4236
3941
5048
3868
4207
1876
5300
186
6087
1139
7000
8410
2493
5782
3355
6149
1988
7048
7867
373
8038
1778
952
8955
3305
7124
7584
1493
1110
6155
6995
5346
97
2043
9214
656
271
4514
842
6358
2006
4194
1120
4499
6329
828
7001
8317
4228
4868
5042
2266
2998
2347
1222
6304
5823
8806
4149
6933
1313
1144
2279
7762
9539
7845
4770
9811
2359
1965
2521
717
6159
3642
5217
2488
822
8570
7158
5050
3438
8552
7317
2789
7251
8539
5445
3074
3697
9594
6359
1362
7091
8638
5477
2982
2835
247
9145
5195
8564
1667
5912
4724
5309
7481
3564
6131
2403
7074
7533
2194
1979
4850
4983
9230
9741
428
8657
9790
6374
5016
7505
9817
7
2982
2800
2842
9581
1945
4389
8146
3612
6654
9222
5273
4135
9138
7756
2891
2565
5290
5085
4544
6492
68
3774
2586
496
2431
2376
3222
3800
6233
3040
3807
5567
5840
6649
5149
4137
1039
9647
7750
7693
5221
9375
8180
4359
7132
1071
6924
8774
2508
7820
5266
2576
7947
7852
9424
6730
6581
2647
530
9166
5687
4337
4734
7879
7339
9883
2016
8378
5882
6118
2423
1103
5494
6955
1814
8978
4379
8739
7752
6887
2911
9370
5816
858
3575
5240
7589
156
4239
4471
5674
9926
8809
408
7805
2500
6643
9822
7230
2525
5940
9653
9980
7786
2960
1795
6764
3691
6886
4516
579
9797
3887
2747
7008
7462
7987
949
3970
2227
5420
9644
8505
581
6405
6311
3081
3048
2485
311
1926
4777
6316
1906
2564
5629
53
9328
9320
6939
197
6251
6737
436
8998
3745
4250
3338
4694
8220
1917
6466
4216
422
7048
6973
3085
6481
6374
1922
6793
8300
6700
9461
6558
5616
5090
6612
1296
763
3551
7845
7014
6640
8281
6013
6737
2531
5703
7783
7103
7620
4250
1320
4394
7650
8293
3832
4131
4667
5754
7276
9319
8806
6738
2230
774
8180
5194
2071
8943
5097
9916
5958
1738
4550
8323
4827
7081
378
2611
4185
4350
3213
1857
8744
863
6502
8928
4994
1170
1035
8623
6841
9841
1713
9071
6968
9893
4265
5391
5189
9363
1659
1147
7453
6209
5822
2280
9643
2552
4891
180
6902
8104
2037
1998
5319
8539
927
6666
6061
1962
5289
9255
8155
7002
8326
5123
3247
8944
514
8436
8307
2174
5935
2112
4735
8109
4392
4378
661
5636
4558
7563
92
2947
9562
5412
7839
489
8430
3900
8803
3719
3155
6958
7073
7834
2082
320
6778
8948
8757
1437
7474
4692
3549
2210
2802
4293
2940
9815
9929
3851
7379
6374
6798
6941
8138
4637
3782
6568
4890
2585
287
8045
9543
7360
2231
7977
4032
9009
3278
2789
6798
7104
3834
6699
5666
2988
993
8607
2803
7274
8810
182
3648
5608
3475
1786
6598
3609
8354
1488
6194
4993
5885
2090
8705
8117
6419
2738
3478
6049
1879
277
3154
5713
6976
8820
5053
4321
3779
7857
1596
2589
4391
1596
4550
4219
9735
1148
7828
8089
8988
375
9435
4873
8817
8140
9342
1588
878
2821
7638
2758
9450
7144
4823
2778
2316
6229
7100
6096
4086
5048
5037
4829
6644
9587
5400
6379
7087
9581
821
6075
6308
256
949
5125
8396
291
3065
5627
9464
703
4737
8914
4199
5912
1693
6516
2141
8793
8964
2579
193
4001
3761
6837
9941
9161
9569
7028
8742
390
9456
5050
6998
6757
6527
1746
7048
9593
7373
2865
6648
8462
1779
848
4375
9824
3716
2868
4969
2680
5448
5162
3033
9209
8352
2974
8370
7921
6355
3465
4663
5811
4867
1661
2568
1395
9759
5968
7340
3485
8833
340
1947
6965
7540
2674
6789
1256
5543
8111
3936
991
3273
3322
6552
1625
6296
1274
5898
2651
4739
6913
4814
5959
4926
7382
3706
4686
9703
1046
8171
8536
7738
118
1853
5279
9145
4995
6535
4688
3106
6824
2031
6379
6498
8583
4357
2794
9857
6607
1798
949
3521
6612
6908
8447
347
614
3133
50
8012
1304
4938
5750
7775
6792
7381
6920
1787
269
7960
1245
3445
9991
7624
9943
4926
8333
2737
1135
4941
887
2084
8462
3852
5344
3261
4199
2310
6395
601
6674
4051
1891
8777
8178
5035
6158
5098
3174
6427
3058
4419
6224
9401
8396
6167
4327
6729
5257
1815
8022
2496
251
2836
6348
5596
6098
6899
4258
2493
3852
7285
2896
5744
6062
1075
779
8572
2525
3954
1352
1936
4725
7576
1337
3121
3744
2017
9851
5353
3832
7873
7849
4083
710
550
6031
3160
7449
6642
2005
1302
3927
4901
3398
9989
5976
4177
8561
8502
4483
9913
438
9209
7490
8127
8682
7586
144
4885
9291
328
2759
3492
4412
9821
4042
6795
9333
1492
3437
1338
9146
7364
6239
2544
3705
8568
6721
2267
7070
7557
8532
3860
3118
2374
1987
8152
9960
8484
3038
5603
8812
2149
9096
9576
8322
3138
2724
7655
982
6161
8993
128
9878
5232
2672
3583
152
5746
2202
7222
9655
735
7434
9125
3109
5774
7277
9422
4258
315
5025
9422
2464
473
5351
786
9964
4427
8441
946
6940
7434
1075
6818
9019
99
6754
9171
2197
8956
2746
1852
9691
180
977
9153
2306
8255
8575
2916
8570
9952
2339
1035
6778
4042
1821
6742
4821
6615
7688
1761
4049
5115
4932
9420
1567
1686
4944
3764
642
7690
5617
6686
4222
6594
2191
6529
1201
766
9445
9772
7070
8136
7159
3848
8530
5332
590
3351
1947
4631
5113
2349
6098
6397
1769
7665
8083
3065
1430
5077
755
7047
8115
1330
9993
306
4211
1195
7424
8
7319
847
8145
830
4695
3027
6162
1638
2731
4462
2621
4196
6811
8719
593
4932
6385
8676
7998
7815
105
5105
1214
8221
6435
1207
8527
646
8754
2304
655
2425
3151
5152
3255
4198
8179
9418
5836
7262
3880
8457
1458
7043
3529
2051
1975
9914
7079
6325
7729
7185
1431
8943
5406
7866
6502
285
4865
5257
2589
5520
7682
2092
7024
7290
6291
1555
6708
8479
8818
6940
3289
276
3983
6818
8680
2310
6732
5759
8636
813
2944
67
6108
4702
4285
2610
1340
9150
4219
281
1022
1902
2374
8046
9192
5017
9602
2252
3496
4772
5544
6785
5048
5879
9955
80
8189
6687
5840
3177
3852
5136
9596
9960
6191
3882
2571
7531
9384
6790
7812
6759
5044
6538
4805
588
1555
759
9192
5052
5531
4736
8189
6932
615
4497
7012
5157
1184
9204
8334
1389
693
7931
1349
6884
8165
3920
4415
3901
7063
8579
660
2107
5118
1818
9048
6673
2577
8240
8077
4461
9329
2619
7745
9944
7116
1109
5101
4652
314
9788
6041
1007
4071
7391
4243
8588
7663
8658
2489
4726
7237
3150
3186
2355
4968
2234
5381
3897
6826
3458
8358
6155
6077
2455
6100
9545
3565
7553
4198
3879
3693
239
1238
7764
3982
5481
6352
1646
491
5194
6372
4080
8344
5910
6436
9664
8144
8169
3561
1323
1627
8272
7478
4057
727
9930
3602
4292
3836
7800
4523
7529
4392
2113
1646
8374
7594
4350
6372
8085
9544
9097
8518
4240
5007
4954
3904
9504
9475
3818
827
7454
2090
8305
1511
9169
4588
1466
3462
8424
9266
4337
2305
10
6451
3951
4737
397
4654
1109
4835
550
206
3353
4791
5214
4659
5047
1070
4134
8865
1897
1588
7307
6554
3100
6477
1142
4566
6291
5918
184
628
8224
6547
7079
8527
1284
3829
3181
2393
8664
3732
8952
2017
4875
518
6676
6274
1588
810
1492
3485
2398
8799
6391
1850
1628
3886
2768
7919
9804
9305
4900
8028
5852
8331
6556
3488
2160
6089
5881
824
6173
1185
2841
1048
1703
9517
3675
3291
6679
5167
3128
9078
318
9520
7280
1947
3406
49
6218
9562
9354
7470
3943
1558
5802
6851
5046
4314
2940
7279
1491
5466
8465
684
2866
168
6554
6541
9812
3233
1708
2940
8663
2027
8812
5944
326
8570
2345
2896
8133
1699
367
2076
3257
2521
8927
4655
6835
8219
1934
4678
3685
399
5363
6552
6920
1917
9445
6732
5150
7506
9672
3814
5885
4837
6110
6211
3407
8455
9107
1540
6506
5826
9968
9763
8347
5247
4418
1535
3467
2704
6213
3504
3104
1576
6408
6376
3493
2206
3108
4996
9712
9132
5162
5597
3969
1272
8160
7377
9727
7267
5269
6233
9446
5238
2348
7793
485
3118
5680
304
5822
1894
161
5278
9822
2921
8006
3316
5127
1114
4664
4839
6599
9826
6788
568
1098
4948
4297
7177
8568
5919
9762
8014
1157
8462
2159
7994
7932
7840
4651
106
6086
1164
5385
5908
4085
3391
5576
5565
858
240
6756
3809
6418
3545
729
7516
8493
5027
1045
7061
946
7159
1427
8455
5621
3587
2801
3553
7779
3804
3660
3865
4968
5397
6125
5406
5140
1702
7323
2350
8294
4079
6159
4713
3976
6889
8581
8822
8268
9627
2235
5566
6786
3663
373
8760
7250
3174
2313
5029
3331
2325
5246
4651
7722
1371
57
9215
3073
3732
1565
7720
4164
7725
2433
8140
966
1014
6962
9234
6993
5550
1152
132
9213
1525
8892
2815
1051
7557
7844
4382
9883
9442
9034
3957
813
5443
3172
239
9176
4738
7959
3340
8815
392
7832
9781
7758
1147
5367
4752
6697
6519
1236
5910
8044
128
8725
9095
7685
2921
9830
7568
2363
8864
1526
3176
4307
1050
9767
9835
5788
7726
9527
4603
8118
7360
736
2229
8507
6103
3333
1556
8974
4569
7466
7018
4697
2543
2466
8734
1816
2296
2655
4179
7512
4181
3707
1819
5231
3475
8007
7372
1201
7534
8327
5672
4894
9064
4253
9753
1519
7586
1309
494
2155
5127
3864
3204
7670
2682
1938
9486
4978
4593
17
2490
5126
77
662
6710
9904
8669
4082
7457
2555
8761
3129
7450
4177
3734
3555
5697
1320
4865
2543
9827
9992
6407
3031
4015
9090
1322
9853
420
2267
9871
9263
7394
6300
6277
456
6204
1298
890
3661
3853
9651
3143
7655
3829
6877
1211
5878
8198
6076
8421
4377
2420
4828
7409
6435
270
5083
6289
691
7350
2512
6306
1096
8812
2583
1552
5016
3881
2442
5029
7734
8446
8172
5390
2275
5050
6601
8153
9600
9029
2926
3977
1449
7754
7738
4237
4377
2821
6878
5068
172
5742
1374
7620
4554
309
9173
5922
4190
7967
951
8276
2765
5476
18
1392
526
2971
9545
126
2000
8823
455
9802
6578
8194
4039
955
1015
7269
2375
7539
3011
101
5160
3917
6762
685
9839
952
5004
7142
5580
7770
8970
5599
9162
9496
8570
5060
5974
6923
3883
6430
6725
6813
4624
7116
4120
5639
4385
2847
9531
3748
9300
4691
7665
6062
1728
3856
7014
6732
7350
8947
854
6321
4546
17
2169
3116
1429
8144
39
5312
926
3116
2126
5550
6584
2598
7541
969
5446
3424
1069
4746
8115
8734
809
6195
8942
4175
9280
2645
3122
134
8966
7668
6503
1135
7137
7932
5631
3528
3245
6557
2997
1723
8459
9581
4321
2353
6903
6119
5777
7972
866
245
3059
8027
6440
8353
2202
5720
998
1677
5855
6316
9345
2358
3804
2834
6643
9435
2715
6240
2345
2064
7963
7156
1645
8636
9509
8548
1108
5287
2873
1974
5532
5932
1
8324
637
8555
4045
1636
232
6252
7952
5930
4962
1756
5116
1605
7544
4183
7845
9889
6247
2160
7045
7893
7149
2907
2793
8257
8194
5666
6583
78
7950
2936
8402
8588
1491
2447
6576
8076
5051
880
4006
14
2637
5474
7971
6533
9658
5817
2774
5905
7977
6171
150
1478
9078
2944
9735
7272
4962
6318
3702
9265
9254
2105
7853
7098
904
781
5174
5956
1661
9180
5970
650
4654
3941
7183
664
6110
9957
6570
440
6129
6720
1918
1559
6016
1654
5184
979
4324
8886
244
3579
991
4449
677
1896
5230
2203
7852
3243
1383
174
3894
2389
467
1077
3054
6578
7387
5976
3370
9868
2696
5288
1427
8713
3294
6611
6044
7619
5498
6288
7550
6489
737
4579
4737
2319
6782
8941
5562
4517
9115
5808
3258
9583
3238
2664
2513
625
8640
5883
493
7689
7523
1920
2754
818
8532
8798
4789
4030
1438
8691
6871
8527
3270
7961
7198
6404
6902
9112
921
6018
4921
531
1953
8159
3196
818
8784
8188
3053
5629
2229
576
7549
4983
7746
2433
133
2535
2815
7923
1226
9687
6450
848
7648
3648
7252
902
9113
4525
6920
4034
5057
5225
8545
8253
6043
7329
2793
9096
9310
5023
6025
3211
6358
3771
5645
2844
6307
8460
767
3885
4499
3570
4734
8499
3570
8338
9402
2683
2864
2674
6717
7921
7900
1614
2526
295
5295
1671
5744
4605
6694
1769
7817
9405
1892
3462
2249
4551
8274
9368
8437
9126
2938
9523
7625
6509
7861
3379
5544
725
6054
8614
4998
306
228
7524
601
5524
9196
2697
129
2242
818
4298
1647
2711
7760
248
7262
2387
9617
2051
1513
2555
1574
5490
5416
5788
8870
961
6513
4924
5927
7864
5230
6155
1740
2183
1679
7288
4881
8161
9531
2051
2459
7530
4762
6572
4131
2025
8959
3748
4076
6824
2655
2003
2314
4424
7791
1184
5385
656
2460
7664
8520
4042
3819
6613
6226
1851
3901
7459
12
9784
9510
2471
7315
625
5395
1446
2650
706
1546
3078
7530
4201
1433
6197
8625
9224
7381
362
6233
9842
8026
1105
3884
8198
7718
6462
49
1620
273
61
1404
9784
8884
5071
6761
4280
2869
9411
4986
4415
8841
8869
4969
275
5066
9946
5851
8799
6661
2084
4993
1039
3190
8878
9237
908
1692
5638
8880
1966
5699
6637
8102
936
1708
4863
1568
930
626
2906
1697
5819
1775
6666
6094
3193
2965
1946
1993
9626
382
6986
665
3572
2216
6255
833
3909
1893
9713
2227
3945
6350
6681
1233
4411
7896
2801
5341
8522
2059
7038
4341
187
57
6788
3380
3022
5086
1725
2648
5468
8712
9665
5393
7280
2272
6226
7541
518
5939
9768
4463
8642
2801
2048
3053
697
1201
4746
5571
3260
1784
6265
3447
1841
3053
3180
1215
4491
4905
215
9959
9969
9881
1704
7250
8505
7930
1143
9023
222
7264
9838
8864
65
1886
8269
7115
9439
3015
2686
2700
1151
8951
2499
9345
8356
2031
560
2847
3289
7128
9159
3258
7009
863
6860
1866
5146
4356
890
5368
1620
7080
584
1685
5319
5205
5152
4758
8220
7839
3810
5723
3142
2662
1420
1499
4693
1981
698
4334
5461
6209
7593
2470
7073
805
688
8571
5161
7930
3939
3133
5011
875
1171
6682
6080
6323
7792
652
4162
7955
6375
3657
617
7796
5156
1662
6129
2206
5997
1590
8416
9942
412
1841
7099
7452
412
2261
5383
703
5394
6746
1578
6565
3428
7658
9241
7572
8310
3403
5527
1037
7060
2496
5185
8568
4159
7666
775
6508
5608
5543
6450
6020
7384
3549
9825
4148
2162
5208
4851
3909
1954
6429
6826
1734
439
6067
5658
5101
5823
1186
6138
9235
3682
7676
4156
4193
5342
1283
701
951
6826
3503
3323
4210
3405
3148
8358
5567
4708
9561
5828
3014
5990
2655
4748
2781
5074
6759
7882
7249
7945
372
6485
7979
4400
641
2173
9743
1924
9226
7046
5102
2730
369
5664
6135
9870
374
8054
4578
9935
235
7593
2277
9242
8693
5058
4316
5452
9292
7918
9749
9664
4403
7729
4065
1396
6254
160
9672
5480
7206
4774
4562
3927
6790
7049
149
7164
1456
4728
7099
1691
8673
9376
933
7366
4434
1601
9171
3726
9519
8920
9742
274
3001
159
1670
9255
6671
7694
1088
3877
8820
5650
4157
5610
9052
4306
2774
508
5386
9873
2199
4059
5601
3132
7778
35
1085
6949
113
605
2221
6208
879
5223
2719
8902
830
9391
6596
1918
9620
5417
3921
3777
1027
2973
4436
3802
3481
9822
27
2032
234
5629
1516
4364
2016
2601
1313
8482
3206
9886
4690
438
5109
7409
9340
5940
3152
5936
4210
2773
1353
8131
6550
8733
7456
7338
2535
7289
3513
8914
9321
99
4543
837
4463
2912
3439
5776
1394
2997
2014
2436
3435
7124
6197
2775
9416
9350
5064
3626
2123
2769
8110
5025
1502
1918
2364
389
9208
2229
9304
4881
2328
199
5719
6791
3111
5510
8919
857
4859
933
9645
4647
4409
5843
3774
3825
1545
8838
3804
3668
1608
1914
5045
9462
3832
3761
9852
9392
5990
5508
4274
4670
5707
6345
1461
5171
1855
6732
2380
3066
7666
2026
7713
2075
4221
1488
2253
5766
326
6057
5786
8286
7971
831
7749
8155
945
3953
3900
3287
9461
8174
7958
5168
4519
5771
6691
2726
2504
9072
5792
170
7450
9858
8597
1671
1346
850
7437
8024
6907
3223
2663
1230
406
412
5738
7703
4365
9638
991
3826
7812
8949
5346
8683
1072
8390
7761
3576
3814
3553
98
1264
9763
8696
2935
1109
5898
6724
5486
2806
9947
8149
388
6705
8561
6126
761
9278
5764
1752
9456
3576
7053
1154
8611
8125
9544
6372
1702
3358
6278
8152
4622
6041
6848
3909
3503
2747
633
8989
1905
6932
7138
2293
3638
2051
4772
751
7681
536
2503
7137
465
5908
4643
9076
4033
4188
5449
2087
3898
1727
240
4873
7768
3440
8782
1271
2539
9416
6612
796
6348
3750
9442
6338
2153
4214
7089
9834
4750
5944
3323
5215
1852
7967
4292
2238
8507
6093
4325
2405
7820
917
7278
1940
4358
2413
9564
6897
1829
6176
7694
4529
6279
7136
7220
4784
7702
4309
4619
2452
6606
4294
4020
8458
8613
4664
696
7120
757
1374
5878
4929
2291
9508
6869
3001
1921
6433
6251
102
8962
3945
4632
5241
7433
1852
25
5135
2513
996
3939
9119
1643
7959
3930
256
8975
978
3729
6084
8704
5959
1013
996
5467
7883
349
7389
668
6600
7491
9630
545
8475
1223
4330
327
7601
5817
9193
8597
6109
4664
240
420
8594
6849
9396
5925
578
5480
4629
6537
6494
1977
8356
729
2327
2097
7749
8927
5941
3732
5825
4416
4955
6507
1096
2556
2325
6641
7506
8434
1305
4098
8854
6252
947
4602
2177
7877
83
6806
766
2929
5136
9123
10
7463
1220
7759
2742
3513
1491
4919
7930
2799
1427
5378
5355
104
2019
9213
4890
3324
3312
96
9576
4259
4699
8105
2137
1134
1264
2903
4063
6400
2026
4073
215
9599
8184
2957
9464
9676
7877
7394
2475
5656
9124
4182
5760
1143
3396
650
820
6708
746
6748
967
1797
4854
9456
2931
6118
2360
3346
8870
738
3771
9085
6689
1956
8394
6154
7984
2623
9900
6811
4631
9025
993
391
6520
4389
7393
3692
7449
4492
441
4769
6289
1647
4225
5573
4117
2937
8919
9339
28
9043
8424
6717
999
3170
9223
8983
2146
5476
2146
6777
853
3139
3521
7373
3881
914
7418
1330
5406
4211
2451
8048
5858
6677
3621
6327
9614
8892
5666
5994
7935
442
9064
5286
9964
8287
621
2110
115
2767
5240
968
5907
8761
4694
9788
6027
2112
7470
7786
6323
9922
2186
8533
2951
5807
4860
8917
1051
526
4912
8987
7320
3976
4273
7284
8615
4895
9395
8731
7662
987
9699
9921
6100
745
6061
8479
2857
9884
6265
5532
9806
4803
417
9109
6962
5277
8026
8014
2155
9290
3353
9475
3266
7626
6760
8234
8873
2507
3317
2888
9846
9368
2809
5946
114
5223
4425
9323
5107
7043
4856
4913
1846
5273
374
5161
6903
8400
3175
5410
7691
6528
4886
7309
506
7998
5543
5732
6857
5212
4972
6703
4581
7781
2649
4695
9356
3426
4018
4463
6821
5226
5728
5020
6852
6102
181
3755
4503
3356
9165
8546
6236
403
5855
3094
4753
7751
5178
1610
2963
150
8313
7544
4284
7314
8591
3640
7093
8962
8104
3914
4188
3832
8934
1040
9935
9115
1147
790
8823
313
5688
1411
7068
1543
858
1822
5646
6036
3432
4962
6187
8098
2506
6823
5412
7450
463
8857
6412
8567
2772
600
8752
8058
7993
5039
3526
9140
5829
8701
9453
1517
6465
6522
9412
7323
8344
1411
9711
8128
6373
2250
6226
5231
9073
7991
2681
9537
6848
9093
4456
5972
6046
3208
383
4039
8247
3909
3179
428
2610
8985
1945
5427
1859
7710
2750
6555
5473
8814
4683
1846
1064
910
3429
138
5253
2463
6027
2101
1556
483
4426
3954
3692
4809
4345
1939
8718
7525
2368
7680
2862
665
9460
4721
4727
2210
1276
6552
7376
2311
4750
8441
9573
8180
4931
4826
643
958
3280
8551
7793
7706
2506
1485
8867
3203
9777
3937
728
8497
7969
9942
9162
7429
4663
242
5992
2291
6794
3368
955
1545
8161
528
6077
3092
1707
6720
402
4987
1623
8196
9045
481
6033
4264
3685
5810
8201
765
659
6170
708
6174
3600
1723
6416
5944
367
9562
9312
1322
7459
7474
8202
3536
6918
9909
6608
7321
1248
8232
1869
6645
8713
4254
909
2398
6417
5462
3164
7076
1633
224
3250
1585
1947
6018
7529
2314
5581
3193
3636
9392
667
8191
2929
3938
8100
5889
1259
5701
4121
9480
2346
9187
3734
9608
7937
151
5070
7453
3580
3055
7677
6830
4640
9625
2849
8521
8291
4782
1715
8280
4174
8734
6471
3455
2672
4571
9345
283
6624
9818
9763
8971
5357
9850
8579
3295
1
1
748
3581
3057
4778
6764
7697
4403
5965
2571
9046
747
638
7326
1273
9372
3797
1081
2045
4721
6778
2328
1345
6596
8444
316
1954
8294
5247
1601
4647
5249
8701
4581
8306
3479
1345
2355
4234
3662
1278
3281
761
1916
607
2034
1289
757
9467
9686
5478
6245
8366
6823
9194
6810
3492
7500
1456
5091
9101
6104
6692
7802
7037
4998
1282
4734
3706
1868
8396
1336
5149
9157
3253
2109
7543
894
2866
7011
580
8344
9608
8946
1519
8802
2109
1363
6302
3565
6455
1755
6021
3147
9558
3058
4498
7192
4144
4556
9060
2540
5892
562
8049
9145
2671
5593
6391
5537
8956
6971
233
8564
2270
1752
3719
4379
9468
6373
4296
5923
8129
318
5422
4039
9728
9920
7583
225
828
2995
9117
6721
3557
7167
2218
6228
9112
8610
8117
4420
1933
8350
9336
4203
6455
3055
4934
5923
9429
9231
8198
3910
5901
3620
7949
1981
9893
5532
2206
721
8527
7676
3794
8437
4843
2365
1017
307
975
9135
4727
9260
3837
4063
9816
6644
3471
4750
8919
9252
333
3469
3162
2586
7090
1111
920
3335
2995
9478
408
7874
7154
4203
6311
8349
2920
3681
8656
3895
9168
9735
9507
3005
151
9323
6002
3622
426
4921
2874
7111
8391
2388
6050
1833
3499
6970
1520
2846
6448
8280
720
3603
8835
3384
1952
1755
3417
6961
2002
2585
6696
1510
5590
3199
7185
7944
6821
7611
9218
6047
1075
3961
8435
7125
2146
8286
4095
3666
7484
6895
8298
8205
498
7134
7941
8803
8889
1358
2116
892
295
5164
8754
2237
8364
5939
182
1537
9903
9400
3937
978
3361
2372
8103
1859
7011
2198
1877
4495
9093
175
9052
5944
7309
3345
1099
6199
1055
9567
3443
1350
4731
2197
3588
3095
8136
3770
985
4391
9522
4922
5369
9235
3646
3472
1094
657
2022
2971
5153
1116
3146
557
3412
456
3903
863
3007
4958
430
6450
6309
5161
4999
9897
4609
9487
19
5594
3879
9541
516
9248
8776
4162
2721
9870
1172
4743
2841
2677
2211
2339
3234
1975
9147
7137
2838
2154
8448
3268
8604
4757
4782
9955
1006
5743
9443
1025
1337
3322
566
8205
2570
5694
8719
1643
5564
9891
2739
4757
8920
4950
7096
2155
3278
6244
5644
6116
4750
4092
5737
9707
5201
6871
9662
6207
2614
9105
7232
3951
2427
4150
8508
1350
9844
3579
2993
1760
9823
5732
6517
8743
7035
9966
898
313
2562
2895
6429
3664
6987
8518
3371
8541
5389
3034
4748
8003
8491
8333
8306
919
8835
6814
2269
8680
6746
5262
440
6569
7347
3310
1664
4382
9628
2563
4695
8542
1810
7476
2206
5149
5995
5578
3690
1384
4964
8439
5740
3455
3124
4046
4374
1959
7213
2995
639
3959
4610
7432
6880
1957
7094
8544
2691
6722
7459
7386
5264
9269
4862
7470
4419
7209
9400
8109
4946
4364
2900
686
7820
6024
4732
8546
7984
8297
1542
4975
2256
2504
8759
5488
813
5853
4033
3504
8927
1492
890
543
7114
2104
4366
1533
9314
3766
5994
4260
4483
5247
1298
8655
1271
6030
7201
5607
4328
5095
6935
2936
7599
5694
8425
8412
7900
8810
1916
3179
302
9158
3723
7416
1263
4441
5301
6929
8207
7648
7541
9042
2895
8839
7697
518
1221
4899
2478
1901
6346
9413
1190
3946
1459
5967
8710
5711
4777
6979
8891
5079
6137
2614
8848
3752
7055
501
7033
1614
8149
926
657
7396
6117
4706
4267
7339
9605
6745
5592
5952
6158
6782
6250
3969
9101
1312
9681
3878
8291
8572
5310
781
7538
4158
885
945
1011
7919
8911
5513
8845
5920
9261
4963
627
3528
8654
6584
273
598
8888
2783
3733
5138
6753
2834
6451
2786
6713
1094
1358
2023
1875
5248
2533
2761
6193
9896
7032
5104
5409
2229
7377
4671
7192
8004
4551
2198
4588
4825
9149
3477
7608
2882
4967
713
2068
7770
3499
8781
8865
1209
7156
7092
6457
6041
6205
9002
5938
3237
459
7699
5467
7836
8722
9011
5840
3274
7562
6780
4451
6711
257
2059
9593
1577
9125
1661
9347
2624
6795
4564
3834
303
8009
291
6345
4214
5646
8635
3804
6105
2686
9271
3941
7761
8282
6133
7387
2196
2913
1838
8907
9523
3897
4852
1100
9374
2866
6799
1999
6013
7716
2185
6316
5725
8828
9013
6291
4474
4000
95
579
6687
9366
4520
800
4001
653
8187
2549
9919
25
1457
9442
274
6309
6894
9649
5527
3693
8000
1540
7761
185
7857
9838
9013
3222
6130
3488
7223
6225
419
262
1944
1292
1062
2297
8297
5601
4846
8216
5626
6303
7658
2252
8965
904
1901
844
4598
9901
2385
8711
6438
6594
8550
5452
9816
4680
5292
3391
7257
2063
3653
9201
3355
1067
1498
1653
6668
2697
6221
8646
5352
3880
899
669
4784
9152
1514
5734
5406
3899
4446
1844
6845
9348
3648
3013
4028
5292
6405
1285
7356
6410
6839
7063
3830
4689
8716
6850
7386
4938
5497
2739
5170
2748
3408
6306
8252
1274
8393
3658
1525
9191
1855
8370
8539
1855
1384
8919
7148
4141
204
856
551
3395
7919
733
8085
2988
7584
5471
7926
9433
4562
9448
8533
4323
5754
6785
5597
499
6796
7123
9690
8651
5493
8229
506
3229
7148
4006
3722
3705
4862
626
7100
9134
1359
1537
2122
8943
7009
6400
8376
7923
5848
6909
2246
7954
47
4196
8454
6843
1319
4496
1846
3164
9078
2352
2746
2578
2711
6468
6283
3925
7094
9736
3059
8454
1273
5181
7397
4634
7933
2126
8910
3781
5387
7508
8088
5434
1704
2894
2277
3023
7390
4123
6188
6468
2828
5286
5399
1891
1754
8034
5816
8849
7770
5228
3655
5396
6761
7404
6382
4695
9530
5292
8476
1270
2801
2916
6704
4505
5810
5334
3881
9553
5809
6421
2373
4989
1707
7772
6880
3461
5807
9049
8662
9929
4277
2317
1677
1038
6074
8060
5733
1956
9704
562
3226
2505
9830
6283
3363
5641
1617
3596
5194
3778
17
7567
8768
8076
1692
5648
1537
7499
4697
6552
7428
5326
5221
9106
6365
1295
3518
8450
3252
3222
5364
2830
2080
5195
9113
5443
7188
730
5391
8734
4509
5408
6301
9629
3484
7993
5277
1373
1844
6327
4277
5625
1653
9499
1083
4370
7146
4601
9173
398
7823
4537
3229
9903
6084
8694
1698
3272
5777
7089
2006
6638
8849
4660
6267
2333
9005
1544
59
7202
4223
4336
2827
2229
187
3910
2951
7334
8511
2124
4084
2686
3014
3665
8942
5450
2360
6992
8723
8137
4082
7081
4775
9283
8093
1042
7969
3451
8938
8028
653
9514
8716
3480
1743
8904
7390
4694
6238
2253
6819
322
4939
6185
340
3881
1635
2700
7226
6710
837
1308
144
1964
6943
8237
9358
4912
1688
8296
9292
8693
7810
8009
2173
5905
6913
5915
600
9503
4520
3771
6177
5812
6308
6517
6045
7943
9217
3271
4654
6406
931
1150
4722
7875
9387
4080
9139
7428
2377
8432
2473
6539
6441
4647
2445
9706
6914
9397
9209
7787
3168
1738
3599
9476
8256
9644
3771
3825
2916
4777
6584
199
5927
1306
8074
1667
5387
7214
9095
4116
1998
1568
655
8439
2567
9452
4497
5834
8849
3706
3621
8369
1796
3572
4197
52
9568
7969
230
2484
2746
6814
2684
5026
8120
7110
6693
3507
676
2140
3975
2674
3708
4631
7465
2628
435
1962
4814
9285
2020
4787
7654
3817
8359
8204
3869
7927
6173
4099
6764
5271
7265
5800
297
5386
9262
6990
5245
9939
9130
9221
8965
9191
204
6431
8171
639
8393
9337
6276
414
4124
283
4231
8835
8487
4452
3114
1012
4904
6230
6283
8521
8382
2933
3907
7645
6275
5505
3936
1758
4726
2901
949
1282
9332
5472
8273
7726
4809
4550
4492
5285
4833
5075
472
3320
5879
3586
4332
7135
6169
6967
5657
4551
9900
5916
8548
6176
1421
2484
4286
2499
1738
1587
3781
1070
7059
2055
5148
8220
6605
5992
3505
7790
1067
329
1110
3299
267
1794
434
6436
8761
2443
7340
5014
8360
5888
7542
9781
4725
1828
2281
6463
3415
6062
3885
6826
4469
5386
5046
7426
1378
4903
5216
8798
5232
6326
2097
5499
4472
8883
8288
3234
1327
5628
4600
9687
7868
2142
9468
2593
322
1749
5408
3737
4164
9294
563
4985
4680
1961
2412
2410
6864
7628
1208
8448
307
9657
299
4779
8541
8587
4365
9868
567
5317
9555
8436
7459
5375
7381
4133
3477
2790
7870
3993
8436
4785
8978
3116
6746
1390
5526
9962
5371
3087
8410
5678
2744
5062
6809
1285
3649
7527
7505
569
2844
3412
9005
6656
8788
6386
789
2265
5528
5012
6258
3964
9797
1588
3432
2896
2979
5311
2858
4702
8398
7621
6732
1142
2683
3541
8780
2684
7420
6285
3253
6617
6050
8610
3273
4838
1349
414
3455
6877
5426
6065
842
1576
7653
626
4472
6984
5937
3682
1686
4335
1303
8418
1830
338
8312
6962
3023
2084
9599
6276
8701
5649
4887
8326
487
2588
8741
294
9465
519
6359
6659
8447
4013
7286
9271
7349
9575
2954
9036
3911
609
3806
2093
948
8470
5407
323
555
5006
2951
9256
7008
4190
7583
3847
6778
2676
4142
6244
9547
501
9255
7995
866
6541
7266
8216
6117
6572
7252
6380
3534
7410
4825
834
5881
232
1157
6436
1590
4108
5692
8598
8299
9627
2446
1429
2303
6588
7673
1851
3441
3281
6198
4308
9822
9816
8876
2291
6389
2480
5023
6275
9890
9848
7109
5771
6432
8266
8559
4375
8726
4252
2973
3377
231
1771
4807
8887
8359
8832
7090
8153
2113
3288
2461
8288
3104
7689
579
5845
169
1955
2120
59
8155
9229
5831
4588
3847
4390
8963
2574
4994
8288
2303
1578
60
7110
465
4771
2295
7555
2924
4408
843
1737
9048
299
9426
5980
6145
9595
7935
4617
9655
6090
3847
1838
7030
4046
2580
2345
6620
3927
6986
5276
5505
7046
8738
2322
1817
1033
9877
1094
1794
7072
9183
842
3723
8610
6822
6220
4557
1109
838
4212
3552
1037
2402
6934
5083
1335
9280
8056
5262
6266
3332
7119
9664
2070
9441
7833
9456
5670
8927
1250
9094
8111
8444
2817
3073
1619
9038
7630
2728
6228
8195
2632
7265
6949
9567
2348
8284
5199
404
9898
1465
3736
3369
7481
2159
2810
5314
1615
4832
594
9217
278
5057
4013
3096
4482
5632
8486
2112
4713
4714
307
7345
8331
3609
6912
679
1893
2111
1084
1792
9928
1172
5161
3761
9683
4324
9076
1298
5508
6022
6867
5787
7431
881
5235
1913
6513
3721
4025
7578
4787
685
4924
3118
4294
8188
149
2539
6652
7585
683
2932
8758
5845
6694
8441
6521
2122
6092
8381
8144
9311
4168
5575
192
9403
7488
3058
9476
7865
636
615
4902
1912
85
5548
6453
6587
8088
9457
4172
8771
2389
9282
968
9083
4076
7489
1205
168
2223
5701
5831
6391
1276
2376
2147
5116
5434
7975
9334
2422
4943
4236
687
1380
9785
7140
7967
7873
6597
2140
2996
5338
1422
3965
4422
5498
7806
1979
2018
29
4033
7850
2773
1661
226
4920
3130
2012
9247
2464
786
542
6700
1473
1923
2837
8613
9890
7062
1562
8382
59
6901
9805
4024
7675
1655
8182
6006
26
8212
6391
4228
985
8053
806
2257
1183
2818
7856
3647
3604
8399
6699
1430
322
9537
6395
6564
6599
7958
4947
3010
1211
1104
7034
5238
2759
1569
7596
2785
9781
3988
7013
7118
8393
4171
5727
9576
6989
3583
9575
6946
1982
6274
8376
8656
2163
4771
5221
5115
9081
6520
8125
6644
7624
1512
8234
6735
3081
5831
5873
9214
6171
9238
6332
4564
3410
2059
4140
6751
1994
67
3697
329
6341
8425
8985
4857
9549
558
9972
4982
7078
4449
1627
1054
5961
6213
7790
9042
2044
3663
8256
4567
9253
940
9131
2663
9351
9623
9415
1346
9690
9464
1675
2384
7890
7012
3593
3791
7571
3565
8773
1001
8014
6752
8408
328
2966
2550
9370
1362
2565
3979
2282
1818
1271
1413
4482
623
7389
249
8321
3431
9713
9996
2167
7603
3360
5760
1394
7283
9325
6520
8285
3692
3272
3045
4020
2590
5595
9742
305
4512
73
2587
6330
1345
352
7164
8320
7741
7413
6641
1173
7127
2989
3340
1082
6349
5453
8829
3633
1130
5349
8270
4822
4973
1315
5194
3916
3262
1289
4221
7774
1362
6808
456
9059
3512
7621
7379
1254
1386
372
8779
4865
3361
8471
5948
9711
3924
1129
3344
5055
6478
1614
6229
7803
9281
1424
1719
8895
2713
2292
6669
427
5452
3477
9487
8965
7450
3218
6571
8837
3591
5350
3702
6952
173
6002
6663
4098
7131
6359
5505
9961
4325
1734
7765
3606
9510
5836
8853
8575
8129
5522
9003
3581
5352
4842
8898
2802
8060
5469
7991
8003
7171
8046
4956
7345
4048
7971
7795
7532
683
3300
7493
5008
1386
1610
4967
897
7447
3820
5824
1928
5695
4827
1861
1047
6021
760
201
434
6229
8193
8437
3401
6239
3393
7098
6639
7717
4893
4171
8400
4545
8017
3408
5931
9627
8375
3180
3426
8548
5357
5354
4243
184
7216
1642
2558
4328
1843
2992
557
36
1429
310
2627
4823
3760
9267
2540
8653
9790
7292
3198
7807
700
5482
7435
5428
5014
861
3976
371
2568
4571
6908
9784
6213
9466
4112
8056
2458
1021
4445
239
7684
7072
1414
1444
2691
306
6450
2482
7598
6000
289
8299
1482
7724
79
2849
4938
4055
3220
7506
8626
128
3642
1191
5946
4106
9247
4756
1479
3692
4996
9163
7117
2762
6960
9808
3069
3410
2290
667
9410
8932
5318
7245
3008
5397
94
7946
5804
9666
1804
4430
6147
1798
5621
2093
5904
1221
3202
7384
1265
8198
2899
8382
960
6211
8191
381
9621
6833
1049
5384
5765
6367
8981
5126
1765
5427
3072
7569
5093
1229
8352
1240
3027
325
9686
5284
7898
2888
2668
9164
7438
1919
7546
4750
8131
2089
5132
4104
5275
6181
5840
7392
8900
1173
2518
665
6600
1943
4587
8046
3172
9291
9286
2551
9616
5324
7835
7515
8212
6855
3031
2002
5127
577
6753
9610
9019
1885
3714
4294
8066
5907
1686
3318
7080
4205
3984
3681
6148
4923
8079
5672
4214
3717
4575
182
9042
2411
4049
3606
5618
7080
5609
745
4010
2362
355
9381
4247
422
3675
8665
6329
1713
1983
9761
5918
2319
9794
8418
3594
7873
442
7808
1591
5018
4343
633
3781
4744
4239
9399
8177
9848
6497
2187
8562
3204
7920
2809
3626
1595
7826
6307
3308
6162
6069
5579
8481
5863
349
2076
3737
7144
6236
5328
8514
579
2313
2295
1676
2904
8046
9853
9105
895
8392
7667
4100
6312
6829
4078
4259
4655
386
3919
817
6455
9498
5651
8670
6200
7727
2407
3344
315
4087
1858
7247
2752
505
8923
5657
4903
8776
4762
5799
3520
8781
9899
9832
5610
3977
443
6618
715
4362
7435
7170
213
9438
5841
6413
7165
4600
6109
7481
8688
4319
4728
7792
1176
3
3449
6079
8779
4563
1878
8651
3345
8129
8483
5307
8459
5278
1925
9174
9640
5713
2697
9853
5151
4890
2618
8669
9490
5079
6150
4530
9398
7230
2323
6926
7233
2124
3006
2364
3040
1236
1015
2737
5718
5850
8044
529
1128
6322
9703
7120
2035
8752
6974
7186
3642
5944
2207
9485
1024
4709
367
6774
1939
2690
3701
5524
1167
3059
4240
4207
647
1607
6944
6365
3809
1340
6894
1289
7662
2950
8410
9697
8054
1736
3236
1697
7680
5443
1182
8704
153
1549
5479
8444
592
5532
321
8111
4943
913
8670
5590
2521
5614
8308
6330
6954
1554
3972
4617
4504
2382
666
2559
4118
254
608
8150
5698
8142
6855
2203
6043
8686
6999
2987
570
7320
1098
5513
8234
9768
7455
7107
1734
5763
9789
5041
7318
3761
6010
1822
2495
6676
733
2965
6931
7693
1116
8981
5835
7971
7536
8231
3009
4535
1218
9931
8208
2317
5444
2794
8437
2899
9901
172
8663
9690
1565
2333
9804
7575
507
2299
603
1241
5265
3886
5286
6381
2867
1122
704
6755
9353
65
1291
6923
9996
5851
9240
1792
8645
4030
4691
8546
554
9706
4588
2119
8391
4392
9694
8899
3044
297
6492
8309
4184
1778
1042
3403
2900
8098
6511
8605
8163
4154
5529
4511
5
1121
6303
8650
1503
7346
3548
2057
3405
8136
528
1796
8881
222
695
1925
6872
7187
6586
7408
5318
7628
7163
4570
2078
3674
3176
241
7828
5057
1104
7833
2530
7407
2835
4034
1105
6383
2443
4510
872
2972
2659
9753
9546
9706
8030
2770
6894
4616
6530
2212
8596
3694
6782
674
3720
6310
7267
1549
7719
8371
5734
250
5778
4922
636
3235
7657
9431
7746
8529
2403
6757
4634
8302
6463
9016
1072
9709
3632
7603
1921
8580
7649
5056
9254
1369
7718
6521
9270
1790
4892
5005
2040
7022
9927
9028
258
3936
8459
4356
2466
7215
1113
3452
5517
3928
2469
2941
3638
2453
6896
1911
1034
897
3319
6640
2267
1038
3162
1537
2828
4406
2894
1220
1429
9173
6600
8039
3110
5059
8747
1928
8626
6212
5380
495
140
4201
3437
3778
3007
6685
2042
393
7583
5361
7033
6202
2751
195
7739
1931
4602
6986
3151
2383
6159
6103
6774
9269
7515
5521
7549
6141
1733
2930
6637
8225
3483
6426
2004
2842
9463
398
3235
7046
5759
269
9600
8511
6816
7340
442
1418
678
9946
153
6837
6049
6927
2459
9916
8800
8
6058
533
9290
9047
5111
9126
5473
3467
1968
1288
3865
5204
8335
9624
1825
4287
4487
8641
1627
4930
6412
8657
1228
2917
5495
3629
9845
7954
3546
4997
4314
5956
1883
3605
5003
6994
2731
6828
461
1051
8116
4326
2607
2803
302
4432
7091
4790
3074
5070
6072
5838
3728
7300
8755
5575
7281
4952
9881
827
9950
4195
3135
1833
4152
8138
