8827
3235
1318
9288
4287
9435
9966
6894
8590
268
7679
2033
1410
7105
7104
7482
2943
7184
1134
1698
2759
8416
6651
2640
5595
6601
3187
8731
4786
7340
3221
3613
575
4540
9253
1214
327
9219
4461
8917
5839
2140
951
7250
9245
4407
4732
2188
1591
5867
238
702
635
3241
9694
6230
9842
2881
1313
4628
6573
4535
4593
3501
9075
3846
4715
9402
3065
9176
4671
8905
7668
5622
2507
6913
6381
7239
5453
7972
9458
5692
5026
93
8933
4720
2676
5128
3954
3989
6108
527
8524
702
4028
3951
900
5096
9705
318
624
4377
5575
8293
9999
8082
1558
6381
5321
7012
705
4780
9056
2084
1225
4341
6804
3901
9469
758
4243
5578
7638
9119
2632
8018
3071
3532
3114
9128
3850
91
3505
9425
8384
3505
7507
6294
6238
9181
9658
3295
313
8714
5379
7890
3056
8536
8144
8877
9294
2387
807
3284
7858
3439
1303
7281
3324
4417
6410
3526
4508
9915
9304
9244
9772
3163
1891
6010
2344
1549
5658
9009
6616
1037
6900
6024
5925
5044
4901
5220
3783
5709
8504
1641
5500
6159
8923
5176
577
5333
8703
1437
5248
8007
7034
5021
7522
5277
7383
6219
6826
3041
5228
9794
431
2128
5818
2708
3524
720
7928
7307
2781
2785
8949
8281
8944
7872
3458
5873
9557
8513
3663
4805
2872
7049
6178
394
2326
3562
6613
5504
2955
8194
5299
9738
6674
1117
2447
199
8189
6727
3858
970
5864
2807
9252
4809
7031
9062
7034
6588
7575
697
7746
6799
7746
3924
7193
6424
7486
159
1929
6794
8353
7228
6532
5027
4697
5331
1578
2887
2059
5437
3857
7923
8244
9461
9084
1628
4875
2471
4568
2450
3168
2314
5601
7267
6239
9147
43
77
9306
1972
6871
7659
5552
9756
9038
6602
5087
617
5841
3498
6054
9698
7774
650
5512
3210
2278
387
5681
6847
9190
5202
5513
4791
8821
1752
3938
8864
1830
9596
7189
5053
3607
9093
4809
2646
5695
6249
9615
1536
6099
5669
7587
3873
2671
9451
7084
4950
9838
9117
8149
5380
4319
14
6524
9492
1767
6814
8357
9949
6411
1898
1354
6370
991
2516
9016
6687
8765
4983
4575
4864
652
2162
5090
3324
1613
8526
4626
7804
7643
9127
9536
8315
5493
6060
7807
7260
9227
2516
3561
1990
4414
1268
8360
5406
3784
3729
8445
2549
8712
3020
3765
5717
1535
8855
5393
9500
3733
6371
3656
1377
1850
3193
6044
7343
5605
3851
956
4832
2720
869
3174
7134
2137
1535
8892
5921
1616
3689
4822
328
3062
8588
2397
4597
3795
7790
449
7529
513
4106
5258
2363
3651
7654
6059
9256
1505
7015
441
577
7884
3615
4064
6374
5150
9308
2295
6766
2998
7118
3447
6060
2058
2196
7009
2205
6339
3810
9734
6852
7916
1344
5568
1567
8998
1627
7176
6856
4994
7617
7433
2878
1232
7849
9252
2735
7158
7900
5853
156
1370
5652
2568
3428
7849
5929
5633
4188
9739
1720
7392
4008
9416
2960
1927
8415
939
9103
1623
5933
6720
5408
5164
4305
3258
768
7040
416
8668
2893
6924
38
8546
9492
9818
6395
5421
5452
6935
1512
7172
4327
5520
6588
3640
7448
1355
4579
2903
2978
513
5976
4739
5677
281
7997
2797
7321
4765
1466
214
1689
7856
5112
1181
7675
7859
2954
9479
4794
4466
3003
9122
6339
5943
2762
139
7299
3693
3042
6629
4206
9018
1368
6235
9299
5717
9033
2972
482
6851
9539
2171
1059
4651
9704
5086
2511
2658
4565
3657
3477
7568
9131
9816
3512
8245
9955
7163
1939
9349
3792
6145
8368
1513
8733
4019
3582
4118
6992
4065
969
6531
2588
8380
7534
2293
3467
6397
1303
8032
55
4780
1953
9186
948
5465
7432
903
8980
9371
253
9124
1868
4973
637
601
5344
4220
1071
2336
4637
8392
5219
3577
6773
2754
2222
6592
9151
3526
4624
5558
4658
2929
4745
5607
4746
2177
2862
3726
7900
9467
2851
9768
4440
9840
6722
9785
412
7793
8473
1401
6186
45
4979
9311
9151
7201
5903
4654
7079
6879
213
1738
9809
4958
3697
4555
3487
6559
4634
1387
6027
7485
1155
6819
3677
7877
2956
4090
2023
7782
5491
4561
7827
470
3872
6978
4024
6127
1632
1103
3006
8197
9193
9167
3155
2890
75
6642
5802
4709
8029
1829
8546
5537
5000
2223
9766
7957
6313
1789
5739
8157
6350
9918
8627
6574
3248
9003
2701
1232
6459
2060
9430
5652
1227
8937
4895
1302
5580
697
2363
9961
8878
909
5498
3878
9485
5265
8187
5798
3406
278
307
6109
196
5287
2683
3444
4290
1737
4677
749
149
459
2754
1376
9396
7649
9031
1328
4698
7746
1290
3576
8656
3140
3806
8141
4757
1994
291
4516
2272
599
625
8821
5886
9660
2265
6528
1397
3294
7278
1546
3753
32
9275
9502
4033
4658
830
8731
2404
8472
8659
7412
7965
2465
1905
2722
811
2197
7238
3084
9148
4215
1905
1386
3876
522
7914
1625
169
1544
9524
274
7928
8799
9776
8313
9809
607
7044
2213
5431
2055
9626
3396
873
7883
6119
1684
80
9709
1120
5580
277
9377
3318
4153
6252
1233
5778
6421
9129
5302
6695
7058
453
2824
5371
262
9783
8768
8828
5214
7175
4806
8611
8048
2689
1082
9733
9122
7143
853
1054
7420
6583
4373
7925
2835
1958
56
9256
1087
5358
2303
4497
2164
5127
6221
8778
4910
1341
3958
125
8516
5116
5088
6565
7806
6170
2650
3280
9665
3503
4334
7086
6438
5059
1363
9273
7017
1419
8529
4457
3130
833
5306
5294
2312
7879
424
7223
9220
735
3700
7737
5851
8788
654
9
1310
3304
3289
7327
3159
3976
765
9598
5387
2129
5223
8757
3548
3753
9566
6678
938
4872
8324
3250
2752
5101
6825
8324
5836
6877
2413
1687
2017
9419
1697
9679
2723
1338
7007
2235
1666
7772
8185
7054
9901
3408
5811
9802
3513
5377
2832
4451
6601
1157
4054
5705
6258
7231
4030
8446
4109
2795
133
2478
2215
8182
2158
1290
9521
9165
3525
1187
3289
8062
4593
3191
1471
404
9345
4984
2133
2177
5788
5087
3334
6194
792
5944
3425
1174
742
3886
3970
7228
2717
6185
5410
4875
7475
1283
392
7353
8823
3681
5415
3416
3224
6886
173
2569
8223
8658
4747
4011
3745
4433
6557
4538
6730
6334
5712
3824
6573
6034
1052
9290
2219
2815
4165
6047
4098
4557
3400
9273
4590
8815
2690
7815
2054
9215
6736
277
7873
7835
640
7971
2269
7197
8861
5351
3531
4573
9175
6456
608
6580
5746
9179
9395
6263
5226
3493
820
4978
9119
1763
3794
1809
9578
2200
7376
6314
2477
1601
4150
9469
9572
2771
6666
8433
4474
6549
9359
1
3006
6319
6581
5104
1850
2328
1368
3429
2174
8540
8407
1293
303
8553
9454
6233
753
6830
8900
3230
4783
3050
9051
708
2173
5717
9141
2999
8619
4852
3000
7977
7523
5934
3081
9374
8262
4449
2803
436
2990
7562
1729
9645
6116
1183
5879
3221
4365
4779
2804
9149
4181
1855
9857
2706
7573
5350
5705
2544
203
5057
521
4078
991
9954
3452
9254
4404
2607
9690
3746
170
7772
9743
2638
8955
5622
5859
3321
6753
8663
8822
934
519
8679
9992
4444
4029
5697
6988
584
755
3861
1015
8098
3815
4467
7352
4571
3427
3395
8317
9949
1167
4413
2587
122
35
4798
9795
3141
9814
8617
427
6685
3648
420
1129
4030
2469
4469
966
3224
8330
1981
7675
8497
2801
5027
3069
6228
8422
7738
2529
5941
2151
1468
2416
8539
6266
8563
1680
6080
7181
2107
9117
7181
2527
246
1211
4997
1067
8530
4573
5749
511
2248
4247
9664
3628
7316
5892
8402
5054
8421
4344
3558
9889
6760
2097
2508
1675
3777
4940
5208
5884
4058
2390
4764
656
9953
9761
1724
8483
686
7473
5347
9287
8072
5011
2915
5388
7256
1317
6795
2029
2013
6705
1919
5125
8802
779
6801
2579
5719
2009
4815
6129
751
9579
6786
705
5692
4862
5540
2731
8687
887
2018
6760
2251
1285
8500
9507
8954
1647
1536
7320
8352
9807
2445
7154
6938
5598
6085
9010
3960
7253
5139
4711
3184
8277
1768
5229
3139
7309
7960
8179
4548
6330
4939
6799
3967
3439
2658
9273
5087
547
6593
9791
354
9039
6946
3645
989
9383
2655
4949
2988
7794
6013
6173
2424
7781
1402
1915
5090
5714
94
9639
8396
5033
2790
8715
4825
1801
7988
6264
2348
4582
6055
9054
9973
9353
2699
962
8737
5354
2264
1725
9501
8277
4250
1925
6058
5652
3840
1149
7718
3935
7140
2466
8968
6282
1181
145
8083
9170
6409
431
3752
2465
9486
3725
1818
2185
1039
6907
3892
9655
4985
3393
7932
9235
5318
3991
1240
9158
1492
8958
3093
4984
7777
8414
1266
8958
4911
9350
8128
1321
6133
8232
138
1971
8309
1956
4157
9349
5216
4401
5356
201
7794
3289
5788
3112
3632
7028
8622
1476
2339
8068
6460
116
2834
4078
9074
7745
9780
3555
9066
5914
8139
9204
7885
6449
7513
8394
2150
9081
2795
7506
9282
6941
7147
5070
6405
779
8451
5028
2255
790
9448
5067
7258
2282
9146
2684
27
8926
2591
5446
1192
731
1002
5430
7180
4867
3824
5682
3948
2972
3188
9582
9913
336
1005
6319
7467
9456
7699
6075
6598
7147
1142
3856
9429
288
6540
5808
5567
9132
1254
6759
6215
8609
2189
3395
3476
2366
5429
3777
1690
4969
3359
1603
1657
4364
4274
9125
172
8325
5200
6770
5472
6342
6978
1253
2983
3519
7062
8550
9003
4668
1661
5218
3277
203
4965
3106
8921
394
6883
611
5363
242
8566
7021
959
9193
2498
1131
7518
7698
4254
2991
392
1232
4244
3375
4751
7658
8277
106
2327
6291
1676
1956
2846
6641
1414
1767
3387
8297
8730
8751
4892
7296
2124
5851
2841
4622
3334
360
2320
7588
9703
9064
8821
299
8792
9924
7958
3421
31
6637
9712
1707
4945
8910
4701
6360
7029
8088
1009
5759
3191
5901
9408
5315
8104
2249
9937
1439
8961
8609
9027
8664
7674
4200
8964
2818
4125
3274
6239
508
6263
5952
8567
7560
1214
3268
272
8244
7709
1282
4003
900
7183
3411
6216
1640
2013
2505
3079
974
7467
8458
5991
1493
2659
1307
4311
3136
4581
550
3644
7196
2854
2211
4756
4069
1832
5029
2313
9541
2663
2668
6793
6198
2432
3009
7838
4445
1867
7269
1771
9334
5728
7762
827
4739
9069
5138
7875
2
2040
7871
3550
4895
6434
8307
8964
4618
9688
7629
511
2351
297
7305
8549
2729
314
6388
7174
8533
9
5298
7867
5737
9412
5046
6828
8482
6536
1055
4836
8577
8926
8387
3472
1713
3046
8788
6331
9086
6417
6843
7789
6714
4148
6338
9444
814
9078
2970
5700
9088
4620
9919
1177
4033
4966
8006
8867
1502
9061
3703
79
4340
8442
9903
2405
7840
8691
5088
6926
5108
1931
1067
8175
2431
7406
3971
9598
2836
6941
5298
8276
7914
5217
5806
1947
6535
3812
814
8038
9225
869
4469
9917
5664
4373
2322
3504
9416
7411
6783
4525
5694
7850
9052
4478
1608
3023
428
797
6316
2078
9073
4230
3647
4879
6177
183
5043
3343
4573
621
4213
5394
6890
9877
6119
9213
9733
5536
2976
6516
6413
5022
4367
5465
5852
2327
8488
6280
3124
1156
8358
2198
5387
2006
3429
7916
8541
4825
7612
3114
5446
1825
8508
2336
8054
4628
7901
4139
6516
7229
656
2929
8604
1375
8394
4456
3702
3234
7089
6827
4390
5447
5377
6129
3805
5158
398
2346
9983
8010
5460
1781
6187
321
470
4241
1301
4723
8380
7817
8305
5388
746
3261
3115
5492
4069
3170
8726
1158
9997
9468
2958
1726
1950
6763
3236
2348
5462
3220
358
922
1353
6545
7595
1823
7138
8896
2899
1870
6713
1204
7259
3811
817
6726
9303
4886
9896
4381
6045
9893
202
9003
7971
2152
2118
1208
4500
7580
780
4858
4855
2133
7755
2450
309
4893
7699
3208
6763
764
764
374
4576
1581
7101
231
2819
6997
965
8864
3243
1167
4219
1214
9671
6338
8774
4171
3918
9554
5381
5125
8040
9488
7576
8349
4381
5275
7909
1144
2391
5025
7871
6967
2958
4972
3551
5777
1969
4516
994
5212
5683
5213
2779
1706
7903
7905
5877
8174
3812
7610
3299
1852
7098
7227
6553
7831
8854
814
5327
1246
2191
3198
4565
1501
4522
8116
7278
6492
2632
4624
8056
4667
6190
7187
6373
4093
5093
8602
8619
5257
2564
1919
7109
6014
5498
14
3845
4353
828
9173
5599
9371
8723
164
872
3246
8281
4502
6090
7265
9127
4146
1933
5317
7686
4658
5762
9131
3261
4382
4388
5825
2653
7849
1840
8151
7863
5685
2504
5043
1210
4455
4414
6286
972
5286
9532
5605
9788
5622
2870
5267
6120
1155
584
3806
5814
2699
9289
9075
3433
3677
1252
6086
1526
3092
589
5741
5130
9446
784
6340
253
1550
2626
1225
3188
8510
6830
2977
4132
6053
8244
6605
3560
5181
6763
9374
4232
6053
4801
7665
6082
6054
103
3961
9146
692
9702
4276
6490
6839
6969
6744
8389
5947
4321
1578
4458
7504
907
4942
3557
5503
7899
7117
684
4663
2844
1268
7068
7645
8933
3150
51
9036
7111
9198
6081
3166
9826
8923
5
3147
5667
8394
5447
6341
6324
9905
3845
3583
1199
7402
9087
5451
871
6123
114
67
7392
3534
7713
6325
6684
4116
1714
148
9666
4147
3314
9493
3070
3319
8992
5090
8065
4439
1431
742
696
5276
4325
8248
9030
3412
3699
6253
9536
3813
6321
6928
7347
386
9605
383
4502
7671
531
4169
1818
3845
14
4889
3516
5358
6331
1582
9798
7762
8676
6846
9390
3001
5094
4772
6414
8793
1025
2302
8958
3698
5582
2657
4084
5187
3041
4939
2859
9924
5460
1029
122
1826
2270
3638
7184
8601
1572
3334
2715
248
181
8457
9602
5275
3229
2368
4069
607
4670
9379
4305
6604
2037
4742
1791
1430
6033
1002
1354
1493
2032
1476
3319
654
1467
6855
9256
9391
190
8323
5992
371
6781
5594
5646
6362
7962
6067
6969
8984
5447
7627
5588
3836
2369
3731
5266
8402
4734
6620
6247
3118
4449
5918
3772
2268
2773
9380
1659
9315
7704
7651
9686
837
3245
1685
7199
7559
4104
521
6543
9551
8148
2131
9739
517
2215
5005
5271
6949
7978
7870
6419
2427
3788
6543
4695
2913
5924
2706
8581
9980
358
8267
7169
9955
6304
720
7515
409
1241
410
6312
9389
8894
6052
9906
1109
1057
1529
4410
9035
9399
829
7814
9539
7372
8861
8805
9648
1568
7386
5980
8278
2005
9501
8233
8310
222
2100
5071
1463
2511
1383
7205
1405
3787
3463
2514
1197
4993
6924
232
744
4105
4399
6636
7829
9612
5441
3830
7532
9179
6162
5810
1184
5664
396
5846
2238
2496
7269
3701
5007
8653
7258
6412
8792
722
5278
9989
5715
8554
6574
2811
2659
973
9447
489
6937
1240
4319
4470
419
481
280
7956
2497
676
154
4735
9525
7424
4789
4532
6077
2047
7297
1221
2769
2575
1211
4836
7482
7785
4000
141
5110
3447
6982
2047
4688
7653
2869
1459
4487
3150
9415
6984
178
9570
1720
9703
6994
2861
588
9423
1260
7885
644
382
6812
8207
5218
4294
5992
5570
788
7454
9018
7770
9502
58
5424
8723
7869
9911
1873
7285
3247
8404
3207
1319
4459
201
4180
5047
5976
5441
9284
2972
5823
6097
1180
7393
6743
3524
2964
7531
979
8334
1654
6833
4744
3430
5556
2613
3341
3782
6250
2940
2186
9457
4260
6645
6010
8440
8045
8338
233
7329
1311
2408
9778
8843
6154
6522
2367
5470
405
3346
3804
2059
6531
4900
5489
2088
3865
5182
2222
116
4475
760
9573
8735
3757
1936
3527
1802
274
3761
9132
1585
6169
8910
428
2323
1784
9148
7793
2190
2494
7949
601
5378
9201
2443
3818
3067
3977
6040
3183
8452
6800
9108
7187
557
1044
715
2360
1319
828
7844
9256
3349
3106
6037
5673
4891
5185
9818
3433
4031
4120
4034
9409
9673
6477
3227
2740
455
9267
5923
8907
2419
1384
2447
2977
2428
3162
1689
99
342
9533
9356
3691
8991
5393
5716
3882
6930
5535
7315
961
6007
7702
371
5680
4179
3598
4773
986
9218
696
6246
1637
8432
8693
966
861
8207
2655
7312
8549
8540
3020
2240
7532
4765
7957
1414
1695
9844
5082
2657
2203
2784
3028
7883
3315
2978
9008
654
2196
6057
6900
186
4489
1945
1152
1702
152
3808
9015
5053
2348
2035
3645
9880
6801
1602
7647
8496
7798
9081
7505
1
8217
533
4237
7884
3512
3245
8538
2060
9302
5438
2246
3792
3735
3399
1846
3887
3559
861
5292
5907
9249
8938
2140
2402
6892
6139
7250
4691
5220
4756
4692
9789
1641
5281
7673
1505
4879
6212
3566
4181
8002
2164
4325
1738
1915
6172
5625
5474
3385
7270
1382
8986
6208
9874
1388
3100
6013
8639
7791
7585
9747
8836
7374
1388
469
5047
9246
5348
1259
2812
9530
9262
1328
207
1000
3244
2731
2977
8718
2469
247
6452
1455
2807
6326
9196
5908
2339
4187
51
9924
3934
5239
7298
1674
5709
8698
920
1057
9957
84
6939
9219
1413
7147
6571
4657
9878
9549
9727
8699
6148
6180
155
5308
8858
9351
1216
7550
3538
7619
3826
3824
2859
7477
5498
4920
6175
6419
5977
6132
2855
2917
1704
4268
6416
8275
5277
2646
4176
1357
1346
6677
3889
7853
1985
2747
7204
9553
297
7094
7172
4124
918
6383
7953
6416
7655
4128
9187
3633
260
8395
2902
1964
2663
5670
6592
4293
4668
7120
2002
6014
3797
5891
3867
2134
8638
7423
1687
5288
4517
5212
5764
5435
1595
3717
8204
5603
7845
3743
9236
4457
2138
8490
2774
1154
512
9366
1799
5180
2838
3801
7547
6636
9692
1414
8770
8330
5190
6810
9970
9707
2022
5734
1495
9969
5803
9699
5572
0
9794
1160
4458
1933
6002
7232
9439
6514
2950
1238
1695
5788
5039
5594
8776
4731
7008
3899
9413
2198
709
9384
8258
2731
1470
6105
9052
3626
2156
4625
3626
1950
5785
8084
235
1788
1668
9674
4654
4618
912
2701
407
5951
8295
5535
682
1656
9434
6448
206
6495
2184
8464
9226
3654
4569
4631
3632
6725
9256
7259
5028
1393
1695
5263
9533
3364
4938
4188
7982
5850
3241
4741
8154
1537
6629
8836
3193
6063
1636
9751
2559
3820
4568
8137
3827
9137
2768
7459
2215
8376
1070
3595
9770
2766
8858
5655
2482
148
9843
6816
5999
9437
7910
505
974
4539
5693
519
6954
7330
6622
9513
1150
1190
4003
4977
6680
3123
8789
8895
1500
9859
8842
7622
8977
7700
3277
1459
7849
9473
8276
200
8910
6186
7057
6236
725
2750
3107
7679
80
9729
3545
7583
920
3900
2560
7600
7023
7701
2847
4875
7561
1689
8849
6538
5741
8479
7998
9942
7952
2626
6494
3214
8812
3551
9450
5889
6302
2557
3568
2734
2286
3465
317
9558
7365
9230
7158
741
6931
5
5616
844
8046
818
3735
3788
9297
8085
3730
3601
711
6577
6815
9523
128
6265
5412
2782
5174
5332
5517
3812
8798
2186
3371
6163
1416
529
6904
4700
6887
8873
5544
4933
6043
9279
8721
5340
7364
8804
8941
4427
5381
5756
3950
5509
8373
5714
4644
3547
1047
161
7359
6197
2347
730
2360
116
7612
5617
4816
4499
842
6712
9432
6885
2344
8154
8577
6060
3310
3870
488
8691
5978
790
552
4351
6505
5196
4250
3904
1709
7961
101
409
5044
8813
525
2656
4430
1693
7155
1624
8405
2939
4861
749
7445
9790
3162
755
3660
3650
5798
9638
4440
6351
341
945
7899
4591
1201
9609
2553
1302
18
7597
116
543
253
898
2236
3760
2523
6993
6699
3736
4095
4145
3527
7257
4900
3539
7259
699
3178
1699
3402
9871
8997
1301
4463
198
910
7016
1501
7280
965
1617
4175
7570
8867
6411
7682
1390
9757
4381
1479
3852
4878
5006
7461
6131
4897
4720
3182
4427
2771
6584
4299
1768
4237
8762
8319
1500
2130
6172
8780
9447
4141
2956
7017
3008
5719
4699
751
5476
5432
2230
5680
311
3588
3141
6442
8485
4213
9624
2913
6985
2560
7212
5105
6797
2326
3424
8297
4456
9596
3430
3903
89
6386
7272
3098
8457
1971
3849
3934
7403
6079
5966
4066
6019
5460
508
4504
9673
6484
3769
6658
9044
981
1764
2194
3307
1540
491
4115
7489
3921
8018
7578
6659
1642
676
5117
3613
877
5403
7369
6956
1369
1435
9327
6829
8296
3832
2855
4780
7601
5865
177
4935
3981
2371
4594
5522
9214
8710
3011
9488
3080
589
6147
4723
7618
1264
4688
8495
6667
2057
1804
4389
9845
1131
7570
8141
1315
6777
9273
8917
2643
5802
204
6624
8173
4798
2146
3740
3508
1509
3228
2941
8451
9375
7664
6069
6992
2352
916
11
762
2720
752
607
204
8323
5100
1519
5100
725
6788
7743
6528
6992
720
1053
8143
9218
4793
1651
7080
8021
944
5531
3749
8608
7952
741
7313
5220
7104
8075
7941
7857
8682
4497
6180
134
6016
7632
859
2805
1728
7387
6149
8800
4793
4292
8018
9586
2296
5098
3960
3240
6981
4061
8201
4933
1154
5514
154
8258
3589
4447
6115
8623
5296
8647
5109
1312
2632
5968
469
4360
9708
2971
3160
4501
7263
7530
439
5911
8981
4399
9152
5962
8460
7353
7248
9614
9219
7402
7873
9160
8201
340
4135
3497
5340
9244
1161
7972
1564
7983
8684
1272
954
8196
2125
4569
5726
2565
481
1059
6964
5985
7022
1777
9690
4270
7743
8909
8024
1968
4421
2577
2309
8556
6074
4001
4152
3587
1973
5716
1570
7009
3341
2524
1557
5466
7094
3635
8031
7575
4695
1348
3560
1717
9477
3250
5987
7220
8511
4011
9189
2932
6588
7850
7840
9014
1851
1992
2601
176
4060
524
3537
7401
3048
5094
2868
6494
8729
7251
421
3424
4951
333
1493
4428
9935
7480
8001
4798
7843
3542
7730
783
1392
5570
6149
9595
3914
5103
6123
7975
5627
6012
5376
5027
1106
4596
7874
6187
8200
4647
5964
9503
4981
7457
284
1268
4938
8285
6067
9133
1827
149
6269
9571
2072
2418
5518
5986
7521
7993
3961
9500
357
5690
880
1463
6638
8754
4002
4838
3401
9966
4342
4734
7424
4626
6003
8714
9263
2070
4199
7442
8571
468
3365
643
9239
5235
6630
3112
3228
6943
2613
3585
2633
3493
1400
9272
8599
1754
462
2000
8073
1156
3087
5497
2134
9090
563
1397
7512
1114
5191
6083
1583
8556
3079
7174
3791
9709
286
3371
6652
2899
3308
5638
2744
1060
1262
1343
2815
1724
9696
888
9233
2783
2737
1367
8225
9652
9117
5737
766
4308
8172
8701
9217
1251
5875
9360
7312
6162
2732
317
5413
2392
2307
8158
9805
3569
5853
2620
1645
1901
9860
878
1036
8949
8598
9261
4953
7715
1350
5719
8375
5875
773
7592
7126
3000
6953
791
5514
6037
1108
928
4781
3415
5438
4586
3336
7643
3558
4981
9545
3418
2212
581
8719
810
6195
3672
8525
7545
5744
6900
3420
6517
845
6899
5869
7798
7690
1384
187
5150
2312
4968
4917
4102
5907
4605
1745
9465
5938
1290
9236
8150
8224
7955
5312
4419
7980
189
1964
3724
7090
1737
6593
4287
4988
2462
8437
9030
198
8624
532
2510
9944
5449
6612
5851
6406
4710
1669
2344
6000
905
6847
4224
5212
2159
4995
3192
2349
3312
3268
5791
5049
9861
78
37
8676
8515
9067
8874
3491
5951
7737
9787
1400
701
1991
4158
5411
3660
6502
1412
917
3349
1988
6129
5509
3336
5674
7858
6648
8942
1
1697
8804
79
8086
3832
4946
3505
2706
8437
9456
6795
4576
7208
7497
6567
1366
9260
6579
7868
7024
7496
7570
9013
9978
3079
2349
5652
7289
8997
4594
7290
7046
9750
3721
1484
3582
8667
1341
2641
3456
797
9436
8032
4357
3285
952
5723
2546
7531
9943
9570
1380
7513
4935
1358
6944
3636
7010
585
8985
1604
4227
2383
1355
4300
3867
1289
2967
5208
3930
2775
2357
9719
7160
6714
3004
8112
8789
1902
1995
8733
7825
3375
2598
2760
1085
5895
6397
8095
2832
1734
6052
7060
4118
3759
1360
4337
5048
680
9546
5331
9807
8255
5050
6967
1322
4406
1431
111
6309
9779
5196
4134
9506
4147
3246
592
42
5995
8687
9226
7730
1091
6286
8200
4850
3999
2537
9899
1031
8435
5230
7190
6691
6632
510
8013
1038
1941
8124
7347
1720
9673
7833
1227
3820
7432
8171
214
3427
6858
9440
7509
7950
2079
5709
9152
2430
8247
9051
3461
6682
633
7003
9725
7265
7513
7738
4656
9455
2215
8355
7527
1888
6189
5106
5708
3621
3277
5922
3400
6488
1714
910
790
3793
6619
9942
6223
1218
5346
6036
7901
2331
3040
7626
5949
553
1717
605
6360
3932
8960
240
5820
1501
5346
7880
5122
4976
154
4875
7816
1868
5785
8606
2014
8756
4900
8237
9975
246
4274
4228
8930
3666
1854
4879
4219
3571
5484
6932
3855
4444
7172
6027
5946
8870
3907
7420
3846
413
2295
1662
8634
4432
6620
648
9541
1521
5237
9516
8119
9511
3744
7049
9529
1950
1928
101
1874
7412
7033
5729
8209
4205
8109
4155
9427
2016
7927
3274
8782
6575
1288
7416
1007
7909
4416
548
9430
9653
6416
7549
5517
6512
4599
5046
8463
6527
5147
6689
292
8532
8770
8501
9089
6879
9008
8517
5248
6935
8143
4030
3510
9431
7798
870
7340
2214
7770
6770
1867
539
672
3736
7051
5271
8783
1866
8150
282
8555
8442
5167
7326
3295
4256
4205
2303
2773
5805
5591
916
9835
5453
6700
3985
2675
4040
6199
446
811
4419
7337
1483
8155
4388
3106
3290
6255
1256
9925
1162
6051
5092
8488
5698
9348
9046
4354
8474
4851
9945
5742
1039
5398
2442
5024
4426
6483
7576
4872
3646
8347
2209
1481
2854
2949
939
6145
9204
8547
6070
6719
950
7514
1559
6649
6862
605
1003
1688
1809
7300
7431
9200
9050
6225
4224
3476
9060
8152
4700
2706
6499
6909
539
9354
6211
1478
1851
1767
26
4273
8486
7328
1787
46
3977
5001
7003
1332
6690
5164
8632
473
4364
7683
6698
4941
1159
5759
3093
5860
4817
9593
9121
1709
5299
5332
3187
7150
7100
9565
1423
5586
6894
9562
1984
7223
4563
8988
8556
7605
4152
7188
8078
8517
4871
1129
9810
2383
3240
2903
8243
4409
8848
7364
6118
4147
9049
5658
7649
6149
5223
5424
8087
8469
4986
72
5693
9550
5412
4249
3507
5916
7789
7938
785
2661
9067
595
5044
8659
3499
9639
3068
8699
3355
5539
9199
2404
1197
3200
4905
2772
8625
2993
1242
3611
9417
3287
9513
4829
3888
3021
7097
1677
959
7883
690
6378
8478
2086
1389
8329
8077
809
7029
1433
6348
2580
3837
7545
5780
8743
6670
4405
8088
7912
4369
7505
7551
234
8686
1439
3255
5783
9468
566
3666
6511
3296
8497
8597
4685
6826
6675
1847
207
8108
8195
2787
8297
2093
4920
7040
8763
5677
1480
3027
46
8985
578
281
4023
8369
9888
9807
7837
455
9825
700
103
8322
9298
1141
1501
2325
2988
1708
6785
7535
848
5082
9628
5768
8475
4743
1445
9955
7770
7844
5293
4700
8125
9316
3069
4365
5475
7259
1172
1653
7959
1276
9975
3609
2417
7828
2286
1757
9537
9071
9292
6737
506
8921
8857
5333
16
302
1640
7787
4498
3285
2487
8975
8954
1909
3341
4429
5520
4513
6082
9831
5789
2410
3441
4558
238
5727
6315
6127
1151
1960
2864
8009
7233
1721
9694
7249
8376
7686
5036
2874
972
3876
1850
9926
2137
1543
707
7657
6056
3142
7488
8198
5552
7281
2756
2142
9361
5424
8270
6864
7384
1134
4873
969
9208
919
8218
3936
8605
9607
6810
9577
9835
5012
5855
1972
6555
6563
5981
8964
9705
9821
7162
1609
7103
9918
3751
2816
1694
2021
9680
5430
9508
905
6399
5068
1824
970
9004
429
577
2166
6359
6764
3531
2214
5088
6438
5129
1069
5402
4834
890
2564
2795
4345
8835
6547
7161
6881
4920
6841
2312
780
7746
5063
2200
5922
6033
1204
6352
2962
3371
9063
9726
3254
7629
4814
9692
2759
2235
5095
3945
9478
4011
6741
3823
2846
9640
7337
9728
4560
4178
8392
1693
8277
3455
3893
4199
5841
5098
6903
8803
4821
5966
4882
8075
3596
6048
7767
6355
8284
9214
6652
4114
3226
3393
7937
2424
3033
5274
2152
3946
5805
6896
1991
434
352
5884
4633
2545
7334
1537
7700
8507
3855
8934
2934
7451
4983
7054
158
9619
6268
6811
3733
9494
6556
8022
1919
5942
9649
423
9888
1806
3672
1879
2240
376
4115
3225
2921
1450
1114
621
6309
4970
9556
9244
8773
891
6298
5284
6862
2566
8447
6947
8413
5003
4969
6684
7297
970
3459
3537
2776
7131
5416
1368
7507
5884
4594
6780
3686
2060
7402
9995
7030
3310
9239
2156
553
5537
7440
7415
4456
2239
4362
9221
7242
5683
2257
892
3006
5716
4429
5782
9200
6198
3503
3059
2082
4449
9840
5768
6509
3594
5763
3540
3256
1355
2048
3809
3244
5840
7576
4052
8079
8290
3273
1673
3973
5530
2565
6979
7599
6995
9114
3151
3193
8969
6210
1627
3418
6050
7395
9927
5996
9510
9819
9252
7217
1867
9413
462
4059
6989
4514
2138
1631
7788
164
5605
9670
9081
8936
3621
6076
4402
3124
5621
3371
9335
7248
6789
1737
995
6717
7734
6858
6536
3338
4075
4756
2752
4537
8815
6093
5404
7306
7725
9544
7470
9682
9214
6551
4970
9188
8980
9373
2312
4601
9096
7999
8202
5886
9737
5549
8955
3823
2407
1843
3513
2835
6599
2617
3724
1767
8711
9128
9073
2788
8672
2895
2470
4239
9446
3792
3427
8426
3165
2091
9380
8614
91
3934
4500
6180
5835
9807
6355
4595
1650
9868
7430
4602
2486
1154
6369
7549
6635
1794
337
5307
4689
9159
5898
4135
2951
9325
8914
2469
7769
4646
1083
7860
4932
1935
392
767
8094
6747
5362
9744
2967
9144
698
1805
6651
7067
9354
3286
5213
6043
4945
9902
1554
844
390
858
6521
5656
9679
4290
302
7114
8502
5234
5401
8894
2353
3495
1993
4068
3239
4961
3212
290
3118
9863
7357
8825
3149
8923
1220
8095
8825
2775
8939
5567
9985
5460
1223
6016
6103
7877
3130
4605
9463
4883
9852
1817
8378
1845
5885
7969
3158
5449
8259
6277
5313
1969
1454
4814
892
2674
9261
9717
1801
8200
1637
1786
13
2860
4154
2468
7090
7284
7073
6553
2167
3277
4722
6897
5123
6959
4867
4633
2409
3126
7262
7722
5095
8716
2536
5987
7743
1798
2057
9544
6350
46
7683
2715
2906
1837
5183
6348
5474
8609
2902
3993
1886
7624
891
3361
4584
5758
7995
6993
5236
1609
1067
6684
6678
9955
9023
4421
8105
7432
3965
4456
7478
1648
3523
6737
3486
5059
3085
5312
3668
5987
9305
1906
9964
196
5268
900
2306
9615
7893
7543
7576
5312
579
4254
5267
9602
8675
9725
7035
2641
533
4513
641
4056
1250
479
5467
4336
5791
9135
6675
5097
7394
6639
5293
9014
7539
3952
8629
1784
7847
2557
7096
8426
6812
8716
8028
5487
8441
5063
4480
8974
5929
1474
9382
7179
1953
4850
7867
7745
337
4543
2842
7731
1182
4487
3097
8722
4791
8078
6858
2638
636
3955
1064
7448
9023
5445
9287
3816
6860
120
2790
2789
1594
8524
6321
3547
3374
4188
1292
64
8731
486
4147
9914
1326
7245
4988
6117
5323
1846
8756
5959
2153
6172
9759
1176
1617
9047
1344
4830
5519
4134
7619
7113
9011
292
7012
2385
4481
4657
8801
9564
5143
2949
5830
6469
194
818
2587
1869
9017
7695
7829
7522
3867
3940
5051
1837
9339
6395
6667
4858
6882
638
1971
5893
7283
5336
4630
1764
9993
3432
1328
5136
6381
7159
7958
2927
4329
545
4796
9698
4592
8977
7221
8459
2918
2272
6648
2257
8667
9667
7116
5549
6658
5439
1442
3941
775
6073
5705
768
9505
3385
2257
2238
6896
215
5165
7578
7112
6313
7276
1704
5291
4497
163
8209
6769
3164
466
1789
2831
7582
7338
9489
9374
5133
3430
149
7558
5487
7270
3415
5225
9527
5653
2121
9742
7170
9699
6854
3483
3328
8558
8774
4177
5073
6983
7299
8237
3802
9088
1069
7736
2778
558
7110
4263
341
7260
1821
5828
882
5236
1053
409
7241
9527
151
4411
5578
7005
4247
5258
1915
3021
9436
6988
6357
6735
5226
6511
5823
2647
4247
4953
9557
1358
9217
9898
4970
1038
2079
5852
2627
9484
6261
9868
5363
2764
632
942
6121
4879
6200
8036
4252
1988
5024
6961
8723
6602
3472
898
9249
7720
5852
5159
5430
1421
1409
400
2459
3488
2604
1438
9325
5217
1307
4688
7981
1939
1982
4102
3170
4535
8490
7422
6523
3514
4384
5247
6469
7856
6145
2070
5576
8349
7229
1006
9770
8639
7758
8582
8479
6714
20
7804
1931
7679
8845
6264
5970
827
6718
9140
5362
5208
6563
1886
5075
7299
7133
1544
5155
9630
9966
7084
4332
7196
4442
454
2187
2201
5388
666
8915
1761
4823
7199
9440
3668
3463
5411
4495
182
903
9858
5390
7466
1744
6817
4765
5229
4713
6273
1211
4680
3357
1895
1876
7799
2350
4063
6352
7738
1081
1620
5851
5904
8819
5292
9572
2282
7055
4068
8816
7958
278
559
1777
8374
7376
2894
9955
2090
5519
1166
6770
8876
3062
4998
3028
1764
5413
9380
5854
6494
7352
1706
2399
6171
3350
8323
4806
6757
2391
3622
1067
9021
4181
2844
7395
7910
2091
7350
0
7610
4869
3122
2839
4283
8120
2219
6047
3533
1599
8253
6379
5304
9959
8778
1475
9661
3454
6281
6418
5845
6256
7486
1219
6789
6682
8614
4699
8773
5965
1051
2736
7186
4173
1927
1469
8645
4146
7516
2178
2097
2121
8558
7401
2081
3688
5229
1742
7142
7862
4513
9340
4118
1999
559
7260
8681
5525
8311
3807
7842
9363
2895
5028
9888
4822
6497
8534
5320
365
7064
7417
2487
1974
1171
920
2015
6400
9014
9157
4262
3527
4849
4733
5526
1760
1993
560
7286
304
719
5128
6019
3614
157
5908
4788
6654
794
108
7020
7858
3877
5859
6185
1400
6779
8200
7800
5793
3709
8415
9321
8559
3148
1199
6671
1493
8111
3957
8149
8830
9086
521
8796
5595
6429
3584
8601
3575
44
5621
7785
274
7832
3970
1674
4611
2170
5827
405
2232
4242
6078
791
3742
3629
7462
1587
1741
7772
6088
6923
3210
6609
5720
8805
3038
5656
7406
2965
2053
9380
751
2327
7212
4721
353
8176
3244
6180
4933
5476
6774
7363
2619
6868
992
81
4807
9085
4205
896
2361
7415
7505
8081
6220
6896
89
9979
9861
2142
5711
612
821
2923
1686
1175
7451
4930
3707
2384
6758
482
9747
9377
3702
7092
5810
8510
6177
16
9406
8538
7431
6911
2971
4
159
3061
6335
21
5203
2046
6985
6025
1321
8671
3552
8773
9953
7259
1157
3063
7741
7257
2440
7796
4349
8251
6306
6878
4619
5712
5417
8402
8975
4740
8406
9135
7801
1093
5508
9357
9491
2493
5382
813
7517
5286
5938
3822
2545
3447
6886
6639
704
5678
4435
5053
3929
741
1932
8548
2805
3701
3303
1780
8441
8061
7267
2595
9155
2775
1952
8646
1621
3686
5811
5490
8972
1749
9312
1517
5197
2550
8156
5901
8229
8943
7307
8510
9684
5591
3411
8841
5644
6714
622
437
4775
7889
3032
3930
7017
4984
8929
8638
5022
4740
480
3994
6490
9792
1864
8039
8695
6372
292
3276
5316
3951
1786
1352
9542
5197
194
1538
8263
7168
1976
3039
1409
5008
3321
8426
6345
2250
3416
1367
6991
3896
5362
9833
41
7226
7872
5088
9950
4516
8364
5266
8468
6502
2971
8010
1700
3165
9549
6315
6685
7877
9354
8094
2885
2676
2873
9230
1278
2641
6950
4621
6538
8664
4454
2931
2242
8678
8019
2192
3195
2735
7459
1663
9237
430
6025
7289
9947
1926
3605
6632
9803
9311
1078
9041
8339
3951
4623
9618
6593
1573
4239
9483
237
5046
2414
8831
76
6785
1024
9623
5872
4835
7638
5109
1617
3664
8751
1564
1942
2356
4548
8098
8019
5626
7139
6359
9578
8114
2329
6171
6040
2920
5654
2629
7966
4420
1461
4395
7557
2485
4018
3429
7320
1657
8538
8937
1673
3641
6853
3615
2349
1401
1713
369
7027
5204
3080
2957
9671
5409
9128
5711
8329
1134
8340
6296
1906
6153
7043
9463
8638
1061
9244
2310
2718
4135
7599
4391
7776
4452
4359
126
2205
6072
495
9233
7629
3575
2190
7300
5336
7671
3011
3665
5157
7703
6313
7064
3857
3356
2879
8847
4418
2124
7510
3488
6259
5109
4232
4035
5914
8591
513
8119
1015
7360
3704
8644
935
5895
2296
6271
9918
1659
6289
5075
9363
2602
8491
9572
5959
7723
4771
6729
6199
2281
217
8810
3743
801
9197
9657
9392
9711
7776
408
7071
1481
5404
4359
3728
7701
6982
9998
9360
3271
5073
5075
5874
9917
999
8185
3992
5771
4914
191
4404
1483
9001
8147
8637
8198
7804
8029
7909
1933
4789
1333
3414
194
5692
3494
7895
2674
3492
3607
5946
4917
5035
8172
1186
6034
6357
5178
8157
7623
5369
2562
5458
722
709
4095
8921
8514
8477
3182
447
3266
4515
213
3460
6559
59
7707
9234
3551
7667
1532
4820
2702
9704
6007
5088
2413
1185
3246
36
2907
5808
1846
3629
6517
5942
8902
1383
771
8437
8182
4037
9304
4747
3850
5864
4806
7909
5098
4709
5576
6630
9530
4630
2686
5537
9719
5099
3074
2965
1487
5981
8773
3333
5963
1642
5627
1217
3026
2750
9654
7560
6788
8959
2308
638
4823
7114
4899
6273
8176
476
9255
7706
1458
1941
9595
1177
3392
9021
494
4879
1355
9267
4564
7318
7262
6544
4887
288
9294
4542
7848
2434
9853
6508
3072
4676
9975
7972
7301
8151
4800
6556
2209
6258
4849
8156
3788
8241
7177
4282
9472
8532
9902
4036
2202
7164
6932
7090
7452
6227
7984
1652
8661
7837
4513
8086
8865
4488
2410
6166
2639
3562
9074
4848
6172
3923
3004
9960
2164
6533
595
1636
5066
497
2024
3620
7661
8957
7062
1465
1536
5046
9469
6549
9235
3982
987
4452
4822
9749
618
7461
3311
9692
8661
5836
9967
8017
2148
2131
903
2743
119
5969
9592
8496
5941
3605
3805
9356
1422
1693
754
7244
8242
9990
1226
5582
4442
6049
5331
1413
9862
4995
7457
4876
831
7425
9245
2979
5908
148
2075
6028
2469
1667
876
8411
5273
4681
7767
3047
6374
8521
291
968
4863
1518
6550
5658
3919
8234
7071
133
3229
4528
1361
4060
8305
607
7039
4214
755
9114
6594
3225
7134
7470
7988
8759
8503
2107
1806
1229
6980
2098
2197
1844
9968
5100
7502
239
3334
925
372
6563
1805
1734
623
111
8693
4014
677
9448
9481
7271
9025
6615
1093
3365
5374
5948
5472
7180
7177
2453
5630
5726
649
5598
826
4503
5837
4160
5428
6210
7075
7233
4296
7698
3696
9341
8065
725
8789
7546
7996
4167
513
5441
7532
2239
7741
9357
5771
4918
1810
1402
6997
8811
7000
7823
3314
2838
8336
8742
5400
5411
2327
6048
9462
2376
5389
7527
3101
530
5073
7450
4697
1938
9243
8582
4177
6985
7939
9948
8255
6101
1350
5252
4912
8351
9428
8226
7541
7764
3320
2941
3175
1999
8989
2637
727
4378
6516
181
4908
7941
7631
5958
9879
3226
892
4056
6563
8831
357
4819
1284
1707
6423
6196
6410
5851
774
3951
3615
446
3244
3143
2445
2233
2132
9525
2963
8649
9706
4224
6590
3689
6534
6470
6915
7426
6878
3479
2609
7235
4650
3893
5295
1073
89
1705
3277
863
2009
3244
7661
5253
6387
106
3839
4872
5983
6802
3521
5689
7378
6463
5730
3912
2933
2646
1338
6164
2477
3947
9751
7127
4192
5046
4552
4281
3104
7829
1496
5113
7426
9157
6718
3813
5616
557
5037
1599
3712
8558
3641
7442
5022
5723
1355
4307
8369
9045
471
7198
9345
223
677
3537
1621
1582
4171
4725
9411
5667
6190
3189
1177
9261
7003
3145
9818
8392
4744
9882
6951
4737
7325
8325
461
5032
8984
5182
429
5808
8733
6126
6031
9410
9664
4004
992
187
5082
6756
2206
1272
9945
3383
533
3300
6528
6704
1693
7625
2938
4996
8714
6615
3321
9175
1647
8657
710
8429
4465
9443
4555
6848
8853
571
853
6198
758
5935
2954
2965
3559
9251
2700
4093
2552
5581
7149
597
9558
87
5593
8272
6703
5266
3800
8350
3923
862
6779
8389
305
7687
5237
5510
8258
2442
8060
9017
8377
7366
8334
1937
6618
7386
2382
5522
2967
9531
6119
8877
9618
1712
7150
2673
3330
7302
1024
3605
8164
4155
1994
4821
8194
3584
6683
6453
2378
4744
1822
7108
2110
156
5397
8728
7542
7779
4250
6862
3662
6721
5739
9632
4785
9241
2306
8115
2895
9682
1721
1059
189
67
2232
8384
3
8916
4837
2382
12
6659
9490
2122
6815
1239
7203
709
9018
7805
3923
9032
4527
6015
8664
9312
5256
970
3780
8152
652
1853
5563
842
1920
4148
9226
8276
3064
4063
7010
9428
7074
2852
1550
241
4091
5105
7302
9461
2911
1226
8493
3790
7241
7157
3102
8849
8128
3234
3353
5132
5087
5269
5974
3360
9417
1552
1636
8833
1967
8646
8261
9041
7850
6163
9282
1941
1269
2937
1402
4180
4163
9895
7970
7756
3404
7424
6605
1532
7011
6311
6665
2098
1580
8991
5458
997
544
3446
9830
2511
8444
4443
7905
6294
606
7187
8235
1875
6476
5989
2407
639
5884
377
8395
5641
4154
1353
7173
1165
7664
190
9615
9244
5534
1426
6593
6078
4872
2775
4941
9669
7218
2846
5963
4176
6386
551
6052
2862
6540
8459
9854
8777
5189
4601
770
5695
5954
7943
3212
9970
4486
2827
5566
20
4253
8511
2450
5478
1286
7391
1499
4856
6590
3814
9033
2976
4365
1437
2190
7258
9896
2044
2387
1437
6646
3157
7132
8952
7452
6696
8923
8290
9524
841
8310
129
9353
7112
1959
639
856
3458
1848
7446
7273
881
6774
7990
2318
8964
5248
8566
1009
3987
4
4007
3496
3488
2959
949
185
8234
9239
6061
9076
3902
2542
8429
1014
4502
5420
1870
4312
7268
5668
1585
4501
2442
5928
3171
1407
7528
1738
8768
1516
8094
9127
5012
7934
8438
2313
4471
6673
7905
6884
2101
8159
9427
530
5525
3929
2302
7396
4593
5923
9416
6179
424
1859
2107
3596
9618
9635
1686
4738
7503
6132
217
8868
4066
8655
7533
8538
5328
5438
5422
7429
9949
1201
4311
5475
1482
6614
9223
6076
8889
8639
8607
9313
6850
7066
9261
6468
3053
7299
7558
557
3431
7775
5777
7498
6431
3310
2388
8111
5101
4162
5541
5050
5364
6204
525
6846
9170
9748
9274
8059
8388
7881
7373
1590
4947
2986
8059
8001
286
1969
4910
3717
6097
687
7567
2528
349
6307
6991
5450
470
8884
501
2186
5089
7378
5384
4259
7127
4659
2319
1867
8892
6044
3457
3840
5382
7868
8193
5668
6190
3103
5738
2287
3790
3305
1167
4139
5965
8158
5942
6435
7043
2795
4973
2132
173
357
2743
3652
1368
5062
1871
261
7458
1681
453
2841
9549
8646
4861
2091
1749
599
4378
1891
257
5545
2382
6222
56
8324
9009
7099
1119
334
5583
7645
7043
8326
1297
8412
9741
3169
5025
3551
4850
1830
2744
751
6828
7606
2843
8577
4557
3573
6820
1166
5471
5554
3740
5527
231
2749
8978
7702
9435
913
5347
6479
9239
2997
1243
5332
2518
6268
5236
7368
4450
7980
4471
1278
5586
3666
6207
6496
7240
9379
7662
9063
4933
1403
4590
5164
504
9920
2867
9940
833
4566
2771
6424
7563
4014
1757
81
6634
3345
3801
1084
1325
4625
2362
6912
8291
8569
3408
1883
7948
7422
946
9233
5177
1888
750
5682
1808
9969
1974
8993
4535
4745
5418
8451
8759
3527
8532
5393
6872
8686
2829
8197
3311
5191
1461
1602
112
4869
9838
4412
8644
7136
9997
3821
9025
747
5855
7185
716
7829
6179
5252
8926
1597
55
4037
5124
8587
5782
8348
3625
8611
6545
6936
154
8007
4891
6618
9228
4729
7382
7872
1865
7380
8046
7242
4479
3901
4428
5196
8083
607
6800
7009
8556
6855
7399
32
1794
3181
8380
5420
8145
4925
2356
8299
2932
3599
1270
8513
4680
8652
2737
6546
2384
783
140
6864
4685
4568
2060
9120
1527
5212
2481
83
2067
9880
115
213
3062
8495
5633
7559
9773
4342
5858
9057
7941
3480
7570
2622
2133
308
5520
4517
7443
5660
1381
8480
6581
9793
7600
4460
5005
82
4544
3424
6314
1011
3638
9376
5859
9271
3287
1984
9965
9146
1041
7907
2626
8612
6881
1111
5272
8753
1981
9067
4413
3362
7548
7346
9508
1500
1807
4513
7934
2703
7938
4249
66
7928
9977
5925
7199
3265
7909
3517
8763
5303
7776
7741
267
4657
8853
1891
3410
834
958
4175
548
4858
1522
56
6359
9681
4570
4293
2384
8860
4894
2450
6788
4872
4728
339
8137
8989
3856
6900
4292
1632
4641
911
2641
3494
2802
6051
680
3761
6579
1229
8619
4453
1285
1330
4134
2207
1976
2870
7419
6870
5320
4207
1742
6400
899
6231
1742
4755
3131
2386
2740
7773
3298
5381
7619
6100
7785
8300
9861
4364
5881
4833
8817
3518
2515
9303
5726
843
2173
3145
7714
3845
3705
5808
246
4604
2040
8340
5711
1523
726
8451
5648
4024
185
3268
125
7970
7920
6338
8686
153
7523
3855
3671
6391
3158
5749
7234
1683
8895
1300
5528
8952
3461
2126
3556
1853
466
5619
3376
1193
4071
9025
1569
4256
8645
8046
8578
2917
737
3616
3070
8260
7471
3093
1003
6981
8843
8238
8664
4090
5890
4192
3042
5703
2671
2950
7556
3137
8569
7285
682
8992
2662
2252
9600
7659
298
8178
576
7387
1794
9998
5648
5617
3091
3003
2598
8286
7593
7614
2376
3484
8159
1770
9187
830
4720
3096
3967
9642
381
4650
8634
9395
3254
8235
7054
9904
2765
7630
7292
912
3980
9292
6529
3423
2295
5480
1710
9889
3094
4086
9725
7605
2209
5264
8435
3281
8360
2403
2923
5093
3405
7910
4488
3011
2497
1542
2915
5262
5524
6559
6174
9504
5851
9056
2928
4499
888
4638
4388
334
5076
465
7940
7285
5729
6375
567
4090
5130
9842
9183
4887
7752
24
4250
249
1566
3518
1864
7091
77
4390
2947
2281
9798
2227
6780
686
6865
7520
1021
8294
7985
5313
5579
66
1688
2498
4156
3171
8693
9692
4410
6445
6068
8661
3047
7634
2179
1263
1077
2256
5653
377
889
5452
2604
4021
2490
9470
1541
9863
4116
5878
5176
6047
2297
3217
8546
6453
6388
7239
2497
798
36
8565
5811
9435
2552
7990
698
9981
6599
2704
358
7488
4508
2963
1510
6998
8785
9403
6862
2901
1634
2038
8948
3931
1607
3846
6736
7995
7437
5586
5146
3826
503
7309
3261
9407
5300
312
9389
8251
3016
6099
5739
7524
9062
3601
874
4199
9357
7736
3452
991
6127
8753
1274
4086
2599
8010
2082
6389
3596
3580
215
452
889
9828
9859
2541
6492
9248
792
9508
5348
2884
3384
762
6485
4259
4962
5842
8347
4766
3185
826
3519
4459
4913
2471
8822
3347
8860
8770
3279
5427
9222
4168
1607
5434
3062
8100
4682
3854
7608
6382
3090
7345
3497
9576
1604
4811
1770
6303
9577
1308
7130
3097
2119
8395
5568
941
1742
780
6064
5021
6207
5286
5541
4166
720
4955
2266
1755
5162
6227
4489
8252
3572
7986
4180
1528
9149
2303
7831
8727
3611
1313
1824
5730
9708
3744
3024
7802
4524
9088
9175
7083
726
4717
1249
7799
6024
3516
5906
1186
6095
395
9439
9667
4734
3619
7547
3883
5922
5378
2610
5885
3044
786
7968
9104
882
992
6907
1758
6432
6082
8841
3510
7151
91
1309
3176
9959
7215
4362
6054
3963
153
2073
8697
3773
9620
8932
6047
4998
1543
1933
4394
8681
9901
3499
5916
7245
406
7674
3677
2840
6516
7187
6344
2959
4849
9520
2918
2064
234
5324
2379
388
7397
1076
513
7017
9
6560
8367
7904
4845
2762
2937
4746
2613
8853
8343
9371
2880
2020
2211
9396
5560
4907
8707
409
779
1625
8825
1014
3301
1205
7754
698
8633
4619
4067
8642
1179
8786
2898
2377
1548
5836
3475
513
1041
1819
9884
3921
3839
2096
9669
5751
3355
8376
6160
4135
6353
1338
5149
9654
2543
9255
6704
1176
3874
7123
6171
1405
5910
5421
3782
7458
1257
3610
7972
8651
5429
4208
8924
5620
2656
8594
1372
6012
3322
7532
147
6028
8870
1648
5682
7765
903
8739
5294
1129
5862
1465
8886
1772
6886
9021
5583
4496
2631
9907
9499
8060
4115
4775
3680
6772
9721
5052
2784
3044
8937
2931
9072
4159
931
1106
1925
1834
6197
3571
9315
2060
1388
8201
184
4626
7222
5767
9122
9853
2026
4973
4265
6142
9749
7946
2914
9470
9350
2050
8866
4639
1333
4290
8799
2264
1749
7076
450
7946
647
9765
6
2035
4318
6543
6661
1541
8662
2136
7746
689
3461
2012
6831
3210
6310
6097
9033
2012
4499
4251
6652
5832
8542
5451
8096
291
8879
4898
8237
9526
4663
4596
7913
8981
7491
926
6874
6153
9414
973
6842
2876
2985
25
2438
5647
2474
1471
7659
6973
2075
663
2805
617
2466
7253
7260
1345
2151
1849
7223
3166
6445
1488
8500
288
2415
1726
6442
1829
2699
3284
1057
2036
9662
3496
4035
2136
1319
8047
9110
3394
8710
8267
363
1177
1873
7623
8874
4024
9473
6098
3543
2270
7586
8395
2559
6353
121
9001
4535
9173
8637
5592
1209
8299
9088
1597
436
408
9644
5898
154
8354
4165
518
5883
6038
8141
4758
6415
3966
856
6310
6237
4794
4705
5148
7500
1178
501
2035
6703
9138
7627
4265
3790
3068
5862
578
3476
5506
2828
3630
3860
6993
500
9744
9384
8642
854
2151
2608
1710
8461
5197
2856
9518
345
356
7048
846
8743
3752
6337
6371
8017
6479
9439
3879
7057
9267
5737
9885
9249
9597
3230
9750
5693
2614
4744
2899
4765
3704
961
9578
8902
3818
9096
9247
526
2497
6446
9270
6249
2783
1993
618
5614
7784
4497
2671
7051
6586
8908
2652
6183
8490
8754
8229
7457
3498
7480
8574
7203
8442
8153
6105
2260
3601
1704
9138
6098
8150
8408
8699
7285
401
9317
2899
4537
166
1922
1588
6752
7182
593
9288
5673
9347
3869
3130
2846
1349
8056
49
9791
2561
2506
8403
6163
562
7542
8613
8713
2302
3665
2350
9056
2982
1602
3593
9501
9876
1534
2605
7059
2127
1893
9084
1474
2114
8566
672
9816
6622
7073
9607
9184
9579
4363
1699
142
8257
312
5207
6911
3977
3909
5967
3312
5511
5913
9165
1740
7447
1770
8799
5926
16
7883
3752
2130
6449
4425
1946
9423
1498
7906
8607
7430
8621
306
3924
6878
6971
5483
3789
7300
9392
6109
6964
1256
2022
6129
2996
5821
7900
8147
8099
7916
2382
1851
6398
8831
6276
4697
4606
4127
2603
3214
7909
1224
9872
1833
8102
3195
7316
8243
496
3060
4352
3812
668
2726
9942
3664
8547
4194
8163
6646
8462
545
4850
4860
9376
7478
9557
335
1605
8512
3549
5866
9736
9773
7699
4190
2969
1367
8786
9817
4428
3138
3629
5096
2217
9923
5113
7116
4117
3276
115
8931
3822
4965
144
9550
2443
9701
9885
401
4566
9786
6267
4302
9560
319
4845
8881
1686
3631
5050
6114
3121
5031
7563
1690
1307
9028
8807
1776
2304
8922
708
2478
3887
852
2029
2682
6905
8266
3083
1471
8053
5703
2126
3965
6022
6971
9198
7708
6954
4248
175
6427
5631
4090
8118
6938
3118
6925
8715
1774
2199
9423
4253
2438
6627
2634
5120
3532
900
4556
5004
5305
6611
7130
9270
2633
453
4820
6693
3759
5420
6868
186
1052
7310
4656
7990
428
7933
3057
8555
132
2480
2808
2570
9107
5442
4043
8992
2694
4951
3996
8000
1562
7478
3622
4195
4283
4795
888
8042
215
4109
4580
1267
1419
5589
5610
8200
3522
8667
6755
3655
7500
5915
2577
6607
7709
2972
1951
403
7923
5947
4755
9485
9777
4730
32
412
9525
921
4806
9740
1382
5739
7360
2801
1328
2970
7353
4850
7989
4108
4857
5489
23
3787
8449
7732
6759
400
4488
1035
2700
9243
520
8829
325
553
9242
6202
7826
4048
2295
9208
9787
9655
8361
1115
8977
5715
2318
3318
