9823
3527
8808
6199
7314
3609
283
426
4009
4771
1461
3061
367
1981
1891
692
8886
1133
6895
6712
5181
5542
2272
4969
5197
634
2436
526
6349
4754
3844
2524
8282
9004
5075
1948
2613
5359
2374
2975
130
3835
6036
497
2169
7927
7542
7407
5412
789
4120
6946
6331
6392
8267
7880
3378
703
8406
9727
1810
8602
8604
6444
7607
3679
8392
6572
9038
7119
9547
5521
7306
1936
2370
9475
6215
9912
3235
1628
7053
7355
4926
9736
99
3193
7616
3478
3896
2374
9557
2058
977
4513
8502
4936
8193
3247
7860
3583
366
7408
9104
4024
5696
7827
9852
1911
7739
3087
9891
1145
6794
4817
881
6893
4362
4850
6723
4611
7224
6281
6669
4553
7146
1524
5841
5339
4771
3702
5275
1489
7462
731
5513
3158
8558
1717
1421
2650
4804
7665
3795
1598
8834
4676
4844
3197
9526
1567
7808
3103
4200
4477
7656
1347
2353
3498
3038
7124
7200
8313
4965
1014
9045
6831
4172
3955
8548
1945
6605
9705
9610
400
1303
4797
1429
2499
7994
7307
4067
2154
410
4619
2983
4419
2318
5337
4269
5357
2461
7821
22
3779
8835
5419
610
3007
9375
5510
4952
5980
5215
915
6381
2871
5712
4162
5370
58
1469
9437
2212
8232
409
5195
2651
2727
532
6920
8084
9346
4741
4459
9477
3576
9878
87
2935
9253
1949
4239
5234
7165
5154
1615
36
7218
5777
5406
7276
3598
1196
5840
1830
1605
7388
4481
684
4272
7753
5121
9970
8846
9580
9447
2422
9458
5886
1709
8712
7836
5949
3946
5001
7455
1913
1389
1026
4042
6795
4654
7640
4343
495
5823
2300
7883
6656
2985
2155
4410
8106
2126
3256
7686
7925
2031
7144
3812
92
2208
1648
6041
6154
3001
9849
4419
4390
7227
4813
1185
1881
8806
1881
2376
4629
4181
6611
1285
3518
5119
2047
7976
3597
1656
5662
1522
3687
9159
5334
3779
7719
6982
6173
226
6335
2374
4645
725
9601
9459
8263
1482
8265
144
211
9246
677
3174
6883
4196
8293
8931
2172
1890
587
4187
3413
626
9698
5099
4405
3769
8434
6930
3995
4769
9304
8641
5495
8905
4452
3758
6740
9069
254
3303
8315
931
6477
5198
1479
1123
481
4
9365
1068
543
9130
1694
241
4230
2452
4010
2664
9382
4358
3785
5039
2999
9280
296
3803
9390
3388
2872
9644
6691
7539
6928
9521
9089
8407
644
9571
8411
9
639
8954
9140
8686
5547
9722
7490
5910
8738
3224
268
2523
8263
9619
8156
4912
3422
7546
8300
2646
3543
1344
185
471
865
9274
5230
7861
5197
9994
4222
2189
8948
9714
875
848
9436
4717
6758
4526
7941
7026
7050
2557
2997
5206
7469
6419
9104
2121
9065
8999
3465
5602
5822
682
1228
1053
8543
6426
7399
9118
8615
6347
8832
5842
7195
4621
559
305
9147
4852
3683
6197
7409
6680
7755
4878
9451
3212
3352
4868
8563
6817
470
4386
7500
1699
1791
2395
4477
9190
1513
3092
1889
6698
5286
5437
1319
5845
5742
466
7049
5778
3016
4459
8810
771
5689
8262
335
9041
3130
8899
2211
9953
9637
6063
1652
1428
8458
6129
6970
6324
5573
8859
3022
859
648
4341
3056
2743
1159
105
8521
4175
916
7331
1299
6606
1945
7986
1999
5076
6885
4210
5029
6522
273
3033
4302
5084
5514
7624
1408
1087
6484
782
8298
3484
1475
7706
6227
2634
4163
4748
3162
5080
8432
4461
8038
6729
8799
37
1805
5685
4248
3186
8559
873
2571
9214
5957
8085
6838
7365
5524
9674
4499
174
3159
5974
4232
9386
8609
8396
487
8123
9828
5271
2584
7866
2000
7735
7903
158
3420
8503
9696
8332
9377
2268
3898
5334
6705
736
9052
8582
411
3551
5108
9922
5878
9341
5660
839
7737
6147
8962
3917
7770
7898
1783
9771
5633
6038
6281
9054
894
5977
3738
271
4597
7636
1957
7655
4724
7361
2589
1487
7265
7697
1409
3143
7038
7070
3982
1127
9569
2944
5044
3692
7194
3179
9815
2827
5570
6096
8233
6464
8425
1971
3087
9375
5959
1396
7030
684
8758
9619
8523
2375
3668
9933
1870
707
3355
2204
8186
9276
5148
9583
2968
8694
2762
2783
1521
8332
5231
9755
1148
3657
8078
4235
3032
4038
5632
6414
1074
742
2385
9597
3117
6053
5882
1339
3112
9237
3543
1299
4866
5043
7234
7834
3737
9996
6970
5258
4681
2201
5013
5829
2210
3092
6417
5242
3482
8401
8008
4556
9143
393
4153
8612
6447
36
9951
5911
5625
9846
7210
491
4889
796
4678
8626
793
1648
3884
1826
3849
5250
4007
6060
4694
6776
7654
8176
5177
2015
2732
4320
2408
3237
9284
5207
9625
5587
1119
1603
5433
4681
2094
322
5478
6772
5300
2623
4772
5537
4449
8622
787
4808
1034
5481
1585
5040
3657
6762
7055
2741
7435
5816
2330
3071
1023
1956
8659
2142
3559
444
3176
2005
767
8654
5130
2419
1277
9902
7956
2078
4876
8743
6886
5910
576
4823
7303
4233
7938
710
3326
1725
6526
5657
4796
3902
3965
9807
6044
7524
252
9220
5881
7371
4226
1011
9790
5503
914
7747
7581
5790
6490
820
8053
7067
1995
1708
7652
9933
2418
7331
8010
5297
2988
2807
9199
6953
8966
1595
829
9218
7168
3062
6589
1394
4074
2732
6898
1340
479
831
3482
3321
8003
1535
6740
6351
9595
745
2636
8366
8076
647
3663
1064
9806
2862
4369
8772
4457
1550
4343
1625
4612
7284
9372
8686
16
2622
26
6847
9805
3509
169
7809
1396
3261
512
7344
4006
3148
5710
2082
3795
9373
9498
9953
8587
3867
8726
9396
5417
3069
7374
30
6705
6746
5068
6722
9368
1447
3569
9173
4956
90
3334
2704
3352
3846
48
3710
3347
2110
5793
7142
1483
5291
7096
6422
9159
2174
5819
928
1595
3193
7310
8300
9939
2379
1374
5659
3826
1296
1184
5134
1386
4519
7838
1090
4717
4239
4801
8064
2701
6946
1559
537
2237
5007
6959
7748
3533
2778
5029
5128
5971
2339
9780
2262
4718
1155
7921
4896
2451
9106
30
189
9977
4221
7632
4694
4812
8785
9111
7513
5731
7022
8050
4320
2029
5010
8421
5562
4140
3450
7042
112
5789
6822
8726
6860
7977
6648
1756
6780
5754
1787
6970
2083
2360
954
6777
7172
9739
2240
1037
5470
9262
9088
6142
7643
450
4563
9557
4590
8013
6599
1054
155
9774
9781
7015
4103
2781
5123
884
4887
3262
4206
6970
5622
1512
3747
2794
1251
2340
184
3073
7954
9272
9215
5598
6074
3779
1507
664
8144
4459
8071
8299
4233
4204
1666
8336
6985
6790
5572
1872
52
6130
8842
2027
7642
8941
1173
8893
7633
1357
8318
5588
629
7534
7538
6703
7665
9045
3720
2161
3504
8143
461
4089
2347
8479
2426
9332
5269
4350
7556
1674
6833
6398
53
4475
1691
1226
9721
9325
2584
8039
4913
9565
1925
2451
2621
5942
1496
2693
8104
1353
836
4917
5442
3183
3396
4220
8867
5018
8571
6423
6692
1756
9173
6745
6231
864
4323
2304
189
6907
6696
1454
2825
4973
3905
5446
916
1754
8139
5372
3107
5327
289
8549
8510
3685
9122
3729
8703
7693
6504
1747
5801
5677
8492
2032
6541
9168
689
3083
6075
7385
4537
8900
2358
4795
698
9626
6549
5189
4998
6008
516
5287
909
5378
5325
31
9107
4028
4076
5611
5776
9877
7640
620
8262
4182
9788
8951
3617
2216
6336
4506
7468
5046
9301
8167
1025
2202
3356
6023
8210
225
7663
9120
5603
2988
9151
1063
7016
3228
3026
9144
3105
667
6117
1367
1201
5905
6670
4818
4473
9358
9324
1942
4405
4978
6461
5430
7180
6169
7805
5391
6394
5468
863
8350
4808
14
9413
1825
9594
8791
7321
9052
9458
3438
6771
7011
5696
3442
8181
169
2800
3858
8463
3557
8836
4924
5339
2368
1094
9497
7759
7488
4965
4974
5838
6126
4989
1603
4303
935
395
1624
9987
6205
5063
3111
9569
7111
6553
7750
7280
5705
7960
2096
5615
3148
7020
954
5517
8114
451
9628
1955
1769
4603
4145
7895
5944
5749
2198
6879
2496
3822
3219
5053
5237
2682
974
8700
5587
8725
2333
1292
3037
4429
6907
6186
1449
4214
1703
5916
4665
7683
4223
2786
2286
8368
681
4582
469
9231
7814
9317
9406
1033
4371
4643
67
5345
3344
5654
422
2029
3298
9812
6458
6558
5998
4259
772
4053
175
1789
1736
4398
4576
375
9119
1609
4957
9588
841
2771
8906
247
156
9629
1242
223
4974
938
2229
1749
2967
5528
1561
9425
2086
3911
37
9210
7964
212
999
6052
963
1927
6427
82
3537
7737
9670
730
508
4928
7329
7017
4557
8571
7240
5884
9510
5822
7633
8829
1350
5546
4607
9788
9457
4644
8998
3773
1208
6349
6177
2171
8277
2605
2253
8166
6694
8276
5248
7202
3204
2577
571
4114
1148
4164
9998
7010
9986
3983
2192
1336
5881
6799
7476
5338
7795
6474
5463
9003
9175
1640
1175
3804
597
9780
1970
7291
4408
3570
846
3965
6147
7769
8079
3648
1933
4429
7010
1919
8412
9202
9607
4293
2353
7083
5983
148
9909
7798
9152
5437
5790
6679
9241
6388
6459
7564
31
7220
1134
7229
1185
7282
4999
9264
7282
6932
3693
4292
5204
8457
3495
4811
9102
5848
8247
5085
5997
4508
9235
1501
9945
5025
8180
9187
1413
991
6751
7797
8211
4237
5026
9396
7871
6377
5012
5153
9662
5057
9446
4866
9866
2941
6029
8968
5141
628
4053
7490
5137
3288
8991
1434
8314
7171
621
6079
4515
3724
228
2726
4314
5255
8475
2185
7984
3487
7339
7646
4897
6785
8864
4763
6078
4894
3732
1219
1874
4137
8710
3363
3778
4053
4798
8444
7577
1771
875
2092
1848
1104
4818
6162
6359
3293
8347
695
3133
5686
8342
8030
8823
7206
9145
1253
8452
2877
2473
327
7015
7535
42
7145
1588
4840
5589
9165
6612
6464
7609
4812
7568
2428
974
279
2073
9321
975
5206
1360
5669
9588
6535
2875
8734
7789
7680
1611
6614
4359
4978
4149
4401
2123
2089
9242
4064
7607
2206
529
5216
7018
4449
3996
4344
4729
6070
17
2056
7628
1377
7725
7217
7913
6952
2303
5702
984
266
2316
5343
5245
2817
9745
3720
1258
5339
4137
5217
3897
4666
434
7267
5467
4430
1611
196
6852
1628
8604
4481
9358
6329
8050
3623
9634
353
5677
618
619
4345
5962
2216
7162
2059
2289
4772
3750
6426
9990
7647
7444
6776
1266
2911
7558
9229
3108
4411
857
1712
5244
6567
4394
3294
190
4028
3647
5867
4646
618
212
6960
2835
3726
5371
1476
8499
9121
7902
4841
3120
5346
1617
4386
8257
9175
3615
7717
3586
825
5782
8830
7392
6528
8476
7583
556
8475
9802
1554
9094
6367
4867
8281
93
238
9757
4944
9360
7659
9785
8832
9357
1402
3219
3966
578
3186
1684
516
4011
3818
5699
7756
346
4175
1691
7254
2651
1493
5160
8097
7860
6379
6378
4306
6618
2487
9250
2330
146
9036
1162
5855
6790
733
9821
3720
3920
7857
4237
7931
8027
9936
2039
8373
463
3730
1979
9466
5224
3492
7563
9436
9871
293
3742
2841
2780
2993
5171
9278
8381
6334
5133
5171
7067
1307
8892
7339
5516
9481
5271
3544
5769
3662
8269
6232
7393
6601
2051
8969
93
5966
8405
6316
6260
8500
9158
9040
7845
4329
8319
2578
7015
9804
7749
435
7463
2993
7774
2980
8826
9397
6524
4595
3060
4793
7180
6805
7746
9231
5774
7839
5197
531
4156
7809
9031
3314
6850
3228
3995
1521
5806
7363
7677
9908
7798
5141
9253
5572
4473
8080
1322
997
2675
734
2142
6207
7539
9889
1790
3313
4080
6988
196
4588
1149
5580
7902
7999
8808
8250
5872
967
5613
9902
875
3411
5043
128
5335
5868
4560
3009
3217
3588
3743
5359
9795
1282
1600
1586
947
2033
4926
1144
6621
6075
6724
876
427
1884
9126
2651
2851
4739
2553
3726
4502
3948
207
6189
9816
1119
9199
3033
4707
2942
4745
855
577
2697
2441
1524
4730
3719
9020
1352
6146
2096
2228
2925
3981
1354
5577
6832
2445
4482
6911
3299
8431
3470
9488
4599
4589
8687
3985
9297
7982
8730
6504
4911
7779
5297
2787
2510
9016
1808
214
1514
3904
2442
4440
7885
148
6369
1070
8945
851
7981
2244
5634
1451
1732
6586
6040
6772
571
1689
1106
5653
8193
6017
9784
9842
5156
2294
8858
6964
2508
6725
7221
1302
1165
1458
7802
3886
2528
6747
1089
6861
5343
3076
8312
3428
9662
705
200
6585
8746
7658
8590
3292
27
8374
3134
5183
7021
8345
8500
9529
5070
5721
7184
2587
3531
4986
6473
6060
8086
7562
9273
3429
638
7586
6857
6652
4643
3409
3237
3389
7419
8179
6681
7446
6554
6168
2630
3575
4513
1130
9456
9583
3203
2992
8522
3086
4331
4995
9146
2417
2557
4772
2198
9548
2358
9056
6200
7001
8817
5790
6742
6237
3969
9776
3683
6875
5944
2665
450
6809
147
6259
2744
9702
9251
1266
2789
3582
6261
8287
2351
5170
3059
4550
1070
5417
9958
7271
8770
8775
9413
5513
1364
3382
1641
5048
258
7585
4065
7060
746
4213
3319
3490
3915
8923
4756
6704
8857
7369
4992
1209
8891
8051
5759
9962
9821
2069
7233
4943
844
6646
456
2209
6380
8449
3609
6638
6034
4026
51
3132
8239
9722
6622
8507
8645
7730
1563
7503
1451
2907
5064
343
7311
7175
305
3484
9244
3890
8427
6440
6888
5236
5001
3268
3685
8610
6259
6072
2637
6310
9204
7228
2384
5827
2087
1030
9909
3
4885
1361
2910
6301
1704
6573
3476
8361
57
9072
2251
8485
5512
5491
3721
514
5111
3758
5476
1370
9830
4465
4032
9035
8046
6417
1214
6485
3799
1123
6488
5036
2484
9399
1337
540
5972
1165
8901
2382
237
1152
867
2101
2995
940
8967
8107
4698
796
5829
4529
5261
9862
9916
9659
2631
1130
6145
2782
2253
2633
7818
4738
8384
9155
1630
709
320
532
3091
6909
8036
310
5362
1032
7602
4330
9139
2300
5126
4968
3181
6739
1182
9449
2751
165
579
8896
2947
2833
7881
7117
3923
6266
2624
5553
3327
9296
2437
6418
6205
474
3080
1568
1506
682
2250
6997
9334
3728
1965
8868
467
9500
8317
9570
9665
8897
8466
8965
8082
2700
6082
8357
8966
5059
262
8645
4355
2700
5063
561
9526
8143
8481
7384
5177
731
4381
4511
811
2698
3379
7630
2198
8049
7201
8216
6946
5667
3533
1380
4719
5967
6089
37
1026
6351
8682
5382
5403
3745
2295
4929
8240
776
2313
9769
7859
3046
4281
8670
5745
4012
6300
4295
2061
9853
8863
9007
5521
2396
6739
6592
4716
2828
6630
5742
9180
5312
1124
935
5410
9771
5865
2
6899
4530
9772
4758
7577
4053
9780
9674
8065
2433
3969
127
2286
9185
5486
4159
1581
8578
752
6297
1406
7382
8392
6938
9046
5868
7874
4456
5640
91
4459
2539
973
4231
3650
4902
4636
3430
4576
9053
2215
4898
9180
4502
4083
1019
5013
2016
9597
2117
8314
7355
9499
3058
4294
4898
8926
8520
9354
4566
4963
165
7106
2288
748
756
7191
5384
538
8119
4438
2754
3017
9970
3608
3452
7341
8621
5469
6938
7091
135
646
6590
3193
1292
7840
2119
6164
7195
6686
1127
7360
144
3415
8109
7252
6958
9845
7790
5078
4283
6896
8095
606
504
7900
7947
5478
3369
1238
2569
9856
1884
5511
3049
3176
3352
1520
5692
6899
4558
6819
611
4702
6586
8720
1954
3545
4918
6097
8623
9201
2993
3070
6159
9850
7322
4107
5328
691
5345
4249
6899
7229
9760
9948
6757
9464
7821
2449
6363
2379
5620
6975
3434
8558
2047
1740
2103
6965
4189
7078
2519
7183
6501
8678
7033
3823
9137
8713
867
4482
2962
7766
8063
9074
4067
1172
4891
1888
9973
7606
619
5593
4581
405
504
2981
2146
8959
6298
6335
6038
8817
9870
8891
3848
3255
9066
2985
1968
9933
3820
1282
7700
1883
6709
8119
9408
1600
6359
9381
9206
6978
1327
140
7384
1831
3121
5882
790
5771
8569
3180
941
8440
8423
4789
1695
7490
4126
16
7423
7946
1298
1475
6182
4359
9594
5590
5959
2305
4971
1518
9284
2650
8010
3020
4481
7483
5254
1624
3254
3823
1156
4195
8615
9580
5336
6663
7070
9463
6679
4493
3761
4329
2321
6295
8689
8267
1885
4648
573
3209
2518
6209
5859
528
5581
6693
8011
835
4669
7618
1010
5825
1813
5978
5405
7150
2641
2475
2965
9320
3321
6726
3649
5642
9374
2338
261
7611
3339
834
820
2209
7043
3032
2738
2624
6077
7101
9811
746
4719
7174
6571
2885
3152
8329
35
5793
804
3000
1465
477
6078
5114
2471
5452
3805
2733
3064
7144
3567
236
5705
6963
9620
8443
5939
2049
1897
5751
2795
2968
2925
5719
5853
2429
4048
2240
8222
1204
1592
9687
1682
4023
1153
4153
5827
4958
3238
5243
8454
3158
1832
4160
121
1452
8955
2412
3502
7204
8163
2649
173
7440
8368
2378
9869
8768
971
4443
9973
2563
482
8007
6586
1636
8512
8766
6594
8103
4009
1401
1261
5841
1913
7734
3646
868
146
3500
8073
4662
6149
4598
2102
870
3328
8324
5990
4299
9119
2315
6863
9602
322
9801
1238
5187
4919
4184
3290
8929
5585
4551
1122
7498
2285
4768
4719
2431
8268
9144
7093
4418
3742
5548
1640
7070
224
7630
1370
9343
9946
4585
8945
6620
738
6535
1807
5658
720
5097
939
2657
6000
2061
156
4637
6830
1227
7069
5098
371
514
5868
4113
2414
3860
7535
2638
1491
5257
8334
7789
9842
7279
4409
6933
3815
2569
2591
887
7666
3530
3544
19
1943
52
4656
8773
1279
8077
224
1650
8592
2444
5763
7358
6305
9651
9997
4148
4908
4683
1937
1103
8314
2698
8036
8481
5267
6979
9368
9286
6861
2913
9305
8804
2965
313
3930
597
8391
4154
2247
6983
6598
4363
693
9255
4014
7042
3403
5274
1725
1692
6377
40
743
765
8521
6010
4096
4242
1648
7309
7155
953
6114
6472
7619
6396
7069
6010
550
5669
9345
3500
32
38
2756
398
7081
2511
5672
8806
556
8402
5198
1299
5519
3720
3661
9616
4314
5310
6925
1469
2615
9391
4293
234
2139
7715
6244
2689
9736
5589
2542
9768
5628
1650
6518
9061
513
2190
4219
1069
6944
9418
2368
2464
9490
6030
2080
3804
1340
5357
1625
3955
1101
2270
542
3240
6337
6786
2282
6073
8728
4824
5841
708
2826
8711
9769
3339
902
3988
4409
7846
9758
3129
310
9248
9159
8742
9404
6851
452
7381
7159
7905
9652
7701
1145
5989
4487
9779
2063
9567
955
4256
275
3781
2968
44
7121
222
385
1530
4420
143
4659
1083
5744
171
6177
1500
7022
6629
8882
533
4534
4886
8234
2032
875
9074
8163
9290
8641
9119
9899
8917
2900
9219
5313
6373
9441
5698
4255
3861
2194
5267
1296
4290
5438
7474
5790
8812
4103
1024
5698
4990
5910
3932
3374
6786
9358
1537
2428
4352
7008
2327
9621
9909
7898
4934
2634
7339
6985
6890
7553
9179
2157
8849
9821
3947
6323
5611
2759
6779
6636
8457
8121
8898
8742
1495
2036
4452
9384
4465
8804
6393
3144
8425
2654
1043
9712
5288
4734
6697
8530
8639
2228
687
7489
2049
4634
164
4012
3746
3295
7000
8555
1416
5899
3649
9263
7935
8102
8648
8752
3258
1393
8249
8036
4047
9292
7748
5687
378
797
4218
9018
9377
1257
2859
7778
2244
9375
1790
2342
2671
5143
7249
439
7394
899
9703
5329
5353
4703
434
4963
2448
8683
9351
6495
4327
7099
8534
4705
4248
9104
3723
9977
362
6582
7755
8958
2310
5898
1300
4981
1041
8549
1772
8435
5800
1475
116
7505
2530
6902
2469
4978
5585
1820
7825
9912
5272
2712
4618
5872
1816
4693
5850
8530
7628
9957
7488
9938
5855
5140
4919
3248
42
6691
8035
5842
4519
4504
9700
3401
1406
8521
4732
6992
6693
2557
6904
8317
1621
7874
4190
3438
2568
6392
8320
196
6349
5809
6486
8557
7301
1405
1805
7343
4448
6193
9538
5319
697
9238
5073
2103
7759
9805
9095
4452
8714
2352
2770
336
6578
3312
126
5498
9704
8446
2046
2405
607
8532
962
7909
9937
9120
1604
738
5313
1142
2409
6010
380
7482
4465
4491
7287
3561
5296
6002
2265
8066
6338
8843
7730
6464
4342
3786
1262
6388
6191
1870
4921
3506
6131
1210
8978
7735
8300
643
8878
710
6653
5610
8192
1118
6454
5480
1031
1750
7834
9648
9816
524
8492
3898
6988
9186
7684
4602
1926
3875
6472
3199
3733
8955
762
2711
6691
9062
3354
1921
6124
6359
3883
4317
3830
337
6149
1213
2087
3983
862
8255
4507
5706
2153
7847
4892
6189
2449
3170
6417
5274
6370
150
581
3484
9214
3624
2546
8920
5545
8671
5280
5781
9340
5462
2470
1841
6675
4558
5824
7537
9165
6683
3243
7671
882
4487
3860
9683
7658
277
1309
380
6780
1891
216
5994
5515
2762
1266
7413
7785
6546
9546
3477
8360
2016
5318
5036
2926
7494
8925
2092
529
8521
6115
1411
3008
9975
7447
7018
6605
5108
3750
9737
6999
3966
5731
8867
3081
6997
2632
7218
9896
8530
696
4608
546
2366
9644
3473
9861
4922
1917
390
3443
8032
8154
2803
4359
1953
6174
7316
7061
6276
7053
413
243
9136
5632
9676
2486
4616
3246
8734
3146
3942
3342
44
2661
9339
3517
2522
4261
1786
9264
4056
6170
3770
6859
530
2075
3033
4198
9137
9310
1252
5902
5905
6740
7886
1933
9226
2502
5179
7960
2000
5474
1303
2044
8135
6994
1914
7009
1255
3700
6273
5311
9871
6396
2170
6753
8471
1556
951
3960
7218
8555
6214
9475
5296
4100
1408
4522
2954
2939
8835
4954
8413
6490
6999
2900
3484
8913
9909
4739
8965
2535
6402
8836
5283
4924
1941
3754
6480
2893
4067
50
1448
6633
5877
3096
734
3637
7619
3688
6577
6454
4995
1342
9296
1994
4243
2780
7259
4152
7519
6224
3039
3921
1413
8322
8845
3354
2077
1678
2599
2496
8080
400
9129
3958
3496
6215
7595
1115
6256
524
3921
1251
1867
3217
9597
6110
5997
6856
6614
9868
9432
9654
141
7197
7976
5339
552
6405
3369
3151
5253
1449
3551
4383
1759
7048
6950
5707
4515
3206
6231
4789
4457
8098
8006
4054
560
356
7262
7175
6576
6695
3181
6718
3892
1157
2057
796
3915
5426
300
9168
3227
203
9903
4987
3603
6854
694
8119
60
3277
9260
4518
1376
3618
4924
8288
3974
2187
1815
6903
5234
4996
3621
5478
2506
2030
6275
2773
3808
2927
1941
3387
3130
8197
8374
6734
5051
5420
1205
1463
8698
6817
2333
6426
435
7258
1066
762
5797
2882
7665
1031
4230
7638
2861
3088
6020
5488
5861
9828
8415
4155
3215
7898
2352
7942
984
3755
9714
2189
5218
4764
5358
7552
7542
5793
4810
8609
6555
6959
7843
572
4342
2073
8210
7203
5162
4230
2692
1023
410
7459
1530
9978
5357
3882
4272
2693
7637
3986
1234
2856
5103
6592
6760
2645
2386
7922
7606
5293
4881
5449
5866
9223
7523
428
6426
9037
1011
5470
6412
1421
9282
7943
7751
991
1825
2023
3685
5815
2362
4919
5023
3817
1512
1783
6462
250
9705
4069
5543
4586
9518
7761
161
3393
4542
2939
2430
5553
4762
8843
3326
4044
3138
1078
5035
1315
9453
5072
7130
8167
9992
2153
1984
7856
288
4799
8106
6345
8868
1
7283
4738
4115
7444
4484
8657
384
3266
4210
5146
2109
3888
5542
1599
1318
6929
2915
7124
2002
45
5291
8346
8551
7276
2554
8839
8427
660
5185
3647
7013
2468
8385
7480
6265
9221
6137
6649
2488
6699
8147
949
588
41
2549
8258
6970
5464
5382
8972
1861
674
3670
412
4302
6224
5604
2729
3236
7141
6376
6602
5961
1113
4082
2226
335
220
5227
9175
3271
9726
124
211
9767
2673
8470
6738
8137
3852
2062
9999
4526
2085
6763
5180
8309
2367
4261
7898
9508
6989
4500
5470
8103
8582
4048
4790
5154
9276
3965
8426
9002
4089
8637
5122
3115
3459
1860
1252
7312
274
7603
8190
2359
4367
3371
7021
6734
3984
4919
2595
974
5771
4417
5429
705
8465
6571
5860
4093
536
638
9448
977
5627
4570
444
9087
2782
1697
6399
3056
5652
941
1768
19
4312
8789
3106
8297
60
2053
5623
5831
6470
1052
6536
1287
7623
8748
5381
4511
5738
4829
1840
1366
5751
2285
6805
8533
334
9556
1589
5986
497
9709
2358
1162
8498
1816
5811
8558
3869
1434
741
6691
2486
7278
7978
6461
2378
9711
972
8117
892
9164
5835
6643
1449
2640
1528
1783
2196
3118
4122
9045
9179
6480
207
7678
4648
6018
2588
8517
3804
3330
1560
2642
6960
5890
9103
9338
5602
6427
7455
2846
5592
3290
9490
3393
2282
1018
1529
4478
488
5651
9876
9668
8483
83
3698
3131
2454
6286
8000
6258
5968
9560
8901
2928
5450
4356
2267
7404
784
6074
251
2728
9365
6093
6121
7999
3463
7650
8830
304
9653
8706
6324
8136
8789
22
1267
7595
2660
5619
3854
4981
5179
9107
7909
6982
3463
6528
4386
4247
2603
989
3327
8320
7082
9449
6319
546
3451
5149
7202
3105
3855
3526
7593
8997
9900
5213
6592
8912
832
6798
3893
6012
5905
1803
2994
9369
8331
3732
9968
7286
4722
3296
5606
8156
9097
1926
8702
2548
7075
2256
2005
7283
5782
5951
6280
2034
1164
9224
947
1996
6023
4840
4360
1928
2995
3706
7649
1327
7439
7618
8613
8513
7266
572
6669
6363
2498
1724
5263
5925
3980
3621
9560
6115
9572
2192
8149
736
1417
9096
9084
7440
289
3445
5720
3284
3503
9722
963
7294
3692
5929
5807
958
6501
8829
3673
5351
553
8936
1276
885
2557
7189
7000
2129
9381
1502
9217
798
598
8302
4590
7239
8099
6663
524
1602
6385
1487
8897
77
7416
1056
7387
269
9885
1060
5620
438
9996
3249
1324
8906
438
4676
7387
9819
6178
6605
6970
3129
4907
1560
368
3006
4575
892
4608
960
8732
9857
7389
6148
914
1128
2770
799
2188
8390
1238
8537
1639
8914
7443
2077
3590
4830
1897
6121
1435
8867
9250
2694
6779
9618
5700
1355
6863
6661
8667
5595
6518
2409
8095
7432
3537
865
8232
2078
5608
5822
615
7247
1088
8058
9325
1030
9240
7574
7151
676
2793
6401
3370
5924
2372
5423
3631
5587
2084
2299
7534
8602
1060
5629
2387
949
2847
619
3027
8455
2793
3642
2054
3881
8052
1379
4911
7293
5305
2063
4321
4450
4816
4043
375
3540
9466
4006
5479
1550
2657
3013
6505
69
4995
8892
1019
4194
5863
4046
2649
8656
4041
1055
8889
2093
8787
152
5738
4092
8567
59
8543
3384
4103
5270
3276
3569
5628
5108
1472
8286
8121
4329
4707
3116
3221
5726
3662
5436
6125
2663
444
6518
3719
9333
8611
2506
9485
4350
6598
8053
761
1493
7789
4864
3115
7417
4786
8744
2525
6258
3382
6999
6939
8089
6467
160
168
130
1948
6293
2793
8744
9163
6512
8077
7774
5370
3914
8476
8321
8319
9238
6166
2460
454
9282
6230
5240
4378
5107
7850
7760
8458
4789
2201
4926
1301
8721
5056
9601
5014
4201
8345
4177
7066
2774
8304
2436
3041
3132
757
1360
8722
6924
173
9177
6206
2755
769
6936
4214
8620
4696
2673
9761
3249
7599
7415
1971
9007
7016
3337
3208
5362
3867
274
8136
8523
9063
1177
1655
9820
8890
378
6744
5415
5907
9302
8170
6676
6238
8736
5296
7286
1409
1410
536
9008
8825
8859
4367
5841
2196
7576
1203
2415
4202
5692
938
3265
6869
2594
9438
2111
9324
6182
7526
5231
1837
2048
1907
4427
785
3556
1714
8546
4966
8602
3907
143
7461
8274
5984
6009
2202
3540
8425
2757
9232
9363
6022
2453
1957
1812
4565
7633
7995
8443
2864
6184
6844
4772
611
3981
8328
8677
2527
9646
7279
6434
9789
4740
1061
2125
7102
3263
5665
5527
6020
1249
4890
8395
3703
3200
207
4620
833
4554
9415
3698
738
6259
4822
7702
240
9502
6379
2768
9148
3659
5554
5289
4751
6615
7414
8205
9879
9432
3732
2251
7033
8623
646
7088
8175
7206
1708
9008
1760
1124
9058
8851
3735
3880
6553
3976
3382
9284
3096
8882
9295
8650
523
399
5266
4290
8604
1497
74
2337
100
7107
7312
747
4196
1839
4305
5904
7199
6065
3380
6258
1268
3468
6490
4173
7444
6225
3458
540
1459
9105
5542
1983
9504
7160
2625
4461
5009
2699
3150
5110
9806
462
2209
4002
8653
6514
6259
5852
8931
5991
2110
200
9459
4953
4373
3255
1178
4183
147
2637
3289
5690
972
9145
9202
3597
3606
4212
6296
6756
5674
2455
3570
7883
2809
2223
4397
9068
8076
3328
1412
6538
3528
7223
1491
4254
479
2669
8437
626
1659
1726
2668
2631
872
1871
6229
830
2435
8877
7587
8109
1332
1157
5992
4142
3381
6741
9562
7809
6421
974
4347
6302
4550
5839
556
5029
8508
5345
2007
6519
7072
4676
9151
4296
2899
1732
1478
1686
609
9065
9795
1942
6575
2139
2436
6308
8880
1998
4117
1653
9325
4816
7955
3875
655
8511
5256
5516
3857
7263
2035
7281
8291
1186
7929
7542
2918
5759
9228
9880
4825
5375
1822
7752
7514
610
4060
2746
2608
4529
4400
8285
9345
2355
2160
1
7219
7416
1869
7428
1032
3904
1061
9323
1443
5342
6866
713
1101
2446
593
2278
7822
8767
30
5336
5729
442
4435
8338
4971
5187
6623
669
7542
5136
670
1113
8904
8891
4893
9936
9147
5954
9260
590
7648
2478
7656
8750
4924
4601
1028
2746
9721
1059
4435
5450
1501
5222
140
2825
409
3116
3494
4303
8252
516
5417
7156
9407
6662
3445
8554
8969
9057
5497
6617
1535
9505
5367
2811
4106
6396
1910
179
3807
6345
5630
1660
7919
5770
837
8328
8886
4331
2631
3490
4847
4400
6999
606
1063
444
5513
32
9501
7362
6649
7388
6867
8369
199
7325
1117
2109
3857
4924
4806
9487
2936
2725
1609
3774
1053
6848
8105
37
338
9305
4437
3689
6263
1852
4133
1776
1884
9986
5490
4886
3726
8709
3255
3926
2387
724
2387
6244
5648
7194
2083
4936
6271
3692
8710
3677
540
3168
3714
7231
8825
4503
7272
5088
6356
7758
3217
4592
7744
8707
9478
7823
3769
9085
1749
6156
9809
488
2400
1809
4034
4483
6746
306
4527
1808
3983
1420
4976
4049
5003
3801
8552
2275
5242
4908
33
4811
9501
4130
9870
5331
1953
3639
769
54
9795
6930
542
8547
5092
4577
9382
8190
1235
262
9998
5218
1682
1327
5619
3037
1480
4171
5312
6722
9080
5346
1533
4933
5828
1404
6616
7781
1395
7385
7835
7543
668
8377
6090
5760
9306
1825
3950
541
2087
3948
2111
121
1627
7730
3158
3108
8254
4822
6182
3686
6520
4068
8619
2348
1824
1587
129
3219
8973
4316
762
5993
9046
3205
1753
8352
1382
5703
5246
3469
6003
7357
9942
3983
1440
9452
7091
9694
4274
9625
3380
795
45
8351
3143
1869
9938
9625
1441
5263
293
8555
1256
9339
8112
3009
4044
9494
5064
9290
9315
7420
2999
9257
7755
4439
5061
1198
4133
9336
823
3865
6483
869
2216
5978
9090
2155
5603
6883
3770
5897
5439
5027
1588
3551
4388
5632
9398
5805
4922
8713
9577
7922
4323
7332
2361
9384
8530
2847
5072
5705
6712
1555
6574
5281
7534
2017
3788
9489
8900
7558
1738
4339
2585
3327
4243
3326
8959
9993
5483
234
8706
5060
4508
9381
2392
6869
5118
7274
6068
190
2979
9133
8098
9554
4414
1984
7923
4554
1473
6823
2112
9564
7515
1050
9243
1758
4376
8202
1751
9859
4788
6809
1271
9296
2543
3663
2518
7661
7289
4938
7851
268
4071
2301
6174
4837
4285
4097
9391
2111
921
1504
1675
4788
8906
918
2898
3282
5472
1001
9493
261
7810
764
5909
353
779
8427
4366
8068
3366
2218
4688
3789
871
863
4979
5157
4960
4370
7268
2233
2226
5295
7021
1132
6213
9919
766
8037
920
6611
4650
5083
3727
560
1788
4506
5339
6155
8926
5057
4725
3615
5199
5596
4478
178
753
5790
900
4373
4376
3127
9668
1397
611
2233
7669
7730
271
4941
693
4921
6376
4421
1833
4517
5279
7173
672
4206
2230
1749
7821
7429
7345
8651
3959
4451
793
4860
8824
5169
4339
4845
2919
4950
7078
6940
9032
7349
8233
9726
8623
4610
499
456
9127
5778
7629
6151
9984
6212
7900
4157
9993
5245
9160
3953
6048
9954
8813
1225
5123
3152
6070
4394
4454
3148
1334
9839
6850
9568
5917
5473
530
6416
5929
9657
2194
9911
5808
8531
6123
60
9040
2468
1657
8201
6421
7706
8155
1586
5283
9630
1090
1353
377
1897
853
1711
8088
7703
7631
4005
9528
8161
6773
5458
4170
8967
5369
6330
3850
7844
6390
2891
312
8048
1092
3086
2106
5599
4672
7389
1581
2115
5094
1958
364
5947
22
8452
3
7653
2457
9531
2167
5582
1341
6337
901
3062
2668
4752
906
9058
7643
1219
3458
5087
657
1916
7038
1681
5657
8619
3796
751
6930
4160
6699
6952
8964
3054
4605
1421
2585
6772
3355
3927
9462
4257
3341
2130
9009
4248
7540
3004
1819
7351
4443
2476
9267
1481
4157
4925
6452
4306
5676
3382
4818
8727
334
3783
1781
1292
1556
719
4416
4912
998
3878
9169
4339
6008
4530
8587
9901
7534
6758
7252
1977
5586
6519
9810
9744
7796
6262
402
9825
9645
5220
8552
9979
5355
6686
7623
6912
7405
2040
1824
4755
5918
993
9094
8279
1875
4034
8180
9409
792
1784
7738
6379
4655
7548
2475
2452
162
9229
2277
9807
4449
7181
6139
9805
3867
3762
3069
7624
2154
4893
2379
8073
2238
7826
2704
4113
1860
884
9874
2652
2668
7612
5383
7323
1512
4210
6127
1674
3439
4756
7834
7889
1938
325
4046
2157
4087
7115
6134
2594
8360
8513
667
6950
6339
3371
1063
4551
607
7289
3556
9627
4901
8939
3302
2765
3150
5782
791
2941
538
4977
7182
8828
5302
1228
986
5742
4695
7120
8336
9407
1985
5355
6357
4677
5078
7420
5580
5685
4709
9136
1664
5962
8076
1318
5079
7578
7100
2223
519
7639
7200
7702
6467
2503
5282
3805
8245
6330
7277
6581
5737
5615
8288
2095
6644
3366
5867
2224
9051
6929
1361
7067
9243
5789
8385
4323
9719
1838
2898
6590
9477
98
4292
2296
2601
5927
2454
7198
8609
9731
131
4346
5346
8419
6441
1990
1785
8661
567
7188
5590
1928
607
1185
4069
8993
1860
3788
831
4758
378
6660
4857
1023
5308
3810
3302
7762
1009
1911
7494
1140
6257
9192
5912
9051
7535
7697
7712
8102
1238
9654
6382
1845
839
451
7190
9052
4239
4373
3810
969
7385
8667
1992
2694
2478
5294
456
9839
7205
4302
7331
9815
9847
3243
8866
3734
7293
2930
8188
4883
8936
4570
6728
6127
1373
271
5179
1964
996
8990
2933
8382
4009
1278
1076
2839
2924
7884
2678
6482
8539
6362
6297
4738
5957
1515
8472
3250
4445
6660
8133
9733
7582
1214
5860
5307
7837
7392
7271
8833
6382
6556
7215
6743
4186
4643
9583
7111
8880
8613
3593
3771
1327
9890
8509
7285
1405
3333
535
2202
6345
5021
8287
3927
2587
4147
5586
6776
1539
2857
5609
4273
5765
9177
1017
9952
3820
6952
7063
9052
1917
656
2823
3245
6898
1332
530
4655
1017
7417
3209
7362
8790
1496
1289
7729
5643
3227
4505
3535
6084
115
4160
8202
5644
1529
8154
5816
4833
1569
4869
6751
8577
7692
6348
5475
5377
3230
6482
6394
6999
9691
3757
5790
1187
1398
9871
3182
4626
4377
3069
7062
844
7230
5264
6488
8759
9770
2304
9945
1339
3525
6696
9916
7570
9396
1743
9299
8978
8225
5693
5977
7916
5802
8119
5455
3553
7991
4990
8179
8720
8059
1593
5916
5289
3210
2404
401
2980
1060
346
672
938
3394
6940
8508
9142
8684
7807
8120
3261
9852
449
7530
5655
4921
2985
9208
9264
7975
3739
7984
6035
1684
3900
7676
4894
2656
4429
4227
68
1127
1251
1006
873
8191
9514
15
3227
7321
4487
6489
3526
4937
4019
9181
6210
7004
4741
5474
1332
4832
9810
3719
2868
3710
7747
7763
2718
2177
8342
2786
9656
9593
3793
530
7784
9659
545
1012
3333
1385
3853
6859
2674
7872
2392
8884
1228
7133
4358
8912
8317
4168
2631
1185
4230
379
5300
3300
8908
3642
6086
8564
9587
6231
5446
3724
5891
2344
1088
5576
3729
4941
2435
6403
2813
4827
1639
393
8312
2349
9306
6629
2869
8289
7814
3451
8668
3115
6751
3928
3109
2837
8845
2697
5421
4291
6421
7664
2987
7509
3240
6716
8802
5675
9471
1615
502
7462
8360
8814
9811
4018
1795
2680
2308
9609
6131
976
9076
2882
1257
2186
2072
6454
4883
7493
7097
7656
5157
85
5165
8397
3153
3967
424
8977
1934
7278
6439
6646
2444
6251
665
4239
5283
2973
200
1415
301
9277
649
7910
1463
9073
4364
2698
2918
1462
354
4427
1547
1871
9176
4700
2190
9600
3677
476
6878
6469
7122
5674
2720
4139
9913
4355
7112
6466
2122
7414
5743
2772
5324
3558
8197
6041
2608
1116
7503
9314
5543
5402
1185
4720
102
9727
672
132
203
7551
2953
3677
9577
2025
7817
9491
6380
1281
5957
8503
5047
8052
7627
6724
7962
5824
2765
570
6940
268
9884
8836
2022
7421
3556
2124
7148
580
8608
3703
8131
1561
3732
4061
3586
1549
9904
6319
9183
2213
4822
4230
265
2449
7306
8227
4625
71
8797
7918
6691
5033
6754
8713
2454
6662
7190
9602
7242
2150
9657
1726
64
3389
5787
2
1291
5691
6321
474
4256
7495
1056
4521
6296
8363
9100
922
4786
4249
8840
7830
9282
1946
6543
1736
4960
85
7690
8554
8588
7347
6632
8652
736
2419
5006
8379
4462
1328
8853
8718
5175
6262
9591
1472
4625
8691
8746
5763
9292
3938
3593
8574
5884
6489
6662
7196
6574
4352
5750
1514
8051
2383
166
5140
1154
1525
3519
1969
2853
8725
7039
4380
4987
6631
5852
5964
1674
4598
1727
967
8536
5321
5893
772
1810
2556
7968
4736
3260
71
2603
7664
2454
2769
2804
9960
646
6323
1929
3499
1400
8969
4232
6387
1952
84
2351
3626
1035
4079
945
9571
5752
3191
6696
3914
5747
4664
5002
5359
1087
7605
3023
3541
6727
2179
3502
7373
8503
1783
7225
9903
752
1457
2643
9056
7893
4994
9035
8928
5425
6332
4852
7529
9523
1548
1443
1622
2564
2798
6982
3652
403
6357
3545
7130
8537
3399
856
3392
5183
8081
3295
2287
9538
2290
1344
7431
3637
6731
2712
9062
3063
7564
6592
2587
9112
4387
4209
1676
7185
1191
1680
3941
7549
5226
1071
2438
8625
1927
5830
160
6360
5477
2448
2250
7768
144
6034
1405
6875
8746
6819
6290
6310
9763
8877
1774
4151
3087
9802
7688
630
1483
1629
4531
3061
9053
6969
1686
7332
2799
8199
3693
8277
6999
5943
2397
7143
1977
3802
370
7075
6973
6660
3385
6737
1890
1511
7240
1329
1314
4928
8311
9149
2910
2843
2210
1963
6164
248
9295
5316
8447
9340
9945
5446
1636
2342
8941
9965
2496
5663
7041
9469
2324
6778
6206
566
8290
9798
1895
9604
4727
206
5105
7637
9401
7315
5952
5566
7563
1599
7234
2363
940
7179
7809
2576
5873
3103
2541
4721
8766
9582
4190
7442
2713
6749
8008
1003
6547
9903
6959
7626
6462
2064
1615
5863
9379
7567
7781
3294
9167
5015
5657
6459
8546
9819
9035
4419
9274
1576
5492
8040
7511
9683
5483
224
2784
9843
7579
5683
6099
4538
9662
2561
2954
1277
8424
8685
5197
2558
1979
716
7573
3989
7175
2472
160
2562
3243
9434
490
8736
7474
8001
4771
9309
4577
3907
9153
2156
9590
5252
3046
9252
4165
6000
6882
8941
4685
8431
1499
3017
9147
5425
7006
2674
7897
7166
5236
7492
2952
5726
6228
426
3728
7351
6088
4657
1258
1593
3166
7201
6845
6212
6453
1010
8565
9687
6303
3250
8118
7803
6267
3617
9580
9625
6291
7477
3143
1527
4969
6095
7254
7550
2874
7334
4901
8962
1991
6160
555
5157
3361
3752
7722
6166
1114
6287
2206
7417
5889
6676
1572
8509
294
1152
8134
6585
4981
7630
4465
6303
3725
1719
3853
2951
5405
5106
8265
7396
7618
5172
8906
7331
8924
2980
9850
6390
9267
2056
160
1508
8732
1732
17
5378
9237
4504
8316
4218
2134
2781
521
2211
852
726
5163
6257
2185
9780
5
9803
4953
8911
7135
3877
8243
3337
268
7510
5393
428
5371
477
8512
5388
2208
7749
6244
524
1968
4730
3305
8841
6942
509
5920
8457
6766
8105
8237
6771
7908
3190
2035
1395
3420
278
4732
40
4141
6477
6820
9512
6955
5332
1252
9163
9434
7497
6039
7754
2227
5696
6595
5521
6205
2515
3978
2971
6972
8568
6094
4881
8110
8129
2628
1530
8408
7361
7922
2549
190
4742
2061
7145
6427
3313
2660
2213
7162
5051
9967
9390
747
2914
1263
6952
1782
5242
6275
8754
162
2370
3635
8272
6851
2616
6155
5259
6329
4077
4160
6519
5172
6221
17
7951
5887
2677
164
9401
4081
6483
5143
4828
9397
6407
8133
1179
1649
760
9934
8163
9482
9921
6435
6334
2537
2590
1593
8866
3020
5754
5386
8192
8327
1755
6143
566
4432
2659
9968
4865
9142
5111
9694
8539
7870
4179
9719
5871
1291
6005
4034
774
2278
470
7108
4816
9412
5053
34
2432
7159
1772
624
5487
3527
3119
2405
4312
5778
8725
9177
1272
189
5223
9812
8059
5754
5883
3931
7046
8240
7965
4172
518
4787
1280
1686
4200
2685
1721
6632
9845
9845
3609
1684
3373
3080
441
4037
5211
9167
9566
6483
9356
4790
2647
7415
6896
8530
1346
3942
3122
5664
4466
3641
451
5746
5327
4651
4784
3400
1284
4629
3246
1245
2665
2971
4325
3106
7008
9536
2273
6574
6020
1629
7716
8667
5397
965
3550
6743
1259
6672
8759
5726
6665
9211
7824
1993
3862
2608
5393
1498
3589
4991
2743
6254
7962
3421
5713
1322
2957
7986
4249
5329
5968
8317
3997
1365
9282
3899
4460
542
6923
3220
2620
3589
8783
444
1934
2645
3053
7327
496
6642
8671
9591
9249
2985
3012
4962
4308
5970
9300
4909
1299
1620
3226
1648
9337
8861
1899
150
5755
8823
9722
8375
2412
8505
8819
4346
7502
1872
8025
7998
4867
3048
7590
468
6034
6954
5430
342
2924
1082
1603
576
2703
4829
8576
8392
42
476
8542
5797
5651
4616
4172
4415
3121
2992
5113
624
1216
9490
4974
6083
2539
8916
6551
8573
5871
8333
5267
8795
5768
6870
5723
4823
8051
652
3215
8094
7480
8110
3891
3131
2726
8064
3898
5848
7408
9011
2824
8624
8501
7798
1060
1040
6715
3963
5965
2586
2297
1232
7733
8065
8102
9809
9240
6154
6813
2455
4248
4293
565
4491
3776
9644
2555
7674
5492
6315
3037
4668
4940
1538
8818
6000
8931
1885
9963
4896
4471
8612
6129
8557
3029
583
4718
2269
6737
1531
4725
7337
2176
1642
8181
5952
1286
736
9978
3130
7052
3015
4150
8344
4553
2969
696
3484
4854
659
4733
5678
5624
862
587
8653
1445
5305
923
4535
3188
2000
8224
5364
9994
6405
7668
7633
3494
7646
7115
6898
661
1266
5242
1566
4235
5938
1403
5441
2949
6136
1119
8573
3350
8058
3579
4795
3363
4502
5682
2903
2854
3907
8267
2848
312
2287
6833
158
9933
3949
7056
594
5215
8650
8513
5802
940
9916
1243
3890
6052
8715
8815
9402
6773
2394
549
6489
3248
6232
9392
6102
6491
4012
5303
3155
6299
2136
3314
6233
6085
6722
3179
7652
5373
1692
3454
2665
1608
4698
6555
4012
3413
1723
9766
6538
4117
6668
3027
7366
2900
2420
9820
5743
2784
1475
8898
9083
3612
8564
1668
6049
1639
4848
3702
7012
2892
7156
6029
853
8206
2585
4865
7971
4308
984
4510
4777
7652
7537
8495
6904
6309
4668
2647
9093
6143
7897
4529
9755
2814
6197
5805
4453
7397
5859
7817
290
3015
3846
1143
7574
2783
2360
5545
3443
9696
6407
8221
7348
3945
3068
4252
6606
7736
3251
2052
3880
1149
6581
9987
315
9130
2144
4768
6528
8003
2585
3170
7371
2783
4313
4945
5567
3025
490
9010
2722
3250
3583
6422
7195
6652
675
153
4388
278
2205
4620
7779
5138
4608
8094
4269
6752
2862
797
4756
1799
3967
2127
935
4632
3424
6502
4009
266
1864
6731
3516
5448
9506
7063
2100
181
7217
2840
459
5774
7461
4591
913
2069
2685
1534
5173
5548
2331
9929
3699
2650
8408
4634
3634
8184
7488
7643
8451
9353
727
1967
1153
233
9031
9605
6766
6248
8797
3577
8374
6258
8168
9287
4679
854
821
6205
2754
9504
2486
2805
8506
895
3792
8492
9079
7632
6136
3882
6985
3215
5850
4490
9800
4881
4095
2918
7481
9245
2847
5855
5503
1016
1495
6535
8222
8668
2740
7328
4525
5226
6485
3031
2473
277
1524
7905
7910
4012
1787
1247
3579
7637
2090
9731
8870
2537
2649
2703
1782
5496
8559
7286
2864
6406
173
7438
5074
9265
1118
5951
4491
7604
8983
3317
4233
6859
1222
2143
7223
3009
9743
802
6999
1833
533
5869
722
3182
4925
2505
5030
9836
6143
7895
6242
6316
1685
7668
5581
2804
3620
6424
408
8955
9741
4641
5814
7315
3137
3037
6677
9232
191
3676
7417
724
5897
8139
258
822
644
1640
658
6787
5887
3252
9455
7573
7273
1388
377
893
4165
7137
9848
258
8130
2014
7574
1267
1403
603
6851
1594
4279
4268
8670
6528
2408
5280
3703
9404
6920
713
2544
2808
318
1999
381
7591
9740
7110
8484
3905
4247
4684
4163
2377
3050
8089
9997
4453
8692
6848
2399
9323
1117
7421
2204
9877
2701
5907
5633
9621
2972
8177
2429
3290
6529
9162
881
6269
6272
5717
6526
6871
6753
689
9249
9803
5131
5598
608
175
2446
3007
9499
9915
428
1703
6144
9481
3962
1778
9103
6934
9955
7884
6577
6484
7047
3810
2753
9671
9528
5631
6543
6281
6321
2144
2437
7804
7742
3045
7979
6540
2405
3830
6456
9185
5533
2600
8667
5847
730
4122
9134
686
2006
2063
3522
9053
5873
2628
8725
5401
8259
5268
8035
932
3764
6824
8736
1506
9869
3068
8046
8626
6898
854
7812
8784
9807
2831
4631
537
6953
117
7575
8959
2180
1098
4365
8054
3726
9442
9807
1985
1062
4194
2918
4826
1018
8006
6332
888
1074
730
5866
7973
7937
30
6757
7744
2861
7740
4633
6166
4210
2209
1478
6390
3307
5843
796
7033
1637
604
5370
2699
4798
8288
7525
5817
6295
209
3057
3721
939
5275
1694
5228
5306
4803
2972
4519
8896
7606
7038
3106
6167
8516
5848
9474
711
6645
2859
2348
3601
8229
5047
4751
2870
8924
6920
5517
9133
6329
9238
6424
1605
7285
1653
6911
8440
4625
7782
3688
8583
4820
6794
4750
9688
8995
576
6751
1992
3435
9099
5593
8017
498
344
7239
9422
7265
2756
4907
3594
8346
1332
5199
5631
2985
8462
424
3962
2597
4112
2546
7417
7259
3648
3458
6254
577
209
8246
364
5661
191
8381
2511
535
5620
1934
4152
4728
3193
4099
3075
4525
5650
5058
7510
465
5482
1473
3062
5947
371
6831
3206
371
289
5812
948
499
410
1313
6160
601
6046
8671
7488
8019
6957
1641
2747
151
5740
2174
1028
7742
7233
8539
8207
9067
6364
1269
5014
6735
8101
4572
3458
8390
384
4407
5241
794
2072
1401
7747
8118
6425
5236
6137
9734
6877
5237
6237
8969
7411
7266
6711
996
2157
4919
6416
8521
2540
1430
1608
641
2355
5066
5384
2739
5825
625
9886
7897
8379
7633
2368
4804
2869
4857
890
6098
6446
3480
1419
3858
7098
4483
1206
9255
5754
7622
4128
8294
5405
2088
8936
7760
3506
4320
6851
9332
1297
6737
3581
9676
4371
2301
832
3592
7159
1723
9691
3605
5203
1110
3815
2301
1945
1374
7908
7699
8996
8388
5994
4401
476
1282
8513
3982
1954
5365
9666
3251
2102
3248
2928
2825
1901
3760
6418
9060
1835
2461
9018
7038
9923
9185
5691
1869
559
9951
9568
5908
8339
1914
6661
8815
3196
5175
2798
5150
540
8816
8402
8994
2064
7682
1820
3966
1442
4590
9378
3278
7051
4748
6668
3326
3934
8712
5195
845
8663
1116
6753
7003
3030
3415
2170
6227
8590
1320
7729
5482
137
6131
4476
2201
3813
2648
2519
1608
3590
8250
4886
6993
2998
7906
320
3284
6618
1867
4130
5282
2983
7235
8637
6014
650
807
8593
5592
2128
6322
1074
2265
8806
1903
818
8971
903
9690
579
4494
7940
1817
1487
7290
9724
8159
575
2694
27
1057
7976
3010
8292
2965
5376
5295
3773
3969
887
2253
292
8314
870
5450
6569
1688
4421
7472
7730
5001
8318
2022
3170
6158
9313
2894
4317
6240
5589
696
3649
9917
3707
1941
2883
9083
3588
3008
9405
4476
5261
6049
9142
6131
1499
5711
4171
5920
9535
1902
7273
4206
3924
444
6716
9589
9690
7385
5829
5279
8082
9478
1549
8141
7772
784
7224
1360
3792
2981
2188
5405
9030
7682
1536
529
9745
2059
2802
5633
3961
75
6191
4238
6871
2907
179
6562
292
2361
8193
4726
1839
9742
2867
5963
6878
6444
3676
670
9425
2216
6075
8456
6251
3963
5337
5996
6023
4491
7981
6336
919
4172
6926
7790
7079
7106
4352
3724
9467
2546
8450
7658
8640
1318
9974
5519
7762
2
2541
3539
8570
4969
8347
4821
8932
3685
7170
1307
4528
5151
3996
5447
9324
922
3238
2755
4380
3942
2831
199
2840
1282
4210
1481
8952
536
3352
3066
538
5893
6605
9108
862
4953
3930
6147
4990
7452
7454
5870
2603
1450
1318
1927
8725
908
1035
9457
4850
3866
9657
7691
5148
219
5524
452
755
5228
9870
1293
1121
2828
6753
8336
4133
7035
835
9123
4487
8289
1345
7091
6092
2663
5370
1169
9923
6405
626
1126
272
6635
8817
1772
3206
693
8577
3961
5921
8447
1606
3394
1275
8360
8082
5408
1747
8917
883
6235
3559
2229
9678
9651
1244
5048
7172
1168
1454
4150
8646
8078
7138
7463
6202
344
4508
4779
658
6781
3227
2264
6527
854
6976
4610
6263
8724
3527
3498
1311
3438
2079
989
9441
3324
6037
6613
844
3843
764
9490
8273
4254
3305
4476
4598
4165
9255
1608
946
8834
3873
7473
9689
7201
8435
2304
2277
8315
5802
3588
1753
7882
4577
1195
7558
6967
4160
8402
7162
1276
4244
1788
5530
3901
6264
6481
8066
1871
8089
5364
706
8314
9189
6747
5516
3977
9051
7793
2292
4853
7734
397
9087
8663
1592
6645
1982
2105
1399
5497
3381
1995
7285
5264
5896
3549
1745
314
1772
6186
2030
8830
4501
1220
5577
6369
1549
4628
514
3841
9482
8248
4238
4921
3264
2183
1567
5246
4288
2966
743
4021
4962
4380
9285
7210
7929
1030
7525
6054
3569
9555
4884
8070
7127
462
791
8676
5090
1305
8869
924
5906
9460
5846
9170
1643
3765
768
2283
6731
1512
6304
8045
5892
1942
5256
174
9324
9133
2580
2893
8688
7464
7315
2168
4278
8106
7196
5721
9412
6066
6645
5318
5526
8843
840
3521
2608
1608
2156
5692
9472
4812
89
1717
6754
5345
8243
2431
4478
823
5324
9519
4639
2640
8039
8918
746
5235
4639
6510
7653
7636
8180
9531
2832
5372
3052
1792
6981
1560
3836
2805
6373
3926
874
3127
9271
9117
1910
102
6292
7235
9621
7284
6227
7660
2554
3325
2895
7193
9836
6901
1181
4368
6432
365
9741
5837
2158
3074
7397
5994
5879
3770
9920
3106
3250
5544
8575
5160
5646
4868
8747
5267
8504
4974
2927
1058
8300
2174
4603
4488
9075
5784
8856
1860
2502
8597
7697
4660
1671
5094
654
3903
5217
6927
7009
4819
2471
5584
6331
8117
6804
5079
9736
5308
53
2663
2718
4705
1189
7321
9193
6617
9458
8050
4829
1960
2999
2526
6620
4671
3972
3626
8574
5541
6905
1935
360
9376
7519
3044
3845
676
8123
3581
5984
4528
2596
8703
9234
3786
2376
4779
6755
8186
9181
1584
146
2181
462
3118
3204
786
3097
1778
6328
2
65
3040
5731
7584
6084
9576
4612
4207
3158
597
5088
5754
5652
674
5892
4380
5453
8999
2567
4635
6935
9065
3168
7397
2184
6372
8184
1633
4502
864
1635
4567
3904
3718
8503
6341
3295
3116
6900
2805
65
1988
4911
2069
2662
7156
6449
4468
6155
9016
9103
9443
8082
2271
6840
6618
4995
1376
8251
9497
8592
6238
4064
8849
9957
2567
5190
9604
2035
2090
8761
2100
431
3672
4169
3093
7180
6971
7561
9688
2339
3016
9131
6773
1639
2323
3391
6634
52
7994
6131
8644
585
195
7493
542
9115
9035
6498
1150
1126
5259
9603
7909
5283
124
1002
2464
7095
4916
2152
9435
7932
7635
6208
5924
9958
5952
2558
10
3946
5042
5007
4531
5237
8852
1425
704
7888
7923
8207
5366
9534
7810
3275
4818
7934
629
7282
1382
5545
5786
817
9830
3421
7025
5754
9731
9329
4664
6094
3276
9706
1101
4159
1296
9953
5585
2000
4193
9860
6559
9559
9395
4369
9186
565
8656
9816
4199
38
5361
9985
7207
1543
9758
584
7297
9489
9914
1962
5583
9542
1668
3036
3701
9316
2990
5638
1317
3535
5499
7876
3095
1246
8598
8633
1811
3606
8449
6010
9996
163
5995
7203
1706
2105
4139
5356
1594
4053
3670
3530
3595
1690
6566
3649
1007
5908
9287
2324
9444
4786
6552
8891
6032
1502
