7524
7843
5108
2326
205
1456
2489
2552
8659
547
4657
9151
5903
2604
3204
9573
6134
3152
1264
2700
6801
2271
4961
2440
947
4405
7227
7499
9648
9611
5354
3524
3807
462
5850
4012
1919
4691
6565
6930
5239
7574
2433
1142
178
5638
7068
6312
5142
8332
5365
8295
6955
326
735
7902
1083
4314
1753
731
278
7107
4255
4085
3922
106
4449
5841
1149
7366
9123
6388
4941
1557
7531
5119
3547
4599
7784
5041
9283
3149
9688
6238
9827
423
4140
910
1090
2245
1641
1368
9353
2248
1805
3275
8706
6254
5468
9856
9973
943
6244
1266
2500
127
2737
2399
1078
521
3792
361
22
3480
2951
9849
256
3443
7111
1346
5689
5104
9066
5042
7353
871
8317
6059
3477
137
5915
9802
1080
8512
1068
9933
8639
3806
8684
6070
4327
2477
6431
702
5957
5735
6903
2565
9178
4015
3911
4867
9119
9329
6261
6472
6552
930
8884
6382
1067
1151
6184
2148
9663
7253
8433
8303
7411
7117
725
8090
9594
3508
8792
1904
9243
5696
4469
4774
9711
4733
5993
5182
4062
2255
8007
6967
9537
6891
3349
605
8042
5885
9105
7706
9490
7538
2361
6901
1007
3086
4992
6954
6594
3784
8858
2190
5832
3327
6964
1895
4412
2957
7078
4827
1564
5085
1794
1102
8328
1495
1707
6370
7380
7164
428
6871
1054
9141
3772
2061
2227
8764
9015
5174
8901
4225
3716
4733
3905
680
6629
8317
9989
59
3144
1554
1496
1290
2656
9824
2785
715
2546
166
7879
2975
3389
5285
2116
7161
7346
696
2278
2714
2222
7531
6939
5938
2264
7196
6618
5245
5514
6607
1656
5010
8161
3152
6301
7169
2976
9086
7884
5523
5604
2115
4850
8993
7400
6966
2507
1099
4014
4785
3813
6236
8668
7104
2174
932
4301
8792
2530
6167
1752
538
1177
6265
3691
3830
3435
3019
2917
1319
4894
8521
3435
9744
3867
835
3063
6374
1934
7077
7511
2099
3314
6179
5556
1840
3463
6209
6985
2345
2376
8737
2884
9905
5002
6575
3736
8437
5946
3005
6109
841
7878
9544
6937
1745
6731
6352
8119
5018
9782
1982
3469
9448
8161
9025
1288
1625
5234
8273
322
3962
7010
3206
220
8365
9781
3956
3154
2080
3313
9263
9273
1191
5159
6210
2937
1891
8915
7408
3261
8697
9391
6730
4497
3904
2108
5785
1881
3694
411
2204
7657
7421
5410
4229
2138
1544
4537
5293
3624
7850
4556
2897
9041
6068
5459
8330
4311
726
5739
7572
5775
1482
4302
272
5386
6410
6058
3620
105
6469
5824
4114
242
7586
4695
2381
9130
9232
4026
9106
7082
4934
2003
2475
1002
3815
806
5313
893
2897
9237
6669
4379
9892
6941
6117
2654
2999
9737
9111
5820
1913
9577
2415
9500
4272
1148
8630
3504
5174
7737
6938
6460
6092
9414
7463
6259
220
9128
7153
9469
4718
3822
3848
4610
7115
6317
7264
115
6055
2728
2287
4320
2305
4702
3820
6578
5850
8803
82
1024
2892
7021
3837
5336
2787
1300
1596
9359
6780
5101
8828
7850
5275
9028
2460
2390
5345
6077
8857
7752
8805
1145
2073
1110
5847
5893
7688
8050
1048
4123
5426
3940
7496
9263
9277
6635
6915
7225
5994
48
2326
1174
7898
3953
202
359
6343
5547
2788
5201
9652
1593
2698
1725
9055
4897
3970
3096
2947
5019
7219
8374
5311
1067
3989
4588
7702
905
1813
3696
953
491
4870
8851
4444
1424
5562
788
3323
8350
2341
2975
9943
1391
1052
8999
6288
1375
2095
5588
6394
5666
3962
8057
6733
4303
2646
787
5208
811
4483
2513
1303
5705
1365
5747
3481
6927
2887
6804
5278
1580
6132
1573
2971
7184
6924
9260
8559
5371
4848
1305
7389
5162
9363
4122
5817
8361
4909
1026
9172
5744
3539
475
7801
1256
2575
1282
8184
1814
8087
9814
3395
4219
7739
2718
7755
4664
8330
6315
35
9530
3972
3777
1044
3335
7899
6862
8048
9161
7888
7221
1257
7779
4048
9059
9036
6623
341
3572
4790
4780
9738
8185
5351
7477
7255
3107
2141
5586
5774
8529
5116
9746
2306
2513
9434
6557
9375
3834
2070
3615
1055
3328
1394
5104
8739
6782
8079
5432
6706
2869
213
6444
1054
1916
3922
4662
5023
2415
248
7149
944
1716
3248
9602
4229
9034
2512
3604
2868
4582
7219
3924
4262
4966
5380
3001
8100
3459
8434
1159
6329
4999
7603
3735
6915
1525
8397
8291
293
8645
1792
1237
362
5040
7192
943
426
9704
4548
3295
638
8119
3571
4901
9437
8951
7902
3890
2410
2688
5049
5091
7687
9004
8827
955
530
7224
5598
7175
5870
7390
4764
2584
8783
1956
9879
9209
8012
779
2504
8651
5251
2427
3552
4688
7730
7806
4930
141
495
6331
5232
4534
5336
411
5489
2218
7636
7439
9393
9858
4830
4157
8794
3613
6114
8673
9174
4126
9453
8031
9129
4704
458
2681
5744
8189
6840
675
4682
7335
7006
6266
1869
2342
6678
3711
912
666
1150
305
524
2332
4463
9318
2297
6929
7991
1472
7407
7444
5855
6537
2148
6313
5570
4245
854
2410
4920
1888
9745
8278
4507
7967
6973
7537
8030
7885
8203
5532
8191
8727
4217
9006
4397
6514
5935
2388
4338
9694
6185
193
6231
4685
2859
1802
8930
65
564
202
8306
6662
8481
2813
4629
1806
350
9011
9691
8553
4543
4234
3632
8760
9592
8029
1627
1879
6769
2317
1574
9306
2511
7805
3992
1722
5959
9274
8139
2876
9477
6445
9538
4310
5610
519
6116
5960
9530
2159
865
425
2746
849
9186
2338
8878
7165
4218
2000
9482
5792
1306
8345
9949
1650
67
2261
925
4559
5137
402
1004
1027
1064
6615
1546
7180
8927
1076
5691
6145
1501
8437
6994
7039
7128
5873
4204
1346
4225
3687
3490
5531
2032
9791
7182
8452
8404
4459
3011
9893
1213
367
920
2277
3334
2466
5809
8614
9894
1500
4759
7748
6290
1753
1139
3418
3978
5344
4764
4555
5383
4606
87
3767
749
3621
8571
9154
8080
7934
9047
9293
4654
9968
7922
4340
8786
3731
2954
5033
5231
4065
2781
1521
5819
272
1291
6149
1968
2407
705
7351
7013
7144
7471
7763
7117
6042
6917
5197
3977
5964
842
8631
2284
8764
2971
7423
2495
2278
2456
4078
6343
1589
1952
8514
1861
3243
4664
3830
5651
1721
7533
9016
8865
5004
6779
5982
7399
48
7531
1376
2365
4725
6359
1001
9841
5682
8424
2336
4312
880
2766
656
2469
4718
9170
4331
4314
186
4513
6317
8259
2046
5333
3476
7051
8465
5810
4450
4865
9693
2178
7230
4418
4889
4584
4259
6923
3008
2947
1236
241
5714
8244
2710
6784
7414
3393
7450
3953
7906
3767
8564
6305
5453
2041
9708
3918
7851
510
8783
7545
2688
2366
8315
3929
6950
2575
852
6310
1874
8440
6551
7588
6684
5614
725
451
9007
4527
756
3266
8295
9320
9571
3748
1361
9279
4018
5565
9789
9153
9462
8829
1519
7777
9110
4821
6704
6314
1132
8579
4755
4035
2519
7791
9649
9596
8242
8657
4124
8998
8275
8771
8319
4198
8871
6032
3477
2889
7949
9618
8394
3763
4799
9914
7893
261
1087
949
6575
8571
9528
7682
2607
8400
5474
8608
7996
68
7265
8472
9067
1892
7243
3738
6090
6114
6122
5919
5355
424
1889
3750
4187
3040
16
8432
3301
7455
9382
6229
6027
8910
263
4986
3662
2089
3594
1659
2158
7212
131
1225
9104
3727
1315
5195
9841
3789
7466
1549
4213
9356
5299
4753
2396
1667
3185
5698
9122
2567
8279
1501
7830
8542
6487
1492
632
6434
9503
2790
3646
5987
367
9102
9714
8034
649
5907
1823
8116
7456
2389
7472
9107
7142
6220
774
327
8270
6249
9247
6549
7750
7077
1444
4238
4921
2076
7024
4425
1218
670
412
7937
9772
6478
2323
422
2385
498
8538
6194
2887
2362
1653
29
8582
8780
6709
6853
5029
5956
9754
2779
9385
1198
3369
4306
9626
393
8731
7196
7415
5495
1485
7188
1973
3808
3962
711
4307
8852
6905
3546
7566
8558
3576
6148
7338
6637
9353
8719
2593
9108
7851
1978
6658
1220
2636
2637
7966
1368
9833
1733
6863
7671
5273
5189
7831
9235
5900
2138
4439
9157
2037
2005
7715
5613
4506
1406
8602
3859
125
1195
9319
7976
9525
2330
5549
2161
4967
9867
9881
4800
1600
3097
8823
3226
8286
6655
2461
538
5145
3253
9695
7182
5258
3762
9147
9764
1520
7749
9976
7998
5296
9295
5974
1173
7977
7875
3335
2944
4094
9568
4097
2047
2665
2920
5273
7303
9575
4086
4193
4721
7339
240
1903
2598
355
1051
8714
1875
5152
8690
9873
449
4338
2200
1622
2315
6427
1309
1612
522
878
5709
2569
9895
8629
7842
3551
4557
1928
7744
9278
9268
4337
7533
8218
4692
4936
3284
2919
89
8327
2793
6890
9017
1345
4864
7684
7772
6174
9296
4646
3404
5005
7215
9651
9987
1409
3202
4544
3338
7299
174
8958
7988
7707
3528
2680
8996
6812
5599
5437
5139
4744
2327
508
6089
3543
8193
214
9717
7489
4860
9473
2495
8428
9125
8834
9837
8679
3378
3175
2330
3552
8485
318
7611
2013
9350
6607
5178
4950
8396
6669
6046
7075
7178
8488
619
5371
8702
6688
2860
9914
2514
1707
8342
7991
541
8180
6670
271
7707
5353
3823
6193
5671
7787
4558
1374
746
9736
6324
9143
6406
8722
6218
3584
7210
3189
8955
2264
9878
8167
2179
2392
9875
6873
383
6768
1405
3405
7040
9113
5110
7215
1658
7134
5002
2568
8508
5749
2305
4832
1244
5063
3554
3814
4999
7117
7004
3954
9381
3234
8473
7912
1978
4700
4786
8713
1469
6191
8470
4861
1656
3581
8428
9666
715
3431
2235
9223
5532
892
407
3128
5955
313
6942
954
7430
298
1260
6812
3532
6085
1076
1862
786
5862
575
8607
8406
9046
9820
62
2627
8248
6081
9694
8031
8316
8917
3563
5560
5676
6691
1515
5989
9986
8821
3420
284
6433
6584
169
2518
4012
2031
3304
9875
2607
8263
4633
8005
8083
4695
6984
6332
7128
6678
4363
5444
1947
4279
7356
7623
7322
8871
3612
3660
4044
3384
3945
477
6320
466
2996
333
2497
2652
6560
1456
916
1193
9461
5351
2240
6445
8035
9369
3123
8751
1165
5070
3030
8522
9045
6704
3745
2658
365
7790
2394
662
8267
8715
1128
7615
5400
3625
268
1960
5082
7536
3153
895
9239
5393
7341
7275
4762
6816
6026
5928
8239
5408
802
7284
2112
4547
9942
8829
2337
8689
9491
6957
7404
619
4572
2804
597
1192
1116
2031
8728
4269
2926
4320
9662
267
1595
777
3436
3973
3057
1675
9381
3859
8959
7845
8406
5254
6675
7096
3943
6166
4053
7699
3138
4977
6855
3735
6170
7971
5766
1250
8592
8692
5570
8254
5312
3517
5383
8748
7490
8440
423
6871
8651
5734
1069
3410
7340
7744
506
1283
3910
911
5334
3400
5888
2189
7135
8410
6512
2901
9661
5104
7946
1583
9711
3258
5101
1446
8358
8943
6239
5133
5815
4890
867
3236
8300
8208
980
5158
5843
1242
6069
7530
4643
8310
6071
1778
6720
2584
1032
2733
4040
8978
4317
103
8588
5770
1550
6946
4713
4141
2079
6880
9031
2946
116
3684
7506
1096
8842
9702
8691
1264
7232
3334
5926
3303
1464
2646
2239
2496
1732
2632
7826
6049
9087
6414
8171
6989
3360
2884
1130
5439
9765
162
4738
6233
198
8596
3682
9040
8298
2373
6656
1882
5707
2582
1538
3523
1581
129
6020
3313
2761
198
5714
8201
6613
3885
5190
9973
3121
6321
1765
9238
6483
6503
5472
6681
5099
9154
2073
9750
1527
5082
1632
3586
4016
3170
7109
1949
9652
9481
5262
2413
9680
7328
614
2645
7565
2157
2618
687
8478
735
9925
1313
7238
5397
4346
8690
4551
6419
8440
2430
7853
6424
2368
8222
5947
9478
171
5599
5311
1786
4364
1343
9114
1331
3988
6680
3488
2959
7367
1966
3694
3644
3279
7285
9042
7625
2327
9945
396
7119
8728
8250
3543
1096
6472
9490
6926
6643
1441
8590
4781
5806
6285
3896
7137
274
6928
625
9585
647
2591
9631
4291
5870
3268
9685
9847
5595
5983
243
2714
4711
8493
2610
2159
1317
2100
9086
4313
3542
4028
9094
9348
313
9342
2837
6939
6270
3462
2876
6917
6053
2508
7561
8275
2128
7246
8122
7724
9581
8365
6790
644
3211
9400
2804
880
7853
8242
5193
7747
2270
640
3447
2583
9982
6284
9523
2605
9746
2399
5874
2151
1259
3435
426
3388
7034
8548
7464
6615
3265
606
7260
2828
7
6416
3709
4212
4658
5254
1959
6928
5894
5406
5863
2229
1690
1738
1186
7788
490
7060
9939
8101
496
6717
7841
3882
1617
1657
6849
4882
2264
461
4063
8623
6877
7772
2835
7887
3026
1146
1167
5273
6552
7031
3854
4594
5121
5040
8734
5611
8452
5025
65
5300
1742
7906
9182
3359
9564
2384
4593
1828
2845
8656
451
6075
2780
9638
3962
2159
784
5130
3784
3688
8513
7638
8282
3634
9030
3368
5598
7482
8393
5663
2783
135
3569
8317
9846
3133
701
791
1313
3547
5800
8116
9622
8580
7754
9936
7091
4890
5066
875
8578
3579
8513
6860
7214
3895
6580
2812
1378
4973
4827
513
5108
8396
5182
1306
7882
5884
8450
9195
5783
4250
7312
1757
9182
1418
1693
6274
6309
3112
7149
4887
3043
2015
8100
257
2262
4680
9421
9992
9654
4248
505
1114
8997
2040
8773
6879
7924
7223
2426
59
7825
9738
8168
7007
7509
6213
9633
3818
5677
6783
5057
8721
5150
9509
8978
7412
4190
4752
7405
196
5352
4262
7662
701
6302
2787
7580
578
10
7
6989
7835
6097
5157
1195
3606
7723
828
3776
3400
3963
5186
2121
9113
4695
7452
2878
5237
8556
6635
1785
260
897
9448
962
3552
2235
8542
482
8598
4901
7472
6433
7351
8981
3980
7309
6704
4809
1086
6457
8772
2624
8578
4238
7319
2382
3468
2557
938
103
4342
1199
7352
142
2161
904
8730
7055
7739
7328
1957
5211
113
5660
544
446
2969
7249
5255
407
58
379
3031
8636
4617
351
1019
8085
9260
8309
4540
9954
9508
1893
6449
8021
9149
5179
5077
6888
8859
3386
8451
5324
9046
8996
5770
2015
2597
1025
2423
2655
1405
1806
7643
2374
2157
5014
6812
1417
3324
1352
7724
9184
9597
4173
7206
5099
9352
2283
1987
4563
2021
6791
9887
7419
2139
5658
9434
4736
3035
8209
3743
792
16
1386
3167
8525
2753
6331
6295
6077
4035
4019
1613
3633
4544
8819
8732
3896
7454
7071
4811
9475
3862
4698
6894
6001
6708
2681
7089
9744
7242
832
536
3610
8571
55
8488
1324
2738
4783
3753
6774
5154
1718
407
9698
538
5491
9946
4344
2562
4757
172
2777
9455
3418
8778
2516
2451
2220
2260
6046
3052
9148
9656
7975
5556
4496
5651
8294
5631
9404
5068
785
7475
1827
6835
8013
7318
3133
8709
6233
7890
8881
9010
3698
2300
4140
6214
1103
6360
4826
7149
5765
326
6806
3740
5882
7654
9392
529
3286
5148
1949
423
2623
129
7259
6988
7447
6744
5698
3680
4635
931
9042
4685
9583
3183
7251
687
9543
2077
7836
5308
2403
994
5401
4638
8649
1145
1519
8287
6293
3468
8710
5269
9949
2321
8609
7397
9066
659
7429
3701
1591
2824
4738
7526
6007
1989
8213
1902
4066
2402
7211
2821
3396
8964
3811
8397
109
5330
6684
2754
5151
5395
4375
5100
4068
2985
8849
3134
3644
2631
3187
1587
1807
7925
9114
7814
9914
3679
9716
332
6081
3279
9506
9478
2243
3317
4227
8704
5000
912
1459
6503
2659
5834
7955
6727
5171
3157
9862
8816
5788
3049
6755
7595
7327
5869
1761
7241
9549
7829
3926
5630
7461
3432
1460
6056
6749
5688
4761
8101
2952
2572
4604
5611
4758
2560
2338
9930
5717
8552
5098
7857
7954
1853
1804
5281
7723
9917
8874
3624
7746
2800
5606
5207
2584
7067
1264
5686
9107
6025
3787
2059
4949
8392
7670
9707
7304
6360
9637
3021
4913
4735
7230
9219
6589
9034
4500
664
8951
9726
640
3049
8879
6246
8257
1463
9665
5873
7149
8772
8250
937
7183
3199
5681
4853
2906
2985
7566
2544
2358
8831
3631
9588
8050
220
4974
8902
7236
277
8628
7876
3326
7507
4123
7935
5323
140
3808
2472
8913
2058
3409
6096
1609
5442
7302
4516
8427
1220
3412
7137
51
7043
3077
4453
3616
8051
3355
7204
4680
8335
5081
4359
2195
5556
8646
7518
5696
2455
9990
961
865
9752
3410
2475
5194
7064
3343
3622
8284
3107
7111
4687
150
189
9140
118
4592
8847
3675
9273
7182
5108
9984
9377
664
8630
3247
2712
1085
3238
26
8303
2990
9788
7130
4536
6852
473
8158
1488
3580
5270
6175
82
1811
1667
6553
6403
514
228
2028
7696
5336
2012
3426
2352
643
6673
1416
8080
6263
1442
6383
5605
1230
9865
142
4434
338
4652
5922
270
6274
8449
6705
8085
116
3258
4489
630
9838
6517
4679
5174
4882
8105
3878
5525
1130
5294
3605
3746
3089
6341
9351
671
2558
9493
5106
2897
498
1028
9519
6772
9478
6224
4858
5946
9482
5699
6577
5672
8568
1256
7198
3450
5713
1076
5327
3195
2723
5285
6941
5812
1626
6293
2835
536
2138
7941
3433
2636
5322
9305
5761
1152
5529
6971
7098
1364
2670
27
7036
7590
1283
4235
1041
6996
1663
6368
6544
4386
1653
3485
6550
9631
6130
9386
168
8269
7327
9953
7257
9001
9258
3018
6505
1140
9989
3604
8856
9011
3631
5892
6602
1267
6479
3995
4615
8143
363
1159
2529
8369
4645
9080
4352
775
4818
872
5396
8497
826
9006
7499
6436
2024
4004
3928
8366
3960
2784
3729
3944
5029
331
1563
1508
4326
6178
9651
1042
7338
2181
5763
8335
7613
115
5462
2431
7340
859
7280
4518
9865
4779
7306
8241
5136
1235
2959
5448
371
6689
5744
5400
7020
7307
6909
7699
3486
6560
5093
7176
5093
7208
5511
9058
3675
7325
1489
1015
8184
5122
5533
4401
9901
2840
2643
1389
427
5602
3190
798
2291
8934
6199
5664
6242
9460
9715
6080
6020
1160
9608
7466
8368
1471
6524
8395
8796
4366
9411
6981
9488
1296
1382
5741
488
377
7131
915
2332
6673
8066
975
5607
617
6639
8201
77
2706
633
6097
218
241
9915
8586
1712
6440
6982
509
806
2745
3842
6646
4041
1576
2387
4530
8306
9518
1797
638
2543
9863
1613
8151
480
4605
2704
557
3663
3338
3007
3882
9931
2922
2468
1644
5714
5802
8505
2872
8547
8699
9518
8941
6627
1906
9823
4933
7776
1620
1923
320
7836
3537
8471
4668
4494
7527
1578
8157
865
937
2039
797
3859
860
8793
5926
3014
3650
8798
7914
8701
8317
6855
5328
223
6678
262
4351
4650
8537
4671
2486
2074
9494
7155
2920
7022
5085
1078
4239
6022
9469
1388
6233
6681
6533
2159
9696
183
958
7610
8884
5627
4465
565
2202
7495
7179
6553
8497
5716
1225
7336
4143
719
4491
7063
4093
5928
4493
8333
1950
3963
6073
8183
644
2607
343
6692
2790
7653
4302
8027
3280
5119
8592
5482
8966
5771
8387
7464
7839
9612
4800
1982
6684
5643
9046
777
1571
9891
5462
3521
206
1536
1704
7203
4143
8399
3895
3285
6052
8198
7664
5684
9669
6256
7518
8636
8379
5906
2452
6219
5518
7252
8201
8554
9247
3599
9332
818
3491
1146
691
3697
9034
8747
7252
3177
7147
1148
2815
9551
5698
479
5236
5367
3088
9106
355
1467
5012
2807
4038
6883
6411
2240
5437
2010
2191
1121
2828
2034
8620
9871
2084
7654
8619
9336
7184
5766
484
9999
5317
6182
6830
6905
7902
9918
6012
4609
1386
1024
3769
5424
4259
6532
4016
9697
8543
6208
7170
7723
8242
5790
7595
6678
9797
6214
6015
6981
1980
6499
3332
7297
9034
162
555
3288
81
6567
7897
7819
3943
8018
9595
8203
4551
3612
4252
9446
6172
1422
7169
766
3565
4764
7445
3362
978
3460
343
2958
6311
3675
6608
1697
3837
7163
4985
270
3730
9235
8089
7673
3605
4037
2228
4508
4001
6480
3954
173
7903
1124
7291
1468
5888
1088
1182
6867
900
1525
9825
3564
1552
2785
5261
1741
9948
6599
8364
30
2186
2805
4056
5791
6842
6284
300
843
2765
4254
7368
7020
5378
1012
8488
1267
2100
6022
8134
9353
7547
4311
2917
5451
7097
4530
3544
3397
1129
1908
3428
3315
4714
3836
5459
1556
120
5759
8752
2885
6365
6120
9905
1744
7132
4745
9363
5585
7119
3849
4938
1018
4512
4207
6469
1609
8737
14
1359
9867
1922
1139
9534
2988
4975
4993
4545
5095
7104
9649
4333
3470
5769
590
1566
9254
1688
7281
1191
8807
7482
2481
9826
1994
6688
6295
9956
1777
2661
1315
7996
936
2454
7531
3924
7429
8876
4821
8876
2333
4470
3209
5803
6592
152
3721
5846
1840
7354
7037
647
4836
9518
473
6830
2558
3121
6786
4335
2134
4453
2332
3070
6907
6215
3347
688
5091
8168
9565
7424
8991
9126
9579
5583
9278
9652
1429
1118
7006
4818
8118
1842
688
4943
8673
3246
8064
1811
3933
199
6265
6265
9621
9524
2480
2968
213
3924
7489
6130
1348
6480
5256
7280
2063
887
6932
9844
2005
3939
1014
6475
5781
1702
1419
806
1300
9483
8970
5233
6034
1587
7851
2008
1111
6683
1328
7676
607
8817
158
1956
1649
5415
5588
64
2654
2520
6260
1011
6459
7274
7487
8593
5328
8906
5751
6628
4741
1073
8214
7128
2660
2417
5488
124
9100
6816
7800
9708
1986
7959
8016
9987
9726
3604
52
2380
6124
6312
3391
8936
9939
7230
3881
5267
6136
5984
8248
7230
7058
6462
4358
9718
8879
9846
9842
4331
3014
3995
4039
5000
1954
2055
4988
8032
2011
1392
6764
4488
7704
6507
3424
3995
3738
3657
9263
6226
9641
7511
9808
6699
325
4166
2770
5556
364
2612
9887
9731
2959
3927
1083
1265
2334
2423
9297
698
3815
2413
5186
7872
8921
4962
1867
9011
8619
1130
1589
4612
4993
1398
1312
5318
1916
434
874
2281
9398
762
8364
2358
1041
9447
3623
3375
1871
9273
4073
5686
1686
9259
9910
6959
573
1778
5970
9192
9260
3912
3805
4254
5310
1469
9572
7226
1903
6799
5859
1301
7561
4223
11
8602
23
3635
8329
1894
2908
2403
3932
946
8014
195
7906
8588
1973
228
4132
7585
4140
4289
8191
5802
2110
7764
3029
365
4563
8888
1667
8476
9464
8030
7078
9487
1665
5407
7733
925
4162
8017
1872
8529
8212
6130
3469
6537
2710
3953
475
6851
4595
8666
2653
6705
6430
2034
7071
7345
7275
5090
5821
3091
3120
9251
8930
1138
1011
6663
2063
1525
1032
287
54
5597
6417
9875
2134
9128
3829
2609
2331
8424
1276
1336
1481
4058
3371
8552
7756
6998
9994
3577
89
3115
9181
5371
605
6544
8386
2668
8069
9418
2956
4476
5015
9373
4351
3502
4853
4532
6111
7184
2956
3739
4873
4438
7798
4596
9342
5554
1594
9337
5483
8035
8804
1016
3406
9409
7560
1792
8429
5630
7562
1385
6458
2578
7111
809
6080
8316
5342
8543
1853
4650
2283
6726
5440
6433
7674
1135
8339
5620
6824
3822
3655
1980
4839
3413
1389
8751
1557
6170
733
9119
3908
7191
8049
7371
4353
4129
5687
9695
9025
7540
697
1308
618
2490
7741
8292
3625
6080
3912
449
6254
3919
2429
7445
3684
170
2549
5241
2692
3282
713
6600
474
8762
3971
4827
9244
6011
874
8269
9903
7923
9577
522
413
3670
5166
390
6102
5431
7191
8708
5702
9620
2506
9387
6142
5055
4628
8835
8337
5341
1787
5163
4104
2111
6342
9700
8122
3568
7969
8025
1492
3898
4899
8257
3920
6418
8648
6374
1849
5839
5082
3903
1812
3940
3290
4306
8995
4271
9493
3685
9612
7633
5200
68
9744
1543
9768
7866
5111
4089
2243
2955
7987
7143
1213
8259
9913
6213
4633
8114
8404
6068
2017
6568
8
5308
7227
5356
9579
6720
9041
5543
4353
4241
1964
4097
2136
1732
8315
7248
2174
559
203
161
4054
7768
4773
3967
333
9406
2081
8738
5474
4098
5306
1835
5758
2533
7191
5337
5606
2584
7233
6311
3177
9197
409
5314
929
5076
2562
9455
5635
9117
5969
9689
3238
742
8
3571
148
2089
2309
1975
2540
3968
3810
8298
2853
7353
9988
4811
9937
7221
1123
3114
6418
7884
4780
3699
2960
3694
3155
4948
2812
9124
989
2402
9866
998
5973
6366
9439
4635
8341
8331
4955
8503
6630
7808
5856
2970
2620
2145
6543
95
5260
9313
7979
6392
3012
939
87
2519
5887
9251
7995
6877
1653
4213
4227
3978
580
3666
8613
5273
1998
9920
3777
4980
7729
5985
4302
6701
8131
845
6796
9743
158
4775
6135
9522
2066
6222
8394
4306
5473
6389
1183
7126
603
1762
1105
7535
5428
6070
9160
3778
5991
2937
5110
72
8923
9412
3125
7054
6609
9921
6797
3119
1048
9284
2642
9466
5507
7388
3772
980
3777
1307
4459
732
3069
5564
4619
4850
7986
3780
8628
3977
6717
91
401
1992
5855
3526
5398
2465
3447
8547
1936
847
7832
930
314
3339
8318
4086
671
2096
5394
5130
9180
4815
7046
3800
9665
5033
7580
8294
5362
649
4737
5764
8994
592
9290
4392
9409
9090
9292
1346
6289
7124
8628
6603
6815
6947
7042
7486
5395
8788
8969
4575
3603
6015
4727
3269
7400
8659
7915
2763
5661
2652
4879
4655
9596
521
9047
9006
9611
4691
6704
2253
1815
5332
5208
4982
2279
2250
2469
4026
7390
7790
4954
7346
3805
9681
615
1206
4693
4882
321
354
3886
5200
5009
3482
5721
408
8840
1685
5100
5544
3938
3267
7229
5498
8250
5860
4101
719
9887
1491
4861
4841
8837
8666
874
5804
6224
5567
7038
2897
5921
7276
4449
7282
759
171
7691
5951
8208
2791
7848
8498
6058
5077
3996
4308
937
8097
1379
7176
5941
6240
2017
1130
1259
9244
3287
3835
4811
325
6733
7085
7602
1182
4367
4713
7705
2058
7016
2265
1201
4864
763
3612
9941
1112
4272
7231
5561
5652
4407
1502
8244
2777
8985
5855
2021
2272
6043
3184
8949
2776
269
2903
310
4637
7616
4368
6695
985
6633
4249
5849
3749
7861
2143
4861
2133
5726
422
4137
6485
8277
8734
9262
7262
941
7635
9534
6984
820
4835
9760
1089
7739
6423
5726
1707
791
8774
2692
7424
3023
8542
1173
7236
7037
2386
9369
2763
9161
3507
9248
7438
2241
8511
1052
3182
2498
6938
6519
3318
1773
6279
760
9512
9054
6486
1220
9845
1612
3912
3622
987
8806
4795
8223
5843
3534
7593
4958
2695
7452
4207
6485
6045
9070
3889
5579
1568
827
2098
1239
8952
4730
1999
4817
3784
4837
6037
9982
6450
6301
3604
3789
1460
4751
2013
3655
8285
5958
8614
7332
3410
2821
3817
5807
8243
7706
1386
9811
4885
3485
1050
3838
8215
3049
8655
8351
7887
1044
8333
689
7345
1937
4478
5157
6689
2843
8813
1326
8801
7427
8659
8563
6600
2476
4370
4843
6535
5757
4654
1420
5594
2057
5258
161
1458
3913
8512
5697
4957
6846
6386
8655
5135
7217
164
1824
60
8977
3151
5214
2756
8162
3777
9356
638
8148
4199
7173
257
5206
4946
5851
3615
204
6012
5073
470
876
771
1779
4074
3509
6786
9210
726
6951
7386
7139
5928
6889
2353
8685
5051
6130
4393
2042
630
8593
5567
887
151
513
3090
3766
718
5454
8839
7540
6331
5962
9319
6757
5824
6106
5967
2902
9409
9706
41
1689
6595
8746
6726
7999
1229
1120
41
1859
6065
5608
9099
6216
6122
8541
6334
3192
3996
5173
732
6679
7488
6403
3436
9664
8861
5756
2566
8270
5462
8960
6312
8409
7706
3038
6408
8935
510
6449
7147
6575
8410
6246
9143
4532
1139
5477
4076
5135
7003
1160
8166
4491
7563
7955
4155
6425
63
3073
1047
5525
2033
3711
286
9740
6750
6695
8675
7260
9496
2174
188
7906
8420
9331
8790
5912
4809
9218
7399
1812
378
5566
2655
7942
9873
3162
719
9936
6235
8118
1813
8269
1830
2099
8009
4932
5146
3036
8544
995
5211
8732
8901
9983
8064
4044
5895
9225
3262
3295
7389
3641
5213
44
7935
5086
3206
5006
1374
9441
3124
3187
4062
1306
1638
8423
6238
6785
1460
4783
7780
3023
9867
3033
9358
4283
3429
1606
3508
3044
4901
897
3037
6466
7293
972
7904
499
5978
9278
6293
5454
8817
6707
6761
455
5131
9351
3592
6591
486
7724
5966
354
7110
5324
4637
539
6930
8146
3583
8183
5395
2972
4649
2689
3944
8905
9540
6274
8183
2185
8081
7000
8893
1194
3808
4024
545
7400
6967
7384
5125
2933
7738
2235
8257
8727
9126
1540
3225
9062
9723
8621
2034
725
7662
2331
9630
7202
4957
7814
9388
3038
1166
8281
4232
4974
8657
1130
8727
5624
4866
204
8557
8956
8791
3166
7683
7917
4706
909
3331
4430
5882
5366
1507
9896
4049
1137
3450
9006
5303
2838
2045
6470
7471
2629
7796
6128
111
2875
1752
4977
3079
309
3933
1870
9828
7969
6140
4534
5230
9471
5316
7464
1189
6823
7360
5238
7961
810
4245
3264
1
2642
6086
3824
1623
235
9953
8087
3110
8057
9416
6190
4719
9702
4412
4547
7671
552
9081
9253
24
4398
6717
7565
7573
429
2804
5534
7591
3401
5151
7592
2395
7589
1417
370
7824
7722
8457
7287
5779
4226
9829
6850
3928
593
1397
7951
1146
6831
7204
7522
7581
3921
5087
5154
702
4243
689
8293
3996
2192
5886
6391
6133
3655
3114
310
7729
7923
7597
9860
2149
3778
6711
6077
4371
4460
380
1869
1291
7584
9391
5224
7857
831
379
8559
1426
7420
6853
5423
9612
9091
8166
5745
9098
1280
6055
6827
5556
4
6687
7705
3782
9750
135
4506
4211
515
6375
1854
8100
2119
7079
2309
9302
7458
869
728
1230
7722
2503
7194
3165
670
2939
2263
8302
5347
9090
3858
1703
2129
7916
1838
1880
8051
6344
6091
4918
9071
4297
9370
1190
1376
1680
492
5186
2549
7573
6416
6623
76
3610
9788
7098
2902
2051
5401
4601
7493
5611
6304
9622
3527
4494
1502
7930
7190
3945
2849
6262
8243
2219
3804
5971
3899
4297
1158
2800
8222
3926
9423
8298
7537
9211
1749
6791
7614
7150
1392
5107
9113
4048
4730
8993
8543
2584
3275
2085
2882
2476
8347
7477
4696
2152
3448
4947
2801
958
4100
1023
4885
3523
5673
2422
9087
7422
5565
6701
924
6957
8161
38
7357
9243
5383
2252
8179
8658
4338
1061
1135
2685
8538
2183
1189
1987
3482
3990
2945
7582
1365
7830
1106
7039
6604
6545
4461
8521
3246
5386
5478
7759
1776
9188
7002
3511
1440
5182
2169
5778
2595
9656
4816
1134
8191
6005
9473
1674
6348
8770
5608
7713
2953
3066
4752
9557
9611
9214
8079
9210
952
9909
3321
9080
9097
324
2591
6890
1858
1112
2668
4453
7121
3836
1939
5312
9842
1412
3338
2542
183
5299
255
3136
8365
5008
9045
4329
574
3476
9891
1526
9738
3212
6958
5187
9888
9549
2077
1746
7013
1098
2552
486
1286
4491
5799
1128
2256
5489
3670
8791
7140
278
1927
1858
5286
7324
6187
5860
7153
2430
3738
3243
5642
7048
8430
5531
2949
6860
3629
9962
7958
6181
449
9244
7025
2600
6725
5633
4441
6747
4424
1582
7025
2703
9792
8663
27
5979
875
3532
4761
4613
6775
403
8013
5206
2286
962
8418
5916
925
6376
8449
7726
1972
1826
6678
5049
7459
1119
8149
8235
9053
1526
938
8845
190
7318
1176
1065
850
5937
2031
3978
2693
44
5536
4979
1007
3954
7247
8284
6682
5697
2362
8654
3875
9040
56
1335
159
8205
9570
5565
6083
6861
762
6273
4179
1939
3691
1381
4228
2074
5359
6921
2118
895
8253
9477
4849
5500
4113
7883
7549
6475
2890
1425
5515
2946
9112
2027
7503
5034
7592
3586
1895
8354
6212
6074
6645
9903
3808
7226
8329
9167
4147
447
6415
2400
6277
7616
7901
390
5500
5450
6866
8390
3227
8733
7688
2339
760
5191
7374
4704
5129
9269
9411
7693
1696
2408
3948
5504
9634
2277
1023
134
9077
7438
2534
5354
5055
6787
2096
6907
8590
5314
5297
1817
4048
9337
509
1160
4528
7883
2217
6009
3504
1628
3703
1552
388
7651
7056
23
6281
4432
157
5358
1870
9043
712
3277
2183
9160
184
7125
4475
1833
5294
4875
1170
5803
6035
2050
38
4604
8060
3543
2584
8115
1447
2973
2118
8504
9348
8399
2936
9505
3757
1158
4900
821
4436
7083
9982
972
560
809
2806
5855
5684
3976
1658
8071
2379
8049
2676
439
7944
5260
4906
9391
8233
7024
4247
7581
1776
3535
3438
1885
4694
4691
2707
5482
8126
9041
6454
8687
9850
5612
4542
5534
5941
2552
9957
8320
601
2633
5111
8545
7894
17
4289
2479
3393
8536
6413
5169
2072
9851
7055
6766
894
6114
8600
9021
5155
1406
4060
1357
7019
4954
3243
2960
7506
3200
7632
4460
5834
2743
9357
80
9112
3646
2559
8857
2183
8972
379
4255
5176
3786
7373
6070
9900
2325
1443
1407
3731
5503
9116
750
6809
2359
62
4316
1911
7694
5128
7745
6789
4485
4177
5901
8132
6737
1111
6667
5709
1490
7274
885
5276
999
3308
5176
3324
4751
2935
7055
6607
2051
7806
3416
762
4220
4084
2673
1915
9212
6771
8704
50
948
958
4534
7685
2069
1201
9747
9911
4827
6984
5187
5826
292
6715
9150
1396
6002
6205
8003
8053
363
7771
5167
4584
1856
7840
2851
7420
4611
1555
7470
1912
8865
8356
5949
7286
9557
5696
7197
736
2681
8736
6562
9325
1803
5712
721
7805
8270
5076
5858
8633
2848
7377
9569
1056
5218
2420
4828
6181
328
8651
8093
9193
7007
4043
2832
2917
6091
6381
3653
8772
5118
6568
8098
6921
2280
5171
4727
6902
248
6937
1888
9448
4315
1457
6856
5885
3878
8036
2066
4206
6687
6512
9751
47
6907
2583
9316
2998
8965
2969
8123
435
9537
2573
7356
8170
4096
8435
5072
696
1725
6960
6496
2392
4770
3352
8277
8648
7741
6695
9206
4428
9559
5309
827
2818
4245
143
2169
9562
9465
292
9997
9002
9217
3705
3524
3313
8493
4949
4010
218
1909
506
2610
6679
211
887
1679
7952
3934
7237
8732
3494
2547
9560
6312
6792
6055
4833
6354
5520
5125
2703
875
694
6408
4399
4008
4901
9348
4370
5119
7610
1228
4081
641
1439
1320
2321
5743
5255
9558
828
5101
8457
388
7765
5249
2795
2599
7955
8316
4076
658
9191
4771
3419
9942
5131
8320
5643
5853
9792
3253
7081
225
3894
4873
1546
2567
616
3153
8478
1444
4606
6935
8184
2371
8537
980
1322
6492
5648
5399
3503
1191
6522
6922
1133
8005
1594
3128
3858
7738
6381
7291
7964
6628
2164
5862
5547
9133
9015
4025
6929
9973
7313
5114
2344
5850
2446
19
8694
4446
1770
2197
5637
4644
5471
3122
2649
3418
6251
2859
1156
8984
150
5472
1964
2315
1334
7512
1448
6701
1537
8377
6674
8850
9843
5371
1052
8641
1742
9747
3087
3512
8296
5076
8156
3768
4551
7157
3538
7154
16
4694
6138
6518
6519
4455
8833
4205
1967
6633
7259
9856
1363
285
5059
7558
5656
6111
2552
3750
2210
1991
3614
507
7068
8122
627
7971
5279
517
5125
1647
1563
7615
8166
8082
2070
6999
2288
389
9985
9547
246
7700
9832
1657
5258
1841
4120
7810
1943
6331
9802
5558
3190
3222
3680
169
1193
8960
7038
2670
6959
8601
6637
5125
6684
8708
8477
5324
5449
4814
1223
2047
2514
1055
3704
4124
9248
7825
1935
1192
508
8089
6750
50
7663
6782
6571
5208
2094
3609
7878
9054
2210
4515
4179
5246
9575
2656
570
5025
7470
1793
7072
6336
9201
7129
461
4801
1306
8748
2345
8166
3189
5447
8216
852
2230
1139
6060
4324
1100
290
3378
3310
1157
3910
4909
733
2918
1831
2110
6741
9977
5534
3077
9178
2663
3538
331
321
8638
2677
8487
1827
8124
6703
2679
354
4194
5091
1031
5294
5381
4409
4957
2891
4671
9866
3624
7590
1697
2086
4331
8026
3972
7408
7204
2988
7299
3888
3309
2289
6565
1797
4117
1041
4852
3148
7748
9047
8240
8779
693
9973
9540
5650
2864
4212
1868
2840
1802
9918
1278
6133
7944
5251
9893
5149
8239
3544
5389
7900
5834
1954
9697
6303
9347
902
9451
7095
6301
4043
5874
6994
4017
5415
2645
3233
5979
865
6074
7781
783
7352
266
8728
2603
6511
229
7194
6408
5618
5095
2242
3924
1144
4897
3271
2046
4348
367
8347
4744
2593
1694
8761
4360
691
1994
339
1556
4420
8120
2340
1773
4738
1068
728
1250
1297
4275
7658
6915
9370
6252
7191
514
1149
462
8913
1849
7181
3612
6593
9775
5306
1706
4135
5997
53
4475
3906
4473
8947
6246
2598
3686
7314
9679
4936
4963
3954
8946
8230
9676
5198
5421
6542
6347
5883
5455
4548
9417
9068
7494
9192
726
9200
9679
6724
5605
506
630
6431
9454
3228
9029
3140
6894
5060
4428
1857
9014
3374
87
5042
8572
5508
1585
1271
7743
7040
5819
7160
2460
3313
2704
3187
8866
8736
6263
4471
9242
3245
7254
5048
6473
6284
4540
3367
7696
8968
5224
6711
8694
1663
1753
3618
3523
9690
1241
1266
6731
3413
4779
9191
3078
3835
8730
1944
8923
4993
2768
4518
8238
22
9566
1063
2658
4107
4430
355
9427
6006
3418
4474
4021
1523
8092
7544
1214
9334
5163
4297
9099
6294
3488
2177
6481
8571
4122
5405
3564
3242
9923
8155
3264
9489
9218
2275
9948
1
2630
5728
2359
2400
6554
6381
3923
998
3925
1489
332
9088
5786
9431
1734
5627
7961
8216
4198
2083
3621
7762
1677
3544
2269
1293
9385
1488
3568
5686
1489
2550
7766
200
4950
4320
6581
5226
5318
507
3067
2003
5947
8854
7786
7682
4481
5747
5898
5031
4182
5871
9145
5859
5767
1415
7153
5152
2903
7073
7190
744
9624
1308
944
926
5628
3878
2504
7299
737
5572
9302
6684
4426
3440
718
5259
9188
2968
6642
9722
8839
5787
5582
4606
7202
9087
6111
6457
6160
9653
3553
5784
962
850
3063
2942
4728
5567
241
5465
1139
5895
8501
1917
9336
5572
3528
4876
8540
170
4598
3732
2310
6532
4690
9512
5619
801
2322
8132
6807
5875
268
4121
3077
3331
7063
7805
5251
7305
9622
6390
9552
4476
4660
8888
48
4540
116
8588
4711
4715
8672
7021
7599
3363
2885
9571
516
5207
7703
7323
7435
7971
1444
512
7655
4860
4670
2906
8517
644
5648
8069
5120
308
3310
5168
4849
3426
109
5912
4493
8781
9285
2093
2144
8522
1664
9013
3730
5719
6336
7517
42
4133
8029
7697
8993
9051
6955
7510
9696
2604
1931
4816
9264
5241
6337
465
8668
2798
2729
3161
1579
2014
1606
76
6889
9622
9089
6971
1693
1777
4488
1736
2262
8869
5785
7607
7921
2741
5117
3969
5345
3401
5137
961
8642
7826
1427
7310
624
4156
6824
8556
2523
4782
4984
9412
757
425
6383
2450
2202
871
4186
817
6092
6324
8424
365
9065
9894
4334
762
3295
5824
1723
1937
3650
9502
5600
627
11
8776
9183
2534
9910
4167
1946
667
4592
4681
3118
3146
1904
3656
3963
7996
9980
8740
8362
5397
8634
9048
6159
1929
1224
4235
218
4875
89
2170
5502
100
946
1037
2634
857
5204
932
7876
6148
5613
994
9294
3869
1003
9610
1866
983
8350
6580
6381
3336
1980
8892
1617
3205
9479
8187
4432
9569
358
6286
9669
7656
7323
8656
8513
2527
5940
2742
5027
7906
3736
4321
1775
4739
283
9993
2075
4985
6573
4808
4673
4906
3700
6290
4463
9532
4478
8895
9101
4836
5181
5122
8844
2504
130
3710
1383
6071
6452
6410
3977
188
7083
5752
1280
3719
5746
3355
8704
8671
8163
3378
9929
8215
6020
4392
7747
498
3287
6848
1686
8468
8323
531
7324
8453
4241
8707
4524
7045
1469
8501
7233
8553
606
4865
2272
2704
8220
7328
1375
2735
7058
7657
951
3079
2049
8698
9929
5337
1899
7968
157
6574
4851
3834
5027
5444
2541
9552
2489
363
4405
6074
8916
1363
940
7540
4067
9160
1220
1795
8248
8279
9452
9199
7710
1501
4249
3991
3190
2500
1959
3348
9074
3162
7182
4102
8606
6075
6
7447
2790
763
3522
8058
2127
4462
5598
2546
9974
3171
693
8222
7802
145
3773
5512
7999
8023
5855
1189
523
4167
889
5950
7329
4423
52
2288
6851
6410
9735
9641
3525
9609
4052
2004
423
6002
4551
398
9173
5244
4972
6975
1742
8746
8839
9741
3121
4695
7282
9996
8862
4524
5946
2543
5299
2350
4831
8502
8760
919
4496
2286
528
8548
642
952
4550
5193
7702
76
6790
9026
3403
8532
4124
2243
4625
7245
3290
8259
7242
2152
9135
9540
4695
787
1891
5879
5641
7003
6798
137
5641
3678
5037
6284
982
5940
7829
8684
6016
4619
7711
9419
9503
8187
8014
4128
5433
1304
8740
9027
9808
7875
4919
856
5014
6810
6735
656
166
9885
793
5807
3563
2183
8443
4546
8123
6273
9582
491
7244
3645
6262
6748
1833
4277
876
3618
1933
5968
2645
1742
3844
7564
8950
5210
727
5685
5866
7245
1922
3012
9404
1837
5195
7848
2735
9670
473
2318
161
7717
5963
2775
4465
4148
3404
1694
7766
5338
7662
6763
7080
7858
680
2382
3069
1407
4419
8935
5004
6341
8299
4408
8178
3494
8608
914
9516
9081
9584
6029
3151
1899
8805
7616
6048
2209
5662
166
7547
3325
6930
979
1183
7610
3361
604
5369
7780
5892
6725
473
4191
1133
5004
4038
9742
2270
3554
5175
1854
9584
8326
105
8389
5943
2505
6950
7957
2672
850
1282
5954
1829
8818
9916
1543
5774
5285
5675
1666
2010
6149
2210
9495
7505
6248
9237
9775
9802
765
7981
5738
9091
8086
479
1386
592
7430
9344
9616
8280
626
5570
6461
5796
5486
4356
1571
7123
32
9589
5485
2533
1799
4980
38
8047
570
6165
4202
1335
4146
9940
6778
2232
420
8165
9176
4202
7509
5144
8834
4487
714
1647
6636
2552
6004
8207
6027
2388
7796
1512
4921
9596
2845
1311
3995
3415
7476
8197
1102
1622
4490
7880
206
4910
6045
5735
5464
9906
879
4298
746
7946
2297
7382
498
8301
5589
2878
689
9737
4390
5610
9333
7235
3273
3329
7002
749
7878
8104
8723
2368
2337
8930
3630
4734
1017
9094
4641
1896
9744
5387
6194
2042
9121
3045
6695
4710
5923
7385
4447
313
9347
133
3901
2621
9814
903
9722
7692
5360
8446
6413
4049
3728
43
8783
4745
5490
9776
2993
5234
1515
9188
3628
636
2233
324
1698
8156
4061
2498
4821
3408
2631
8722
2381
8797
5978
2104
6489
7690
550
2902
1739
630
9298
6874
5375
4788
3003
4720
6374
4518
3908
3
1507
2493
6679
3205
7001
740
5703
1823
500
4686
6897
2882
3483
9227
1338
6325
6917
1888
5579
5008
8870
4877
8235
4245
9665
1238
8965
2392
5756
9226
2395
3615
8071
5426
6821
5073
2518
2524
3248
3018
7211
145
2252
7046
9373
3590
3371
2642
1830
8951
4003
700
180
2238
4945
6198
3476
263
8590
5584
5841
7337
9200
3912
2763
2373
5337
5281
4897
8585
4651
8460
8731
6904
1859
4456
494
5230
7098
2325
533
1101
3025
7066
9691
4323
3264
3167
938
8206
5104
3131
5543
656
3395
4658
3029
8733
9939
4278
7318
942
2739
6049
7846
950
505
4693
6180
3956
3370
3066
1409
2747
6484
1101
3422
9748
620
712
7954
5724
3843
9849
2732
7239
4507
5761
5972
798
40
3290
1740
9131
5692
5939
81
2549
6984
2613
6505
354
2031
7915
9453
8515
5368
2876
4615
5988
3588
8921
8065
3784
8770
797
1023
9629
2911
3347
427
2951
6637
8520
8434
8681
811
4867
1231
4147
7480
7736
853
5864
2003
306
4379
7371
9534
8995
9712
3123
4268
4129
6907
3039
1278
4282
9020
4189
7629
9448
3492
618
4320
8278
9300
1483
3145
531
5630
6978
4619
6483
2842
2975
3141
7221
6698
2676
2568
6410
5799
3189
6891
9058
6228
8170
9692
5248
2359
3673
1048
2204
4291
1720
482
9943
3203
3628
474
5185
606
1446
1668
3448
4421
4810
7021
1119
3838
5942
3882
5989
9131
773
1399
1711
8943
1091
3311
7655
4764
712
9859
5407
2432
341
5351
1988
321
2177
7173
927
3623
5194
727
8044
6356
4101
9164
194
43
3046
6183
5526
3819
7582
3589
9115
5025
6900
6770
6141
7612
6629
1548
6397
3322
6899
8385
3644
5429
1910
923
9052
3456
1651
7097
9812
5752
2613
6358
2147
2011
2541
4025
2182
6475
7614
1297
1500
866
8067
3993
8479
1048
5542
1228
4371
8793
5965
4367
4222
7875
5290
3275
1332
6941
6724
7496
9045
5689
3855
7544
7700
2748
1569
9882
9224
5535
7532
7076
6402
1951
1070
1233
3000
2964
2461
3723
1757
8426
8090
5980
2653
3380
5607
3985
6674
8683
7834
5719
4372
1689
9616
8424
4437
1185
4658
3661
3073
2190
7090
9475
4142
4512
7060
7142
7476
9521
865
9233
4299
5307
1565
3304
8687
3524
3642
5361
2207
1476
7433
2931
3165
3401
1355
7602
938
6014
7616
4011
8204
1058
9838
8698
5570
6898
5840
3046
2771
3057
8631
3422
8364
6549
6727
3404
73
369
5117
8633
1845
8902
1564
1362
2303
9272
5316
3242
5286
2932
7253
9842
3990
3444
8541
5912
342
733
5310
9466
143
3942
2888
4859
6843
9615
4615
6916
6336
9733
1901
4533
4987
9818
5895
7291
9090
1212
6885
728
496
490
6922
839
3934
1815
6751
4277
8901
2062
3743
9044
2356
2983
255
9199
2599
4871
2467
5287
4604
4369
9821
5943
539
2068
3234
9629
9632
119
6709
129
6962
3631
7320
896
5447
423
1525
4348
2485
1620
9744
1193
4604
9999
6744
3555
1222
9212
8842
2178
9933
5015
8122
472
7084
1356
6453
6716
7828
3162
3197
4790
3145
517
2038
8592
941
3564
9292
9778
5184
5388
7324
9788
1740
4068
9695
2962
9632
8538
5141
9565
3553
3263
37
6989
971
6490
58
5151
6004
3255
6293
9150
125
8332
4094
7418
1896
9739
3548
3432
5127
872
9573
3219
4941
9268
6182
925
4158
1323
491
4064
938
6880
1053
1909
9723
7463
3413
5727
719
9706
1229
7196
8038
5324
4614
6286
5063
8162
6071
6542
9035
1996
9762
328
7616
2296
1253
1775
9971
8096
2191
909
4977
9596
9170
4700
7060
2583
6779
4131
8642
8009
1327
3032
9685
5941
5671
4748
4103
1742
7642
9490
3738
3756
6170
7706
6052
7424
9481
6023
1872
8024
3284
6849
7621
2455
7901
4681
1390
1033
8812
32
9042
6491
9417
5079
2432
5088
9827
2887
6830
3821
2378
6920
7578
8548
4626
9982
2324
460
6006
4197
8484
5642
7398
2457
4449
1652
3490
5840
2685
8654
2224
8079
5145
7993
3158
7577
3081
9337
6817
6263
3158
5547
3183
7088
4095
4162
7071
2772
974
9429
3321
5810
5071
7071
8268
5873
8723
1758
8065
7760
6765
6641
2191
1910
4635
5349
5840
7716
1038
2657
3980
549
8204
3515
7637
8651
4029
1060
7775
5003
6841
7448
7166
8265
4520
1786
4138
9595
3544
2203
3708
6661
5196
5899
8572
9831
7601
764
7548
8639
9773
7880
5540
4329
7747
9530
2980
1777
590
7108
3132
3784
4556
298
2049
5428
2084
2539
1376
1981
1094
5084
8642
6290
983
3566
6122
4936
682
22
3576
455
7902
9116
4784
5649
8646
4117
3778
5589
1225
6911
9373
2133
3561
7774
3914
1998
313
5290
331
1407
374
5325
7697
7709
8892
171
8998
5926
193
2574
6382
8095
8042
1166
97
3041
1635
3875
4982
2860
7138
4355
1346
7052
8481
5260
9050
8794
6902
9381
6553
7276
4706
602
1337
9950
774
335
5877
967
9261
8611
5415
3656
6129
5512
6697
7765
5739
8031
625
9230
2386
8323
6282
7219
3583
1684
2365
485
7417
8918
4113
8475
9520
1803
4778
6646
8490
7007
7614
4104
5618
9381
4112
1747
4893
809
9512
6984
8840
6490
2566
7578
4813
5200
1149
4749
6884
3514
1586
653
8784
2052
9129
4656
207
259
1303
5049
7266
5269
9153
9236
4650
3265
983
9543
426
6848
2879
5618
9690
5446
9548
855
6998
697
1956
3883
563
3543
888
9347
1947
6369
4004
8506
6628
5307
3555
246
576
9061
9482
5226
8678
6818
1121
5457
3666
352
1075
3356
2150
6976
563
9149
4025
2520
9384
4589
2415
272
3936
4362
6642
7940
2868
9622
9599
2775
9869
175
1836
9351
1753
515
2521
2874
5972
2539
9579
3399
2247
1729
6727
2811
878
753
5331
262
1694
7746
535
1982
2108
3529
6275
1328
3151
5874
4103
3020
2402
2292
8724
4155
9159
7597
3382
1483
137
2961
1234
2384
4690
7962
5195
1921
5067
526
2183
6761
4624
9070
8743
3084
2599
5018
4412
5751
7245
4868
5123
9647
3512
199
154
2671
7797
3536
4154
4286
2849
5388
6670
3892
9702
1866
5813
4769
8744
4348
7882
3369
3419
6626
6453
2370
7996
7218
4473
5241
8438
5949
1240
1950
6148
1395
4621
297
1283
5127
4583
4133
6867
1254
4377
6570
9472
6542
1339
4568
890
9222
7937
4309
2200
743
3032
6548
7961
7505
8142
6399
3454
9382
4701
5955
7129
9322
6252
8413
801
7188
8898
7668
8442
9627
4238
4266
6169
1930
8834
7059
7504
3124
7721
9704
3867
753
2604
8180
4610
746
931
8065
6481
5632
4020
3610
1306
272
8375
2107
3812
3625
6127
8606
3252
6718
2872
9421
8648
8059
2833
2504
1183
554
8560
1402
7659
1164
9582
2269
8263
513
334
4744
2497
706
4706
3803
7331
3082
2262
1143
3059
8389
9750
6312
5107
2622
2085
107
7033
4918
2611
8216
1824
1171
9618
5835
8688
5552
4457
6951
2417
1143
1695
4914
1850
6401
8717
9181
5835
979
324
8895
9369
6426
1559
828
9049
9996
936
2434
1267
9899
651
9443
1071
6621
5279
6111
2174
9736
3062
4591
879
1109
9506
9081
3862
4575
8262
9698
5555
4939
4945
1276
1365
2856
8456
6766
2852
9392
9201
471
9292
6204
9915
6715
2825
5194
2826
1351
1282
2240
2295
2161
3349
8153
7595
7211
2728
5857
3261
4635
7148
4558
2263
4866
3766
720
1632
2971
112
7185
3442
5756
3389
3357
8823
2567
4903
8001
270
6185
241
2565
4699
9942
718
2294
7154
3447
4503
6767
4434
1652
1326
6698
6518
1444
7418
4502
4415
3882
1688
7858
5991
1429
1215
4814
348
6119
9168
619
8656
9409
3184
3355
9352
255
5649
2858
3702
153
5977
4488
8157
3655
1186
4675
5100
4956
5529
9515
8839
3569
7373
1182
1351
4941
2348
1699
7412
1516
8670
6068
926
8207
5776
6630
8462
1425
5840
8516
7930
1817
3004
2439
5473
543
3466
6925
5499
8996
6440
690
2565
166
1872
268
5107
4221
8320
2519
5737
6990
4939
3015
1549
715
5997
6363
8493
1837
4879
2775
7
4236
5215
1832
4779
8681
8757
278
4029
1549
969
2947
1715
9193
3215
6822
3414
1535
5693
5504
4878
6985
4871
6427
7700
869
2791
2545
9058
4022
5321
9065
8258
536
7249
3037
5569
6006
9668
9599
3908
6989
2546
5623
6182
5761
8798
5949
3649
843
7805
8527
7828
2676
4954
5529
9897
4097
8074
8956
8120
9747
4373
6378
283
1623
5768
2205
3981
5436
1804
7889
2425
702
9865
4959
6463
8663
908
6464
9506
8713
4991
3687
7742
9946
9216
7639
395
3642
6595
8515
9742
7321
1246
6377
5296
7014
8582
5629
8802
386
9871
7579
7440
9736
8890
256
4751
9799
6720
4257
8512
1712
7944
2606
8010
3512
246
8405
3507
3193
6921
9601
514
8167
5978
2162
1533
4561
7792
6687
1299
4015
618
8740
3751
9508
8996
4854
5659
5716
5463
524
7428
3408
3130
5438
3272
3376
3844
3131
6570
7117
2732
3436
1636
8711
5599
9521
9624
9743
2560
923
3758
3178
9663
3861
9038
8659
8715
4698
728
4178
5222
8156
3938
8352
9947
3563
8081
3791
3046
4651
7260
2131
4439
8896
842
6390
8417
6818
6133
977
7741
6243
507
3757
6456
5897
8768
1523
595
9496
2054
2169
4005
2344
6874
3952
5907
4955
4095
8954
5958
1355
1085
397
6603
8279
6788
5020
5097
9273
2349
9190
5517
9208
2947
8325
5105
1716
9849
5701
7564
1903
4222
1569
4247
1096
5521
6507
6051
5968
1813
8361
7323
9250
8759
3926
3881
1899
5298
5330
1172
7647
4520
3041
3207
3820
1367
8313
5536
7568
4014
9452
5823
8236
1022
70
5685
2895
2929
1736
8864
4742
98
6187
344
5209
6466
4225
7108
1764
9555
4632
5764
428
7674
5323
4248
5393
3636
6136
2961
4002
5588
5136
8591
2962
5206
4276
5858
4488
2364
4722
5582
2462
7261
5927
4023
3727
152
7483
1844
6060
2116
3960
2840
6142
9283
7088
1535
2920
9576
848
6922
1516
5984
5513
4479
7542
6141
337
8382
8506
5059
3965
7320
2320
9892
1344
2400
6396
8827
4244
8808
7295
4556
1648
3437
3839
5088
1324
3111
1016
8524
6386
2533
860
8251
3364
4755
4393
53
3137
2899
1464
7102
6571
136
3346
7915
2536
6095
3095
3132
4903
390
4040
2904
180
7880
4344
1504
7343
1713
6381
81
4246
7241
8333
3962
1996
9078
4015
5134
8329
1831
8588
4900
1967
1935
9168
4504
4382
2263
3988
9285
9005
8029
8541
9185
2261
2886
690
5956
4599
7071
6038
5197
664
723
5511
2661
9801
5878
4147
8130
7709
9087
9382
9676
1022
8550
532
5404
7165
873
1042
6171
5254
5935
5356
7515
5173
2398
3471
6124
5821
5861
7673
6486
6584
3184
5499
2737
5414
5998
867
3123
5085
6602
9152
6108
1504
9684
7864
8670
6909
5258
4841
2163
1194
197
6030
2719
2596
5854
8844
4769
1715
6517
1255
8300
6054
3106
1037
1468
9104
8257
4592
4190
1211
3744
6650
2715
9780
4514
1385
3042
6125
2578
5205
3671
2776
1236
6390
1724
7090
5234
6493
5157
8104
4101
9809
4158
7207
7199
5626
6312
1808
6570
502
3019
6666
7152
2086
6447
8018
3472
5841
495
6050
1046
4166
5178
8634
6909
3254
2076
8495
6100
7234
6599
201
7043
7109
3760
594
9088
72
2402
5658
6926
1773
2325
4078
3860
5124
8449
3684
965
8944
6086
8363
9463
1265
6998
2724
871
9074
1219
6971
2660
4171
7172
6056
1280
933
6650
368
7357
9053
2379
4284
826
1056
4714
4686
6180
9515
8370
3497
8460
4457
8212
4275
2074
5210
6999
2945
637
4570
6269
9649
8741
9793
5705
6374
7078
2356
3094
4436
1409
5473
5072
8587
6529
9786
3274
9061
9302
7996
8910
4114
8805
7123
