4741
879
8685
1740
177
5674
6310
6446
5324
1404
2591
1029
7778
9670
3385
872
4106
1146
6346
5530
9734
9227
5316
9360
4641
970
7356
3551
1436
6162
7026
2529
3393
5712
621
9922
1386
3284
2720
6710
4688
5312
4092
2466
1334
7477
9690
5440
4976
2388
7322
4710
1616
2638
4070
6257
9961
7778
6160
7749
292
3187
279
38
5251
7252
6312
6637
536
5385
9700
5224
697
144
4042
2031
3973
3733
3823
8949
2473
1145
11
4089
135
4081
6698
6448
8212
9211
550
8504
2398
7181
4894
7649
4433
1207
638
4970
6592
6690
6546
3641
6834
589
2024
808
674
2199
6109
3147
9696
6121
3589
6183
6554
6639
2632
4766
5850
9534
9623
4600
6715
4517
8601
7500
2076
9240
2470
5020
2282
5369
8661
9117
5958
7037
6277
2984
9236
2386
2483
5284
8507
2424
1468
5062
9064
452
6180
1266
9986
5803
5867
3053
6673
4468
553
5101
60
9376
122
2343
4745
5135
7812
7055
8525
4089
39
7761
6475
8874
3046
1335
1299
866
2749
363
1318
8929
7981
7656
1085
3848
709
4110
4669
7614
9211
4729
6990
5685
7072
8087
7173
1236
5142
5698
5325
1533
9811
8153
408
9209
9488
8059
75
2237
4774
7745
7518
2755
5401
8603
6604
2462
9065
7625
77
4629
2354
3419
6666
5779
1507
3839
7015
3001
5889
2341
4535
5701
6846
1295
4910
6334
5706
1338
4923
480
9083
8793
9587
837
3749
6191
3299
2814
3816
9728
3795
2523
3148
462
8302
1007
653
1669
4008
6543
362
4895
2244
7208
2542
3506
9894
8248
1196
1169
5080
6632
9963
4668
7469
3712
7211
768
2878
7380
497
6674
9903
9997
7136
4557
1004
7789
2578
5012
4332
2941
6260
2928
6501
8802
2787
6396
3403
3983
7565
8483
615
7528
9503
8084
7592
6715
5205
471
4095
2054
7145
350
2051
4281
1259
9407
8422
3837
771
9107
6778
7031
2035
3280
2186
4822
6028
5589
5158
9945
424
2125
7474
9928
210
1418
6643
1767
1889
7090
173
5386
3792
2224
6019
5051
1631
4442
8888
8754
3549
2019
5786
1936
1651
4324
3111
7679
9913
8269
7624
6689
394
1450
6617
6956
2869
9612
5075
1110
3054
5248
2849
6846
3824
8868
1897
1807
9662
7138
562
9563
9157
2700
1500
808
7024
4611
4839
6937
9232
2463
9978
5978
266
6596
9287
9487
2560
4362
6949
5615
9611
9798
2461
3435
8667
711
1595
4681
7849
2157
4245
3358
4857
2097
518
1881
3060
5357
5170
2292
4172
5148
4622
4438
8096
3909
3925
657
4624
875
6272
587
7025
5085
374
2044
2148
1969
6726
6349
4126
7323
9707
8983
9420
225
7216
2480
1934
2386
1124
6107
7535
5746
545
1983
6008
823
2640
632
8050
5264
1219
5075
6702
1593
7120
8850
3563
198
5200
7689
7521
4907
3025
6941
1485
241
9421
3419
2628
6897
9526
6515
2643
6424
8498
8651
3599
7491
9283
1649
2755
6854
3076
9457
8448
6548
4660
2011
3098
9860
6052
619
1119
9077
3912
2604
5671
3333
2376
4651
230
1902
7518
9226
4678
6016
4229
8277
9859
3513
6278
8967
367
9355
4776
5167
2255
9436
3530
5354
5648
9583
2325
6768
5012
6238
5724
7035
9571
8100
1686
6154
6355
9204
1732
1033
1573
5961
9311
1432
5826
5589
6751
2546
1296
1528
7713
9904
7316
1244
1610
2965
7179
3935
6085
8543
173
1809
5579
6097
9910
3617
8603
6265
2822
335
3650
4395
6296
2961
2179
8475
4903
8931
1021
2551
6811
5086
8807
4127
2682
417
7092
9861
4353
9529
4757
4526
1339
6688
6975
7601
305
5578
218
3127
5913
3868
3874
8562
3182
6054
7037
4437
1337
4410
6988
8148
9496
5796
8627
2179
2565
2072
8392
6918
1601
3149
7797
9292
9837
4772
6893
143
6703
7111
9622
2616
7332
3497
7530
514
5903
919
4951
3592
5329
8291
8092
4826
439
6719
7005
3005
5143
1749
6275
6745
4899
424
6037
1088
1549
9283
7583
8252
2746
7206
7220
78
7055
1103
6944
9310
2022
8247
9254
7352
6539
7346
8530
3330
417
1887
2687
5561
3636
5315
8658
8535
2091
1047
5976
3640
330
3559
8244
3077
7117
1817
9507
524
2920
6452
9834
4942
1051
9088
8646
3942
2786
7176
7273
3204
9063
6312
5117
2700
1627
3775
7587
3719
4822
3563
3711
5153
7123
8308
4582
4240
6477
4089
1117
9397
6893
951
691
7945
6392
9338
1887
9178
2866
5512
8734
1930
1825
3851
982
9804
3978
8569
3523
8801
8485
3587
306
5608
8247
1240
6200
4724
1681
7317
473
8575
4621
1164
2872
1013
6854
1111
6543
9721
6624
5278
8003
4801
5481
5337
4605
9460
258
8129
4613
8743
8068
4919
703
6315
2511
6904
7391
4192
573
7864
9119
5194
9028
1991
2559
2235
3103
9103
8308
6079
733
2663
880
6214
8000
5485
5674
8258
9966
287
3354
8034
1558
4057
701
4069
961
8092
4614
7887
5956
3733
9433
1337
5725
8345
3572
5180
3800
1880
1259
4533
4543
2139
7099
8895
3976
2774
3505
3943
9413
6859
8329
7324
917
5383
7745
8230
3475
2359
2469
5784
6093
1903
3473
8170
6600
7045
3350
400
5277
961
1285
6172
3100
8384
1419
7076
7510
4924
7371
3276
8136
5701
600
5405
1084
8345
3635
911
7057
2457
3047
9502
712
6520
7672
7312
9917
7374
7712
1546
8335
5349
7718
1435
3733
9137
4863
1244
414
2235
872
8550
4288
1472
3955
1724
6169
3942
8987
3226
6399
8387
2728
7111
1259
6752
775
1177
4126
4839
9075
2461
188
3146
248
3922
8635
5112
1518
9049
3699
2390
3951
7987
214
4258
6063
6383
8201
5050
5962
952
9789
8690
4416
1049
5443
5191
8578
5921
31
7653
8383
6571
799
8631
493
5787
95
8363
4836
3794
7105
5140
8133
7319
9398
4196
55
7599
5599
6017
4904
5388
1059
9320
6437
6502
863
1367
8776
7246
5373
7159
3818
6172
5790
663
8311
5886
9027
9500
6032
2484
4640
4166
9804
4038
4714
9859
7990
313
5876
2894
2054
6935
8566
4843
9790
9429
6211
8566
6676
1584
2077
494
4108
4219
1157
2420
6457
6536
1920
2490
9021
2912
6656
5177
3302
7722
5036
1292
8036
7264
538
90
4199
9104
1285
341
4886
7496
5259
1562
9080
7336
8408
9541
1556
5917
8313
8013
8806
6585
503
7827
9497
3511
9356
2799
1234
4392
444
5622
8008
982
2064
8559
6439
3349
8901
7677
7198
4160
9239
2630
7849
3999
2171
9405
9916
484
3770
8722
7069
626
2901
6566
489
2257
5718
8075
3001
6162
3697
1009
3496
2113
9569
6287
5463
8470
3964
2661
8982
9555
1643
3183
3554
3815
8940
3471
651
2711
8545
7721
9689
1447
639
178
56
2709
8254
3058
5223
8303
4067
8720
417
9988
1359
2232
4810
5324
1245
3793
4879
2888
3328
8434
3055
2269
8257
3707
4980
6802
7780
4669
4601
4771
1199
1010
7481
5805
4068
2704
4109
4487
7776
878
4476
9136
9462
9286
4460
7059
9431
5691
6299
9112
477
9355
1381
8734
3062
2713
1889
7194
7382
2842
1965
4933
3852
9446
739
4272
2151
4848
8760
9927
2078
9588
5415
1540
5226
9875
4951
1010
5567
1250
122
2396
605
7855
1131
19
568
9372
7213
4302
8566
9179
9235
2419
4977
9974
6691
3480
1174
1803
9760
3252
7743
5175
1144
9322
1403
6095
6684
3322
7346
3158
5718
4303
1013
3201
4323
1581
2573
7888
5883
1140
7067
5118
9911
8397
1445
2954
1877
2619
1110
7989
2224
5205
3165
3368
4527
4568
5816
1211
4242
9514
721
9960
3817
1734
3162
4492
3315
2087
2381
9198
9579
5800
669
9490
4197
2114
8797
2427
4733
9907
416
3309
5112
9933
3030
5992
853
8846
3555
5095
4712
4277
1408
8529
6011
4570
3022
9327
3009
1755
4877
2589
7555
5546
2079
8105
4012
876
532
5098
7135
7300
8407
8600
3586
1437
4592
4439
6635
8147
5887
1347
2424
7295
6229
4788
8217
5603
467
1226
7358
5344
3815
1265
7243
2247
9370
7607
9475
6254
2705
6611
9907
7465
5211
3493
5254
9803
4284
1890
4302
171
9589
3079
3818
2170
7867
2035
7773
4686
3262
1483
30
7077
2749
3625
5676
2119
1233
5152
4726
290
1763
4633
4107
3326
8126
9362
9481
2410
7604
3783
8934
3545
3214
2752
5716
7433
4788
9841
2119
4402
1325
8502
1479
4074
2127
3508
2545
9712
8660
7271
6355
6775
1904
462
101
6382
9824
5934
8793
3780
9717
7727
7326
9284
6831
3042
6717
1619
2883
8837
6021
4208
3691
3853
4634
5818
7361
3532
1883
6021
803
4590
9148
9060
1404
9249
5442
1229
5183
587
1361
1252
4666
8687
6888
1498
1729
3606
3117
965
8795
5491
1525
2486
9344
6160
4656
3057
6044
2891
5430
6847
7481
4578
2259
8886
179
7702
6467
1714
4641
7828
2966
9308
6516
6207
806
4597
9813
275
1914
4960
5766
3440
7446
1462
5952
8454
4519
1996
1346
9949
5195
5179
879
7455
417
1058
1509
3236
2772
6150
1065
2091
1810
3933
8298
2616
4882
4463
2892
6797
9423
5010
237
3221
6473
6189
1675
7344
4537
9373
7294
9732
905
4525
7187
1322
5584
5048
4559
4708
7551
1976
6799
9361
2261
1449
8330
3495
5912
1222
292
5335
2584
6881
4908
9057
9422
2936
6402
3959
2309
48
3692
3214
4573
7231
889
6509
8632
1800
1218
6183
128
8017
5544
2389
9467
3874
5884
1731
1448
2529
7067
385
9410
8327
5794
8833
1263
2196
9144
9925
8596
9188
9491
9522
6420
380
6031
1404
8532
3601
7587
8660
1619
9483
1049
7438
9710
3286
5521
7510
5815
8940
7895
1577
7268
3690
6762
8531
2238
5907
8456
7187
1447
7948
6709
4219
4680
9092
5623
3213
2694
3210
1873
665
9046
9275
4455
8756
8913
9976
6266
1080
8917
514
2657
6185
556
5772
1068
2794
8031
9525
6333
9478
3825
3042
3698
4857
8487
9321
8070
1181
8884
6296
1846
7930
1923
6301
3038
7188
2629
9304
8268
1546
6170
7277
7731
6726
3049
8800
5873
7432
4677
2206
6911
8502
1601
6961
3359
88
6282
7782
7621
1518
430
9467
9448
2353
2120
2486
9541
4749
8143
4161
6296
665
1438
379
3744
840
5531
9617
8272
208
8175
1535
5062
9776
8496
4774
6216
1131
2556
3837
9001
2986
9656
4802
1691
8128
7288
7584
2878
1783
1745
5526
8801
3183
2257
2545
375
7789
2162
5000
4349
6689
6535
9412
2818
1384
4186
9034
8867
3094
9224
7868
2432
8880
2670
4123
3361
6311
1707
2591
4446
9804
8117
3247
9339
6726
5792
9715
4515
4306
4715
8865
996
7602
4629
3814
5338
8815
9200
557
1909
4776
8426
4341
3657
7448
4816
7018
111
2875
5961
4558
2679
4078
7805
2018
7156
9950
1733
8024
608
2800
3241
1604
6755
7870
1770
8445
3037
7323
9003
1298
2099
7429
1991
2108
1229
6807
5478
1341
9682
1439
5899
8713
1869
56
731
9026
6358
8817
7050
6967
7969
291
8571
4724
4513
6694
3170
7550
4017
2173
8848
6116
5954
839
4577
7183
3998
55
8524
32
1495
4423
8745
3364
832
9476
8742
7190
4645
2144
4157
2615
2435
9081
7339
3300
5775
6861
850
6144
9034
6050
8612
1340
3241
3189
8524
3591
9597
3400
3623
1092
4176
8720
808
5008
4549
9551
2198
9194
1695
2708
1809
483
1789
5501
3783
3916
2362
986
6412
7749
3388
5024
9089
2982
4566
3965
6573
4163
7366
6549
1607
1542
5269
2415
6550
9818
8318
5100
9013
14
4160
7174
6849
2301
2675
6984
6217
1390
4322
8981
9139
7711
358
4580
693
4924
8546
3618
5439
2264
167
7046
3806
5437
5813
6708
5255
4132
8160
620
4146
2321
7795
7347
4622
6822
4331
7192
8212
8654
2525
7351
2717
2883
8284
9762
7807
6830
3380
9598
5446
3548
6644
9252
5337
2458
2312
6944
6590
472
7565
7088
9145
1712
4435
120
8534
5118
3664
6747
3772
6189
450
6489
9073
8734
6251
3232
1916
9632
2831
7362
9532
5827
2966
1221
4637
5278
8165
7579
2103
2082
1019
1248
3794
5454
1368
8681
573
5032
1780
697
7574
8582
7187
6647
7317
9790
9879
5585
5774
9062
9300
1658
4890
2266
2879
5879
3897
1045
3459
6000
3127
4478
7248
3274
6285
4969
1955
6858
6353
3735
3907
3927
2317
7446
6926
5986
7237
3158
7924
3011
2220
3576
4670
3462
5842
7549
9342
6091
4946
2801
2091
8074
3631
5692
1348
9916
7013
9655
3126
3366
9742
7034
3646
8411
4480
572
750
8069
3730
8674
1081
5951
2250
2103
5765
4444
6004
5107
6888
951
4260
5331
5377
4244
1023
3077
4160
8036
2732
7287
7755
2474
673
1401
7237
5153
1973
7987
9575
2056
3013
656
4359
5263
9111
124
6060
1467
1584
2948
2418
2196
8279
4147
6440
5655
7224
601
43
6308
4240
7798
5134
4913
5551
2372
6418
3877
359
5993
5933
3373
3001
292
4988
8464
6768
1048
9932
8352
348
8702
6901
4980
2850
3341
635
6426
294
678
2735
886
4829
7869
2151
380
241
4922
609
6953
7267
6542
326
6621
3186
1666
1437
9955
9067
1369
4659
9415
6424
1560
4395
5626
1254
1382
2052
7900
8413
4787
5139
3242
2657
7290
9974
9250
8564
584
6203
5832
3478
2881
8805
6665
4548
242
2972
3615
7964
3983
9382
4388
5544
130
14
3150
1512
8418
7402
6277
3206
2541
9519
2215
6184
5846
1465
1100
2782
4021
3284
2612
3254
2089
9277
7802
8684
8601
7769
6648
2585
3504
1036
4481
3634
7402
3983
1498
5820
1385
7776
5378
279
3647
7593
2815
9493
5411
3915
8627
5784
3552
1240
9038
5641
6869
3193
4325
5471
962
973
8056
4466
8361
8889
4452
2115
2872
5951
4288
4257
3727
9666
888
7374
3612
55
3220
5375
3971
1847
1159
3875
3087
6549
9516
6309
9742
194
1780
7057
7519
6188
7875
2233
5077
2328
4348
7949
8279
8636
8558
8358
4655
5799
2084
8267
5854
5304
3642
6177
3504
1153
52
2943
7702
5921
9252
3797
6115
1032
854
9986
7220
5081
2219
8649
7409
2920
6598
2040
7908
1509
398
2563
7308
2483
830
9514
4139
824
5692
7643
1977
5744
587
6032
1665
6191
6181
4132
7224
3387
4119
796
8468
2690
9446
5878
5610
2396
7918
3519
257
4669
2434
3917
3504
3265
3432
7643
4089
9124
1639
2419
1220
8578
4803
9238
4769
984
9722
1993
4371
193
9142
2839
2884
4940
5069
4846
3688
2988
4717
3946
4009
7152
4215
7513
6769
7647
5156
7210
3123
6795
9629
4344
5373
784
9934
143
1768
9656
8488
2491
9850
7630
1683
9086
8922
6752
284
2611
6092
1354
2909
101
4858
7124
7614
1627
4772
9123
8837
4247
5918
4819
8591
7644
5603
4877
4139
3724
886
8979
6215
736
2962
7898
6174
1884
1003
2810
4495
7095
4164
3756
7197
9022
881
1163
649
2005
286
5839
6252
2557
658
1196
6553
2613
6073
692
6337
6959
9671
2553
4047
8985
6803
6573
870
7806
9384
1717
1254
3548
5474
4803
8923
6355
5966
5924
4712
6253
1763
964
5162
8773
2160
1715
1387
4586
2407
7724
1545
8430
6629
1945
7416
9785
8518
4638
3943
4254
6355
5197
4155
1829
0
3078
4536
2319
9002
9248
8572
7118
6565
86
5891
8725
1801
3630
3311
560
7707
1209
5342
688
9506
2758
473
4376
3748
769
8631
104
2318
2786
8285
2319
2216
9174
990
1218
4774
5914
4688
1339
6000
6932
65
7801
562
9728
8361
4621
7289
3703
5310
6795
2814
2135
7524
2914
2904
6155
3018
5223
8941
7656
3894
1157
6830
4884
8727
7956
798
9768
9296
6798
3052
9361
4599
3614
5441
9312
4588
9083
9367
9898
2230
8533
2033
9754
1448
4938
5909
818
161
1202
4826
407
8711
1656
5291
3791
9613
6089
9911
5261
2887
2963
974
3838
2929
6415
9502
7517
1850
5221
7415
4081
3755
5801
187
1555
739
2449
2373
7252
3
7200
4011
8715
5208
9302
8858
1173
5391
8769
6434
4630
1732
3760
4820
1013
176
4322
8531
8378
5895
2298
8811
9650
8099
8999
1205
5190
1448
9931
8794
1451
3483
2805
6518
5043
2107
5376
6217
3850
497
9003
4832
8581
2764
6004
9595
9292
6678
4478
7670
2574
6776
2834
2224
1228
1833
9782
6418
3281
6065
1565
1084
9548
4370
7603
4591
2830
9331
7160
3032
9829
6164
4217
4762
5280
221
4357
924
6900
8835
4946
9474
1964
7780
8050
3192
9613
4184
9610
9246
249
7527
6683
9797
1898
4286
741
1080
9969
7901
464
6150
417
4681
913
2049
1255
1622
2973
8155
6810
7920
3981
8774
2052
8383
8318
8018
2568
7928
7264
9169
1808
3947
5319
3706
4585
6060
1138
907
313
1602
7057
7083
2636
4322
9132
3891
2297
2106
8398
9107
6378
8731
4233
4782
7114
2551
2800
6034
6831
6417
5204
8639
6716
6875
8697
7654
9287
6187
8561
9600
7790
1970
6683
6778
6293
5816
669
4942
4274
5419
4049
7004
4150
4634
1786
7616
7185
939
3651
4016
7356
5207
9008
4072
2082
7705
1726
7721
3893
287
7321
8035
8610
357
1165
1255
6173
8186
6197
6799
3605
6598
155
7755
1232
8293
5371
8417
9232
5374
8785
6588
6933
4145
661
5367
8203
8739
3088
8448
9027
410
6483
3989
767
4000
5244
3292
2186
1441
6443
5791
8039
6598
9898
9271
4891
1621
4040
4124
3348
9177
7064
281
3323
7725
5649
1526
6465
8737
9974
1844
5499
2809
5833
2618
6809
7429
5910
5347
8870
8705
7490
3261
1655
7388
8884
6547
5361
2924
7023
5061
8453
4087
5343
1776
8165
992
9654
982
6081
5980
9178
1581
5141
1363
551
8302
8792
2814
3649
4014
1519
7491
7275
3175
1231
6159
6074
6593
5435
3097
1654
3888
3536
3349
2017
8053
693
8023
5387
6775
4004
4565
4708
5497
2280
5259
3800
1072
8073
3801
5086
5945
1293
2361
9120
2524
4872
1546
5469
307
4643
3476
548
4531
6825
2565
8937
7519
588
4324
646
944
5242
1706
6442
7522
3317
6594
4947
7743
6747
6385
3688
4392
8747
9160
6917
9971
706
8738
279
1701
2214
827
6232
9040
9744
1521
2911
6684
5846
3557
7629
7440
5263
423
4962
8580
3369
6261
6323
116
2647
6363
4509
1394
5523
7778
7717
6229
2868
4348
7930
5083
5175
515
475
1271
2036
3386
7956
4234
3295
5585
1674
8558
2360
2989
3490
5729
9250
6166
2197
1897
2529
3058
9643
4405
7188
7361
634
57
1709
4917
5140
3237
1784
1967
4508
172
5353
2464
4407
8648
4401
2433
3558
3113
5422
3400
8842
4673
9566
7392
6570
8448
450
6214
2853
3991
9927
9839
4048
1636
1108
5540
1225
2892
7507
5734
3065
2860
4550
3824
7860
5304
6257
7770
8417
1680
1170
3612
2705
7089
7356
9275
5537
4158
1841
4742
8149
1768
933
8549
9757
2042
4089
982
1286
1596
3068
703
808
3971
4527
5020
5627
7137
2790
396
5169
313
360
7874
7402
7716
3501
9291
8227
1695
4033
6376
9815
1318
4926
9572
3360
5367
6907
999
3316
9975
1702
476
298
2582
5497
5925
6071
4639
2674
1240
4952
3034
5466
8706
751
5319
7997
5330
7014
8382
1706
6830
9701
2984
6402
9413
8352
9661
412
8020
9637
2115
8496
6287
4697
345
8565
7120
1337
1239
8360
6289
4273
178
1348
1376
5497
5697
6706
2512
4080
4765
9342
133
7749
2096
9546
2453
1758
9959
6825
7747
2074
5322
4034
3123
5667
2599
243
7004
190
4955
9646
4464
5133
7346
2192
630
3043
8899
9494
7123
16
8836
3608
7765
7285
3155
6571
9043
3114
3396
3142
1540
5070
3528
1015
7090
2480
7610
446
2670
8917
6444
7134
402
3790
5679
1032
6834
930
6879
309
946
5715
3918
8711
9352
3425
1634
4747
2891
1383
7889
4431
6453
1418
1798
3543
3898
5760
3990
6568
4677
434
55
1431
577
5734
2463
7411
6664
9342
4072
3962
1410
4342
9025
7114
7767
660
1862
658
8395
9751
1441
4848
7521
9591
4744
7771
5351
5086
4340
6380
5520
747
7811
2449
2833
6627
9860
5849
2321
285
9811
83
4627
8836
7198
2395
5848
9060
9405
4243
5163
847
5444
9037
438
188
6808
2142
5274
7500
8522
7146
8247
6334
9596
7432
9313
5808
9633
1634
6093
9444
1718
721
4633
8916
9468
481
4328
5225
1077
5843
6072
6521
4880
2863
6709
1689
5005
8335
5541
3527
5481
141
6213
1429
7573
1878
7238
7207
3513
3331
3003
1583
404
7636
6851
6224
4470
7531
1450
5547
3374
3874
2068
4607
6737
5129
2648
8094
3464
8189
7974
5297
8330
539
6727
2256
2418
3965
9463
5931
3648
8818
3866
405
6455
717
2981
925
8248
783
2824
7974
4658
1244
2581
7747
2725
5229
5842
2541
9771
3816
7838
4453
4355
917
6709
6773
4882
2524
9056
4883
1343
9274
1640
7798
6343
4621
5075
943
1757
4251
8918
6415
5495
7851
514
4572
9433
2708
7113
9204
6524
1303
3657
7232
2221
367
357
3455
2891
5766
4690
586
5040
6330
8384
1384
7304
9811
2327
9061
4062
7597
1828
5909
5449
8694
481
4882
1403
3946
438
7927
5250
447
1511
7471
7166
1869
7278
6410
3987
1969
6996
9027
8299
5381
6763
1955
1544
5443
1016
5607
3040
9196
7868
4841
7891
4702
6075
9294
8648
6513
3573
250
6961
5085
4073
4127
3306
1352
537
7293
3321
7534
2672
1620
9267
9436
9928
811
1231
944
2770
4271
6493
6991
5465
736
1693
1540
30
6693
8054
9955
6944
1367
1392
7369
1846
4698
8721
2384
8343
2042
6270
1016
15
1889
6804
9943
9052
8035
7239
8175
8658
3732
5166
4123
820
3211
5664
7202
9904
70
7158
3200
1437
4902
570
3283
5953
5643
2019
4296
7686
4641
1664
4053
2882
8468
3996
1935
2855
7587
6462
1514
7672
1628
1989
8492
1191
7653
5695
7447
7723
9205
7000
5512
4107
7570
8796
60
3213
7167
4357
7251
1809
6021
1304
4691
842
1652
2978
3697
9240
9440
1563
6912
7420
3553
5404
4963
1206
1099
2411
5282
304
9411
794
764
3333
5942
824
2898
3110
5181
6502
1271
7555
7806
2314
4749
5811
1645
8446
5051
7437
6362
1963
1210
9915
3719
6173
7473
1171
4936
9107
7827
699
6254
8591
4032
2196
9416
6931
1658
949
9785
9281
8504
7591
7948
9605
9754
9593
4404
4805
3382
766
3120
4592
7033
3192
7118
4506
4363
2054
9966
2190
2754
6220
7134
3138
4768
6550
6421
2779
3851
6206
8412
8708
150
6360
8313
9904
2305
2717
4710
5688
3483
4182
6632
516
7374
3750
1375
8089
2157
1341
6632
1263
3913
3766
753
5033
6668
7175
7812
519
9733
6225
9227
9883
8937
7541
9788
1243
258
850
3283
94
1384
9915
610
8759
18
8337
3200
8527
6030
9832
6142
9943
3598
6895
4977
266
422
2789
7138
156
5366
6365
39
4304
3906
6179
1899
517
3381
5182
611
4766
1449
7573
9877
7819
5911
3077
2698
1941
2910
8840
8237
2860
2088
3214
9479
2510
2355
6617
2666
4074
2982
9058
4730
3241
1589
6629
110
4971
8163
7073
6089
5964
4646
2318
3784
6909
5395
2834
8851
4657
1675
7088
3870
115
6654
3349
2625
5361
9966
1644
9435
9300
7054
4165
8893
8643
794
9003
9966
5309
6076
2407
1274
7075
4725
1410
3984
121
4244
9187
1130
5919
2627
5000
2386
9281
8349
5012
4643
4667
3008
4078
3968
6414
8244
2861
1409
5390
8217
1376
700
645
3783
8326
7720
4861
9736
1705
4982
3980
7244
2464
6252
9872
3817
8638
9153
2166
3650
148
3186
3010
579
3506
9424
5175
6367
834
565
936
8562
7617
1582
8697
5943
9302
3558
2031
7359
4892
6012
4604
7357
2264
4476
1174
902
9981
9692
905
6482
9230
3915
7061
2736
9692
2236
5456
6878
9153
6392
5440
6771
7974
489
9066
3629
4048
1098
7340
5292
3462
8296
9001
5726
9124
6527
2980
5458
6220
3885
1940
1802
4153
9001
4539
197
1237
9995
7075
390
6387
8867
3513
714
5708
8932
695
9756
6382
4387
1401
9844
2684
402
1922
8160
6930
4902
3618
9502
8788
5558
1304
9293
4559
5843
9490
2148
5838
2917
8891
8578
8136
8756
5644
3844
7688
6339
9953
422
7078
1354
266
9762
1756
2188
7923
8686
7091
1541
8188
2231
3452
5845
7876
4363
1688
7366
6512
3879
6635
1755
8809
4771
511
4453
8615
8200
7144
8568
4974
4222
9922
5241
337
8031
3781
4612
6717
7224
2505
1258
9455
5957
7103
3683
321
5143
1049
3185
5374
7684
4940
4183
8807
5451
4988
7423
3
8484
2343
4978
9059
2266
6571
9396
6649
352
4008
3366
7577
2865
976
3384
8823
4431
7068
5496
9575
4469
8681
1301
8506
3621
1837
7313
9072
6825
1088
5428
1662
3432
406
721
2050
6977
6469
8699
3681
6829
8417
1258
9694
9394
995
8517
3825
8063
4013
9752
8884
9046
1054
7390
2667
2891
1056
8092
6068
2144
3520
7730
5576
278
4803
3978
3607
1272
2677
7288
8101
1095
4899
7796
6841
5894
2665
7018
309
3031
6771
9193
2077
4177
6584
4745
7068
7640
9189
9488
6136
9061
7219
8065
9339
2022
2043
2946
3295
1073
6586
7748
8520
1485
5544
5361
7379
4562
8731
7688
7593
5502
3234
9670
9679
9818
767
3099
3810
9956
2588
6298
9017
6159
4363
4708
8181
2759
4006
7828
184
593
5577
8704
8430
7473
417
2162
2035
9148
6202
5980
1003
9436
2003
7034
5606
2770
134
5768
9079
9074
2067
4448
5233
2782
9157
9766
1893
9515
3947
2077
6460
5876
781
4891
3349
7550
7053
1737
3051
3255
4069
4054
9044
6072
1088
4650
5195
7574
6771
4274
3000
8838
5074
4585
7972
583
4352
9866
99
8299
8295
6559
4175
5429
7802
3876
2979
4855
1965
6030
4463
6035
6436
9859
8459
3877
4509
3654
7803
1280
4280
804
6470
9355
5389
795
9938
6093
7013
6389
744
5308
9301
4919
737
7103
5148
69
8311
3465
6099
9126
9500
8888
8985
7960
2765
9846
7966
6920
7479
2247
7724
301
1602
9466
1096
7892
5559
8109
634
6304
9770
6287
7575
6859
3390
9075
6928
8053
2541
9380
7179
8393
8268
2516
2705
7385
2363
672
4305
9842
2919
8382
143
873
4200
1240
5117
9759
5701
2103
2415
1823
8390
6343
8683
8133
5418
5611
6186
7959
1343
9718
2705
9611
2234
5410
3348
4597
2434
4006
4439
1705
8740
935
2578
2940
8527
4048
9051
580
2503
7819
2404
894
4162
7439
9027
9580
3050
1565
3892
4394
1283
2949
357
3518
8359
58
8115
794
4064
8907
2499
2804
9842
1430
2096
4721
1830
1147
5301
4333
8966
7705
1579
9480
5144
606
5413
4547
8524
5657
5293
9807
8606
5650
3325
3317
5708
7793
463
6124
3052
2963
8928
9246
745
7376
3967
8927
4876
9268
3260
194
3326
4840
9675
8470
1798
5088
9369
322
745
4662
130
5703
6665
9807
9020
8725
3952
9484
4850
7004
8799
130
6250
5896
7507
6569
4823
2383
5838
4435
2577
9164
5627
8604
3986
7426
3692
3356
4100
789
4370
582
2844
1035
390
1865
9761
694
7701
963
4051
2852
1093
6653
8748
4952
3223
3571
7335
9061
4358
6265
4577
9986
4869
8563
7412
4914
8271
7864
2055
2642
8447
4900
29
5189
3117
6142
5883
818
7105
9934
3670
4551
6588
2418
9503
9811
2341
3191
5224
3051
9456
6153
3037
677
4716
6801
5591
9340
4666
7647
8334
3113
8899
4715
8302
2016
858
537
2834
4315
472
2856
8866
3412
1626
4722
9575
3967
7913
1151
7018
3721
7304
6408
750
2020
3209
2694
7712
7875
6693
6046
988
5592
7114
5642
7608
7972
6180
6794
8639
3004
9650
3858
6416
1276
8580
2343
1595
2845
3494
4965
2918
798
1373
3668
9170
4583
6362
6883
8810
9407
9281
6151
4999
6395
1793
2607
719
4325
5753
5711
7329
5403
9569
97
3031
4501
2440
978
7346
5934
5944
6616
6732
3669
6636
2255
4604
9351
5490
3415
8758
4771
9566
3758
7519
7711
2717
4590
2037
4823
301
9366
6578
6222
9464
9610
723
8256
588
4421
4191
2884
1037
7275
6554
4026
9530
1158
3377
5020
4573
8487
6144
491
2245
15
8203
1315
957
240
6138
1259
5958
2716
7481
1774
8678
4557
31
9267
8978
574
8503
6368
7849
5057
394
3732
6216
3771
5104
7141
2258
7600
7633
856
3967
2188
8523
4925
8780
4661
2536
4738
3729
6369
6513
8760
926
2896
4379
9905
3470
2882
6273
7671
7940
3019
1403
508
6790
2860
4001
5400
460
7986
2608
780
174
1131
5705
8954
2144
4593
45
2226
962
2910
986
8241
5806
5365
4498
5628
8247
7123
3299
2539
142
1055
9399
3284
3915
3401
8684
727
7739
1293
1507
7914
8776
3564
3220
921
8157
3265
9499
9120
2527
485
3713
4685
5850
8211
313
449
5334
9965
2989
5476
1020
2388
8760
1287
2141
3796
8366
9881
1441
6226
4147
218
9790
7367
7491
7948
6985
6990
3420
9512
7475
7133
550
9677
1696
863
126
7030
828
9467
2506
8200
8208
7618
5839
349
1414
4206
230
2856
432
729
9426
222
8097
3269
4522
1434
259
4294
7298
4086
7779
7848
115
9475
8712
6593
2857
5892
6061
5363
445
4269
9333
6284
970
7100
490
1201
6308
922
1930
5734
7497
6379
5355
8371
7813
5614
2666
1464
6052
6797
9312
2519
6273
4376
9112
9130
269
5173
846
714
5794
6531
6998
6765
3631
3841
4318
9939
4763
2600
2025
8612
5332
7380
6984
3145
9346
6002
961
1750
2799
274
4269
9072
4650
3382
4555
1271
4907
1753
8337
702
8284
5336
3819
1916
5529
8137
8207
292
737
233
5257
6069
7613
2241
5567
6960
8243
6528
5062
1042
3154
9332
6467
7805
2714
7374
5428
3973
9127
3766
4675
7411
5454
4846
5679
983
2983
3887
7627
73
4120
2884
2494
8085
1477
4413
1397
9720
7294
6460
7115
448
5792
9934
4605
4858
7308
34
8831
2787
152
9859
6550
5606
4705
2230
2941
4041
2469
568
4114
2941
9805
2960
1026
1282
7374
8776
7355
4668
5236
822
1468
7380
756
6074
8590
4416
2460
7421
3555
2612
3632
105
4570
4690
8687
7511
8731
7508
8079
9197
449
4236
8509
7828
5519
5883
6604
2874
6903
8192
3696
8372
5572
804
798
4162
5220
3258
7935
8775
5870
7920
5232
6792
2610
272
4303
7693
7780
8734
3242
8230
2971
1751
6058
8490
3987
9014
7716
7242
7206
7764
5614
9130
8568
6412
9644
140
9670
7579
5267
1892
1851
499
8684
813
771
9339
8506
8552
8074
8100
3134
1045
6204
9192
5887
6543
4558
9955
3785
1764
7719
5752
894
6287
2164
6890
6427
8187
821
1694
6431
2673
8545
5116
3486
5669
807
8345
573
8881
2797
3707
6278
9001
9251
8517
1896
3809
8472
5682
1925
6191
1434
9171
2478
9950
6061
5257
8137
6882
3303
921
9555
1849
2389
3042
3870
3196
7739
4443
2078
536
8150
4708
5890
3753
3226
7786
7562
1698
9820
9487
4242
7606
8658
3072
3909
4719
8330
8398
1601
1633
9319
7509
9834
1708
6903
3704
4905
4642
8147
3335
1530
2649
8043
7420
6402
7621
1559
3964
9320
7731
9803
9914
1690
4813
2986
5599
5884
1316
3997
3838
9302
3317
1347
9136
5025
8250
9193
9930
9244
3692
3265
774
6342
7661
4547
2744
5282
2458
3061
954
6541
9216
868
8231
4030
3855
3830
9914
1523
7828
104
825
7497
1451
6314
2522
6053
5507
8805
5297
9199
8422
2424
1893
6083
3323
990
7718
5781
403
8672
2322
9619
5893
554
1
9748
736
6268
7623
8564
6372
8449
6061
4176
1115
4936
229
6622
3741
5527
2173
2163
4303
419
4599
7626
1409
2317
9759
8164
7341
2081
7783
3234
8987
4137
9334
6076
405
6958
4640
3129
5407
7054
7305
2874
8342
7535
9496
2083
9414
8021
598
3717
4792
1549
7695
2553
218
7454
717
7560
5887
8501
794
1227
2638
129
7303
9395
7087
8295
2524
8846
1701
9830
1720
43
7365
7568
8478
3131
1941
5429
6848
3086
6978
895
5639
7197
8349
6357
4757
588
1210
1903
1815
200
8384
5470
9595
1823
3766
8471
7021
5467
4653
8741
1863
2018
2661
341
1501
955
5770
4701
4041
9101
5596
9680
2650
297
2389
3759
886
3599
5662
9053
3799
399
4524
9746
2222
8290
8218
9244
109
2871
4337
1972
1242
3351
8666
9095
658
788
3797
4699
6241
9393
731
8891
9691
3121
2650
577
3072
4665
9630
3224
1416
506
2970
3638
8796
7540
9234
5258
6764
3572
3582
4358
3275
2248
3453
3933
3037
7250
4984
5630
6644
5715
4522
6335
5188
3524
3264
8261
8189
9246
1485
5957
9753
807
9596
8549
8348
8830
159
1464
8754
3742
5822
8381
5990
9275
2314
5379
2878
7298
1010
9522
9366
1884
2209
4554
5408
5473
9167
9950
4719
652
5907
4472
7812
1855
9374
6160
7038
5885
7624
5792
9627
9798
526
1970
5425
2840
3701
8303
6491
1063
4177
5857
2947
6386
6763
4708
8211
5931
1010
9283
2935
6917
107
747
5125
9481
3259
2163
1719
7235
7955
1346
7033
4833
9668
8811
7674
3370
7114
517
785
1292
6374
3733
7678
9489
4793
2242
1772
5803
1525
4708
9072
1632
1807
4197
7466
5067
6360
9185
8654
668
531
2040
5501
200
851
9527
9922
7965
44
707
5609
2770
792
3288
2260
5585
1882
4032
7740
3407
5092
6813
5039
3252
7362
8857
8319
3723
8042
3325
743
4926
5365
6244
1478
6216
2124
1400
534
2168
8459
6143
4939
9252
5783
3551
1189
7665
3935
8930
1072
5380
2095
2464
8632
9457
1321
3303
9532
5716
6628
275
642
1994
2872
2120
4562
4996
3520
5096
7164
8331
7592
8455
7583
3375
8358
8773
7393
8646
4055
4817
4026
6150
3633
2658
1959
4955
2313
1492
671
8941
8119
7665
7287
991
9785
8202
5987
9657
9650
9504
7988
7242
4311
1924
6970
9022
697
4363
7668
1104
5532
8046
3606
9166
704
5565
4121
3017
3409
1144
8310
1529
5161
1950
2520
4946
152
4860
955
9802
716
5295
3397
5027
7219
367
4049
4268
1082
8069
5372
6614
6115
8978
5780
3171
896
6253
2540
4305
3749
851
5834
8910
2801
4707
208
9305
9567
1163
9107
283
6459
2504
1662
3678
9223
5712
4299
305
133
9671
6920
6249
5002
2700
9420
5898
8954
1961
6555
2703
9164
2390
7966
8317
3449
8174
7622
3016
9338
6729
9651
2149
5586
1313
2179
4809
3377
6478
5115
3511
2502
2035
6112
7504
1087
5532
9754
6393
3845
2661
5449
3009
1403
3415
7678
4852
1589
5300
4220
7279
8382
3871
5780
3968
1537
7960
5129
4914
790
6596
4777
9644
4983
7241
7148
6071
9126
3254
2464
2971
5916
7913
2333
7319
7680
11
8524
9270
1664
2744
2901
46
6616
5034
366
8153
9346
5495
9419
136
2092
549
9781
3427
7790
3281
9498
6916
2888
8315
6240
5156
2580
4925
2475
261
4936
999
5883
6600
96
8784
2998
6712
170
3364
1217
9516
5212
6988
9653
3656
3889
5786
7083
8032
5419
6582
1300
8307
1249
7540
9815
3829
8817
8643
4090
3754
9642
9973
6706
6090
5110
6057
2802
5280
9421
371
4797
4633
3712
802
4641
7601
2940
1725
5633
4711
4659
6934
9371
5908
826
9186
9737
9644
7829
3828
9750
3824
153
2808
9914
1615
8865
2717
3248
4639
9440
4397
5624
3152
5199
266
7106
4491
1991
2739
9202
3002
6025
8573
8910
3204
7760
4999
9200
5589
5179
5302
5765
5333
8110
5680
3300
3328
4749
6548
7967
4189
945
9943
3694
2496
209
800
6987
8552
9891
2542
7906
5917
7467
6816
5473
5227
1816
4673
7169
3347
9975
2934
8680
4437
4966
8333
7765
9715
4881
2084
257
5827
2028
3951
4675
8589
4751
1663
3494
4642
557
1400
6911
8024
4569
2384
9604
2737
7057
6773
6084
3384
6059
1117
7822
1026
9450
1939
7093
4331
4024
7350
6510
2404
7653
1186
7345
2404
9201
7191
3399
9758
8592
6662
7782
9513
9047
3738
2250
2456
6863
8334
5841
2923
9451
3663
301
5253
1954
3746
5937
2330
1097
2447
4734
5102
9985
8432
3859
9186
5623
7258
5296
567
3920
9431
80
9319
3169
8682
1776
33
7017
3969
9308
2820
3984
5961
8074
5938
9707
363
8269
7156
2810
9355
2259
2796
4139
6118
8334
9763
9728
9983
6682
0
9414
6763
9320
2583
1797
7448
8968
8814
7769
8276
7987
1753
4237
2413
4043
297
2776
2312
7453
1938
8020
9712
1086
2159
2182
9421
8274
1910
9404
4957
1911
5170
8072
7583
4105
9869
1383
3074
5036
9152
1350
3023
7257
1940
1788
1300
2237
4564
9965
6042
6502
7985
5755
7589
6496
4289
3362
4771
6200
9118
9728
4463
4288
4152
8398
8393
4021
9781
7819
9057
5285
5522
8432
2542
7462
220
194
6051
4784
159
2093
7639
4496
4200
1580
993
8490
1294
2116
1042
412
8196
1857
1052
2348
255
5797
6369
36
3617
1779
1673
9139
211
4215
2953
432
4409
5356
1568
921
3801
9207
1769
4354
7139
2762
9196
8433
1230
238
8845
9426
2095
6249
1774
8702
2047
4496
5090
2016
6275
6763
7507
2838
978
460
3270
1739
2168
1191
9012
5969
6750
782
6675
3890
9896
5871
2323
1127
6109
1169
553
4556
7418
8680
9610
5817
3176
4700
7833
5803
1463
5340
8641
8793
2152
8264
533
672
9455
9545
6642
6205
6679
3317
95
6576
5541
8771
7703
8002
9940
8256
2559
3710
3288
8521
5880
6464
3222
3713
8619
1037
5406
3613
9831
7558
1877
6716
8231
7684
2613
1225
241
9293
894
6689
5869
6435
5460
3572
4438
1752
8180
3349
1814
7821
8222
7694
637
1444
7760
9257
2482
3166
2870
8665
7076
1099
5381
1659
8783
4346
9236
5376
3639
6483
2065
5860
9270
3877
5784
3708
5629
3965
3409
3796
1786
1632
1490
2423
9428
5602
8032
8262
5120
902
6927
8549
8353
8660
208
7136
3007
5797
8865
2998
2280
930
8859
1550
1160
4643
1611
6789
4960
1372
6937
3098
3004
4780
5522
8785
382
9906
7047
1855
7161
327
404
5514
8987
6964
9003
1994
2761
7868
1345
5041
5150
204
2944
6310
1199
4555
9452
6160
5927
6389
9258
5284
1169
1132
421
7904
1039
7468
9759
4552
7795
6515
66
3135
3479
9069
1481
6241
3289
2826
7634
8440
9382
578
1102
582
1485
554
6742
7413
3296
2352
9049
817
3485
9470
5073
876
3290
1184
5428
7438
7699
1846
573
1179
7268
2054
3772
557
4881
7758
5349
4263
4689
6452
1197
6174
3358
7939
9939
3006
292
8988
176
129
4810
5249
1005
8101
6434
6433
1891
485
4631
2464
1664
1899
870
1788
2457
2103
9547
4158
2719
4236
6962
3916
6762
321
1856
6702
9679
8500
2042
9855
8629
3205
1457
5986
7658
7891
8771
9549
8376
3402
2013
6393
5302
2883
4533
7759
4987
4080
8269
4058
4668
5232
7974
1431
1905
9830
4485
1584
4682
6527
7792
3311
9732
9249
9297
7390
3492
4420
3291
1868
7823
5304
4613
3125
4540
9147
7236
5879
9579
5505
9937
4248
737
7911
2031
2642
4094
6516
579
5128
9395
8371
4792
9128
7620
441
2870
1112
4862
6162
9332
2685
7818
3946
5810
8710
9445
9398
941
9024
4903
878
3272
5641
5142
5303
4635
5588
8171
5214
7068
7567
9937
1860
3047
3909
2302
5917
1373
7164
8431
706
9849
2602
1004
2011
1312
449
1409
2254
5825
2664
9484
9098
8305
978
753
9293
2918
5277
859
9987
2844
797
1847
5891
1058
501
8160
2432
7665
2944
9490
3866
5546
494
2229
3210
7295
9990
1816
3120
2655
7653
8570
7312
4983
5676
6605
7902
953
3817
4241
149
4614
2440
2392
2024
2942
552
4456
6959
9848
3946
7178
5394
792
9407
4957
4439
9398
6773
3912
8405
778
8834
5717
5762
862
2323
16
8167
2492
4257
8316
3458
3049
708
5482
5991
7613
9939
9303
7461
237
6481
9208
7382
2240
4165
8173
1638
7290
8437
43
8069
3624
2113
183
4486
788
199
2654
3280
808
7322
6738
3857
4383
2220
6201
1996
8511
5504
5809
5101
1985
5017
2483
4225
5534
7008
2216
9177
5446
8611
3598
9070
724
3781
9908
1512
332
2562
4792
1140
6237
1530
4997
620
3751
1198
8968
8614
3054
1129
3715
5039
2499
2550
9265
8033
9559
1481
3562
1357
6444
7160
6779
7169
941
6687
8681
1273
5602
9826
8765
1839
1356
115
8811
1459
7665
7779
74
720
8908
3789
5759
1407
6340
1376
5793
2251
2857
9355
3608
5654
6516
387
2823
3809
7074
7856
5083
9028
7682
3848
867
5391
3963
9678
3202
1629
3809
9628
2349
2718
3418
4460
477
6110
5837
6270
4713
5046
1978
8321
700
8494
5060
9875
2303
8486
7732
3738
7515
1766
3939
8382
7157
4254
4413
360
2235
8222
9988
936
7292
9758
5397
7770
2220
1234
392
3285
2632
2370
7958
3333
7216
3018
3208
9520
7857
7292
9610
5372
9059
3549
106
6216
7804
4519
2928
6391
9094
9269
7328
6386
5379
2725
508
3952
311
901
7237
2943
9623
5196
2628
6840
4566
2189
2712
2423
9481
2322
7795
4892
2224
4254
7461
28
5125
389
6419
4219
6010
99
6958
1390
9176
3818
1694
9487
4719
8931
8783
695
479
7763
7535
5046
6304
247
3821
5786
8921
1617
678
1145
2223
8139
7525
7348
4881
297
7920
7243
396
1230
4985
9573
5048
6679
5412
6120
1963
4195
6815
2442
8311
702
7488
4615
949
7662
6753
6222
9279
3784
7368
7854
8275
4893
1554
3156
5190
9474
400
5587
704
1737
5160
2105
8417
572
8225
380
1120
1392
2822
5783
2094
6663
398
9395
4325
7152
5617
9956
936
2985
7810
9211
7879
9364
8720
3069
5191
5472
5008
2247
7209
6520
4352
5626
3445
8929
2358
4565
321
5181
348
8767
8196
7098
8162
8873
4250
3780
8829
1538
3117
2991
7102
7348
8707
5822
6770
250
7646
1778
2498
4855
8299
3202
6834
1744
2132
9192
2661
8805
725
9361
7573
5273
6459
5735
4146
7062
5867
9327
8600
5337
8670
5702
2685
3730
7876
9455
332
5522
1234
2830
6730
5885
2385
3564
7629
4517
9108
6642
9674
6186
6003
7247
1459
2462
9335
1958
9524
5202
1285
4477
539
6308
6531
9577
38
4408
9032
370
9930
6618
9553
6660
2503
8290
6576
6484
2807
5685
3126
8833
1871
5481
6081
9682
7944
5416
1640
3820
6970
2926
4649
3862
5586
1181
3439
5624
5589
2471
2346
1871
5442
8251
4884
7945
6541
1460
4430
5700
3497
3908
4534
5368
9390
6967
5051
3686
2383
3043
3858
5705
5969
8508
9567
1555
9689
9358
3531
1630
8182
2230
3501
3624
481
8385
1569
3375
9846
2351
9075
3343
2612
9961
5064
2002
6928
6467
2040
5663
9510
5898
1369
1832
4406
7288
9739
447
6647
3271
2077
4829
1853
5579
8453
8686
3964
6374
2061
162
5078
7489
9858
7690
7450
4922
6044
4379
7741
8084
6394
3603
334
7763
5435
4741
1404
5175
1540
8051
4798
3618
2880
6651
5549
7685
5337
5865
4059
3751
6028
9137
1240
5886
3179
8690
7160
9223
9421
1253
3659
5816
4856
3994
9931
292
5087
1335
1819
6627
5738
2969
6597
8618
5972
2146
6303
1309
8012
6715
1412
392
2204
2652
2630
5384
7695
6142
4607
3468
7395
4619
5636
2251
8613
5568
8895
52
3255
7066
3031
8994
35
9629
3964
6007
8127
6620
3669
6139
3335
5081
2883
5539
4086
5513
923
1781
8007
1883
5249
5402
6502
886
4006
1467
2806
9253
1519
6061
6320
4550
1407
6355
531
5372
2363
8659
1992
2384
1150
1679
7465
4034
7218
1551
5899
4494
9684
3907
2729
4934
5661
5583
2172
6019
7050
4978
5273
4921
7391
1593
5823
8799
4300
2707
523
3015
1366
8867
5399
2516
546
2865
2902
4116
768
5154
8610
453
9061
7691
5387
1074
3274
3911
7094
6676
8889
2367
7949
2632
312
125
1431
4612
2832
8306
7628
4198
7173
3027
3066
4071
2244
2321
8188
3013
7475
3150
3466
2888
842
5205
314
468
5468
7408
7145
4357
6127
1446
6989
6439
1571
4773
7404
4403
9431
1384
4953
6605
763
4372
7028
3008
6693
5216
2373
520
4719
2191
9760
1913
3748
74
2381
9216
7483
5878
9925
9962
7325
3266
2754
5248
8039
6510
9652
3823
7894
4605
6780
5009
8977
3808
8017
2022
5377
6742
2542
96
8933
2302
2009
9033
8729
742
8249
2564
2973
8174
2526
6650
7793
1632
1898
5832
8142
7902
6007
6036
8860
2787
7398
4189
6596
1767
6212
1973
8510
5106
2069
3795
3761
430
2829
2490
7524
7430
5054
497
1957
7580
3499
9750
5565
5398
1934
3707
9652
7942
6096
8512
729
3494
2702
7325
5261
8914
5650
3771
4020
4071
3919
4133
4501
3100
6623
2026
530
1677
8875
8839
5610
2375
8589
1175
4125
6876
1234
3777
4818
7330
2290
1899
824
1344
5577
2438
258
1227
2561
630
5299
6480
4764
6152
9580
1387
4530
6463
9417
3406
5302
1379
2133
3892
2554
2610
768
3788
2739
1938
7471
1381
189
4647
2725
5766
7085
2983
6994
9647
9966
8645
2479
1082
4797
2060
8821
9328
8523
8238
9086
3825
9617
7571
4069
8523
181
1189
8664
9272
9479
2487
654
9669
7134
3379
5435
4220
2715
8781
219
2681
3778
2698
115
8576
4758
8936
4256
9633
3527
9694
9811
9496
7265
232
4372
3798
1422
3036
3070
7253
5523
3724
6922
2657
3456
2358
3229
6171
7491
3448
5204
1270
6147
5319
6198
7257
4255
6806
3243
4134
6500
3054
3631
117
3286
8003
267
1060
7391
3337
8314
2914
3414
1588
1923
6870
298
1505
9393
7790
4953
4597
5412
7452
6268
1610
1062
6875
8416
4305
1010
1268
7359
4641
1385
6997
8996
1652
4410
6387
1341
9076
5653
1107
664
7576
4329
963
5433
3722
8753
6739
4671
517
4191
7291
2127
1605
4167
6895
5910
5177
4515
9621
6170
2252
2971
5166
256
7381
7905
1597
6457
3558
9057
7121
7486
3386
8084
2920
3461
3189
9659
4484
3706
202
1776
2185
1808
5943
5432
4070
7472
9947
3692
9994
2199
6663
1512
2455
4044
9417
405
6853
2975
9462
3974
6813
9200
8411
9733
9013
7952
5744
3498
1659
2299
5274
196
4107
7569
5629
8177
1393
1928
8221
1387
4128
4884
9251
2935
5280
8668
3340
2133
7995
9154
2460
4808
4707
871
894
3720
5175
2990
7218
6834
5289
8844
3383
9396
6413
9012
3926
7806
7292
8499
5545
1420
3384
4796
708
5016
9816
400
7150
4163
9555
5962
5324
614
3185
6218
4334
8360
9208
7905
1547
4498
6749
4930
246
9515
294
524
3673
7586
9024
9219
5359
8760
367
6067
128
184
6467
3630
699
2374
9592
6023
2988
2777
8593
7323
7490
7802
1580
9037
8652
8329
3967
5250
4196
613
2127
7870
8199
7503
3441
3558
2615
3808
9625
2743
344
2445
6374
7396
4819
2318
3419
7808
1448
2013
1483
8938
6167
9415
7975
1171
4096
8294
6421
8293
8907
4900
2515
3458
2403
5956
7017
1370
6116
2994
4114
2813
1791
6840
209
6611
9158
9980
771
606
1993
2254
5896
8160
8021
3871
5683
2117
8517
2105
410
3776
3357
2925
7235
2113
5233
604
3483
1350
9950
7597
4163
1742
789
724
4705
9948
704
5476
6906
9050
4082
2803
3562
2103
3026
9246
4220
7896
7703
983
1672
1060
3908
5259
3173
9142
2215
6657
6844
8518
606
7359
6612
1396
8083
1317
7696
5139
6793
4602
4189
7227
3757
7752
9330
3136
6998
9902
1032
4701
885
2704
2113
4794
4316
5287
288
6531
8296
7132
1401
8902
4491
8013
6650
8926
9330
4346
4065
2475
5301
4607
9702
5410
2359
5384
8546
5709
5287
9578
6762
2524
8635
5227
3670
2951
514
3958
5834
5162
7442
7236
4065
8285
5249
7067
7211
932
1414
7629
3407
3067
2236
3110
8477
947
4846
7024
3008
133
6602
6122
9010
1589
1349
2680
4540
8216
6639
375
3378
433
3963
3795
8719
9212
863
2282
144
8629
6263
9904
1696
4851
9366
6525
2150
4212
3549
5158
698
6504
7632
9708
8093
8982
2388
8986
3550
5379
9361
6928
2165
9676
7076
7236
5240
7939
9518
1737
6568
2134
1641
4616
6985
1007
1141
9136
1571
1043
646
2269
7547
4631
8329
1992
9965
7070
978
3515
8801
6691
6795
966
6367
3871
8202
1608
1810
4073
3345
4730
6207
1338
5698
9544
8697
6840
5032
268
7883
2031
8890
1782
6662
3571
3774
6627
641
4753
142
5795
7796
6937
3113
4164
7161
7668
2124
8971
8093
1821
54
4300
9511
5752
196
8208
8944
5229
4828
6827
7260
3718
8609
274
3642
8736
6901
635
9841
3395
6430
7637
6684
9544
8153
3845
3564
277
9169
1657
8450
9223
2309
7961
1327
2505
6169
272
4086
998
3451
7698
1068
8413
7972
4710
7149
4873
5346
6990
4620
8128
4627
1305
4024
9133
5150
7588
9410
4319
9245
7861
9894
1554
5822
1222
412
8344
7846
4498
5694
1297
2197
6762
9710
6521
7825
3211
7747
9523
6553
2367
4003
7533
3672
8028
6666
8823
5616
6076
9494
1214
289
9389
2768
2464
6963
9532
808
4809
4031
2854
2458
2580
5968
8521
9101
3793
1732
6848
9668
8286
9216
3672
2171
9240
1700
8837
4415
3668
1265
3910
4882
1555
9651
4003
4019
6614
3535
1179
7775
3918
385
233
6498
6353
5106
5600
147
6839
8800
6167
1477
8016
9839
3648
7257
1539
2485
8024
1560
3750
1934
6442
1657
7937
6797
2028
903
6685
9559
8678
603
9944
5264
7102
6298
370
9054
2797
3561
7854
8964
5038
2223
8804
5038
9480
6695
3875
3856
8255
7626
5791
1050
5635
80
4199
7664
984
884
7223
9662
7840
7168
1278
4942
9818
1649
348
2615
5210
8202
1579
6601
425
6735
1639
6257
9783
5515
114
4390
9493
2257
5440
5128
2337
5992
2792
3321
3228
6368
9336
1068
9888
614
2362
9706
8615
2710
2321
178
7265
252
3131
4042
6988
4770
300
3123
6637
6766
7513
2482
5375
9306
7611
4064
5298
6755
3738
8526
9475
3074
9595
9363
40
8309
9069
5008
1020
7742
1538
4637
4347
4669
8679
7687
5791
5331
810
2429
8449
8323
1263
3824
7629
5226
7889
2927
8334
7979
7806
7809
7405
3753
3525
7445
2062
8946
8805
9434
6689
343
4071
1036
1364
2751
8723
7156
4434
5885
5937
2884
4208
7200
6708
1838
2427
949
1117
7113
8928
5275
4922
6333
9028
8447
131
7443
7394
5288
6877
435
5632
7301
7823
6996
52
2898
504
4486
8783
6441
3722
2991
9994
431
1181
2421
7732
8651
9534
6661
3926
808
9346
2955
5608
9477
398
9354
4766
3627
6141
6750
928
3964
98
7332
3214
6955
8171
1997
3396
1893
1340
3390
2324
8874
2163
6409
7525
8049
3070
1451
5210
2416
4406
818
8246
1156
172
9364
4784
6313
2466
2064
6629
2564
9397
9843
9519
3920
8192
9268
5813
9532
9010
4490
8406
1174
899
2283
5575
321
3735
785
9089
4493
1603
7335
2002
8127
3051
3138
792
5517
5202
7421
4434
951
3616
305
4871
1808
9573
685
7693
8584
1527
2451
6110
2426
4735
8037
9099
4822
8823
8188
9315
426
5524
1317
4906
8575
807
5698
445
6010
9472
4879
6961
3088
5184
8185
1249
1110
5222
8942
6046
6749
1393
8508
5527
2480
6545
4626
7302
5368
2814
2970
2147
4690
639
7053
9618
1447
9103
63
7457
8575
4942
770
8016
6478
8955
9265
7588
4177
4559
3634
7278
5952
2142
2805
4785
5040
3783
8439
408
6598
1409
2555
7640
2049
5960
7258
3496
5064
7321
7305
9991
8615
4427
8007
5094
3383
3624
2682
3912
8183
2669
7543
488
1163
348
5273
6203
484
3712
2964
7082
1474
1871
4722
3523
7832
8333
3371
9248
5654
7028
9239
4270
1455
3599
5716
1190
7223
4750
1455
1759
7419
8998
2247
4935
5698
3872
7490
6182
7584
454
9616
9058
8678
691
8933
6510
9024
8656
2110
1030
5684
7701
1652
3492
1300
7368
4682
4876
2119
2489
2987
5890
1487
5234
7177
3538
9106
1020
9720
3042
7826
5689
8453
6504
6380
3738
9366
1756
2395
1476
2786
4431
9178
4439
7923
6830
8159
8958
8058
6630
7799
1045
8873
5639
2631
2402
9177
1737
3422
5249
4780
1249
938
3233
4105
3670
6971
3472
5426
5718
4948
4565
150
478
9004
4425
3661
3515
9735
1719
6498
7535
9117
5371
3174
1748
7773
8703
9838
7548
3952
4618
5149
1243
4203
9254
4913
7526
2726
6692
3245
4027
1257
9747
4505
6613
524
8166
128
260
6238
6626
7795
1707
8349
7321
9807
2475
6024
9645
23
6328
615
5172
3923
4818
4426
5189
2345
3505
1881
1942
7532
9490
1689
8389
6103
2213
6556
2583
8825
9146
5562
2972
7205
3911
293
7012
2738
2669
3010
9113
5350
3625
4285
9273
8444
5064
4462
7141
4921
2695
5435
2453
2185
3476
842
8288
2041
3750
872
867
9248
2786
191
6453
3049
485
9818
5788
9506
2828
4901
4856
2805
5539
482
7601
603
1296
1094
1876
3992
6529
4329
6177
6357
1523
818
8399
5274
8042
5618
4522
828
5809
7328
3877
2646
3498
9665
8505
2678
4567
9713
5483
6458
195
3085
3413
1492
4179
5289
5484
7061
9618
8013
3418
1141
8831
8169
2767
6873
139
3642
7701
5949
970
7931
4947
820
7596
3452
3498
8515
3166
8981
1325
9713
8418
4738
7557
8950
27
9393
2363
5997
7407
2133
7139
2590
303
6258
9464
442
9900
3517
2743
7222
1448
4043
8042
5397
7495
1540
264
7013
6874
7942
3079
1644
2680
636
6946
2708
30
9309
8705
3789
7795
2196
6379
8098
8455
5843
4892
4707
5713
3988
1930
3513
8031
6324
5262
1878
4217
1879
5244
1091
9821
8323
9087
2501
5311
6034
1561
1693
1695
6619
5482
9490
8815
1862
3940
3622
4057
5185
4682
6122
5525
6612
5988
3556
2936
1250
1786
7153
9481
7030
4596
9302
1705
36
8156
7017
2422
6069
5062
469
2688
545
6312
1504
8759
252
1478
9168
1789
6160
1643
7314
9124
7631
7222
8413
5233
9009
1918
4715
2391
2867
369
4097
2903
4877
7466
5325
947
2528
2146
3635
9425
8458
1491
4536
8711
9322
57
6852
1834
1700
4167
959
5683
1389
5724
916
6750
7642
1983
9142
509
8705
9591
9764
9934
7057
1441
881
5937
3588
869
1715
2046
8712
6251
7109
8034
6308
3962
9869
4360
8129
7180
6395
5870
2904
3664
8973
6898
1999
8115
3760
704
4058
3524
639
1115
4966
7872
3404
8554
8741
5119
600
7454
1371
7710
1840
4031
1672
1709
4744
6153
5241
1139
8375
4497
4803
3700
1396
6803
1815
1508
3859
2225
5032
850
3340
9998
5075
6745
4904
3816
1864
5505
7622
9587
9567
5815
9971
7591
3876
4715
96
9118
2206
4823
3615
3362
8524
1363
6517
6691
2871
376
8917
4256
7579
2257
4254
2654
5354
5511
2822
3571
7368
445
9510
6935
2612
9481
878
6488
548
974
5606
2755
2149
5574
6117
673
3289
8986
7365
2513
9362
2634
6769
3293
1243
7375
5947
6598
2886
8770
6521
254
5567
6031
3541
8179
5513
771
4667
2413
1745
6626
5168
247
8552
7637
920
1841
6623
4637
4354
2338
7271
1123
5631
8515
8499
7931
1465
7737
3053
7986
4344
4972
4017
7885
9503
5882
8657
522
8296
6754
7148
9816
7001
5700
7454
4274
3894
429
8911
8248
2767
2535
5724
4751
1050
575
9034
2515
8312
2087
501
2656
3411
870
6894
2914
3105
1903
3436
1401
5009
6937
7569
8363
2637
5023
2637
6531
1805
7900
1132
924
435
6856
5675
7837
7431
1061
352
5743
9500
7205
4752
2911
4428
7998
5825
7533
9901
5614
5286
1262
2551
2855
9625
1540
4231
