8614
4424
6036
2867
5556
6960
9654
8764
8988
7492
6195
6401
4196
8290
5902
7754
9394
8813
2182
7392
4639
9715
3645
253
1353
4908
9156
4208
885
696
4791
5852
5120
827
5071
7028
4140
4725
5792
9480
8569
8339
5881
2766
6630
1783
520
6024
597
2702
9769
1588
8769
3414
8193
6474
4674
3701
682
5560
4397
1826
7764
5870
9005
2835
9250
3145
7560
1395
8977
6130
9734
4859
5248
6364
2994
5768
8741
9943
4822
8510
7883
9943
8276
6076
6417
2951
6129
3451
4863
527
5277
2627
2749
4283
1814
8351
3780
5726
9746
2758
1856
9481
3969
3456
2197
6963
5576
7290
3259
398
2152
1142
6693
429
3571
3110
3380
9700
6562
4595
6579
8191
3574
9328
2474
5388
7680
2607
1114
3778
1717
9323
3259
5686
2779
1809
9001
4708
9099
2260
5106
1252
3403
8152
1681
6974
1262
1413
6674
4176
2360
9606
8720
5934
8934
7546
7674
2966
153
8788
6745
1870
4463
6356
3908
3595
4517
2910
8303
3617
5170
9761
1221
4925
7913
9254
8251
5528
667
1278
6056
9379
884
4776
5313
6170
2323
9339
5489
2476
4479
2234
699
8943
4942
4607
8890
9460
7517
3545
9429
9040
3306
650
3965
7572
9904
8569
3100
6923
9847
5508
6302
731
285
7967
6901
2608
7306
2390
1436
8137
976
2135
3432
2271
6743
2322
8083
612
5867
7512
9652
5526
4514
9970
3098
4418
8539
2550
7693
4738
8058
347
5469
4695
8314
8722
7303
1972
7465
8740
6461
4793
7227
9894
7064
322
2216
1499
935
4436
9011
6939
6314
9877
3261
5764
647
8152
4666
8340
2890
2724
8687
4711
7420
3353
3434
1075
1677
7251
6167
8139
2044
3395
4385
5461
3717
2953
6960
4652
7389
2324
7944
55
2201
1205
5819
2849
9358
485
7541
8600
9562
2581
3312
3334
2286
6746
4409
3964
349
577
8455
2393
324
2840
7854
4041
5793
4815
5046
9535
7139
2990
9590
5692
547
5410
4893
6257
2247
2435
4858
1809
1368
8170
5143
3654
1268
5905
7618
1617
6482
2425
362
6806
5265
8217
7199
7411
3032
2245
6946
6523
1587
2888
2215
8487
4650
7109
4744
6898
5896
5954
8707
7264
476
203
918
8096
2460
4889
9713
8942
3666
76
2100
5284
4645
5651
2695
4029
4249
5993
552
2188
8881
9119
675
3532
2580
1772
430
4828
4078
5489
2092
4555
2044
9363
2651
4504
604
8717
9798
4270
5145
8250
9554
9790
3902
8601
3819
4503
4594
723
6691
9828
6194
3719
3360
5127
5491
142
9955
9569
1983
8400
476
4028
7763
3128
4884
4719
1845
4683
5341
3342
9285
1248
3132
9539
9849
3303
4042
796
378
734
624
2924
4453
336
8051
6296
478
4359
5865
8813
2759
2694
9193
6874
5822
4078
1593
4019
5113
6934
7361
4398
8182
6845
3938
4384
6500
7980
1532
6878
5066
2156
9802
9519
8844
4206
5815
5674
8565
8033
4487
1324
7079
3681
8198
2901
7759
6143
3272
9224
9429
633
3622
3964
3830
7560
8348
330
1893
6232
7208
6959
8388
3362
6479
3584
3920
8646
9258
2485
3031
97
161
110
3778
8359
9363
7889
854
2635
7113
284
9620
7088
4248
3450
4648
8948
3780
6541
5180
7340
3501
9920
7055
6332
9856
975
1330
9114
9813
4362
9211
9974
824
9342
4686
188
3583
5540
9175
7049
2176
8796
4137
6424
8598
8785
1724
2379
1679
3256
6071
1532
9528
9478
7864
9384
6806
9194
4850
6619
9908
414
6593
733
9756
1279
7273
9691
6820
6448
6740
5348
5244
877
8125
3843
6015
9849
2574
4046
9458
4997
5578
8986
828
9794
4723
7634
5340
9573
4253
5249
9987
846
2334
6095
8478
9607
5787
1650
6055
8879
6998
7652
6109
5123
7847
2124
1325
6773
2522
783
8122
8100
6121
8950
4246
844
6584
9586
6770
7189
4835
6757
4388
7169
2853
2866
3128
4992
4516
5536
3871
7866
9540
9980
2990
7387
8456
667
512
978
7802
8634
5430
3923
3937
9676
1120
6873
9263
7890
4063
450
4647
4803
3972
3852
7669
7100
8844
8537
2636
2716
6403
8528
9048
5745
5915
7505
2764
2779
4835
566
7766
266
4490
1703
6294
1962
4928
5557
9852
5343
2360
851
146
6332
4704
7815
9784
9900
2704
8773
8968
5460
7301
8017
7557
3217
1874
322
2348
6709
888
114
6975
1730
8169
9622
3692
3098
5179
3544
4793
3891
4396
4940
223
5452
2755
8
5352
1812
8781
4321
7272
6082
2338
4829
5651
4212
1503
4352
7273
2392
4466
601
474
8988
223
4167
8438
5402
4063
3231
9294
8459
8171
5869
263
7279
2229
5616
9091
1010
9937
2715
3445
8627
3896
5448
9191
5400
9800
6464
4144
619
7065
4618
9607
7288
5137
8045
9043
9201
1276
4689
4012
5800
6910
4276
3079
9140
6244
8522
6502
6181
1237
9947
1160
5133
1748
351
6885
1548
3167
1029
2167
233
2000
8126
3873
7137
6171
9268
2690
3800
3957
6703
9600
868
979
9031
6360
7223
7553
2862
9756
5142
2810
7268
6627
910
7619
3513
2458
7138
894
978
3723
9246
9104
7597
6384
1628
6865
9074
1780
7175
2129
7732
4395
3108
6763
755
6683
668
3617
2791
2162
2779
59
8789
3689
4030
8654
2500
1169
9549
3478
1244
5147
8934
8841
1531
6914
2059
6958
8694
5586
9087
2778
6333
8548
5893
3440
1583
6561
3409
727
5075
6189
786
3865
6230
1169
8871
5082
8690
8420
4912
9934
3568
3847
5128
1451
7113
3539
4761
5808
5477
3849
4938
1810
8749
832
5250
332
7393
8659
1059
8821
1200
8198
2686
3783
5719
1557
8865
4409
6330
130
695
6250
329
5823
4053
7442
5714
8815
9602
1191
9016
4541
3001
7765
5373
4603
4449
9118
9615
5509
7939
7167
59
6977
7302
5778
4887
2520
187
1217
2650
7234
3819
2979
3058
4224
421
8772
3039
24
6316
8407
917
9317
6172
6290
273
622
1760
9888
2483
9700
3407
2542
3029
710
4672
7916
3230
1211
9133
5880
8445
9304
8859
1503
3529
5632
6628
2920
2008
2944
1328
2925
8613
3852
5567
5238
826
7328
1478
9661
3380
4886
8555
6409
5596
3227
4326
8826
4438
9811
1058
2884
5468
6269
739
8997
1901
3719
8269
262
3015
5949
3187
7981
6154
5107
3219
6980
2435
1050
2994
2167
5936
1549
8576
7884
1129
9254
3062
5567
5418
4120
4803
886
6741
1895
6235
8642
5614
4504
8904
8630
6806
8444
2963
2960
9903
6182
6292
8690
7232
9286
857
9520
836
5785
7404
1965
1392
466
3884
6810
938
5040
7696
7679
6935
3931
2674
2549
4787
7930
7531
7945
6374
494
905
2629
3029
7198
1319
6613
2836
2176
6134
24
7962
9890
1989
5706
357
2226
2516
7647
7266
212
5327
553
495
4353
3102
1634
2283
6986
9580
5010
7480
6837
7639
6861
387
8959
3475
3224
7487
9609
3248
1801
9499
1590
7507
6208
168
23
208
3786
6587
1887
4339
3434
6240
3793
5069
8523
779
1001
9885
4612
4190
7525
1473
4578
6484
1300
4154
3971
7261
3754
5773
3113
1696
9632
9321
1864
9656
9529
5650
6243
1416
6341
9678
4008
135
1099
2532
7266
2100
2417
8230
2642
6294
6056
3572
9130
7356
4078
9454
4618
7833
1579
7731
9529
1211
3404
7746
867
9286
9748
7111
7054
6090
3141
1063
2577
4240
9947
6195
2692
8716
778
5334
5011
6834
5259
4141
542
9337
3595
5160
7170
1526
9243
3052
2738
9000
7150
3605
8286
6898
7068
1692
9340
209
9107
8269
801
9054
4465
9845
4123
5243
1532
9134
8429
6791
9627
8971
6128
9575
484
9651
1101
9727
9055
3839
8727
6205
3797
3365
3103
865
1410
8796
7427
517
7065
4580
5924
1530
4426
47
3125
2310
9181
7906
9101
5160
6878
1581
4735
7362
7584
2189
7089
2991
6028
2169
9196
9825
1886
8652
7043
3296
7448
822
166
4513
5402
6090
2396
6180
6137
1873
8490
1670
9780
3943
6830
6658
5525
7918
372
9461
107
3813
2453
2487
5982
1649
8665
4221
6653
5708
3869
4101
2882
4035
4967
8284
125
3715
817
2614
5588
9307
636
5368
3251
3819
8378
5128
1737
8750
4589
8196
2564
3394
683
4898
1396
5700
9119
8049
7760
9341
8503
642
3376
3470
8927
9854
7185
9744
8820
2773
5403
9457
4494
8654
3276
9224
134
1365
7975
4724
5913
6891
8118
2948
1789
5866
8649
7261
3916
6409
2954
2419
7052
2682
5889
2331
2536
9426
8427
7709
8551
3830
3518
3045
8837
3146
2270
8971
4511
6597
47
6776
9840
4518
9724
1629
384
8373
5242
4300
1135
4548
3071
4539
7231
8960
6870
9767
4738
1649
3828
3290
5479
7346
6335
668
492
4957
9640
1355
7906
9687
8131
7746
557
7856
5728
942
2581
7322
1594
68
1871
4666
4607
9102
9978
1477
5221
4717
9478
9050
8007
4958
2748
4342
5626
3241
5652
1618
948
9910
7658
9080
7657
8215
3288
9737
5509
2221
7059
7104
2290
5282
1770
3249
4384
1748
4727
5958
6465
4205
5008
4472
5515
4108
5167
7494
3701
7171
9112
4650
7081
3122
82
1090
1338
9722
7179
6847
1943
591
303
585
5873
2073
3835
6610
174
4914
2568
2991
5471
3928
7464
7339
8036
8983
4833
1738
2506
297
6388
5939
9772
2822
7030
7462
2544
561
661
839
1152
965
7777
7026
9390
1612
3636
9564
2878
6204
2556
4701
6484
6372
2040
4520
1707
3225
6258
4213
9875
8998
6504
9647
8172
9886
7109
716
448
7770
7908
1600
5087
5685
8626
4478
3649
8614
4042
2879
1170
2950
7580
7654
5674
5973
2175
7381
9198
4785
7946
5425
136
4451
1424
8308
4337
4885
5377
1137
9008
3285
2738
4095
5322
7716
8573
5323
6331
8968
8202
3853
8270
5782
1508
3945
8107
35
1326
3658
1172
5625
9083
7660
76
6860
5969
765
1745
7698
1903
753
7335
993
1201
2657
8709
6126
7980
1392
1446
2534
5246
9717
4668
3106
3662
2776
9493
1340
6434
665
6965
1869
8326
3393
8729
647
511
475
8345
2414
7580
5680
9759
5133
4689
8468
1260
2669
6213
2706
1555
7811
2423
6223
917
2437
8999
410
3778
1785
7427
7095
3655
5753
6841
8736
6400
7352
5563
1097
6118
9496
6777
5877
4629
7818
697
5889
6839
6910
8596
8394
1073
7371
4618
8342
6161
9969
8752
9939
1755
2532
3386
1762
8285
227
6850
1038
3931
2414
8487
49
1910
1617
2278
6539
9435
2976
8781
6275
6238
3729
4669
7312
1100
5639
5654
7261
1961
759
3552
3716
3291
3291
1830
7928
3518
8680
5318
3802
7446
3806
3851
9356
5423
6130
5896
4858
5458
1029
7485
1696
4758
8507
5360
5858
4146
7367
9472
6107
8126
9376
6175
7769
2667
4357
2049
2538
3038
7368
6340
484
1174
6543
6193
6597
2673
8441
7807
8131
9470
5293
6180
4228
3800
1540
6438
4298
5259
2262
6758
9737
1639
2933
7506
658
3643
9556
9548
3033
3276
5888
9869
4450
8784
6062
7399
1457
4503
1558
5941
325
6851
8473
4553
7003
6365
7344
1302
1625
9606
4412
1362
7597
7345
5221
4608
988
1129
4156
4021
4405
6397
3891
8855
1533
6305
2606
2990
7161
4164
5283
7486
7368
3756
8392
4371
6474
5736
2025
8099
1694
6437
5813
5644
135
1034
6604
7475
2163
7112
7849
6568
9861
8092
1775
1394
4397
4381
737
7910
8546
6020
5397
5914
6129
3789
6637
2603
5877
5015
7054
3923
7804
2867
9567
7939
3902
2523
1767
2417
9636
9616
8986
9497
4060
7113
7244
4809
1495
7981
2720
6393
353
8117
8659
6482
8258
5296
5437
487
311
8843
4410
8116
1711
330
2407
1965
2853
4174
4382
2489
142
9720
8339
4202
3186
5583
5364
4681
3564
8084
1074
3917
2553
9733
6752
811
1381
8541
1298
8045
7385
2060
2513
5448
2390
4920
7413
5244
5447
8147
4085
1941
4220
8776
2496
7406
4359
7860
8439
4275
5944
5865
4545
8497
1950
7649
5660
3331
6190
3310
7728
9927
5370
241
5375
4113
1514
9140
9357
3313
3640
9794
5254
4212
8571
7750
7970
9282
1962
2761
3558
7906
8626
4455
2755
576
2104
4767
259
4646
4429
4340
926
9800
4581
2653
3913
2447
8146
9622
2112
8138
9416
7367
2350
4339
1469
6672
3622
3432
9433
3532
7690
8059
7987
446
4987
91
1565
1598
1089
5995
5938
2015
2147
6872
1021
2412
5671
9167
2034
7784
7305
7802
5151
6007
2142
2972
2679
2116
6404
2112
5648
447
6523
3635
7245
1510
78
8810
9460
7519
1157
5399
5887
3304
2271
6908
5716
7942
6075
4102
2078
3380
1905
7229
9387
399
6554
8418
2515
2958
530
4515
3405
3405
8150
650
4915
4580
5813
4375
2099
6970
6126
7986
275
4749
4894
2343
9044
7321
6446
1122
7053
4703
4704
2792
5102
1258
1210
3969
4216
8092
4836
3974
1497
9338
976
2764
3918
6789
3492
2369
112
9618
356
387
4368
1602
9082
9764
5276
5528
886
2329
231
5590
5122
1685
6848
6332
2006
7417
4425
6842
7743
2274
6180
8719
5039
6450
1861
8531
8820
1973
8149
5528
8712
8869
3482
7794
8633
8758
9675
5872
7440
9906
1462
2562
7944
4663
5246
6302
2080
6023
9497
9823
8298
2029
4894
9689
8480
6755
8220
3652
5080
2721
5532
144
7943
5366
7939
2928
4125
3966
8800
7917
224
6615
6831
8168
1278
2077
823
9710
4453
320
5885
9103
2349
779
8792
7181
3887
7012
833
5319
6085
2717
5464
4028
8084
9755
6957
8561
3721
5757
6478
3945
8724
3309
8466
6354
1738
9289
6064
2543
9609
1949
1646
8310
9081
6790
5492
9320
3802
2677
4639
9888
5395
6455
268
9831
6210
7225
8392
9931
9335
4870
229
8059
4531
8695
4414
6269
7984
6830
5165
7593
5132
6811
2255
565
3602
7747
9885
3756
6777
876
9996
2172
7332
265
2003
9894
7490
6747
9826
3177
1617
55
1237
2500
8750
2003
5121
3086
5185
286
7031
317
7098
9286
882
7052
7034
7119
7160
3811
7996
7157
2335
1680
3774
690
1574
7616
7437
1400
794
5406
7807
8383
7906
2909
386
3027
5995
1923
3314
3026
2241
6764
8665
3123
168
5699
6595
7328
5862
4591
837
4549
6271
4611
5239
4197
2228
9028
1950
9374
4434
9757
7757
2340
9019
4495
5367
1366
6418
5033
745
8659
1797
9410
8135
1965
1461
1082
5646
7323
5673
6483
1872
8296
7447
3463
8845
6027
2491
795
5401
6925
6905
9510
5617
5924
4005
984
7290
6775
6018
8035
1787
4167
7445
6274
2485
8906
7356
8131
2581
9381
4614
805
4029
8413
620
2874
4440
3111
3670
9841
6388
575
9351
8357
6499
9708
5694
141
6484
8064
4529
8271
2231
8326
897
4716
7233
8253
2847
6166
7634
3814
3324
1663
2227
3944
4537
3020
3408
8207
2861
9796
5134
8565
4506
1633
8273
200
8127
1109
8264
2656
5732
495
982
6629
1564
4567
4882
4411
734
8868
4577
410
531
3157
4354
1421
6177
7762
9628
9038
3911
4763
3955
8417
2748
8581
8617
875
6042
6881
9883
1775
3728
866
8404
5292
5433
9639
6056
2519
8507
633
2929
5391
3790
3636
6812
6319
1398
2792
1710
1661
7555
5665
6430
6656
598
5047
3883
6641
8280
3767
8416
8361
4633
3172
3653
6418
9163
6061
5290
7671
6695
8219
9414
6837
1855
6226
3157
9606
9018
4867
1267
2926
6884
7698
9582
7483
9097
3465
4124
3730
3584
8892
2091
8217
8416
2096
988
7580
8158
6278
1603
1205
849
1017
4394
9057
7243
3903
8663
6261
5122
6282
5539
2007
332
5121
5842
5782
4939
6318
9512
8523
5210
7955
3093
9978
6403
4081
7558
4561
6711
9161
2118
7560
178
6513
6617
3773
416
1632
35
5539
4267
1926
3898
4599
7048
9740
6733
8339
6058
2597
3214
7620
552
6307
7598
3308
6740
1509
7869
3451
670
6340
7364
7201
2853
3981
974
3269
1966
7361
5160
6233
9288
9058
7184
2688
8798
3918
1027
1208
6515
593
5180
3420
6901
9131
6728
9993
640
949
9797
7662
7289
7161
1215
142
7494
2190
9764
5812
5903
1276
2045
5191
335
9230
4231
5485
9500
5258
3046
6015
5852
8226
5787
9105
7357
2515
5450
4349
9817
5247
8364
7106
8760
9579
3601
2607
8121
9717
4771
4025
7345
6817
5568
7680
2399
9800
9518
1899
1410
2564
4266
3614
790
54
9071
4500
8921
4522
5201
5090
6121
3565
2197
1234
9497
2150
193
7618
8219
4964
7995
5564
8133
3564
9597
532
9716
9115
2431
1126
1679
3050
4741
8821
3104
164
3321
8377
4686
4875
3468
7160
8440
2017
8394
4289
519
8587
1908
5090
9903
9903
7006
8037
9819
6603
8569
9535
5718
7353
7014
3749
403
8107
2571
9859
8271
2244
4588
2958
7119
8056
118
1912
6425
4864
6201
6944
3451
4461
2034
3354
717
9041
7743
536
1996
6313
6424
7715
18
3438
7816
6773
1545
387
2984
9816
8984
7572
9126
2455
5629
5596
4367
2054
460
6921
5351
263
1382
3737
9970
2099
2778
7713
8988
4775
378
5412
8842
396
5202
3010
3521
3099
3398
6505
9267
8734
4078
8394
1189
6059
342
5557
8113
803
8830
9816
7418
212
3554
7388
8664
2684
5102
7652
7459
1832
9416
2653
2229
970
5664
5750
4069
5414
8608
3336
4148
2686
8082
1689
8745
8425
3598
3210
5580
2428
3027
2998
2641
2933
6739
7657
5617
8193
1661
9429
25
1077
8434
8606
8399
4098
709
2468
5864
9317
2156
6364
2003
239
8054
748
5016
1652
310
6948
433
9689
6298
9426
2622
3037
7083
8240
1230
8744
7669
7608
6173
6103
6214
4572
6554
6923
7040
8770
2592
5548
5135
4595
2139
9541
1695
7155
7545
8358
455
7978
8047
6754
7404
670
6143
4487
8910
7374
9583
2931
1334
5756
5386
7548
6680
1940
824
72
711
3416
5621
2198
4364
7760
1739
2411
1268
9284
769
1723
7263
8817
4829
1019
9487
973
1859
4749
4699
7794
7680
6033
9903
3066
9933
6583
1359
757
6656
8422
4174
8629
620
4890
6389
2359
7301
4009
7995
8071
5733
1610
6888
6914
2630
2727
7887
841
7476
8938
8635
1508
1323
8538
4574
1257
5122
2285
2014
8130
707
2540
6759
1327
7430
9500
38
1084
3510
8034
9155
5595
9644
2395
2509
8626
1474
6749
9467
8950
5687
8103
6810
7011
6641
1384
4620
8115
22
6634
6245
729
5527
9356
2057
2957
5209
2095
393
8719
6481
5900
4314
6126
4647
3175
4752
6121
9924
4220
1423
1964
8675
8233
5327
5316
5970
9947
9784
5992
2933
2381
6721
8460
8090
5130
7770
3299
3578
8163
2018
59
416
2684
2537
5063
2211
7290
1185
2136
7862
2608
452
2889
7194
2131
4557
3164
8430
4341
5508
1363
6723
8581
6176
4813
3712
3946
4464
3642
8461
6482
53
8877
5518
2591
3941
7729
6233
5126
6217
447
4086
6669
3336
1280
8800
7893
796
7230
2235
6304
4946
5310
4886
1122
6475
4950
1420
939
4944
9881
3773
4997
5111
9291
3940
9052
3372
173
530
9590
6972
968
6259
308
8601
1412
8202
5749
4994
6789
2054
6292
8451
3292
7414
1278
4594
8834
2217
9538
5068
5990
4535
179
1633
4828
5583
5005
5001
2465
4595
8326
9785
7207
8634
8386
4971
3188
4136
6317
6329
2542
8962
4780
2186
6376
6058
6780
1563
4627
6318
2983
6969
7205
9514
8602
2033
1449
9960
3387
3914
907
1713
51
4466
6699
8438
5789
9888
8926
8459
2569
7820
7421
7350
6
149
9760
6786
1712
4388
9456
1047
7709
6661
561
2664
5047
8362
2624
4786
8628
9883
2851
8680
4350
9550
3470
6491
5790
2396
4950
8360
6568
2371
2062
6574
2521
1822
9712
585
2562
9168
1633
272
2181
8546
2936
7228
6909
1912
8366
5537
1795
1217
4217
2497
768
4039
8989
2910
2787
291
1270
9355
9015
3332
5929
1536
5155
5641
8473
4069
1161
6458
4341
3343
1357
7277
6923
8266
9189
5290
155
7337
2859
725
9834
9979
4764
5175
2890
7552
5467
4160
6907
4482
3845
9189
2370
9000
1182
7195
9421
2344
6
3763
2039
1363
7392
5314
5981
2934
6956
6136
271
9816
3213
6457
9795
7978
1633
2685
1882
3452
3198
5141
7934
7043
682
6656
2395
1865
203
1816
561
209
5579
8952
1572
9324
4266
7553
2258
1223
42
2529
1039
3255
8986
7186
7585
6971
9872
9467
423
9422
4609
4709
6465
1643
1365
8860
3508
7921
7028
421
8130
8960
9373
9703
8284
3640
3608
542
1215
3650
9423
2254
6906
4761
9440
843
8085
5664
311
8508
5086
1272
3218
1551
2915
935
6763
2776
8856
3792
3197
3339
2752
2571
3042
1036
2563
3002
7930
3778
6653
3705
2384
9911
4818
1824
754
2903
3841
1065
7764
8927
8689
7334
6831
7957
8269
3594
733
3478
3738
282
6817
6490
9205
6211
3878
1768
9213
8160
1898
2218
8217
4282
2129
3036
2459
2884
2291
2652
301
55
7931
5343
7389
4762
3300
2011
4709
4033
5489
4799
667
8658
7642
9873
1221
1520
7993
6786
6033
9892
9005
4250
526
1134
3638
9337
370
5930
1989
672
5985
9921
6015
3375
1035
5667
1738
5744
6052
3579
544
6719
2237
8186
6592
9810
6058
4586
6596
8443
4478
5601
2694
1356
3088
6332
694
3458
8614
9035
4130
4600
8956
6497
4327
9992
2164
2417
2088
8216
5996
8984
4936
8233
3522
7880
4395
9581
2466
991
8024
3296
2945
7070
4653
6033
9755
1699
9491
8369
734
9974
9321
6043
2823
0
2387
4988
2417
4475
9556
8413
3460
844
2998
6982
8725
7393
2915
7543
4737
7292
840
7682
4362
1845
3715
469
9896
9558
5191
630
9532
4512
3025
2356
865
5412
3696
3282
9888
9604
8048
9700
449
7398
3034
5526
4792
5950
9421
5881
9594
6613
3563
3956
8458
3630
778
4706
3188
5969
5337
9073
6833
4714
1429
7698
127
1477
7333
15
1081
1733
6067
7882
9131
9101
9760
275
1403
9182
6156
997
5795
6071
1306
606
9701
2084
5312
9242
4405
7001
8315
1238
1716
6096
5289
1843
3925
8974
8210
5006
707
4277
9241
6190
9730
9001
6466
1134
8183
8974
2131
3979
5046
3437
937
1099
1873
6249
341
6278
3251
5008
3869
1319
7456
9158
3162
1381
4484
7724
2740
5191
8353
1981
7733
8083
982
4199
5569
5518
3174
4053
5849
4572
3842
6786
5671
5716
3035
2365
8346
2638
3725
2215
3957
1182
7725
3471
8915
8561
7547
1655
104
5900
9988
7838
336
7323
2037
5905
2841
1563
6310
8690
6135
153
5476
8159
5869
4863
6876
567
3854
601
9135
7811
8135
6860
7635
3403
1774
5182
1410
1878
7435
1399
9716
4123
8722
8106
6380
7915
9669
2691
6605
2157
2844
8433
6668
5065
9648
3544
5632
3502
4145
1119
1314
8633
4332
5301
2036
6106
6835
3446
7984
4270
4845
7701
8393
9919
5807
1126
7834
1828
3817
791
3985
6661
9224
653
8078
8873
549
62
2375
4695
1182
41
9680
5514
1694
1716
1620
8530
1514
9604
9152
2712
7305
3898
2631
9464
5024
6818
1293
8841
7609
1630
1854
3186
2284
9932
8411
9185
9994
7138
3880
7528
3532
9912
3042
5226
1628
4662
3756
3143
619
2909
5855
4276
3159
4838
3741
8183
1656
1386
7024
5618
3016
8878
5156
1652
5162
9919
838
1508
7057
1070
9037
6941
983
8431
2168
8963
9446
2276
8458
65
1537
665
693
4696
5504
786
2879
3512
2172
6255
5482
1541
1485
6990
3193
6647
6909
383
8156
319
7806
3545
7260
5141
1976
5780
4104
1422
4409
2563
1487
2298
3228
8533
6995
5084
9319
6226
4949
1492
8834
431
3033
319
3774
2578
6967
683
9314
1475
1002
7120
1372
4615
2261
3348
6747
2717
4771
1156
1632
2610
3455
1213
1143
6802
6297
463
9380
7598
8307
8214
4382
7692
8534
8156
6622
1853
8839
5936
3328
6194
9408
4700
809
8021
4400
7556
739
9171
5065
2371
8134
8520
3584
5629
1674
6234
2444
1054
3832
751
9269
8214
4795
7803
2722
1418
9656
1562
3706
9336
4108
9467
388
1269
7488
4788
5177
4579
312
242
6951
4798
5114
6887
427
6788
3121
2872
7843
3306
9975
3464
7872
1123
1267
595
8893
7275
8509
2599
6611
2617
2066
3351
238
5907
8139
5415
486
4803
5658
7437
9601
772
677
6381
3913
150
5605
8108
3456
1932
1572
7681
3055
2839
8276
1948
6466
3137
900
9429
5754
2966
2780
5992
8873
7271
7759
9360
2075
3417
3149
1676
542
178
4409
807
329
14
8915
3785
1947
487
1466
5002
9678
6094
6951
6144
9231
7851
5573
1337
7169
8353
3681
2395
5624
1441
8107
4051
1210
7608
2080
1752
7787
6489
2559
8116
6504
7826
8253
8451
8313
9720
3453
4343
2166
6756
487
1398
959
2412
9087
4481
7117
2769
6876
2742
562
1335
3145
1772
8943
5225
9877
6730
1715
8788
4846
4571
6615
3100
3022
1280
9172
2827
5624
1338
5936
2463
9088
6895
4876
8176
7728
1993
7297
4604
1087
7859
5939
4233
5983
1235
5810
2212
7965
7525
1001
9164
2096
3968
8616
1470
5248
7788
4298
7224
5478
6586
9688
919
3481
916
5447
7562
2909
2744
2166
349
6955
4458
4582
9290
5693
392
1503
10
4270
2504
9174
2718
2824
7790
541
8072
1930
1191
1649
3761
7777
7689
4680
7610
8605
127
5172
1514
9223
7339
1863
2530
8149
2797
1820
194
9542
3323
204
164
2179
9379
9234
5003
3521
9775
9428
5452
966
1077
5565
5095
8766
245
2706
7371
6724
7878
5237
2299
1569
3453
4829
9718
2602
6649
9912
2144
9973
117
8660
2152
5848
7895
7156
9369
4022
2936
1173
1341
4013
6738
6436
9131
3335
9142
2854
6411
7021
8091
8710
4942
7896
3539
4661
499
6541
925
8995
6514
7394
7656
5018
9594
1903
8526
8964
5925
1462
6489
7266
1827
3228
3703
958
2915
9197
3812
9327
2570
8256
4389
7513
6152
7929
8526
3003
822
9451
1999
7336
3198
9655
8706
2792
7910
7233
1756
3835
5047
4598
7454
6875
4178
1157
7833
7093
6706
7998
2772
9277
6254
7162
6790
8758
1443
5316
1762
2265
1119
113
5953
4317
6120
4659
7110
4030
8244
5218
7865
3292
6168
5319
6519
346
2828
4352
3792
9535
8702
6564
5164
4956
78
8306
67
7873
9974
8181
138
1093
8294
2443
1763
766
3455
5225
4796
1699
6795
9013
1343
2964
4333
7862
3310
3513
8567
3454
9400
7269
6371
4564
8578
6449
2870
4997
4323
9196
3178
813
290
7824
9609
8405
8590
3064
3630
9738
1115
425
8751
2459
9741
3084
6673
9404
2950
1592
2858
2350
5214
9229
3267
144
2031
2489
5141
2706
1686
4671
3519
8328
8847
3128
6733
3789
2544
6715
3527
3660
3492
2278
2471
3234
1715
5496
8990
4665
7089
1848
7015
8655
7430
6634
8799
5813
9124
292
8519
810
1315
8390
9138
162
1519
2223
3951
415
8938
3830
4075
2430
6108
6546
2016
7823
2043
1006
8840
5484
9207
5856
4139
2989
8842
9290
8802
7966
9582
7321
8776
7249
5711
4266
7411
3582
6489
7714
350
1779
1544
4425
562
4004
7324
2578
1828
9367
9937
668
1203
5496
2876
5342
8485
1719
984
7287
6037
566
960
4814
7815
3023
5432
1578
2958
8274
5644
3308
53
3540
7733
6967
7544
1409
9546
5724
7128
5835
2745
8331
1331
1973
25
9816
44
1009
3455
6082
7927
767
7248
2094
3790
2680
24
3100
7306
5668
6408
3712
9208
494
679
3105
1903
6577
8829
9032
2412
7926
3715
3743
9900
3741
9911
9944
1102
9718
6026
9030
485
9626
7476
628
8659
7501
3728
5965
3169
6489
9677
8730
3335
357
8187
5238
6934
7016
622
5699
4943
4338
5794
1195
4431
2058
1139
5533
1776
3518
915
8614
3144
8392
9242
1803
2245
9322
4121
1766
5811
3798
496
9146
507
8683
737
7442
2052
1359
9493
3347
2049
5287
4542
2832
7345
2033
4718
5474
1903
5633
4088
1400
377
3330
9555
2622
2652
3676
4389
4816
7475
1237
3962
7982
6273
4699
1776
4677
2411
7621
4376
812
2909
8918
3645
6606
7303
8363
2080
9207
348
2520
6959
726
2202
6514
9700
4855
191
441
6023
4018
8031
9985
8352
656
1037
6481
5333
9800
4102
9709
612
3363
4979
609
6322
8634
5324
4754
7841
5673
7275
4800
2751
9477
7667
8803
684
7858
9245
6707
1876
3628
3045
228
4284
4082
3061
9617
234
7164
5678
7198
6879
7009
4160
3201
5643
9484
7956
9837
1509
5231
989
612
1060
8656
9416
1745
2866
5013
4804
4742
8641
7849
1323
9277
8283
4384
5246
8517
7900
924
2068
4780
4285
6228
7981
9928
2064
2289
9765
3574
7520
7107
4186
4933
5763
9954
3030
8630
4967
7834
9724
9960
5684
7399
9237
319
8136
4483
8837
6036
1759
7257
7168
6044
3485
5150
5973
5549
7439
2090
5475
1312
9197
9662
2597
4961
9616
5627
9943
936
3461
9667
896
5497
7067
6486
5817
5203
969
1006
7591
2729
8263
4760
8773
8100
6262
4746
3649
53
3189
9125
1365
2386
5139
3962
3699
1107
5941
3642
2043
9403
9662
9292
4900
3081
5778
7069
4636
6747
8075
2227
5828
6338
3339
4602
4438
9601
5700
4440
9655
8889
3565
7372
1276
5056
7687
1327
6163
3628
4970
4559
9383
984
203
4284
4065
5981
1353
8701
9080
5781
7280
4909
2119
6972
5863
2910
6573
7915
7350
2580
6805
7267
9953
4433
2323
7640
5760
4838
7620
7082
5749
7004
8066
5952
7640
8483
8285
5345
3536
7366
1126
817
8627
3246
7789
842
6156
714
8757
9858
3295
1914
7125
9600
6347
5800
3592
8460
638
1212
1894
6388
8216
6313
8692
2208
4796
6978
7554
8333
4344
8680
5502
9323
8278
3291
165
4434
357
5274
644
3652
7189
7769
9604
9888
3569
3196
8348
560
4409
6595
3300
8977
2908
1992
1186
7704
8970
5092
6037
9666
3772
1539
5341
2051
1182
1858
2837
7892
7133
3482
7896
4322
7603
7501
4210
1173
697
8911
8085
1458
5506
1385
6788
8414
9729
4326
6118
5052
9418
8508
1070
3190
6399
6412
1593
3934
8270
4431
1826
1755
4265
9722
6077
1868
3575
288
9393
4273
9199
7478
5731
4705
5215
8871
9471
1297
3197
5589
6349
2615
449
3771
2158
3201
6535
3751
7135
1158
4534
5313
2913
8799
1387
8991
668
4963
5631
6413
9236
1182
3892
1319
2239
5459
191
1710
6756
3388
3651
9457
2356
4101
3229
4514
7302
6116
8265
789
7274
2800
2454
188
7951
3841
5531
4971
8804
1162
1385
4392
2344
5277
5712
4583
7088
2255
2645
3845
1995
6296
9654
4351
6749
9235
8865
4051
5352
7131
1192
2626
6283
3646
9166
4234
7488
4697
9206
2644
2211
591
7037
907
2220
9101
5490
9308
1356
4487
9505
3351
784
9160
7703
7533
4747
6568
7937
99
51
9129
2726
2686
9128
1892
3273
2968
2942
2479
5612
5153
9422
2649
6061
7994
8102
7903
3654
9458
2391
9512
9162
3175
5024
3217
7060
9771
6137
4997
9871
6189
479
8949
5227
5959
7193
8500
8927
135
7331
4539
5289
6753
3541
7702
1099
1643
5605
1106
7454
4348
618
6616
7523
5642
9833
936
5413
5970
2285
1636
8511
2764
585
3739
8723
7779
2239
7650
7914
5923
8542
9555
2676
8435
7257
128
78
9215
1234
3884
3563
8204
500
7439
3846
6685
8375
5611
2656
660
7248
7519
9777
7833
7610
4852
1964
6202
8855
6231
2125
3749
2138
1153
2184
5748
1281
8614
4963
8867
2499
4878
7071
2999
8669
7269
9685
7044
2881
8693
4057
6481
2564
186
4314
175
5038
2631
2729
245
8862
4854
3994
7352
6007
6178
3100
3641
4793
4415
8860
7292
9294
5932
6643
7963
9553
2680
1360
2434
7725
1769
8915
290
1955
9582
6817
3345
8565
9546
9943
3779
752
3937
1131
3111
6468
4232
6752
1261
8647
1965
4905
4293
4249
7900
2257
3802
581
9969
6237
8306
1738
1504
4948
45
7438
8117
9742
6003
4015
9685
9782
4767
9975
914
7879
6443
1498
983
4056
6497
2948
8961
791
7197
6861
9400
1000
3794
5721
3589
8453
7459
1445
9753
3856
8884
7871
9950
4887
1886
5988
4670
3006
5963
1936
7237
2406
3434
8220
6462
6283
7521
1775
7074
1070
4988
2826
8422
8783
8547
2011
7236
2358
9809
6989
6214
8693
1212
2517
3580
9451
8505
4602
2457
4468
2890
9694
3226
2676
4266
9688
8960
1787
7815
2386
2858
2803
5213
7632
7938
3760
9644
5174
6119
9453
8516
8685
4498
6080
7554
4430
5531
6059
5385
4340
6879
8275
4034
105
952
4653
6145
6264
6440
3960
8650
5650
6764
215
3283
1054
3976
9279
6229
6447
5084
1097
1484
9582
3529
9039
364
9061
1450
5749
3401
8330
4025
3788
8435
1329
8441
4581
3945
1233
4893
8947
6884
8009
9163
6519
9064
9491
5798
1645
2290
7234
2742
3774
3168
2623
9165
3532
1684
616
9282
1438
8946
9659
1578
3733
7340
19
8314
7637
1252
9560
6584
4488
7569
5747
1007
6633
5238
3157
8278
3880
6743
7372
7655
9911
9996
3172
3444
1680
140
9078
9470
5438
5089
1048
9172
8781
7419
3838
6418
8672
3398
3002
9512
968
8750
6872
7601
340
29
2232
4221
3125
9604
8228
3036
9600
7752
2832
7633
7893
8262
7103
3331
3351
4504
8855
2132
1923
9046
8550
6947
2444
7905
6460
9764
6655
3332
3718
3347
9713
5950
3920
2838
5554
8500
2227
1507
6253
5059
5492
498
3322
8947
181
3025
3451
9037
1510
1727
8083
60
8674
6879
4317
5134
2996
7324
4818
6714
672
884
9016
944
3722
922
9445
2301
2429
5698
7361
7921
6196
7035
6869
6377
6412
6672
1766
7922
8399
6201
4335
7074
3081
8652
8560
6077
5977
3379
9143
3001
4263
8159
3945
4337
9081
9742
6639
1511
5440
352
5784
7988
3739
9005
718
6503
5678
2484
4426
429
5038
5113
7503
4471
117
2416
548
6094
2147
6043
5447
6410
4202
5745
7099
9635
5487
90
1146
928
6794
3283
5268
533
8640
5986
3389
4318
4823
7815
1100
6213
9280
4955
684
9397
7371
7584
1844
9518
3627
7291
2280
4181
3036
5732
3816
8524
5822
1315
5804
2617
4598
7424
9502
3238
9763
2891
3909
938
7058
1361
7151
2690
6316
7835
2088
3688
5419
284
3206
5398
3927
1839
9579
3316
7571
3395
8192
3393
4710
3996
2362
5660
7772
8217
5251
7535
7460
5512
8473
4519
6873
5624
7209
3189
9811
5649
3229
1582
5933
2788
6980
6213
4627
6559
9529
2198
6307
7721
1943
7369
8069
658
9382
5841
8875
4633
3377
6335
6497
8202
7206
3370
3827
768
2911
9990
6417
2493
1573
8703
5281
8553
1268
9908
1465
797
8458
4124
8518
401
1493
6587
1059
875
2428
6286
1860
2157
2622
8357
360
6180
8079
539
6948
7343
529
9718
9836
8454
4773
5117
7008
6041
5025
4825
6838
3483
8949
1708
236
442
8295
7648
7670
7075
3934
9530
9233
2908
7888
5945
9089
2319
6484
2389
9662
3365
2107
9498
1820
3232
4615
5180
5625
5992
5
8815
5827
5306
523
6064
2100
5170
64
9770
8598
3998
9301
4183
3259
3541
128
2348
5860
2964
1089
5523
6329
3197
1373
8149
2781
5989
9681
8407
8333
9686
7222
4161
4992
7746
6577
7093
9268
6641
3215
7866
6991
2516
2049
250
2409
2177
2598
8270
5141
3688
145
7823
3237
1518
2324
6018
3859
2006
777
2193
8044
8000
2706
9389
2098
9283
2834
1366
2276
6049
5585
9267
4918
7634
9518
7327
6164
8468
5597
1305
2156
2094
5480
1745
3613
7805
4116
7472
9811
4893
6017
7855
9245
8723
7244
7695
4358
78
5414
6634
2480
999
2254
7398
8633
1772
4725
4797
240
6675
2455
8749
8769
7935
494
8734
2092
962
6207
1903
2208
8576
6111
1453
3652
9707
5501
8010
9786
915
997
8618
1914
3251
6016
547
1375
741
1697
1615
3768
4152
364
2538
8439
7211
1272
532
4525
3831
8787
6733
8760
4898
4539
2412
4606
40
6774
744
955
7771
9362
2869
7374
1730
9768
8749
2471
7817
6717
6240
8321
3433
5130
6761
644
2754
3645
1522
2938
2432
8255
1698
3683
2794
462
4641
9186
7236
1737
141
1360
7451
9362
5086
9181
5483
3836
8004
3300
6905
596
1622
338
5726
4735
7335
4833
8380
8857
7771
7164
3464
5821
7199
6259
6283
1840
1797
9871
9929
8291
1231
7380
4005
6318
6561
9488
6506
4566
9141
9763
5162
763
101
7241
1850
3788
2074
6582
2645
6197
98
2462
2018
7298
8721
4653
5490
6870
4524
5420
5161
2108
2800
9167
4778
5714
5007
1284
280
4148
7399
1794
1263
7500
9035
3113
7641
7461
9695
286
3658
6146
2748
2028
3444
7821
6681
5286
1044
7558
706
6205
9666
9859
1724
4444
5573
6732
2080
2205
880
9479
351
8496
3331
5739
1609
972
3200
7657
7611
3211
3803
6711
1591
3599
885
4625
8885
1929
2183
5944
4486
8201
5803
6211
8997
7728
9295
1077
6285
6527
6908
2988
5023
239
8727
2985
7564
8280
642
5175
1491
797
8238
9434
4396
9123
4059
9633
7404
6242
5577
8243
4443
1380
4454
3440
5460
101
869
8097
6628
4129
1086
8004
4369
9813
989
8285
8093
7983
9812
5936
5132
8050
1723
5880
3526
5782
5513
7282
8377
1091
5525
9172
8823
6331
8965
636
6432
9834
8733
9413
3964
9819
7417
4685
5985
4758
9322
430
9093
9134
2719
4225
3536
4442
105
3414
224
1970
697
8601
9413
2574
7774
4589
8906
6739
5225
1690
2925
310
1103
3241
6482
4872
4278
2467
5982
3600
2897
5075
9086
5616
5652
2623
6410
2109
2389
2987
4080
3086
1588
9845
5661
5714
4434
919
8805
6011
2609
8083
2674
65
1324
9156
1289
5603
7975
7272
9203
872
8699
8290
2841
704
7265
5603
2813
9654
8590
3245
9093
6531
3091
1106
2245
3877
2025
7403
6241
986
5486
5267
1051
6810
4423
8693
2413
2398
2317
7969
9622
1016
2611
8815
1720
9876
4419
886
5882
3009
4131
4975
5892
3574
6081
8138
3804
8106
5541
6397
5445
1027
1664
2848
4189
2439
1541
2955
1189
3858
924
7163
1227
3535
5979
9299
9763
6750
185
5645
6111
669
621
2004
595
3054
6494
751
7513
8387
7148
2958
9414
5164
5806
9955
3955
3700
2910
5144
7558
186
8660
5137
73
4639
4437
9836
7741
974
1834
204
7995
8807
2208
4943
1861
5054
5694
9374
3441
9195
8684
9207
4359
843
9163
4667
4543
2073
9811
8453
8612
8471
3591
8685
9462
4380
8522
3555
1706
6708
3760
9702
5515
2320
4645
7376
7375
6691
3103
7168
5886
8139
6376
6598
8982
5539
1265
9877
3964
7428
8331
2576
2252
8274
1262
8066
2654
6136
1622
4360
2844
1734
414
4711
4054
1411
8439
7781
8103
1542
4950
341
6034
1326
6939
5016
3217
4556
4894
3533
8337
9577
2462
589
7851
76
8655
505
6212
6629
1217
5408
8363
1632
119
8770
9395
8558
6551
7498
6453
1501
7840
2487
2827
1131
3855
2396
2040
5101
5930
377
4678
8392
966
2529
8468
5973
9386
1032
8955
604
2792
7318
8588
2911
6088
7983
7821
2640
1834
4274
493
9674
3113
9673
7157
6969
2069
9197
2070
4351
9574
3101
9095
6892
5630
3915
2866
5017
4947
8173
1973
7739
5491
561
7002
7932
4896
4824
6924
6730
5450
7417
2756
8564
3442
9914
1885
5512
5463
3955
6215
5038
3408
5311
1930
9039
9226
1148
408
526
9321
2381
4617
1165
9294
1620
5449
542
2796
2373
7273
8246
6142
29
3162
9585
6295
5047
1449
1759
5355
7664
3149
8763
2975
1431
4154
2202
8932
4562
2728
4605
3295
7345
2122
2589
5317
7571
3132
4465
9944
6757
2712
2439
3138
2226
2024
5786
7274
3473
3897
8981
1137
7046
7744
465
4829
1899
2667
3761
2813
1747
8367
6109
5444
489
5050
7114
4413
4534
1579
4357
1291
643
6796
782
2870
5172
6568
6496
4997
465
5477
2487
3863
9573
2952
8692
7824
1971
2454
638
70
7173
6747
5514
4014
8149
8980
8427
2684
560
9137
327
1203
2285
1109
425
3810
7677
6921
8807
4494
2398
1294
8357
1972
4246
7050
9796
2569
5856
6786
2639
3029
9885
8154
3395
8035
7134
8175
7071
4046
7312
7398
5250
5949
8508
2027
9759
2537
8949
8567
7032
7699
6213
5389
6023
6812
8791
5820
9381
4647
8958
2021
4028
8844
6527
7424
6879
13
5599
3950
4060
9263
7700
5662
1564
6208
7689
1324
5098
6638
6243
2130
690
2456
3871
6713
5620
2663
2533
5002
7310
7844
7023
1339
6688
3550
5115
9919
9915
7066
221
3975
6329
7921
5989
7893
482
3679
5569
1932
6669
8164
4062
7359
621
4285
425
6241
6948
9310
7595
611
7154
4618
8302
3842
4520
9769
113
4436
6835
6686
4763
9516
960
7105
7409
1442
7136
9331
9726
3805
7495
140
7517
4468
4425
7942
7062
7726
7252
4657
4689
759
5628
2991
953
6500
9112
1067
936
5947
7753
2052
5463
5065
9157
9224
6507
6293
8555
2585
6450
2403
2725
319
6871
7151
4613
3933
1229
8218
4943
5918
8977
571
5261
9930
7071
4373
7349
4360
320
1455
2764
2135
6520
1921
1359
9380
4566
6267
1965
7368
8670
4691
7688
1893
8194
8653
2179
9423
6871
7122
5341
2200
7693
6954
8483
1116
1327
5832
5476
7999
3639
4592
134
6512
2865
7845
5892
7431
464
4209
1152
5486
5252
8840
3732
3446
3845
5911
2869
7069
3033
4562
9269
7078
1516
4104
8194
9195
6289
23
7194
9928
4615
3680
6440
7481
7878
8684
1264
4694
2894
2416
181
8146
7608
3913
7945
1454
6176
814
4875
9209
1729
4144
2639
9597
8249
833
8793
890
7208
2339
818
8176
6020
3611
2009
250
2295
3273
4944
1541
5690
5125
9688
9650
5390
7633
7456
1566
4799
2331
7127
2880
2828
9766
2478
1077
6952
7623
8319
512
9962
9137
8688
5982
9100
697
6232
1396
3971
1177
2937
6013
2654
8977
2015
4397
2962
9472
2315
4114
1803
5795
6994
4631
1913
5824
2060
8865
3447
379
9378
9762
5869
4418
2096
4969
1468
8329
6365
5439
5858
5655
7804
4864
984
6171
5613
299
5643
4281
4413
3799
76
7759
8430
1989
9936
6843
7207
9735
3574
2937
9497
9443
7355
1594
4413
8823
6275
7130
614
8485
9137
4770
9701
6474
942
5315
6773
2937
5948
7538
6736
6024
1649
1519
4365
1585
4714
1572
1321
8288
4509
7170
7732
8217
5116
8497
3392
1391
5627
4007
6228
1117
5129
5930
7591
2423
7597
716
5361
3545
8254
8449
5921
9903
9968
286
1489
4682
1859
9162
9323
2720
2684
7055
7289
7801
5552
682
5544
7531
1041
1773
5000
6170
4055
2591
4946
1652
3307
6659
1549
7913
5108
3822
7817
1429
4108
5658
2463
2319
1172
1786
1392
3856
5193
8681
8009
7097
9363
3554
4629
404
1679
5981
2927
5734
8573
4225
3738
8232
884
1639
2498
5992
5461
6667
3773
9569
2325
2589
8241
9849
4375
9633
57
5921
8314
8067
3018
4030
1621
3999
4434
9652
9981
3713
5386
4906
7938
5476
3138
8822
7115
1988
1167
2576
8655
1292
8497
980
3881
6738
7181
4609
6371
7239
530
1038
5306
3548
5068
3279
7548
5854
2931
7529
9568
4669
2435
3858
145
1925
2681
7260
3914
200
9836
2569
1492
4685
9902
5374
1424
3435
9983
4147
674
6865
1537
5980
413
6605
5611
4313
2460
4894
1842
8380
9563
629
8590
9708
8907
1271
6968
9173
7823
3156
8094
9316
7842
7996
1042
9266
7784
7377
9765
8458
4242
1303
791
1007
4260
6402
5321
3072
7649
3515
1452
7212
4145
43
6921
3052
7666
3889
8577
1842
3398
6671
7510
1240
4668
8552
6858
8804
2281
2975
7262
2875
4278
4405
3882
8539
7160
9203
7963
4809
2719
9416
2021
3216
5811
8942
2620
9829
9184
1197
1671
2582
7868
5533
174
8888
437
3384
7692
2718
6359
4955
5593
638
9360
9476
5529
6520
8679
3492
7681
7750
9260
9703
966
1423
8645
3586
1253
4181
4783
9276
3115
2652
4810
3289
1540
5247
6673
9233
4318
9385
540
6263
23
6252
5739
1904
9125
771
1748
6806
8521
7361
6509
5840
8784
1507
9426
6389
2040
4210
2018
5156
3214
3180
4797
1106
4779
1471
6691
9097
856
7231
5361
7231
9836
7452
5487
8961
8223
3587
2119
3097
948
4981
8937
9733
6488
4715
2474
8528
5277
4492
36
8491
4024
4834
5950
8804
2657
2641
4253
9865
6225
9614
7096
6061
3419
8935
1374
7994
2522
3493
1091
3471
4826
6380
9556
1314
1096
8382
6195
6373
2875
2583
1217
3251
7417
7167
2055
74
9808
6309
9939
2385
2275
3387
8446
5694
8674
6172
3689
1197
6018
1132
1020
844
7513
6928
8511
4961
5310
4706
7686
4537
3641
8903
7789
1059
2422
6196
7485
8583
2505
3777
968
4781
7164
5767
6827
2191
1939
516
9740
7957
1649
7112
8802
5514
4040
7313
6827
5702
8371
4513
240
2012
9769
4381
3071
2191
577
557
7126
3083
686
8095
4216
7850
3862
1043
6393
5801
7912
6133
3759
5913
3245
2561
1427
3637
6226
8254
9340
4597
9119
9580
6609
8888
313
6033
1080
890
2942
8206
325
3628
2653
4541
7830
6515
1937
4224
8669
9849
6709
8780
2114
9955
7693
3541
3592
3919
8147
2932
4868
7266
8864
1477
6155
5529
3862
3587
6420
3156
8145
6745
3136
7151
7639
967
3666
5928
1543
8687
2129
8252
7467
4243
4559
5160
7784
4504
9079
2283
7436
3947
5901
2653
1777
8408
8182
1991
8347
954
1500
6493
4052
4636
3644
8043
5603
3662
3971
3498
8702
6100
8103
6169
343
2662
7682
4479
7166
3113
3114
955
3413
9015
9960
1542
3776
8142
3533
2123
5449
5033
4968
9501
6022
4964
7544
1625
4979
7867
1476
3681
319
9579
6202
7014
2241
3884
1493
5760
6998
959
3067
411
6326
3027
1953
102
7521
1838
2226
2970
3224
7194
8823
9246
8511
2719
7223
3490
586
8699
7171
905
4630
3373
7919
3224
7258
5764
8984
608
3075
2051
7371
9402
1430
5676
9504
8951
7514
8082
1922
7090
1629
7097
6336
140
9817
9912
3630
6755
8611
801
4013
9594
526
1932
2818
4136
4049
1802
4744
7124
205
8467
6526
1635
4143
2383
586
8010
465
8860
5100
2094
2310
7789
8586
2127
7701
2216
8882
2664
9369
9247
2258
9896
1180
5076
4032
1581
3230
5129
5057
9787
3596
1584
7774
4092
319
4713
2102
7136
9925
3554
5583
2235
1343
4169
714
5396
6386
5949
8061
5755
5196
6671
2003
6376
8100
2388
4309
7682
7517
9367
7470
7465
7303
5244
7909
7622
6309
11
1110
6235
9918
6693
8470
1261
863
9185
3010
3601
5134
7423
5708
330
4094
7712
3059
8546
100
3720
6229
3969
3087
51
7786
6742
1647
5696
716
7957
2059
1827
4192
1977
4872
2662
9591
2087
8199
2601
5688
9685
24
7749
6368
470
1813
5779
9017
1913
9499
5246
2234
8939
1649
20
5681
3296
2068
6398
1253
4128
8225
5445
6105
9449
4460
2048
1537
2659
4649
7225
2345
1025
1326
8713
1496
3139
4492
6865
1404
343
8463
3638
9282
112
11
4964
3408
2079
7714
4662
2559
2291
6459
5017
1740
919
7065
3277
9931
1715
6855
2276
9092
8181
7341
588
1321
8185
3805
2725
4880
2268
2716
4163
2380
2727
5479
2141
1158
3193
3155
70
5484
9614
5087
3576
534
2152
6854
6817
219
3709
9093
9312
8242
2786
6252
9563
7323
58
8641
2203
2326
1357
2718
1059
436
8197
3200
7946
1390
6355
8016
3226
2321
9455
6803
9207
1608
9
6024
8179
70
1469
7491
8312
4255
3744
7876
7930
154
2869
6486
2480
578
9204
9891
1014
7402
3091
5312
5144
5798
9681
4723
8120
9136
7878
3679
744
7887
9704
5276
7957
1173
2767
6269
1781
2863
497
9711
3017
9718
2549
1850
296
1754
1741
7662
5508
1185
2975
652
6983
2656
1727
1455
8144
9605
5135
5241
3844
1191
517
8153
2364
3284
775
4145
6148
1272
209
5517
7343
2758
7367
7639
864
9109
5302
6372
294
8277
3377
3629
7285
5104
5085
5429
1062
6572
670
4906
7763
7539
3060
6479
824
3835
625
3324
1459
7186
8841
8802
6296
2561
2794
7161
1670
8096
3533
8316
2725
3262
1945
10
4719
3382
1791
2133
9954
8814
3391
4069
6353
2803
549
7177
2990
7526
6853
4450
1064
2047
9604
7360
4608
2398
4521
6278
6846
4407
4594
9571
4021
2891
9581
8740
6274
7725
873
2580
6539
4265
3002
2892
7068
3551
6422
59
7429
9627
861
8493
1674
6817
5853
6282
5568
6727
8912
2414
7486
9858
1986
1507
2750
7919
248
5376
5644
7473
7956
8535
8090
958
7780
1511
861
4202
7922
4642
3829
5135
3135
1856
1952
5341
4490
3872
2068
3403
6287
9554
9613
4625
1061
8715
8896
7661
443
893
1487
8400
9428
5929
5710
7208
7440
2924
7762
1714
7566
7944
6849
7054
9800
5154
2395
4290
9026
815
4045
5313
6721
3659
6290
4134
8726
5187
8148
9170
2432
9635
3922
1860
5564
5984
5421
9357
8908
3183
1071
2827
1127
4273
6233
7279
9427
4980
1570
8453
5795
5615
119
2516
5626
6409
6650
4353
7948
4798
3523
6732
785
7445
4945
2702
9781
366
8411
8690
9901
5834
7869
7381
107
4102
4660
9534
9082
2582
7988
1229
8198
4459
97
3824
868
3099
4529
5169
4250
8052
1901
5035
1849
6846
4089
1631
3564
2500
6673
9818
8335
894
7199
4794
1348
8211
4329
6782
794
8669
8011
5344
3128
4460
5520
348
7559
50
1869
8161
4454
3771
3197
2656
6969
3638
639
534
2491
7312
352
7178
4558
3903
1972
5906
8466
2653
9040
5612
7674
3403
956
802
7863
2829
7503
1774
2879
9372
9936
3685
3143
9485
6341
6465
3123
6980
3351
1966
644
3703
9144
5202
3958
7469
7460
8776
122
6500
4389
7797
6255
1697
4951
4118
4526
2454
5893
3757
1827
2181
7443
1322
1666
136
4139
1141
7117
7490
3108
4113
7545
8604
5668
1503
6073
9480
280
6196
2333
1021
345
8588
2718
1648
9059
7245
4103
1304
7354
2282
3485
4797
9956
5151
1286
4096
2644
4755
1586
5752
8868
9132
4357
888
6987
430
369
3619
2978
2702
992
9675
1290
3711
1324
6701
7308
1779
8005
4662
4061
1490
5812
4017
2993
7098
4465
5638
1853
2404
1390
7073
7888
2099
7962
4875
8882
4683
4847
8212
7385
5839
7888
5027
5902
5564
1729
3210
7343
9734
7873
7756
7577
37
1773
570
7135
2591
6208
5340
4995
3951
8765
2883
2402
3079
4110
1284
7762
5309
9497
1499
7501
3737
2879
3403
9301
4608
6614
6644
694
839
4400
8271
876
2525
5194
4363
1468
7754
6055
6463
1705
4820
5698
4108
4252
9809
1744
2014
1470
1241
9866
8971
1330
2745
2375
631
3705
8989
3627
4399
6180
4379
9023
7056
3257
569
7771
4725
8323
178
7541
29
1350
3239
489
5602
9400
2233
3969
7223
9827
3835
6194
1157
6580
8569
8141
285
3910
1768
1036
90
2500
6411
3498
5757
6980
7621
6834
5304
7799
4375
1685
9150
3967
2174
4752
9719
759
8721
6942
586
8908
9489
8096
5488
8058
6237
2125
8321
8005
3162
8411
505
9573
8262
2614
6554
5883
9449
8210
3683
176
9895
9185
495
2069
3937
6567
9180
9011
9861
9767
7919
9350
7863
9760
7409
4100
1885
5730
8457
5047
493
5315
973
5107
4281
3879
991
82
2089
1026
6611
1984
211
3458
405
500
25
9585
9511
9887
5704
3783
5589
3567
3543
9350
4019
5428
1432
8829
6828
1926
496
4153
7033
4777
8032
4376
1212
121
1754
7823
8457
1965
1281
8862
2466
1307
8447
8329
7546
4152
2112
9487
4071
2007
8838
4443
3788
270
9624
6968
8548
120
1121
1934
1249
9153
6310
2461
5626
8065
284
4083
6382
7918
9297
5200
9225
7744
3530
3123
8248
1994
8962
8672
4002
7800
9467
7790
4423
9091
1110
2971
5563
2231
4905
6812
7736
7568
5626
9714
1985
5910
3797
4719
3828
9446
9920
9405
7190
9802
8880
1791
1796
7843
6815
2150
1995
6282
6292
6418
1725
7402
9390
7288
5985
647
452
3721
4567
6078
3435
2904
8341
3584
7624
8521
3030
7544
7927
6573
7346
3159
4716
5494
7354
1531
3997
9350
4165
289
5768
5890
4044
1510
9530
29
8510
9982
3751
3077
2413
3538
5982
754
3475
3606
9275
6505
7502
3554
9430
1200
3066
4146
3046
420
2029
7043
6122
6194
3685
1891
8436
7729
9753
4318
7758
8263
653
7861
1341
3066
7752
3675
172
1227
3633
5799
4084
1135
5706
3515
8687
8772
4013
1733
5544
6043
5129
1667
8589
8814
9910
3378
2895
9663
7696
653
4279
4701
4867
1972
7767
2619
5647
4291
3846
9280
91
4282
6767
5797
7797
1806
921
8163
9891
6465
4206
5020
4484
9147
186
4394
8877
3081
410
2926
87
1041
7627
4954
3013
1747
3925
8660
6038
4123
4292
6129
8405
7411
8278
2555
9217
9199
718
9108
2017
1276
481
6501
423
667
7248
9301
101
4010
2227
188
5051
6206
1494
8064
7953
5419
3076
3992
5894
7368
6473
4299
4779
4752
6854
348
3951
7572
9456
2320
8848
6289
8822
5624
6957
6070
1277
3410
6432
9856
3598
1483
6062
1444
9547
4016
3215
2623
8008
9109
6343
4481
3408
7474
5585
6615
7822
5889
539
7278
8209
9388
9920
7031
1364
3229
9453
2641
6639
2237
2497
6589
3720
8559
8033
9619
8927
1248
8594
6935
357
4937
7769
117
2411
3354
6732
233
5595
3624
3864
3805
3012
3784
7188
728
7013
2994
3369
4
5231
2218
6593
8952
7129
4626
4923
2409
2226
3518
9344
8935
4807
3465
5404
7219
3172
8489
3804
8767
2113
4020
8924
1477
7804
6113
2205
1169
9107
1926
1173
690
496
7766
5994
7625
8744
918
34
7322
4436
5731
2609
9243
5548
8014
2814
5072
6503
2971
3840
4968
6991
2764
6445
1148
5229
5002
2317
688
6928
9843
1379
7424
7609
3725
1401
2706
4643
7788
6380
5431
9871
8990
1027
1771
3356
193
6844
9859
3164
7036
1179
156
6152
7624
1304
1382
2626
9973
2070
5906
9816
9801
9682
7426
3527
1083
6484
4522
5223
2864
9954
1446
8206
7333
3218
1562
7526
62
7773
691
7098
8952
847
9602
2928
8503
984
1906
8476
9407
7812
8293
5560
7494
2071
5439
4930
8555
9962
153
7771
6268
1600
2330
3601
1170
3892
1127
1232
1666
1818
4682
6970
9017
4284
9899
7520
1621
1805
5997
7380
5970
642
2940
3464
2713
8380
4746
7620
4694
4900
1743
962
2852
4073
4563
374
7966
2042
1606
5984
3861
2640
2954
9230
3276
2853
3103
1249
1011
9100
8629
6981
6094
7922
6797
8807
2654
1544
6427
7348
2796
4522
8310
2000
8596
9225
2374
6562
1267
332
2546
1480
9324
5500
711
8952
4706
3814
202
5717
9266
8831
9050
5360
3105
5847
519
5759
3743
3298
3107
6539
7820
7769
4891
6416
6994
7265
9330
4614
3949
8228
6094
3273
81
3157
2226
4787
3323
2428
6856
8941
7611
2258
653
717
8105
1172
2828
8201
4470
5936
1092
8643
57
5984
1411
7052
9601
742
1666
3551
8970
4112
6824
9051
7270
5402
190
6945
4182
7046
5887
1794
9304
6540
8863
3762
4065
1691
8315
8535
3979
9407
3530
4037
5391
4942
7441
4993
2036
5459
8544
1006
5923
1720
6410
9545
7123
2952
6491
1305
9999
2378
9451
5655
5270
4666
5769
9335
2710
4084
4223
6689
3492
7753
7078
5235
9047
871
228
1083
6330
5124
8442
2254
3197
4852
1799
320
7804
4642
7977
4155
3372
7429
6163
8643
8447
8284
7978
1157
8721
2201
7847
8565
6307
1277
3800
5354
2149
381
2790
4831
1857
1232
7085
5054
2436
5237
1726
240
6231
9704
748
9604
3485
3263
8247
1932
1547
2577
3090
6620
1131
7289
5185
7438
4918
5338
9144
7067
5719
1934
1899
3928
9518
5336
8983
1954
6925
709
2195
3157
6765
9295
2761
6602
2558
7360
8535
457
9937
7977
7078
1068
1618
8615
8506
6536
3953
4003
9956
6024
2289
8207
9953
1808
9895
8936
3762
6821
5997
2309
6330
2763
1604
5443
5717
514
2803
4252
972
2740
8581
4402
3809
199
3017
8667
3088
6971
2670
3044
2995
1312
1251
2948
3120
7498
8236
6882
4319
586
9192
7001
3349
7148
2444
9066
7663
1599
9671
4987
4340
4604
9389
4501
1156
8758
9520
4244
5729
8543
3640
5077
9855
1243
4377
2975
8741
8966
9857
9413
9552
5401
6414
9253
2550
5211
4671
6565
6810
4342
1552
7502
5299
941
2003
6455
6051
1524
699
1781
67
691
3210
9922
1934
7587
9249
7027
6553
9106
6440
2457
860
9207
1710
3410
4418
6382
9975
1228
724
7879
5083
2375
5172
7086
8830
1223
4962
5881
9356
1381
6572
2566
7655
4858
6506
6904
1886
9411
2363
8326
1869
3223
7533
3579
2985
8303
9961
9312
5884
7038
7191
967
9413
2363
8053
4596
9938
9368
477
9295
749
3402
1861
8405
8260
4719
1661
6498
4131
4024
4825
