1453
1329
4974
3716
7336
6362
5732
9496
361
1752
5176
5
1086
7714
9822
2546
2336
6472
9900
2272
2555
5115
3864
7068
8863
7987
5769
5874
1819
4525
2498
3272
2206
7472
6989
9542
186
9073
5391
548
7178
6919
6905
4616
4634
6727
7163
3322
9552
7063
5595
8459
8530
5811
1879
3745
3798
7649
5972
5618
2174
8470
8890
733
5942
2231
6627
6129
1305
2018
3029
4835
8938
6286
9451
9924
9365
2966
3246
8917
6382
5193
7377
4912
1004
9256
8658
4803
3257
4630
421
1784
3100
5663
2517
5394
7895
9144
7875
9200
7515
904
387
2805
3542
9838
2729
2908
2805
2327
1825
9187
7521
5554
451
8525
4811
9109
9680
4420
91
101
6204
3191
5765
5073
4938
12
4218
2813
5564
1733
70
5951
4538
9964
5789
3619
2872
4946
5946
1050
4133
3467
6604
4585
8345
7767
46
8025
2188
138
4479
8392
9681
6596
3466
4619
6608
4036
3785
2172
2121
207
8123
3011
171
264
6630
3044
5211
8928
446
5696
8748
7050
6633
3445
4818
6680
1470
3358
3170
2301
8102
2851
8897
7920
3823
1857
1956
3960
4029
4077
4167
8504
3440
690
8769
6422
86
332
5351
532
6028
451
3935
2662
3896
8753
5694
1718
8463
8864
4020
6565
8067
2917
4486
8242
1127
6442
2202
5156
6872
2721
13
312
3412
5134
3087
9850
5466
8438
383
7846
5241
4318
6860
9137
9423
2554
855
7886
7770
1227
4451
2190
497
5289
432
1624
8084
8987
6780
4956
8060
6793
1620
7824
8279
1059
7675
3745
9497
8058
1592
4738
8728
8452
227
4503
7359
1083
2389
1481
2310
3192
3671
2807
4834
456
783
2918
9443
7564
4226
7503
709
2198
1680
8989
3258
9355
9086
9107
3765
7030
3846
2493
5483
4073
6996
9194
1508
5737
675
171
5281
699
9330
115
1155
114
3033
6950
4030
3611
4453
1091
5810
6133
6432
9068
1840
5519
8175
5605
2549
8373
4450
4384
8799
7798
3578
6659
9887
606
3182
5169
1305
2513
1636
8812
8979
1022
5762
9361
4633
6567
452
443
9053
6885
5863
893
2404
391
2851
1305
5116
7301
5690
3915
1452
5620
6927
1339
2578
109
2860
235
8974
4497
9047
7953
5519
4809
3666
6504
1377
4119
3300
6782
7356
9163
7675
9760
5906
526
7417
1023
4180
9459
1290
5632
5080
4569
6971
4010
4679
6184
4246
5
681
3293
4311
2552
4455
7977
9056
2184
2096
2356
8966
9452
7872
2993
5564
3778
3520
9334
1153
4052
8793
8796
9684
225
3365
3007
4236
4396
9191
8482
754
6224
8127
5065
8776
2582
9394
7833
1118
7843
6541
84
3647
4413
3078
5564
4544
2950
4898
2049
7002
3691
845
6686
3917
563
6045
4505
1311
5237
2987
8417
7813
1114
3482
6590
49
2877
775
1167
720
7316
7604
719
1730
682
6283
2626
9984
1181
4675
6986
1225
1873
24
1494
8788
6069
5999
6451
7658
5338
4869
5472
6452
8351
8414
2853
7580
9189
4021
4652
6505
1625
5372
4587
8659
1655
7213
8643
9189
1889
5629
414
114
2005
1908
8902
4426
4259
5353
8437
9597
222
261
6049
4926
8675
5255
8858
7864
9276
9863
721
7253
1587
5309
5912
9594
2522
907
8783
763
2888
9197
877
4893
7457
6131
9319
1716
7837
7756
1313
8059
8017
3715
9337
3044
8970
4548
908
4598
4411
7982
8203
2350
3291
467
1944
2165
1374
728
9281
4262
6277
6510
5507
87
2642
4826
8155
479
8935
9469
4890
3304
9536
4228
6349
4858
5128
3609
9456
9539
1591
4011
8241
1234
4478
185
3400
5852
7265
2681
6466
9895
9191
1973
9982
8185
3151
4489
8664
8438
310
9907
8095
9846
4135
796
4704
5615
4405
512
1506
2349
4523
9747
3583
5353
9932
3335
1205
3550
2368
4023
3445
7912
5996
9779
6097
5500
4268
1114
3938
4579
1021
2033
777
1508
2829
1834
7123
3587
8698
8629
2288
9574
8376
2223
4927
4660
5559
2485
8210
4279
6508
8007
2191
2505
7786
8289
4357
8407
9403
8295
9338
6776
6681
115
8284
5862
1949
5407
5801
648
388
8089
222
8764
313
1501
9776
2224
3986
7987
6503
495
2346
5047
9352
133
3336
3709
4892
9091
2004
4230
2219
5037
4345
503
900
2647
2262
6701
9647
2650
1143
6221
7766
7808
7722
7542
32
1709
1881
2887
2204
4228
7934
1556
4361
7622
1617
5605
3065
3621
9835
5284
5011
532
2139
2263
9531
4401
8964
9178
7051
6459
1751
1169
4267
9474
8712
4299
7535
593
3539
9739
4821
7825
7647
5534
5448
9264
1139
4865
9237
7326
6502
600
4211
8641
2863
3742
3043
1828
9273
6446
4639
1024
3968
8907
6850
2680
3206
4385
9625
3097
476
799
923
4475
6333
6371
