2352
3599
8710
5931
6584
7014
2245
2248
2898
5635
9439
217
1400
8154
8270
5996
4445
3990
2826
3740
1092
6228
1953
9497
840
6673
7510
7339
7156
1535
8516
9508
5134
7226
1791
8071
592
388
319
9842
6023
6111
59
3776
617
4682
6124
5062
8672
8950
5154
9764
1530
7108
5613
8723
133
9476
6062
7289
1011
4578
3149
2497
8156
4940
6920
5101
5329
7240
4943
7704
9703
5003
1480
6672
6037
3957
1735
1061
9259
3241
7178
790
6701
9143
5865
6834
8619
1927
475
9630
2857
3624
8480
7365
4917
5400
2466
246
8992
3762
4302
8695
5117
5783
5368
1154
6092
3455
2215
5351
3048
9393
2493
9750
8537
8358
6584
3508
6637
3412
3139
5846
7036
7971
3212
8305
3371
2030
8551
2364
5792
2854
7411
7261
4989
9131
8415
1081
8938
6983
2784
1987
2728
5278
1737
7617
9988
4673
1126
6626
4437
617
2472
7826
8588
2036
6131
8311
419
1035
675
2563
241
4439
9825
1582
3570
8240
9015
2509
1575
1799
848
4304
7077
8937
1921
7066
9962
9399
44
4400
16
8868
2226
4956
7257
4709
3268
7676
5744
3943
239
5985
4734
64
7567
8305
4657
6582
7166
6232
8382
4366
6888
1811
3303
5162
5229
3265
4561
1625
4017
930
494
6243
5886
7751
7305
9154
1779
3049
9450
2018
9035
4184
8435
2954
8841
9444
5889
6007
2028
4271
6725
8917
2434
28
4079
4016
9646
4992
5641
3663
2274
2487
6259
8161
6590
3564
3667
4721
6613
3117
6740
2000
3654
1527
1307
2495
971
7196
4855
9351
7819
1580
8268
6605
1609
8699
621
7607
44
2615
1270
2318
1454
7529
479
8045
7445
4147
2766
4059
3616
5858
2411
7270
3737
3718
6118
1060
7266
973
412
5085
2553
5032
1691
514
3732
8664
8121
3776
1279
5744
6094
2734
9625
2926
7131
7071
3425
6249
7482
3393
8460
9893
664
2197
9964
6782
3258
7230
4107
22
8668
3012
5054
359
9879
8786
9023
4352
8914
6655
96
1361
5741
9722
639
2872
6793
4064
5473
4275
3809
3933
520
4473
6131
6836
7607
5741
4067
8066
5763
9087
1079
7169
9446
958
2308
4821
1662
1222
7828
1759
8935
3569
7833
9574
2793
4626
9990
8267
5253
3800
2200
5773
4625
4683
2610
8585
424
3029
3003
2539
2116
4082
9709
7914
1392
8369
9087
3055
5943
3268
1166
4879
6837
8999
805
5983
3625
7148
4250
5230
7300
2802
1003
1925
7486
9965
6862
7910
9346
9866
6802
1462
300
2863
5728
8045
1232
1168
1100
7175
4436
8618
8406
7625
7617
9212
3608
7594
6360
4210
2824
3660
7013
179
1937
851
6497
5152
8761
5843
1370
1915
3658
1670
4778
9386
9715
6010
6906
7167
9538
1342
5785
7944
8968
3402
7156
8928
7348
9868
3139
172
9880
152
6704
1818
1003
3201
3322
6116
9044
4692
4384
9054
6362
9162
8441
2430
1525
1699
9597
1063
3042
1735
9007
8362
1489
2516
7290
8838
2384
429
5362
2265
6933
2066
435
4288
5267
3757
6757
664
8449
1141
9718
1163
6655
4511
9945
8180
6211
5895
5595
5605
7630
4603
3967
9119
7119
1257
4309
5855
8039
9672
8120
1324
1738
8555
5613
3358
8664
8722
374
7113
9863
6444
4629
2870
956
4574
7403
3519
469
2998
5476
4451
3953
9443
3571
7424
7052
7880
3280
1443
3904
7752
2768
5643
2660
8381
5353
1324
7103
5727
4790
3318
2171
9419
6188
9479
345
3591
9350
815
2942
4826
1618
6895
4269
5189
4320
7674
9422
3952
9117
3326
1704
1885
5321
4364
6618
674
2041
3721
6401
6831
3391
4925
2602
9580
4404
2947
9523
3755
114
2465
8581
1733
5713
9203
3274
6385
3229
9048
337
2346
2375
8393
584
7696
2758
7202
4723
1151
7276
7476
7982
667
2401
6936
6599
3158
9883
2475
3265
6350
1292
1846
4435
7005
7401
7709
3390
6982
6758
79
9329
5485
8473
6265
9533
7583
9819
608
8734
7095
8085
6716
4115
6838
3652
7066
9996
9887
9541
3261
2589
834
1460
7024
4191
5213
1086
7582
2196
4196
7661
7877
6033
6134
4142
5566
3717
3961
6175
8803
7409
612
5519
7876
7450
5523
4942
7447
1763
4484
7060
4352
1670
8520
7729
5861
3734
5167
9795
5930
9363
3809
3807
5396
9943
4301
7314
13
4614
9841
5168
2023
453
688
9899
7904
2563
1194
1703
678
2030
8763
1383
3700
7284
9112
5913
7370
4279
2061
9652
3642
5870
3459
5390
2165
4112
9056
8530
8726
8898
3699
7102
9351
4387
3353
3607
3302
4547
5310
3981
6577
4074
5364
6629
7710
828
8895
5080
5107
956
4732
5101
3178
4543
6843
5343
8655
5899
3874
3733
1149
7573
835
501
8312
541
460
1614
5088
5771
1947
8018
6197
3663
999
259
843
6246
5339
5950
3554
6423
7403
6732
7318
598
2076
2325
6498
5950
6058
7647
3523
3246
4500
8187
3787
1313
9801
5227
3436
8101
9597
9633
8116
6949
6244
8960
9547
1583
1262
3102
4358
5018
6186
1676
5616
8262
4001
8466
564
6411
2466
439
6009
6966
8626
6148
4631
4780
1376
8067
9233
7325
4052
7349
626
296
2661
174
8231
3924
9628
2589
8942
2166
617
4558
6781
970
3025
3697
7382
1843
4137
3391
8809
9115
9540
9793
247
7268
7860
9480
945
1913
3182
1572
8561
5843
8098
6793
9767
4078
5734
5061
6244
6352
9620
9377
7322
8997
3075
1056
840
7212
4448
6001
2679
340
5794
2927
7608
7
2407
8553
8272
1941
6477
6833
7785
927
9978
7552
1357
5713
2614
7602
8417
8586
3331
5739
3935
6406
6796
1127
9970
7596
3480
2650
7936
5627
1929
1896
5634
4336
6801
258
6278
3279
7091
415
4206
7070
7967
5564
9135
6933
9518
7552
1871
2849
9643
2158
5608
6439
3285
5578
387
6766
8228
4675
2393
157
6571
4379
846
3373
4637
3476
6652
8080
3891
7210
1502
8210
9126
6989
1496
4996
4541
9719
4198
4185
1878
9806
6976
5163
1736
7364
8281
6317
2039
7026
6474
8611
1405
3672
8336
2394
3500
1340
6827
3743
8550
4681
8306
4029
1671
6154
5377
6212
5873
5927
6749
7751
2085
3726
2915
3822
7442
7548
139
9481
4575
2965
4444
2332
2990
9132
1079
6490
472
7906
6586
5375
8939
4892
5756
610
7398
1133
3175
3271
7061
9924
1023
9146
3650
290
9320
7444
7838
9459
6926
8765
8777
7722
1098
1767
3207
2177
4609
3679
6435
1195
9054
5374
2439
4810
2337
9837
2296
5512
9461
5709
5436
484
1207
5439
7126
528
2883
4964
6339
6161
3730
5116
236
1180
3235
3443
9709
7845
7122
6144
5392
2529
7870
4184
7339
207
373
5987
5719
9834
1696
7508
318
2904
2947
7444
3432
5830
8761
6123
1992
8843
1240
2228
23
4475
2023
6084
8672
9145
2228
4065
1674
6450
8249
5366
6658
8622
7705
8729
8457
9402
6237
5127
8658
9184
8924
2090
1367
7685
4565
3359
6528
5805
1939
2903
6633
3962
8987
5305
9459
7567
9370
7486
4017
3971
9204
7027
2594
6909
5757
7403
2663
8346
2530
1321
7531
1454
9763
8898
5491
4329
8609
8371
134
6900
7626
3119
7214
6613
8425
3025
532
4147
511
902
8119
9715
7929
7065
2977
38
820
5640
8385
9702
3314
2268
7509
3077
7518
3000
7406
6127
7724
3893
9379
5350
7012
2945
1964
1789
5970
8848
5937
6482
9750
408
2549
4032
7473
1878
4070
8293
3871
8807
4347
7185
1075
1856
262
8593
4857
4021
1072
2581
7914
6803
7931
1278
9748
6247
3068
5719
1448
5357
8553
1198
5765
7454
5230
9590
9333
5653
4235
3204
4460
8582
6741
1888
439
7003
6833
1648
7376
4258
581
1642
7413
8512
2921
7162
1112
2341
9233
2560
4050
4138
110
6167
1592
1693
2109
925
7346
6344
481
8158
1278
7222
6398
1717
578
9584
9717
7954
3842
298
9597
7607
5163
8870
1121
6275
7563
354
5187
7965
4492
5297
4132
2437
3342
6241
9714
688
8937
196
5199
215
3770
7949
8285
4348
7533
8002
8655
7727
4653
4604
5335
9816
9826
6456
2443
7389
3163
3982
1706
4007
9279
5838
6444
8974
8431
6159
9662
7368
2707
1213
3935
6477
9163
2220
7178
3048
6575
5833
776
1228
6789
2463
7396
6615
8919
9839
4004
8434
3821
5710
2442
9452
7900
5238
8426
2683
7749
4441
51
456
2006
3986
3286
7521
2559
464
570
5486
2649
7698
3066
9438
161
462
6053
5432
6653
6409
3867
6826
8471
2661
6278
6371
7899
1057
9054
5649
1850
5457
2457
208
5795
5743
7730
4706
6207
8300
192
5208
5998
3258
4646
2511
3720
699
7943
6725
7108
1810
3551
1931
823
6182
4654
8723
3591
60
724
5441
5517
3181
5649
7665
8925
9731
2371
1484
8031
2564
6693
381
5822
1339
9244
5895
8391
7188
2620
1851
5350
2524
3783
6174
8706
8437
4897
2297
8498
1973
4090
367
5154
6091
8032
4079
5823
404
1916
206
9320
8609
6940
5142
6300
6184
7389
4691
3372
6362
6543
5075
8886
6678
1249
7592
5115
2498
6241
9965
4471
331
333
5977
6422
8365
57
2245
5121
8325
2452
4441
6934
9392
5936
3234
1928
3325
4278
5301
9687
7173
376
8573
3851
7977
2517
8966
475
8758
5284
1298
9089
5617
7275
1864
334
3684
4109
1808
2009
2913
6249
5295
8657
8537
8530
586
1863
9160
2239
7902
6333
8967
2828
184
6944
5345
5502
3771
4104
786
5069
9545
2755
2344
1409
9442
6029
1871
1250
4390
1136
3851
9686
9794
2389
4568
6732
604
3728
5323
8506
61
4290
1334
6597
1234
3032
8451
1357
3488
9238
6426
9385
8345
5122
7147
4139
7503
9018
1741
1894
6506
5593
1580
2652
4334
2500
9384
4938
6228
4707
9796
2641
5349
7483
5590
2935
515
4041
4292
355
9631
7070
9740
4329
2193
6887
8468
9696
2257
210
1590
8764
2155
9522
1416
6489
2022
7153
7779
4602
8212
3927
3595
3562
1410
9185
2849
8277
3227
7142
8632
9210
4212
4725
3539
6405
1612
2008
2454
3870
2218
396
8986
725
6271
402
7214
8293
3907
1345
9248
8472
5272
2843
8386
3035
8381
1235
7664
1608
8377
2649
818
8942
7374
710
1699
8986
2718
4153
9208
1288
902
8194
2013
7173
4949
5579
1818
5208
3276
1066
3680
8548
262
2066
7935
8643
3302
1952
6603
8031
4601
3773
3325
1975
4483
5025
7313
7201
5530
2874
4841
6432
1068
3206
9957
2369
8785
1776
7578
8413
9194
1258
6962
9456
9677
1249
8099
9331
3201
4702
3714
7802
8476
7040
6129
9311
8417
9795
2865
3947
2669
7706
6732
89
7265
3041
2459
2402
4817
6389
816
4012
3999
4130
9820
3676
5379
7920
3007
4933
8974
6722
9087
3802
114
5217
3114
8531
5012
5979
8830
4033
37
5562
4122
7302
8604
2933
6057
9773
9322
6873
137
3322
1003
9958
6998
6382
7878
6358
7667
3204
9432
6755
7007
9546
8324
6473
8077
9688
8804
6907
3721
5193
8822
7843
8848
3778
7129
4905
3551
6451
1778
3689
9773
2781
3647
3124
5515
7877
9482
9535
7433
5266
6290
792
4812
4614
7265
9241
4302
2421
2500
4375
7615
7674
8570
2815
1452
5699
7720
1356
2151
5850
1397
1924
8631
1396
5048
498
5625
882
33
3058
6148
2675
3851
7312
7289
7468
2905
7943
9890
1758
2318
3857
9432
7241
6672
7237
2940
4392
4945
5091
242
2694
3368
5225
4090
4768
2075
9715
2003
8461
2773
8151
1136
2976
1816
4778
445
4721
9073
6687
2831
7744
544
8616
4985
7216
5853
4277
1608
7150
9369
8202
9844
9089
9779
3934
209
1854
1
2212
315
9126
6716
7804
2103
4884
8934
8900
9605
8007
5587
8789
2103
6131
7405
7088
3347
9610
1366
1307
6760
7087
5861
6604
2528
5640
6890
2737
3846
6891
4950
514
6017
8018
8318
4472
2902
3604
3372
8859
1611
8959
7648
3715
1442
5053
7155
4789
4663
4873
2448
7775
1960
8309
4379
4488
301
7621
3578
4148
864
4880
4662
6882
2898
9332
7706
5800
2936
1079
1011
899
6390
8660
966
7833
65
4474
8974
1081
9347
1423
8856
1308
6084
9588
2148
6386
3561
5726
6886
4426
6958
7900
7660
9856
7232
5366
2008
6520
2797
3020
3771
9188
8032
1090
3373
4449
5564
2347
5530
4911
122
739
2571
2559
6679
4720
5297
240
6798
2183
4666
3757
83
2326
9965
3667
4045
1974
6539
6842
1346
6662
2382
5730
7752
5755
179
3316
4455
2062
8228
929
2801
7151
9840
5832
1871
5137
6072
5022
7320
7091
5131
3755
5769
5096
7422
9814
3422
313
3009
1120
6976
5391
6850
4728
7499
7030
4397
8306
9092
2625
5587
8245
9776
5428
4077
8000
565
6501
9374
7886
3592
4505
7993
5714
5953
5416
1880
9376
2081
4889
6848
9057
6633
3699
138
4132
7081
4535
8790
2525
3512
4377
7122
9640
9805
1199
7640
371
4052
3366
4609
3997
7871
2602
9711
3825
4370
1591
9553
6452
2833
6401
1861
9466
6452
1999
9950
9885
6534
8740
2410
46
3117
9532
6039
2923
7083
31
3294
7488
3398
7903
1485
1269
6857
7548
1446
1228
5491
7351
7680
8324
3753
5893
4142
6557
7893
4092
6443
4427
2832
5205
826
5950
1090
6865
5225
4525
6896
4871
2013
6646
9126
3498
7916
5983
1046
5714
7211
6538
3066
1243
1214
3171
7137
5357
6080
1382
9449
2523
2161
8634
7729
2987
936
5171
6204
6161
9696
9453
1032
1710
6099
158
5208
367
2493
2607
2434
9705
5497
1852
7300
6711
5023
789
2068
1103
2171
7870
9979
4333
6504
7708
3672
3792
9231
6229
6305
8927
2034
7337
637
8133
3847
2198
4853
2692
1157
3639
8749
6654
5491
6050
9717
514
3191
8138
7969
5363
6008
7948
6048
8864
2008
6072
9008
1239
2301
5313
167
4335
2650
7156
8821
2849
9354
26
1893
511
3665
643
3517
9156
3045
3235
9670
6236
1373
3991
7951
3733
1940
351
8949
300
6424
7957
1540
8725
3270
8059
9413
2272
5215
8234
1473
4570
4612
3366
1433
8277
4009
1303
7433
7054
4538
3455
9643
2263
7446
7594
5996
5738
7946
4945
6039
4370
2902
7579
9447
6172
1990
5212
8444
7205
3446
6269
8127
4410
9635
5913
2687
3645
7216
6472
7051
1754
6279
6694
369
78
641
6365
5816
4939
7662
8207
9309
6916
2138
5108
3088
4128
321
7884
1334
119
4153
9461
4530
140
5374
3569
3785
8942
42
7189
696
6321
235
7417
6399
876
3782
8568
5815
7796
6775
1476
4712
8914
2937
4152
3042
3258
8388
728
9729
8893
6542
611
9034
1916
4181
9171
7211
575
6360
7907
3248
6596
1677
9648
3824
5459
4568
9640
9608
1343
7468
4320
6609
405
8473
6004
15
3213
6732
9745
2107
3274
356
1141
1543
889
6664
8754
1464
3025
3013
1065
5973
4690
7065
9797
6502
1633
9437
6110
9328
3258
6782
5938
3663
1607
1942
3679
4821
5026
9776
6928
8301
6484
4421
6196
7374
1085
4950
5190
462
4315
6255
6435
5358
3320
6233
1860
1305
2022
4322
634
1632
1104
2924
5296
9064
4866
5327
3885
6244
5103
7165
4545
1587
7938
7093
5313
5375
8395
6856
5838
2711
9463
8625
8069
9136
1210
6281
441
9585
603
7427
1217
8059
351
6513
7123
5217
8192
7360
7814
3295
877
2359
1235
8815
5805
2900
543
4200
9756
6381
6911
5572
5006
1332
4708
6217
7613
1501
5802
4568
8929
3371
8980
9280
9885
2455
850
4429
9816
8664
7725
7045
7375
5312
2213
9532
8212
2756
3733
4321
9137
6996
6245
495
8329
7305
3064
2294
8806
5218
6863
4087
8590
2195
9720
4827
4650
6922
9256
4466
1938
3333
7864
9313
8645
77
8846
3210
2833
8931
7531
1970
5927
128
8817
608
7433
1882
2903
6239
3452
6118
6679
2042
8313
6399
3221
9315
3321
2478
134
5259
2163
7998
924
809
8075
6122
4019
908
1405
7902
9230
7333
4382
8047
7941
1815
6281
7196
4406
9734
3314
1085
8128
7979
3836
1350
7295
3509
180
7429
8768
2343
5427
6045
3152
9854
8519
3523
762
9925
7777
9992
3610
2159
4391
1551
3974
7025
5100
4733
6759
8414
5818
4887
2746
6007
6237
6393
9516
2769
174
4637
5113
5601
682
8265
1807
5553
8141
2569
5478
2270
8913
9088
4430
9656
6992
4756
6681
2092
5841
9792
6858
1660
4680
5956
7667
7269
2349
3535
39
2523
8172
5152
4476
8854
9769
6283
760
4262
5204
6238
6533
469
1679
7315
126
5023
8423
6807
7115
4265
6600
325
2277
7632
6282
6296
1253
4983
9831
7644
7507
8004
9148
8335
3210
5270
971
3970
9532
6175
6561
2417
6645
4592
9732
6771
9615
8156
9930
3082
2421
2882
3407
1050
6866
6041
7346
8120
1025
7177
2116
4884
5181
1265
9571
4744
6535
542
8714
2419
6718
1627
4837
9715
6219
4569
6486
5834
9077
2768
5268
1498
2003
5028
2548
8869
1069
6246
3341
8446
3424
5458
3330
4957
3075
2902
9701
9610
3444
4768
2029
6514
6395
6866
6229
8967
7788
9067
1153
6865
8188
6422
4716
191
1450
3616
9060
2519
9863
8754
7318
9639
564
648
4596
3639
9902
650
9601
9699
1770
1630
6213
4517
4849
8795
3484
8989
7862
4638
5854
2402
7412
6922
2593
5214
539
8006
4085
6754
6760
1403
6393
3676
2052
7341
7315
8306
4343
6916
8005
6113
4898
571
6983
6099
9366
467
5088
3580
1457
7295
5983
5221
4217
4928
435
1108
2934
4521
7862
6046
5924
607
9722
4328
4301
7037
2635
4996
305
6992
7462
5204
7563
4445
1303
3281
1264
6392
3214
2722
3687
9197
7943
4256
477
4731
5365
3412
9252
9579
5810
5176
6539
1885
9505
7192
5274
8492
2188
5580
5484
9650
784
3048
4095
8439
2681
5360
1183
5895
4434
4870
1444
8729
5479
1922
3460
7196
1686
2712
6775
7496
4241
9666
9381
98
6858
1008
8590
9047
6588
4074
8697
3724
3474
9145
2163
2508
857
3347
8403
5291
4569
9848
4020
48
8122
7481
7244
9808
6545
372
3656
786
38
9390
884
3249
398
9474
2296
6986
9901
7345
710
9727
2842
9225
8587
3699
2572
6991
8990
3494
3191
9363
9894
1313
3196
3491
1121
9741
3863
4777
528
253
4167
7764
3502
4565
7239
2150
7903
3492
9496
4965
9571
2338
4191
8159
2390
3115
1502
7732
6609
4693
7095
6504
6006
291
9995
3479
6385
210
8256
6913
463
8776
1029
318
3341
4620
8820
7597
8112
8316
2562
4036
7007
6753
2195
5749
9869
49
3481
6478
4742
577
9334
748
7220
9329
4227
3605
5891
8835
6870
2707
7611
7900
3025
7305
2520
1845
4902
6985
6514
7464
1021
9873
570
9568
5622
439
9617
9103
3269
711
6032
2604
7811
3253
8285
8390
3210
529
7225
81
3236
1189
4333
6261
8494
3205
4458
9748
190
7324
3564
7563
7197
4134
3483
9171
925
9452
4627
4195
163
659
3151
7974
264
7788
2716
3475
8317
9942
9908
1553
7483
593
4166
5977
3798
4977
2077
3989
2301
5641
7904
5851
9776
1388
1374
701
7192
6001
1248
3708
6661
751
8034
3277
8540
751
6752
3209
7045
3012
1115
4528
3605
5281
6857
7404
6610
8934
7745
8912
927
2001
1115
7055
9741
2489
7757
6934
8491
5357
642
1504
6109
8676
1133
1001
9427
4238
562
6472
7250
1677
7352
856
3311
4209
4612
9921
9495
2357
5185
423
4358
6300
7478
4100
5142
1587
7386
9985
3297
8028
7841
5758
3056
8974
6759
8836
3212
3673
5308
463
1703
9013
7671
5014
9574
2283
1287
9070
992
6473
5845
1702
9125
3323
2154
4267
1263
9540
604
4560
3920
8445
318
6977
3772
3429
5813
6984
3454
7473
3799
5157
6486
7822
171
6061
6457
1459
1483
3801
4284
7328
5504
3409
7003
7658
4029
4618
3551
4633
5530
7471
9431
5848
4448
3203
5629
6613
6539
9084
4087
6691
593
6925
865
7117
9338
7323
4928
821
1124
9212
4501
6628
8973
1505
639
3002
2475
4190
3988
8006
8013
9771
206
2462
2974
5836
9075
5865
1272
9514
2556
8217
6440
3422
5334
5778
7097
262
2952
8221
9474
7453
1202
8448
5310
8193
7802
7786
8735
8142
5792
6748
7913
2350
5562
7239
4538
4638
3105
2162
504
2013
380
6944
1787
5714
9075
8884
5977
2027
3458
1803
9480
1012
6603
1143
5557
758
8929
4292
8900
1073
1040
3166
3423
6603
405
7962
7593
9862
124
8097
1876
6856
1394
15
2571
469
5252
4900
8848
5062
3055
8328
6074
6011
9471
1631
6769
4752
5923
2021
2177
3315
5187
5601
6270
1945
9915
215
1807
6391
8313
35
3248
6059
6403
5819
2880
1655
7071
1728
6717
6478
6408
9143
2489
2232
774
9258
6984
3049
7632
5514
2716
9171
1115
8987
1116
7382
9202
9276
3773
3867
5663
7021
9926
2066
9192
9158
73
2615
886
6790
9094
7295
5933
1583
5879
3059
7194
9215
2460
1178
4729
5177
349
2196
516
7818
9578
6070
7094
3352
9938
9109
6725
6216
1176
2270
5375
1249
1237
2613
4392
331
6260
6677
8267
2139
9737
1813
1355
2197
2991
6084
3726
9692
8281
594
7510
4211
6665
956
3915
6603
66
6993
9171
7594
9263
898
5195
6852
9864
9587
7184
6124
6265
1803
4616
2354
9968
5971
903
9311
8407
982
9003
3040
1576
2866
7252
8241
3822
1167
1196
240
4512
6720
7834
3775
7618
9382
628
7482
8969
4164
9959
1586
2319
4575
3940
2287
6898
1196
1598
5305
2178
6953
4698
3754
9819
1950
1996
3642
9469
9544
234
334
6264
4421
4109
3883
3803
1089
7717
2772
1605
4028
711
3924
8603
4651
2563
5501
2199
513
7159
4377
7467
1857
8132
7286
159
6480
7280
5980
6024
7515
6314
2289
8288
6776
2524
2091
4217
6593
1215
5823
622
1926
6099
5577
2930
5015
1079
5129
5528
4590
9507
9347
6447
3991
6634
2958
471
266
5290
6495
4133
1605
5136
2421
4733
4012
4512
8950
606
5728
1125
7580
4006
7225
3157
6936
8592
588
2066
4120
5178
7925
3468
7977
1916
6454
935
8739
3072
6226
1586
7206
4183
6723
9627
8916
735
492
7866
7693
6220
8992
5273
226
2569
8431
3515
1161
5371
1933
1633
550
9858
1453
8527
8126
4259
5815
6865
7332
8393
8451
4538
2576
1526
517
1492
8614
1009
5710
6307
7229
1054
7933
3808
9975
6364
7323
7488
8087
9256
9122
8637
5466
6927
3517
3592
1187
9332
6809
8519
7725
1612
9409
301
3139
9926
8145
1753
936
207
4412
4517
1262
2345
8325
1237
5061
2000
8726
3149
7608
4200
1786
9426
1127
5303
9370
8666
987
6179
3537
8712
4144
2946
5365
7283
2873
9862
5388
161
70
9800
4678
7684
2146
9356
5273
7207
7708
351
356
5317
4551
8495
1095
2031
150
466
7049
1138
6645
587
6202
7141
9885
7920
4424
9110
4134
9812
9271
4204
5965
3950
8240
8111
9658
3514
1670
7366
217
8379
9035
1121
6874
131
3152
7024
597
6553
4514
3594
7140
717
736
7026
8637
1512
6136
2771
7677
1760
3328
3642
2062
7920
8105
1720
7786
9775
5438
8004
8154
4474
9125
1380
957
8629
8405
7906
5182
2919
1500
8675
9988
8588
2053
4977
101
4541
4101
4130
6301
3781
4124
8363
1701
2229
6435
9488
8356
1874
3844
2863
2700
9321
4243
3657
4302
2648
1563
5836
1920
9415
4511
1908
4356
2916
6886
809
7458
987
4939
111
4768
9063
4827
2821
7644
1262
8661
6000
9488
2505
8863
2188
1826
3107
2197
6128
2107
112
1965
4027
5880
2828
2288
236
5745
5526
1045
9555
2865
2336
9666
3985
1399
845
6806
9043
2108
5468
1395
1596
4325
259
137
2504
9718
8686
4984
8177
8799
3301
2205
4679
6130
845
1267
8227
6371
2312
4134
5588
1000
152
9573
8751
998
2731
7794
9458
4551
5541
1054
8877
2152
7543
1381
1870
6230
2717
48
1381
6019
8605
2412
8501
5802
3679
3080
8525
2343
7214
4113
9695
3718
38
8446
4716
2769
2592
4174
7321
8133
1581
6198
286
5476
3931
8508
8058
6648
4908
9439
9019
3513
8203
7520
5667
8234
600
4192
6929
4166
8305
6624
7885
4695
5070
8953
7465
7662
9480
4786
2148
7413
7336
2434
2889
1267
7294
7300
4267
2203
6739
9639
5716
1295
7159
7736
9529
4112
1928
6459
4630
6586
9435
8867
1281
4506
7821
8746
8520
3653
9884
668
1066
7220
9454
307
4839
6749
7607
5459
8952
699
5098
1020
8346
2257
8756
7875
2721
7037
686
7352
3623
6474
6219
1256
980
392
6355
5852
4045
6239
6521
1463
9812
5975
8123
4651
2724
2082
6462
1676
9133
1560
9049
7479
170
7805
5355
2891
4842
2393
6595
4817
8867
2815
6074
6199
3207
2429
2052
3605
5020
8573
1420
1184
900
5895
5836
3625
7978
2298
1653
7111
211
702
943
381
4860
2650
9624
9702
5043
6220
4520
263
9035
6946
2814
8594
5727
4866
8551
7099
9791
9972
8284
692
2219
4120
669
197
2770
8674
3661
9333
9377
4604
9714
589
3606
9339
291
8649
5559
1163
5264
946
8109
8079
9540
188
9297
4444
7288
9089
4416
5572
6133
2987
6044
3154
9537
5166
1828
3198
4500
7557
4154
566
8146
4112
9905
4790
9113
1816
5953
4378
2762
415
8809
8655
6955
8106
3099
4243
7195
3867
6167
9680
6854
2211
2834
6391
3730
4663
5941
4582
2220
6447
5148
6719
559
1406
1509
9673
3222
7462
403
2337
4229
9212
7344
1185
7318
443
1780
866
662
7948
546
7516
6511
3381
260
241
4396
2553
4823
2968
9001
6324
9687
5912
7730
1196
1937
952
5011
2340
9641
9240
1552
6985
6777
5223
3780
8558
6089
4442
2858
2987
8311
9369
2720
4923
5963
7116
7476
7138
85
2829
3462
9772
8742
1192
7321
679
8497
2332
9372
4490
7924
924
1476
1054
6147
1608
9612
8588
6051
2470
1576
714
8191
4296
5637
4154
7765
9465
1293
7850
2295
4755
3974
7389
2300
7647
4420
797
6331
3792
5287
4256
4717
3115
1662
7216
4724
7626
2157
7127
6448
85
4193
4639
733
9830
8794
8498
9295
6439
2700
7942
7546
3027
5331
9846
674
9752
6995
7006
3544
8635
7614
4613
8102
9276
8182
2826
6902
339
6305
3350
424
498
7989
1157
6680
3135
6008
2328
5926
8708
270
3473
8087
1954
9671
8762
8058
6667
5768
7954
1654
3382
2568
9756
9010
750
8935
5912
7441
5240
5614
4217
2091
3603
1726
5123
3091
7734
7451
9017
2795
4074
8842
882
2380
8514
5996
438
5181
1764
8392
6835
1498
7312
2943
508
4414
1878
2772
1855
3471
8386
2424
1914
8342
4151
7037
7785
8237
841
6802
1032
4915
5645
8267
3647
511
4263
4085
2044
2380
2477
5231
3878
6142
8174
739
556
53
9863
2412
9876
8250
4836
1790
2944
5339
8827
729
3577
9668
7531
961
935
9528
5580
4582
6391
6196
5019
8435
8576
3849
3666
8806
9991
1841
5897
547
8246
5761
9311
8122
4011
500
9912
6955
5839
5091
7684
5768
1112
1567
3082
8399
7448
8662
2982
3839
4858
4353
8627
9786
8202
2293
8593
4545
486
4490
5093
8732
6603
756
3206
614
1256
9470
3921
3448
4562
7957
9216
5674
5877
8650
4073
9677
7313
3407
9868
8523
4113
8495
8310
8667
789
3255
3213
1275
4097
4658
6360
701
5414
9566
1315
3023
9037
1589
6471
9951
5898
2039
1977
1775
7042
6050
7804
4355
5810
7673
9230
9923
6168
7540
8590
3309
7147
8155
937
1245
2813
7297
1946
4580
3215
9613
7603
8604
1202
426
8555
3453
8817
532
5228
5859
2935
3033
6566
5097
7058
5797
1372
3226
9689
6314
2888
6837
4470
3825
4434
3635
7474
6380
8215
689
5993
2170
5646
3548
8948
4201
7001
7766
1086
8581
9977
4021
1614
2896
5470
5024
5045
6842
8251
1086
3156
1139
4275
3978
1316
8709
7614
8790
5089
5829
5831
7435
8000
1477
983
6948
5679
7984
1066
3117
6565
7396
7138
4532
292
8960
5908
1689
5802
4159
2775
8958
1650
7051
9289
9318
5760
6903
8108
850
2732
292
4637
7084
1769
5620
385
3800
9956
7803
6917
2873
5199
407
3757
1843
9367
9666
3532
5169
177
6308
480
8180
9711
6121
7498
5471
3024
1959
2673
5756
2251
7310
9193
372
9282
5930
4173
9238
3733
7442
2112
8933
7850
5869
776
3569
1887
661
5091
2065
3321
1923
6597
3032
8044
4095
8503
1068
2406
7529
3176
4657
1191
8721
5030
474
4651
5555
9712
8385
2997
8176
7318
7199
398
4446
769
2285
5107
5860
702
4780
4135
7299
7812
2179
7747
2668
3247
153
197
2775
1163
1388
1497
6193
1862
6148
8100
7927
4533
7449
6103
8203
4649
6501
2650
1770
5139
4109
7630
5841
8890
8117
9493
3054
296
7240
5722
9895
7393
2271
2670
8556
12
519
1101
1874
6668
5553
6153
7553
3003
8609
5757
7652
5110
4759
9422
6601
5220
3404
2443
4110
1521
8288
3517
8169
5528
9239
8064
9273
1511
7086
4182
1523
7606
5283
9749
4274
837
2255
8179
3840
864
3936
7844
2326
8695
7266
8928
3916
7022
7723
4378
8543
6011
4247
6712
7891
3487
1128
7164
1350
8214
1346
9225
5820
2982
5326
6446
171
7581
4626
4011
8445
4914
8207
772
9962
1825
9700
230
8847
3775
960
3742
9786
5208
6806
7677
8695
7934
4841
6397
6148
2540
5622
8321
5522
948
1119
5693
8530
2097
6056
3327
7012
4263
451
3326
6088
6503
3556
1287
278
4516
5029
64
6076
1835
4093
1123
9769
8935
7520
2269
7827
9494
590
3349
443
8062
5394
5325
159
1450
5004
3523
2065
5456
6849
4505
1959
405
5792
2238
1274
821
8654
3702
2656
2748
4826
8777
8035
2346
1046
5862
1841
7989
5563
8636
6051
957
313
2562
2407
5317
6086
824
7125
2935
5329
5437
9693
1121
7675
7319
8294
6329
1021
950
5429
5847
6079
3464
4546
3477
9326
2739
7818
4889
7727
221
5846
8040
2784
4605
9709
5222
5429
3187
4509
7110
8624
554
8231
6299
7873
6525
8980
5247
3827
4410
7446
6258
7874
1992
9736
3553
1083
3906
8442
8810
4128
641
3202
6912
1598
2912
8486
7028
6099
2995
490
4723
3550
8722
7374
1423
1599
2706
3022
1779
7116
469
8037
1343
8813
4125
4896
9897
8032
9690
5059
8512
331
8262
5424
1930
1174
262
5310
3625
3257
5800
4700
6807
874
8426
4583
8826
1132
7605
605
4601
4426
4994
2296
3240
5472
3544
9489
3504
3234
4548
2016
9918
9162
3792
1848
6688
4054
3510
313
3663
5662
1365
471
2889
6143
5054
1715
7276
9011
8672
8229
9790
3666
525
9382
9138
4069
8871
8994
3655
9771
7362
3573
8934
7506
1773
5622
7912
1635
2288
1576
7298
5
2047
187
6149
3453
8254
3425
8816
6926
8006
8606
6944
4883
7988
2435
5304
3211
1429
8959
2983
5144
8885
8269
2650
658
243
6915
2294
2531
8491
5944
2537
6890
2483
8686
343
737
8463
5511
7663
2821
4118
4607
7704
2106
7042
3008
5318
4824
8319
4653
6320
7204
2922
8970
7863
3165
5885
6509
2049
728
2453
938
7618
4936
9624
4313
2025
4439
9825
9688
7260
3943
647
4964
2401
4042
4324
4071
5218
2643
8724
1538
9848
7998
6860
4063
7516
9098
6924
5917
6178
5729
6855
3797
7017
2831
8110
9042
7270
4287
5082
4530
8230
2081
5846
6984
2475
6522
1055
7693
9165
6132
5583
5365
4130
8796
9428
7998
4246
2704
3915
424
8433
770
4221
5450
3601
8684
4492
7223
9323
5926
8105
3906
8008
3951
890
483
473
8297
4529
5991
4429
6464
1356
4912
5260
7137
2910
5858
9841
6826
6283
8275
3948
6856
77
3902
1892
922
1125
1216
6848
9231
5122
4856
9534
6012
1692
6360
4309
6221
2351
5091
9037
59
3
4298
3548
9265
6508
3390
2443
2791
8017
6392
6000
4446
294
7892
5368
7771
9108
2217
3354
4230
7073
2889
6594
5117
5601
7256
1338
4304
2347
6728
4363
8702
7378
4264
7967
3886
7654
411
6678
2023
3155
2678
6469
3449
6922
8190
7572
6031
407
927
6613
3832
168
9560
8950
5769
3168
6640
73
1867
3368
788
569
746
5052
4888
4633
9058
5299
7663
1081
8454
6693
3903
8255
9967
8445
5828
2350
8852
3107
8964
2684
3275
4876
7986
9044
8044
979
5469
9911
4347
6257
6832
1446
1310
1720
2431
368
3372
6446
7802
1826
9491
8057
6434
9458
6502
8614
1809
5354
1721
7125
4390
1348
2001
8729
6744
6397
9708
2213
2660
407
8470
5844
1853
9780
7564
4284
6501
936
7082
4303
9115
6573
2360
5549
6032
5214
515
7841
6920
2236
1318
1310
9936
3319
6391
6680
6068
6099
8893
5080
6507
7363
924
4712
3496
8488
5349
9997
5777
2431
4300
1244
9005
3012
3145
5037
8226
3660
9230
5146
2248
548
2808
2184
219
5552
8864
6287
1651
4109
7719
4510
7824
8643
9223
1320
3483
4572
7669
5612
3355
1969
6856
2360
1333
1
3749
5911
3661
2979
1057
5909
9879
218
4445
98
5770
9661
2737
3773
3770
456
4636
7947
5451
3859
9267
8935
4783
6937
4547
8138
5258
1404
6851
2944
7757
600
8855
7771
9932
6265
3680
9811
2835
4478
6262
4957
4139
5351
8730
4262
2160
3366
2209
7611
3577
7828
2898
4712
1117
3798
9203
2728
1554
6054
5672
9311
3006
879
7082
2938
7144
7115
2750
6331
1593
5364
1288
2084
715
6371
2698
9227
9737
1259
6839
9667
9088
6089
731
205
9887
9934
9285
1441
5988
4957
753
8995
5837
4187
8285
9333
1302
7387
2017
9247
2751
3305
7684
9819
9676
382
9046
5766
1642
2237
1785
7082
4679
2516
7287
4566
2451
6573
2360
4791
7882
9465
138
71
3652
8424
5757
1307
5811
7774
554
4915
7431
4590
4734
7108
4973
132
9226
2967
8722
1011
49
3401
3527
3688
4319
5978
6613
6679
7122
4496
6144
7260
919
9797
2036
6676
1104
7848
802
8010
2763
8234
2601
3849
1694
3926
333
920
6893
9055
1931
6942
2456
1810
630
3128
4141
3596
9807
1263
8092
5952
4875
5363
2101
6912
8392
3205
4760
9194
7567
3875
3780
168
4076
1826
4094
4409
2746
987
3465
1029
4281
2273
2840
1264
5401
3333
4860
5209
4596
9304
7513
9471
1019
9614
2735
9411
9171
3847
4958
6738
7722
5090
6907
1798
6917
7353
2560
9663
4693
2377
7045
5326
4650
6237
6590
6404
9570
7802
7965
518
7106
5478
6341
8126
1444
9077
3889
615
2924
8847
7353
647
3938
612
8797
855
4318
7709
6870
5363
86
3915
689
4737
152
3632
7493
6074
1434
5458
6592
4893
7288
2934
9371
8732
2011
3260
9347
4935
8460
3052
1934
8750
3665
7084
5957
4335
4793
2827
9698
4880
3095
387
5969
9599
4019
3462
5674
1806
5272
2266
6699
2560
5200
6070
7644
7211
5682
6991
8499
4142
6395
433
9244
60
3869
5201
747
8663
4381
445
9895
7476
833
2216
7075
1204
2030
2749
3010
7302
5016
6061
6214
6568
2131
3858
3780
4166
7201
2279
4660
3596
9064
3905
9
2934
9106
756
1597
3487
1202
7844
7315
8387
60
4391
5943
2090
3492
8954
5744
4860
5015
1958
1429
3499
2168
5209
4017
9369
3840
8677
2965
2904
2582
9326
5838
8041
83
3787
7880
7637
7983
5196
2376
8043
5939
8319
6485
5783
3625
2229
644
4993
4187
2073
8492
6355
7282
2509
2076
7474
7538
5042
378
6473
720
2569
4514
803
2708
8746
8440
7044
294
7168
1439
2585
5488
7925
8369
9113
154
9013
4106
694
1086
8950
3401
4720
7811
5478
2194
5350
6872
8924
1823
7592
7845
2689
4748
6906
7787
9540
302
8082
6709
1741
667
2197
9666
9036
1310
6173
4401
5417
6867
5487
719
268
6559
8531
2098
8753
3881
8970
4030
2056
2915
8227
1097
7663
1485
8884
7203
1787
6966
3912
3529
3986
6109
9547
9374
3772
5720
3776
5541
2587
9263
6260
9208
2175
4791
7658
7280
5024
2981
1310
3432
5896
5890
4529
3559
3727
3414
762
5515
6732
1027
5396
7070
7136
4943
6445
7260
664
221
2801
9603
5836
9062
5163
8011
205
2822
5292
5230
5803
2954
5014
1699
5196
9544
1610
8924
9310
8724
4439
6042
9751
9835
3113
3240
1130
5910
500
1794
2483
3302
7750
8319
8716
2913
2683
8921
5735
4327
503
7890
3633
5518
9589
8830
5062
7551
7754
724
6276
8545
6766
6027
4732
6231
5619
5862
8493
6120
4009
976
5774
1759
5648
4490
4672
8331
9763
6760
9010
267
4650
2643
2137
592
1473
3551
8143
5579
4275
4419
476
1041
6799
5208
3625
8770
7423
2118
1242
1432
9447
7016
9543
5095
7858
4215
9778
7622
975
8788
4241
1978
1431
6378
2570
9257
9929
713
1188
4204
1485
1665
1597
4636
6873
1574
9758
648
45
1001
2080
9492
8017
7975
4587
2228
2191
717
9850
9518
9505
4091
7848
7288
6821
418
2897
6750
7484
4086
7306
5321
5751
5255
6309
8976
6830
6067
9625
6875
7068
8057
6367
1438
6033
7306
3666
4576
8023
9868
4094
3880
311
1943
7520
7132
8713
418
234
2549
856
3892
7870
6607
9147
531
1935
5977
6599
1560
2852
19
5970
5571
7809
2003
9229
1475
6579
7252
7695
7025
7484
8006
5320
1357
5138
386
8127
1724
2935
8983
5616
7158
1942
1116
7689
3877
7093
4288
1790
6298
660
4112
1869
8469
6115
1099
6297
9046
4703
3992
2423
8540
1999
4096
9897
3489
4482
8024
1566
7417
3359
3534
4575
5301
4650
8617
5530
1744
9257
3672
4394
9917
7784
6263
4739
251
3714
1036
9297
8418
1380
8073
3310
9731
2169
3207
3221
6651
7583
1139
420
7294
4673
1348
2595
9324
9965
4477
7420
9222
4502
1814
5492
2286
4429
231
2538
8144
7619
8187
2914
8999
6260
6224
8731
8429
5783
8304
1432
9718
9443
1853
7012
4116
3201
5959
9792
9518
6788
7212
8740
1290
9026
4232
3577
3456
815
2467
7952
8434
7006
866
7434
9619
3442
2517
4400
5577
821
5833
1647
264
4038
8659
732
3591
970
525
3109
7758
7737
8201
9049
3116
2434
8978
2924
9601
7797
876
8036
1155
8094
1822
774
7888
4339
5175
9817
5160
7360
1464
1776
1398
6475
2508
1341
7445
3033
4450
5203
7123
2651
604
239
1437
5934
9515
1039
3731
6743
9075
4887
4837
897
2013
9077
1588
7188
8894
6748
900
358
4876
8650
6833
7384
9991
4278
6770
4441
5833
3893
7093
2790
484
4882
8724
6351
5921
8808
3094
4996
3695
7931
2245
5708
3360
3833
9249
2254
6933
149
8964
1809
5152
5797
9194
5143
6427
2316
5937
8612
2561
9382
1402
9397
4264
6479
5748
186
5287
8842
1534
8982
3125
132
1042
6485
3965
291
8739
7251
6793
4055
9060
8297
9852
4606
3440
2631
6922
9377
1243
5835
8759
8998
5232
9376
5477
980
9562
764
9822
7448
9746
2947
7580
7140
9432
7898
3784
4523
5149
6929
8578
4209
5226
4782
5168
5018
7413
8442
4396
5009
4278
9507
4007
9510
5235
9484
491
1149
248
313
8598
6346
9613
2530
3486
5397
428
3622
6273
1929
551
1203
6139
5777
5986
7659
7148
9751
6101
7896
4760
379
7403
8767
6242
8991
4603
6733
140
4851
3398
5090
7549
3011
7621
7388
4761
4401
1010
1034
6331
1562
2237
8822
3691
4575
6481
839
679
2582
8735
5439
9314
2491
559
5556
7834
5162
8641
7974
6366
2039
3065
3915
1403
686
1303
6164
5087
2314
3550
7770
228
2139
6592
271
6715
3073
7463
7394
2008
2550
9185
1322
1393
9744
3230
9227
1259
1871
7202
7625
3910
267
1540
1665
7305
9196
7829
8744
1510
7731
6515
8090
9871
3107
8361
2938
2533
2176
332
893
4727
5869
2215
6120
1966
1797
5348
3225
3668
2550
7202
3930
9169
5094
1948
2826
4290
9777
1570
2152
3861
4437
242
3732
3897
4956
6670
2782
7132
3354
3675
1859
9223
2242
4332
7541
4039
9680
766
4059
8582
4320
4341
7751
9415
6289
6929
57
2419
4851
2210
6280
9289
8804
12
9538
112
6682
2320
3597
6388
5995
1808
5611
4589
6140
3153
8628
2172
271
9039
754
944
3380
8505
359
9670
5434
416
8441
286
8978
4721
5927
4135
4733
1817
599
7767
4137
4196
4155
6484
6005
6118
1073
8497
5623
6053
670
2247
5092
1424
3191
8472
6282
9902
4494
8068
6670
2935
4706
5649
7656
6985
6136
8741
8802
6735
2860
2939
7284
3367
5775
9641
5838
6848
8138
1461
2901
5160
60
7993
6585
3251
2818
9219
9505
7312
7287
6176
6600
8346
1825
608
5331
4313
9350
4134
1048
8562
7073
8332
1930
9201
7973
7768
6049
2464
5581
5303
7624
5642
9648
561
5245
2466
9780
4751
6131
3420
927
9083
1766
9104
9691
7097
3417
9041
1231
817
7604
4657
5502
5886
3858
9827
3654
6259
2291
5587
1562
9916
1229
1211
477
2827
29
6610
3930
6160
30
4857
5243
1796
313
1287
5245
82
6680
6477
899
636
7486
2753
6522
7696
2581
6528
3955
4872
2116
1870
1140
9697
9433
7970
2524
9462
4580
2806
1975
962
7663
3570
9110
4328
4857
4355
4410
1538
7184
1662
2174
4670
4415
5049
8718
6996
1577
2674
1869
45
896
9361
9743
329
7331
8619
9791
8263
1426
8118
9225
5441
8041
8335
6122
2898
9043
532
788
6227
2194
9315
7250
2962
716
5968
9958
2293
4994
8179
8691
5890
7541
8434
2571
1224
3405
8715
9488
4831
6833
8713
6625
4874
3401
2747
4125
2444
9631
4913
5023
8178
580
8625
1140
1296
4594
7450
9942
5940
5630
8633
8183
9523
7067
754
747
6824
9469
6587
8008
6303
1653
4633
7529
5054
3732
1654
3850
3363
2920
5225
1541
3500
3851
9033
1149
4797
6484
1091
737
8466
9724
8920
4341
3143
9675
1440
9967
9144
8028
7975
1799
6033
8960
9329
7439
2692
7335
7641
2408
255
2866
301
108
6717
5687
7609
7866
8523
8700
8604
6989
4776
7524
7682
7919
3551
5474
4238
9048
9854
8566
847
5887
3878
6528
3326
6571
216
967
5331
471
186
5632
6931
3255
7671
4540
1122
6194
9592
6078
9535
4368
9954
7217
8639
3506
9044
9230
2554
8898
4148
9753
4786
8026
2634
4464
949
2850
1784
6280
9673
1970
8265
2957
1577
5936
7497
9051
2131
3442
5129
1666
4162
5084
5236
2802
4942
4280
8384
3848
3178
2532
3601
4316
558
2587
5133
1508
5437
6917
4140
5111
5239
2405
4420
3168
4694
1917
2220
6825
1711
7349
4843
5874
8785
6431
5028
3727
7063
3412
7575
6594
2296
7529
7262
9206
116
2395
714
5554
5664
4855
7017
903
3612
1437
4072
8306
9706
2644
1483
7770
9993
2679
3644
5131
5462
8672
8858
2526
8436
6434
5472
7084
3963
2734
6290
431
5130
3357
2337
794
4564
9354
8050
4528
7143
8474
2835
3202
1118
670
972
7463
9701
968
2594
5164
5992
1453
4042
4428
4239
9514
7864
4554
2248
506
4985
3730
3863
7323
4525
4779
3029
2575
9308
173
1049
2143
9727
8519
9165
699
5982
8867
1667
8577
383
7659
6382
4425
8439
621
3939
2655
5175
2539
3161
160
6270
7025
7483
7147
8156
513
6074
7464
7038
3475
5959
6765
1994
5125
3816
7976
344
1835
2905
727
9494
9287
5152
4285
9908
5443
6940
5083
4334
6453
1596
604
9830
9079
7751
7987
5944
177
5451
2982
3652
1411
6099
5646
6536
6267
9975
3232
8102
2880
3959
3948
2168
5463
8233
2076
7258
1525
3512
1592
7979
5108
8549
7809
539
2652
2148
6484
2830
7600
5818
6482
9011
8270
2129
1899
4537
8456
5131
8992
1336
5442
2940
3504
7257
7526
1933
4515
5403
5445
2459
9734
6905
1008
7544
7444
13
6044
280
2843
3644
2451
5677
9007
721
4158
906
1610
2614
2389
602
3951
4183
9895
3807
1440
7421
5740
2307
2824
7537
4767
2559
794
2127
6455
4591
2140
2499
4871
1335
2496
7322
7013
1503
4395
7523
8762
6006
138
1151
2960
441
1687
2855
4248
3127
276
6341
5435
9453
230
6554
8364
7377
8681
4819
1968
7174
3670
6839
8509
6166
514
1874
7670
4909
9398
6432
7267
5888
3935
6580
2681
5622
9435
3281
5102
6064
5974
6889
1869
6205
3443
233
3582
2124
5052
5550
9298
8722
8741
4160
1241
9255
6034
8911
517
1784
1695
4136
7672
5630
716
353
7605
6504
9987
9059
8920
5961
5948
789
2166
9391
1022
2100
7867
6074
4002
7166
1148
2744
1326
8741
8351
3712
7652
5220
5497
5699
5709
9521
7682
6425
6227
5287
9281
6214
698
8201
2175
6646
8990
694
2389
6364
2794
256
8790
3149
3774
9939
5893
5100
5032
596
5165
2685
2169
7014
4736
7878
6535
2418
655
2762
4057
9937
5328
4755
4490
7504
1401
3481
8198
3790
9845
7344
4047
8636
493
7821
4927
2738
9274
9959
3335
791
8996
1856
7805
3733
9734
4340
6151
389
3455
6561
6678
8783
1316
1169
2639
9070
1002
7189
2860
7199
4534
3259
2187
1379
7433
3466
4118
3059
9778
3805
202
8774
5661
8007
8859
5395
8699
1363
2136
8506
7924
8815
7290
5592
9984
6281
4662
986
3471
3875
8185
8005
7134
6725
9384
919
191
9854
330
9969
3659
532
5096
9320
4891
3955
1067
9943
1670
3204
8449
5946
2019
2091
1539
8355
8373
6201
9341
1844
76
3878
6201
3563
6955
1937
834
7147
1792
7517
7116
5451
4401
8564
1124
9293
8872
8543
9236
542
1747
4037
6489
118
6129
4380
8473
4502
581
4166
2698
7010
4397
8899
6925
1352
836
7759
4851
2628
5276
8320
4432
9678
6884
5556
5323
5756
451
911
2651
2199
4948
5492
8669
1077
9872
3495
1931
6805
4013
4629
3815
8410
3528
740
6115
4365
4852
966
3345
6480
5638
7777
6158
2523
9685
7833
4631
6489
8744
7282
8688
45
9126
3709
7474
5350
7204
9406
2156
1218
4035
2323
5980
3916
9416
8447
4633
4268
5766
7978
748
1404
2108
3259
279
8145
7444
4911
4634
2541
8545
9674
2586
7672
3384
60
9374
6940
9466
1530
4510
9854
206
491
3770
9622
5290
8403
242
1056
2733
7342
2461
4841
6953
2740
9339
4398
4003
3973
6939
2549
0
9525
6573
9736
9585
5947
3028
5404
3830
7539
5258
4036
4382
9028
3658
9672
3783
252
729
6516
7594
9542
7710
4548
8634
7049
5298
2638
7374
2237
5187
7374
8114
8112
3462
4051
4059
6491
9455
7889
4030
1065
1925
4764
6445
1935
4436
228
8539
1517
3097
6134
7411
807
7034
6046
4208
2332
8684
1582
921
3871
5309
9035
1983
8771
9438
2394
1614
8894
6636
5644
6311
4913
408
2757
6849
1197
9337
5388
9066
8786
7874
6478
5945
1260
2524
153
9944
1208
8088
865
1431
9749
6252
9766
4872
5691
8512
6487
937
5148
2131
3600
62
8892
6357
3263
6441
2047
8651
1859
7185
2878
8337
3131
490
7213
9636
435
4773
7724
7652
6204
7473
257
2322
2346
5948
835
8833
3237
5983
7316
6837
6045
2560
9547
9308
5353
7946
4312
7213
5131
3542
1902
4614
4032
9116
4251
819
3889
1975
8472
6446
5801
8729
8768
4499
1029
9603
9684
4266
1939
7000
7455
7984
5913
7002
3645
1266
1300
7957
4831
6432
7851
6734
1046
1883
2202
5297
2703
2443
3625
7527
8889
5778
6256
7658
277
3637
3613
9961
4255
5552
3313
1710
9889
9226
5065
3534
6845
6365
7843
8028
9149
5694
1114
196
7577
3316
1845
6632
5760
1822
4159
4649
7600
6767
8659
7877
404
8625
4190
4659
4177
7504
2722
418
6730
7787
3952
9927
4152
1795
7956
9654
7489
9070
6202
1419
8739
8047
4403
851
6222
8563
1852
174
1682
512
4404
2087
5489
8594
3098
6018
6098
5820
6437
9181
9959
389
5460
464
8537
3416
118
6026
8839
6320
3797
3930
719
8201
4781
6941
3116
6633
3468
4798
3497
7872
3237
8986
6466
6336
1357
8917
8508
7794
8098
4820
8183
3558
5284
6720
3327
1754
9099
8518
8074
9248
8800
5145
3801
3581
2087
6917
6566
1907
1716
6416
9779
4953
1754
2597
7641
3111
1514
2502
905
5964
7322
5441
5875
8958
2161
5554
712
7612
4072
8786
3213
2872
3931
7014
2805
2370
3932
9371
629
2000
5787
408
3305
7542
3006
947
653
4520
9801
7911
6837
7123
3352
2712
2433
1865
8266
3145
5830
2338
8283
9043
1562
8566
6057
719
7289
6341
6442
7918
4693
2230
8327
7999
6124
1333
5298
3129
2205
5099
1040
9042
8574
4392
1754
1007
2610
6372
4152
8440
5062
8787
7483
6624
7353
9892
3695
4642
2586
138
2561
7279
2368
888
1630
4844
8573
6928
4325
7130
8379
5366
2525
6953
6110
631
4312
8720
7004
4816
7160
2066
3603
995
5043
957
888
8738
1951
9826
8876
4512
7105
7596
1752
8736
8792
6677
2016
3118
160
396
8484
2685
3701
946
3316
8014
6019
6672
9182
3179
8739
2786
527
134
95
1415
8872
8398
1241
4101
2911
4698
1697
1015
9786
6842
4045
1803
9960
4205
2199
4796
6890
2252
5742
6558
6618
1761
3231
5801
1293
8322
4939
1820
8456
5034
9587
3680
3432
7180
7781
2695
8230
5831
63
8017
2673
4108
9820
2633
8313
8371
7429
1555
623
9523
8113
7242
7637
7696
9395
5282
6018
4334
3454
826
5720
9393
4507
5504
6573
2288
8200
1155
8119
4615
9172
7144
8723
5344
9777
7036
3715
3558
8591
691
9434
3056
4285
3423
753
3680
8705
6771
4366
8511
7598
86
7904
8457
5590
829
745
142
1984
5217
4757
1157
2361
3480
2853
8491
516
6569
8401
5459
3612
7835
8516
4249
7610
9269
7929
2667
2392
2295
1178
6342
8733
9082
4799
4323
9911
1897
818
8248
7114
5575
9405
5827
5408
8610
4318
2276
5179
9072
7736
5143
3259
6252
9392
870
1873
3673
3537
617
2320
4716
6960
1053
150
8111
1729
6414
8
2547
4662
3474
8122
419
9302
3530
9029
9972
5807
561
5396
9895
5704
8656
2499
1449
9526
4372
5122
3063
1341
7443
4131
4653
4848
4282
2765
6577
696
9125
9124
5358
2600
3599
2129
8254
7129
1158
4578
9288
1719
9975
9183
3776
4983
1682
5225
4509
2406
6699
3924
100
494
8056
4753
5343
8690
7518
1920
5738
2996
7397
7448
5596
996
9577
202
4477
7087
1132
3766
8807
7459
9301
8935
2442
7336
512
3303
6094
7211
7228
6194
7706
1636
948
9401
326
4818
1321
2416
7814
5070
9864
9762
6066
9441
6316
544
6528
7449
662
1687
1260
9963
622
3703
3651
7486
7006
9746
4698
586
2292
8756
8574
9592
8157
5252
4411
5830
7668
8577
901
7532
8340
3319
6973
4656
3863
9854
8457
877
1541
9718
7193
8516
9773
844
6002
6779
6942
7052
3718
9235
2160
2292
8827
317
7545
9590
2500
1565
8168
9753
9098
6508
3072
2423
7516
3288
2277
2326
4165
3819
2044
1358
8687
1817
8555
4689
4948
5497
8094
5018
1084
254
3663
6264
572
1208
5854
9424
9125
4022
9177
8223
6882
8601
647
751
1889
2924
3077
6055
3095
1473
3765
1782
9642
2320
2824
4590
7818
918
5961
5254
1172
9624
1518
8096
7184
7373
7520
6309
7747
3049
4533
982
8003
1532
1733
9892
4456
1162
2299
7552
2635
6065
5686
2277
4737
8510
3219
8907
9428
5532
4162
6953
5156
5680
5049
8692
9405
8922
5002
3505
8323
5887
839
6326
7419
2572
6219
8227
86
4870
2131
2721
935
7818
1350
2025
2680
921
932
8461
6454
5094
5414
1610
7127
6815
303
2884
5737
1657
6389
4061
7544
7228
387
1315
6152
2958
9542
6238
7829
1674
5311
5116
5844
3013
7141
8524
3935
8074
6985
389
9520
8751
8351
6647
5567
8654
9532
1304
6663
2273
1717
4207
5854
8457
1874
8358
1415
1417
949
5596
3091
2612
7065
5287
5626
4206
3811
9561
8632
7149
9950
8153
5900
8301
1152
7819
3308
7036
5476
9971
9310
7193
531
1516
5650
2405
6226
3418
174
7175
5366
9617
9788
2431
4904
1766
6638
8716
1327
1622
2217
7629
9775
8117
5930
7280
2289
5590
4316
7765
1914
9978
4958
2445
1494
6961
1202
4073
6731
1377
1248
2097
994
7388
4529
2251
5506
7519
967
6833
9141
9536
4462
5269
4005
6745
2549
6294
2335
6865
4059
4249
6844
5370
3046
4690
2331
601
8763
9062
1978
6364
1159
9324
104
2040
1575
5611
9559
8894
8796
8701
8430
3259
322
2436
6356
2871
5082
8691
9736
9142
9293
2932
4512
8691
7623
3195
9292
2738
2257
7622
5454
9768
6947
5559
1809
4874
7522
7720
121
6318
2773
4903
5929
3095
3691
2285
5966
8774
7329
2055
7916
6622
4987
8780
1665
8962
1975
958
8053
584
8580
3507
6704
1879
9066
4865
3106
2940
2586
3227
9259
5359
8130
5188
8455
1822
7474
773
596
4803
2828
4864
7777
4168
9996
9442
3130
1971
6752
7535
8907
5333
1043
5611
3564
6461
477
6670
9402
3063
9897
5013
4774
4380
201
9581
6202
4027
355
3150
5182
9535
4366
9311
3703
4362
8754
3186
6333
5506
721
5240
7191
1764
851
756
4578
7680
3778
3980
7095
28
8993
1870
4408
5546
1451
6962
5926
8158
112
7460
7694
830
6772
1397
5192
1878
935
7877
3736
1657
3117
928
9773
320
8036
4351
4353
8166
4683
1448
8194
28
3318
2602
5575
1122
9564
7853
9280
6028
5313
6974
6858
8437
4724
8402
315
5659
6279
4052
3668
9396
1332
3442
6069
5720
4145
422
3886
8829
1870
2081
8857
1541
1035
784
2663
6952
4989
1943
9332
6655
5270
6191
5092
9994
945
1760
2005
7225
5812
5674
2973
3496
5468
9042
9216
9613
5816
9454
4794
4039
1535
3652
5580
8923
788
4595
5875
5778
6538
5207
2433
8160
7750
7525
8154
8696
9285
6512
5921
1449
8538
5246
1297
4006
641
6865
9971
6457
6320
4766
6848
4207
4770
2428
3130
5558
7023
9005
1336
9914
565
121
8074
8315
7647
2581
3363
3284
5445
5636
1086
3983
883
2383
4341
1524
9249
4312
7981
1921
9078
1182
6128
3848
9962
9259
5759
6986
4616
7095
3252
5181
3569
7678
3497
1216
6611
6860
852
2056
8849
8290
6039
9732
7026
6732
1256
2627
1045
5589
4548
6475
6771
676
6676
6734
9935
2435
72
904
5882
9676
6085
9451
7354
5934
7019
3966
9147
4224
2374
7996
2514
8414
7728
5892
1498
8984
8519
2543
4573
3067
5371
7697
96
8399
4431
6383
834
855
7287
3068
531
3373
8872
7885
9307
2243
8203
8454
6467
578
6450
5334
5344
4178
1226
6842
9514
6098
5738
4088
9165
1109
8137
9261
9508
2568
5645
6694
9775
2932
9762
306
2657
4986
8191
1965
7230
2747
419
49
3325
3222
5383
8669
7400
2962
5511
6915
9060
1249
7355
4577
8710
5492
191
8218
4412
5836
1264
4187
5120
7379
4493
7778
2365
9036
9743
9595
1783
6514
5997
1460
9736
7732
129
3489
7046
1993
404
6106
9594
4111
7036
4657
5955
7227
2875
367
9415
492
906
4535
7871
1751
8665
236
787
4760
6184
8923
1275
2181
383
7363
9913
6865
852
6960
5210
7608
9418
1156
1719
2806
5813
7674
6385
5041
4393
5800
5533
1651
6688
3404
3402
5353
9992
542
114
6176
9465
7741
4709
6200
1456
975
9417
2309
4287
979
9917
57
2136
7989
2864
7949
5663
9249
9342
6409
1402
4875
8060
8090
4631
1463
9795
4624
8357
6261
800
4174
4002
1862
6726
5459
2837
6144
4120
3476
7123
389
3533
9259
8378
2749
3561
394
1999
2903
6803
9753
4131
1215
7843
8762
9030
7638
3386
7387
252
539
1561
606
2401
8288
2417
1590
784
6537
5066
7907
6927
4951
3519
5305
7701
3432
5699
6052
2687
8854
5805
6818
70
3648
5581
9100
7638
5319
2840
7890
5858
4401
4849
4611
9041
7266
2553
9825
3804
7619
4085
731
8923
7604
2388
6624
7388
4440
2676
75
3294
4833
6894
9716
4833
8827
5169
8823
4146
4361
3066
5
8762
7915
968
4156
5181
3522
3981
8985
7493
8066
6068
6416
2022
4809
9392
9410
9249
2068
5838
8895
3253
9084
4964
8086
7911
6485
6910
2057
846
9976
8414
5960
7891
9383
116
3072
9257
4098
8410
6750
8516
4478
9519
539
9287
8911
6301
4888
7332
2139
3784
585
1223
5100
8672
5486
1585
1934
3896
2431
1910
2310
8391
6153
8045
8508
9225
7302
8958
7635
405
7474
8466
6276
4365
7753
5187
667
8994
8871
9158
9130
9457
6734
4230
4481
2220
5815
6415
6116
4598
4677
4779
9341
830
2824
4201
6407
6479
3159
4043
3236
6986
2509
9512
1351
6614
1051
2018
5608
9923
7529
4738
5732
4263
5320
6565
2835
1135
2980
5304
2085
4009
83
1427
4839
9259
5628
7598
2090
5140
1641
5326
2126
502
1190
3477
3469
8594
1848
9077
4869
5729
168
601
9992
5488
7166
2827
2976
6498
4483
1413
507
4566
2840
1698
178
4821
9296
2268
9961
7290
3947
8439
7792
1489
8268
7613
83
6468
6691
4952
2197
3211
5553
2189
5051
9071
1369
4379
5569
5852
5793
2428
6771
8633
478
6949
9806
6127
9217
6119
9769
9516
4558
3913
1006
9179
1527
1089
5647
4570
2394
7845
7781
4299
6386
9184
3371
4107
3564
5292
6312
9357
4073
9435
4342
903
6384
501
7030
1953
6620
3151
1470
7531
7065
8828
6710
8592
9917
2357
3162
8663
6554
7295
2963
9293
6479
2686
9752
6395
7978
6064
5752
8403
5499
6447
9307
8235
3300
2689
189
9920
5841
8011
7451
9258
6839
513
7850
3108
9223
7364
1772
5777
4659
1087
1422
7490
3773
1175
3886
8103
3591
5990
2859
9091
8789
2166
3678
2089
1207
219
2010
7048
8230
5813
2658
1421
6327
508
4530
5550
7872
2654
7679
8883
3741
9102
6374
3866
6629
260
8321
220
2602
1180
5663
1392
9698
9342
3481
906
5913
5491
4306
4144
7657
6965
1917
336
3825
2799
5886
1698
1805
9917
6933
1898
5371
9659
5764
2000
6271
4086
2221
8874
1618
4236
266
1317
3578
3747
2223
9492
5591
6529
9988
9600
9846
8257
9936
3672
1057
2174
5370
2862
8443
8655
4761
3815
8315
6877
2167
4586
7315
4388
9812
8934
4977
78
251
8555
178
2474
4399
2121
5355
739
8073
5202
8997
8009
8874
6406
6535
596
9268
4978
