91
3825
7588
9329
7503
4090
6281
1714
2732
9145
5457
2127
7325
1082
4925
1964
2106
8893
871
8957
7925
430
9694
7551
3527
171
4702
802
4646
1035
3525
4738
1212
1114
419
5068
5204
6700
6782
4288
2197
8591
2767
9522
9673
4045
1487
1780
9290
8710
7089
7216
9140
6783
1119
9020
3306
5821
9822
7953
3208
3348
9043
773
4462
5814
5841
6018
8866
2623
6659
1064
7567
9426
586
7240
3471
8425
5372
2762
7136
8813
6330
2628
5597
3801
1648
8903
5974
7823
3208
5534
1171
8603
6307
1985
4417
8500
4355
3284
7476
1014
700
5043
441
7638
8635
264
6064
4008
9378
3200
2821
2060
2180
4770
5861
3829
26
8187
1652
9586
3722
9175
8190
6381
1160
8959
4882
1867
8595
2358
2882
9295
3753
9675
6934
2388
9939
9350
2748
5670
2550
5570
7730
1082
6692
9944
4911
6718
8131
2915
2657
1853
8442
847
8235
5954
6158
9469
7822
4754
8179
704
401
1932
379
7335
4320
6670
6685
7069
2340
5587
8991
71
6670
2035
15
7933
8754
8146
7201
7763
6352
5643
8610
939
1598
4768
408
9420
5874
8587
6476
6276
519
6855
9963
1191
3525
3001
4612
5866
8588
9955
2289
1610
1991
2304
5896
7097
6802
3097
4860
3154
5092
9822
4093
3042
4590
4501
8814
6817
9440
5290
3093
6311
8497
3056
7503
2023
6057
8467
4241
998
8423
6530
8960
6766
5186
1208
3863
1988
657
5075
5143
5750
4897
5588
8792
5839
6442
3959
2656
5882
9249
2101
2194
7747
5158
6049
6122
7567
4516
363
4917
9291
3245
230
6057
8431
1438
9920
6771
2096
1347
8266
4198
6244
3855
9342
2084
6649
3301
1092
2531
2551
3194
1077
6650
4704
7126
2772
8623
7995
9487
3541
7286
2732
3771
9696
1163
1561
5968
4286
9
7316
2553
4207
3560
6408
3550
1996
3057
3203
3089
1940
2106
2635
3018
8756
7339
6496
1528
5962
843
7367
5855
4482
99
5978
4178
7614
7540
6498
1901
7549
3814
4454
8109
3727
7214
8011
5723
271
1214
5164
8563
3321
4151
7933
8429
1490
4430
6310
3805
1625
3677
6012
6107
3777
1991
6637
7743
5883
3136
9644
9784
3302
450
7893
7029
7664
2256
9105
4287
3471
4269
2851
3144
4773
784
1573
6263
1566
4235
6420
3192
7913
2433
5651
8042
776
8641
5785
6659
8129
1782
2795
1431
8584
7041
4813
6249
9297
3918
6888
9120
4539
9739
2264
9312
6876
190
1928
8442
4425
8348
7986
8690
7133
9990
3084
4261
4983
8870
920
3112
7004
68
895
1940
7109
5708
8189
6406
9626
5078
5527
4166
1169
4143
9830
8045
4333
1758
2840
5111
6459
826
153
3592
7168
3238
7854
2151
8460
5126
5263
1816
1546
2511
3756
8655
8219
1946
5062
4198
3376
6941
4716
897
1084
4546
8943
1770
6305
8135
6881
2764
8961
7034
2708
6130
6624
6914
8281
5084
8393
9897
6900
9939
8760
657
8595
6979
8955
9
7529
8683
6950
2245
9580
4386
6792
4875
6156
3097
3010
9389
2213
8324
2776
4921
4454
9400
8188
9087
4485
6581
5336
1385
2872
448
8394
7819
7428
7349
7828
4957
2384
1130
7203
1965
5517
347
3192
8025
3444
6203
7415
2009
879
191
3282
1685
9591
1470
7124
428
4403
2461
1814
7276
9261
6560
5095
6689
262
9276
7999
2646
6758
1554
963
8627
1901
4156
6653
1697
6711
4068
3706
7590
611
6988
9275
202
4811
6399
631
9214
5212
8797
2842
4474
5357
4290
7515
1971
3566
1866
4618
6676
3420
5581
5304
1673
6089
8309
9722
2800
2377
9780
6742
2988
6769
6017
9542
7932
8769
173
7146
333
5322
6341
1159
7032
631
8675
9003
4197
6893
9973
7225
6666
5555
2529
8339
1644
838
8062
797
9567
7842
7539
8907
963
9909
8450
5247
8678
4975
8746
5363
6650
5087
6523
3682
5718
1550
9037
6267
8443
9011
3492
5109
918
6022
9801
8914
3212
7863
9711
9132
2057
3603
8039
9373
3512
2841
972
8542
4169
9718
3905
819
4805
6780
853
523
8330
9890
6790
6774
8901
283
8235
9819
2657
8036
8734
2221
2251
4797
1353
661
8400
5745
6386
8264
4938
7358
6806
9107
7077
7064
6278
1882
3844
7131
2406
8527
7022
9196
1653
5923
5831
9888
2095
8488
4277
7181
710
6528
1978
8415
3541
6731
4160
9927
4995
9099
7286
8154
4558
715
1570
837
2597
5414
7968
1355
293
1342
6904
1946
3618
2735
8187
5713
7576
2464
9246
4638
5344
1224
3053
8886
4307
3566
5165
5655
9017
8803
3809
3575
9518
5379
764
2116
7145
5085
9823
3791
6427
6727
5737
45
9463
276
2110
3391
9092
1356
8029
4437
8933
1082
9675
3240
1000
4840
8895
17
3644
9056
9945
3162
787
7061
1630
4285
2146
1454
8076
8574
4533
165
4971
348
442
7082
3739
9534
8438
1768
323
3723
9203
9998
3316
203
1191
8563
6573
1187
7620
2870
701
4759
9931
8684
9044
2078
6490
7120
652
1023
7286
1975
1372
4080
9057
5111
3614
3848
3232
290
7571
2435
6640
887
8990
7831
5803
1915
5370
3423
4785
6072
4534
4717
4756
3579
3147
7598
7051
151
8621
689
2126
9993
4769
1184
1457
4736
1384
4689
5026
8955
3476
1666
6195
8818
5850
1998
734
1220
1773
5519
3644
2659
6588
4752
6238
9735
2350
9642
9886
972
331
2013
7317
5101
9549
5126
9837
933
6167
1215
6240
9643
2881
8787
8462
5083
7137
5548
2656
5262
7419
6300
7922
4008
1053
512
95
9755
154
6334
7079
486
4699
4397
5587
4248
5875
1776
1533
2043
2991
7773
8038
2224
2913
2852
3660
50
8400
6316
5313
5820
2616
3235
6180
21
99
2627
9777
254
8961
6856
740
3660
7605
2679
4260
3481
807
5793
1876
150
9919
9914
8726
2832
2767
2386
9234
1167
5054
4547
3339
7671
4134
5871
4044
4234
8499
173
840
7460
3382
7932
7473
7339
6963
1733
7172
