7770
3879
9048
4272
3798
8963
2998
2982
1730
1737
2216
2897
6791
3116
2589
814
7250
8460
1211
7836
6959
1384
8676
772
1118
6608
8245
8458
3571
6330
1982
7693
6561
1031
1965
359
9994
1316
9693
1724
3053
1910
973
9844
5026
9914
659
8628
8375
8222
2817
1686
9606
1493
2458
7077
4454
7055
1887
8025
9738
3869
2071
6299
4900
4036
3011
1246
5352
2704
9322
4757
966
6648
4602
2344
6562
1613
7325
4937
6187
142
6624
5793
1635
5434
9222
6089
2490
1109
467
2228
4979
8890
4879
6231
9278
7890
3830
983
6947
3152
5740
7913
9800
6694
6610
6363
4659
3935
7652
846
4077
628
2992
5712
6063
2214
8154
4905
3324
4973
3485
4655
215
8364
7238
9493
2607
1068
476
9554
573
6217
3819
373
9263
429
3088
3923
4364
7093
1121
8441
7721
4113
506
136
6328
5012
5041
6004
6337
4878
7011
6552
3243
601
2397
5850
8022
2874
1756
8595
5443
5575
5320
4706
6005
4761
4981
369
1854
6103
5163
5927
216
2021
6064
2896
3385
7457
8900
9722
2336
2263
2626
1931
2865
5023
4133
887
4249
5889
5834
9692
7816
1154
751
3821
5915
5732
543
4121
1835
2058
49
8404
4079
2465
1300
7464
6274
6553
3538
8610
5168
2516
6893
4385
7539
7378
5272
1789
3267
1106
7833
1084
8613
8584
1257
4528
669
1800
8650
2504
210
5051
7260
4289
7516
4913
8105
3790
1466
7995
8753
2986
511
1998
7372
4403
9377
2644
2544
8996
103
377
6432
5068
5314
7690
9596
5983
5842
4598
4839
6053
9649
2100
6694
7165
7013
1152
7308
4831
9147
6061
7817
6011
8059
5189
414
7436
4186
2958
6433
641
9687
9217
5709
5001
6907
1657
984
9102
6256
2176
5155
5905
4276
8201
9423
1289
9353
6731
2472
4853
9144
289
864
3555
5479
7630
992
6017
6940
3777
6658
6627
2994
8719
7981
6254
376
8965
5356
6632
7493
6863
8890
1769
5064
4665
9410
770
7748
1882
5623
6892
8524
2839
447
4003
469
7791
6372
7409
7920
9382
388
7267
8101
8369
3521
8477
3687
5229
1462
1180
2092
6704
2950
3508
1369
2360
4278
9117
595
6253
2361
9119
5444
2808
9474
5913
6952
5846
9674
4872
5228
63
2139
9681
8432
2012
4510
2119
7241
5972
9652
5685
2676
2602
9194
397
1314
9824
5866
8261
2430
8227
7380
7874
7388
3206
140
4340
5404
9814
9212
6984
6229
7704
6665
1014
9716
1176
9485
3310
3500
9137
8995
6177
8091
4541
2926
9406
4366
8793
7667
3148
7020
1400
1022
4408
4606
1162
5100
11
7329
4313
6995
3558
8369
13
4572
8085
1189
4058
7747
4689
3195
6743
7218
7639
7636
6497
7045
8354
5290
1064
1502
8662
8816
2525
9423
9775
3687
4523
6138
1016
5188
9485
927
3557
9498
5499
7995
7039
5909
5742
8081
5457
8837
1651
3096
6474
8148
6493
4828
9790
7557
6331
8453
2726
5208
7876
2501
8895
8751
8639
6264
3940
8124
7191
7497
3975
9042
5492
1014
4952
7587
5447
6761
6424
7099
9857
9250
5247
6350
431
5038
259
3114
9843
2985
8322
4071
5486
3569
2822
477
6185
6762
4954
3376
612
8929
8771
2456
6295
75
43
1743
6836
2820
5194
3045
2070
6793
9395
8853
1831
6006
1967
8026
8992
289
2097
830
3859
4920
7660
44
1682
2614
9773
8646
7895
4896
1103
542
4971
1146
8637
8159
318
3831
1204
8741
625
6951
7594
8808
2957
9562
6835
8301
9851
5284
5484
62
204
3144
6459
8239
2110
6232
6885
5
1128
7988
6899
2451
5487
5537
610
5805
5720
1814
4546
6345
5117
8493
1506
8074
8055
4693
2728
4258
9977
8212
673
182
1356
7132
4773
3466
9716
8010
9823
7196
5999
6722
9647
7838
8611
257
9995
4332
8423
894
7029
3540
9387
4887
7966
3794
9580
694
4404
9558
5258
5077
6092
6614
8561
7217
6432
8277
5227
2607
5473
7578
5682
1472
5416
4293
1729
5412
4977
6504
6306
2007
6396
2045
6894
715
5839
6475
7761
6595
2385
3020
1673
4829
9634
6586
2046
2419
4864
7273
5026
6689
1204
708
8162
6620
1354
6243
8384
6331
2748
1042
4690
5496
3087
1585
6211
5278
4412
3973
1874
3149
3345
9899
7978
9331
6485
24
1750
7701
3649
3129
743
4853
189
8905
7826
1543
1500
6210
4227
600
3605
8917
6097
6692
502
8660
8323
1266
8985
6549
4415
2330
2800
2393
1662
5637
8769
9764
9691
8771
2893
434
9976
9435
5691
7802
7330
7191
365
1557
7792
3970
475
241
7014
7329
5253
5337
4948
4239
8238
9363
6569
1038
8109
4583
6676
3230
4348
6367
2001
3593
3153
8330
3028
8844
2484
359
6035
2849
8268
179
3171
8743
420
186
2425
5674
1875
7373
6265
114
6736
9186
7504
1197
3770
532
4428
4470
3251
2781
4415
6404
1111
7444
5248
3596
4155
7636
2797
2423
7815
5969
7519
4588
6155
9944
6614
4382
3669
2879
4496
6757
8417
8353
7955
8539
8885
2383
3009
2137
5164
3777
8541
2628
7573
142
6224
1728
7778
9021
503
1945
4990
8022
6533
7497
4318
9499
1880
4339
8730
2728
1097
7148
7433
9052
5687
6319
1435
5049
4808
2951
8826
9701
1931
6399
9843
4507
4479
3973
3529
4982
5919
4871
9357
8804
8721
27
8304
6953
4367
3386
6033
5464
534
3467
868
2574
6138
8655
3975
946
1606
2801
6999
9890
5552
6843
4397
6383
7168
4278
7717
3087
5502
7074
8244
4223
3454
6548
7528
4173
9934
3561
5989
6821
7028
6857
5747
3166
5512
9722
464
3470
8875
3816
3360
779
7011
7758
7162
4179
8388
4879
3619
3890
8306
1863
4465
1760
4763
1993
5933
1049
5555
1922
7870
8935
5131
9969
8454
643
9691
5270
4113
8566
9086
7474
9345
6097
1584
2859
277
9972
7739
3896
215
6045
5759
4680
4157
6874
6674
90
7923
8581
8364
5794
3868
9847
5763
2322
490
1807
7593
4603
6725
3031
8429
2423
9129
6365
5282
5758
2690
3021
6006
2905
5418
8117
7585
9575
4991
611
6017
2914
5544
733
5060
9413
580
7176
8087
1070
8983
2032
2026
2060
5064
6807
4483
545
3173
6118
6303
2215
5491
8661
5120
910
6778
9057
485
1769
6021
2855
1035
1565
3588
6096
7330
4169
9624
5418
1591
8607
7450
3617
7019
2514
425
7855
3059
9950
3973
5714
2165
9464
4375
3637
6726
1153
9046
3564
9274
5067
6419
310
2985
7
2758
315
528
2382
5733
2120
7341
3184
5737
4360
5698
2514
2215
5110
8816
2540
7176
981
8357
1552
970
5083
9057
17
4999
8332
1436
1418
4994
4421
1426
4104
1089
8306
6486
6822
426
179
6358
6164
891
8409
5030
9459
3519
3847
1999
695
1180
356
8599
2151
1792
7657
8520
6791
2341
6308
4562
3687
7082
2340
7791
8171
646
629
1345
1073
7160
4056
3589
8051
2465
8619
7510
2336
2466
5862
9383
9999
2570
7983
8502
4362
1992
3374
7506
4333
9682
2068
4372
3116
4408
8515
7639
5054
9144
5337
2479
6304
9393
6068
707
1858
4688
8218
4194
3506
4080
9929
3505
6650
7912
8359
