7365
6256
1733
1223
6941
7768
3291
1313
884
4051
9828
8524
5457
5324
3861
7937
7980
9606
357
8688
1464
5045
6906
2010
4904
7338
1939
4761
340
6204
3121
4057
2460
1206
5280
9402
8974
4923
7067
9859
8974
3248
4735
784
8572
4948
5073
6553
4554
5430
1593
2370
6828
4851
4380
1732
2189
2671
2845
8881
8875
2318
2939
7688
3525
8219
3442
2499
3143
509
8710
8469
3757
3445
9253
8682
4745
678
1587
9299
6109
3180
1669
2937
8031
2401
1021
6572
5073
3866
5453
300
2537
8392
4340
6062
2964
7782
4913
2459
4644
3624
928
4753
3421
6534
9787
8167
7212
1374
3818
3321
4554
1840
2610
2585
4241
3631
9157
5666
3850
963
2319
6387
5707
3011
8801
8671
7146
66
1130
1790
42
8411
2895
3464
1297
2683
7983
4861
409
8153
4535
4964
9993
7145
3901
587
7129
9411
6253
979
374
4924
3718
6081
7936
8871
1105
5082
8937
2235
3224
5332
6998
2471
8796
8295
5154
3131
3157
1916
1284
7692
6880
1278
1189
781
1865
8318
6544
4470
5649
6918
9395
5719
9352
3683
942
457
8765
6232
9044
8341
1564
6043
812
360
690
2319
9843
199
4235
1127
4243
1115
8757
5433
8248
622
103
4793
1445
2105
8063
840
7824
7415
875
8767
4224
9640
1351
3269
4333
2915
5664
5145
9627
2706
7464
9470
2906
1699
597
3501
9166
9355
5286
3767
6329
5390
4912
7774
7495
2975
4966
1671
6743
5841
6790
967
1833
8141
4236
6166
1056
9900
7664
7035
8959
5128
6505
1865
3180
3455
1718
2346
9162
7005
2465
5491
8747
7377
9618
2594
353
936
4265
7096
3130
7408
8063
1315
1901
8652
3834
9310
4904
1498
6345
3863
6626
2851
2080
6158
2658
3799
4857
1820
7156
7322
3663
5903
4700
3281
8497
1405
4218
9114
8501
3700
2874
2916
5015
4776
7920
8849
4086
2825
347
431
6688
3326
9634
5121
9484
2292
8920
4341
4112
2428
8016
7776
8331
9068
1057
3180
473
1627
8646
5326
5327
1521
4594
6695
6297
2515
5544
383
5340
2244
814
8380
5570
449
3501
1406
2741
8773
2100
3206
1201
116
982
5884
5536
8391
9064
6009
6371
7711
7687
8050
9232
2281
4745
1881
4796
6642
2264
6488
8886
9430
4869
808
6231
4722
2214
5325
9848
4314
8531
1049
782
5865
6934
6318
4256
2350
8679
6979
6413
6366
5030
1997
8648
9775
3878
9796
2769
2494
6285
1655
1925
7506
2463
4508
8580
4678
6185
8428
5344
4716
5830
2479
6933
2764
8797
7542
1466
3829
4521
7880
195
9551
6229
5195
5679
108
1344
8448
2602
3981
104
879
1487
8919
1740
6419
9949
7925
4848
5294
8994
678
4125
5927
9794
9274
3469
7612
3103
7991
1844
9651
3894
8074
4846
9573
8182
6190
8022
7136
171
4478
4368
8010
3397
6108
4430
9699
4033
5630
1345
3027
2660
5470
8955
8806
4744
8776
6418
4200
6767
8263
3851
7014
6337
8697
6587
871
1240
961
8007
7763
5439
2375
2126
5189
4835
2908
4888
8869
8538
6233
8248
1198
8055
3555
4
2799
2332
2774
6999
5451
1037
7202
2465
3726
5900
9053
4597
3492
6366
8957
1255
8158
7684
3381
3347
2520
6289
4587
1389
1179
7172
9637
8729
5227
3193
5085
4378
1877
7860
7730
7328
5249
4932
6146
8976
7184
1551
9925
676
7917
8882
8284
6075
6567
8017
5774
9087
659
6713
6828
1838
3885
2817
6920
5464
2362
2005
9843
4239
6217
3925
7920
1467
8857
4066
6795
2394
5617
6720
3070
3534
1955
7706
5962
4874
2076
1736
3961
2735
8450
7141
925
8687
9958
7845
4152
8673
6203
347
2912
8772
624
7184
239
9481
1250
3386
1875
3219
6459
1298
6754
4766
5356
9068
9640
7432
804
9953
167
5606
7094
7445
4294
3404
5290
4798
2077
7845
1497
1342
6618
2121
8526
3209
7954
6129
2948
6182
9348
9407
7480
2454
4173
9188
1522
165
6621
8679
118
3140
4285
3564
585
4931
3320
2228
6081
1750
6425
7578
3092
3043
9699
7970
2605
4006
4099
5553
188
9800
1312
4020
2254
5485
3208
129
2002
6181
8808
2120
9322
9445
2036
6259
4377
5356
4839
458
7106
1265
4389
6550
4308
440
873
3265
4446
4972
8818
986
4772
130
5006
3379
1967
4567
3508
3969
748
2316
2441
6422
8113
4477
9034
2490
6186
3873
9301
9644
5138
3690
2547
5799
482
3420
9064
4929
4744
7883
5915
5869
8013
7274
9248
6333
1841
9108
302
8941
7776
9096
1716
5889
9925
750
4732
6111
4623
4033
2108
9762
4075
1007
5561
4557
4427
977
5838
5523
8860
1754
1392
3226
5380
6992
9559
3573
6100
6213
2514
3876
5309
582
9766
5235
1332
4498
7698
2308
4883
6158
2070
8958
7165
3983
9867
1592
4960
5706
7116
173
3812
4860
3399
9192
1853
9310
9117
7953
5523
1631
8182
833
8566
7948
6068
9898
8798
118
2206
3681
6277
628
8991
3442
963
8858
1387
5924
916
4855
6097
4728
9715
5848
272
7920
5158
9389
5874
681
7373
4056
7866
5939
8356
286
2189
3506
405
4396
7187
6682
1376
2530
6476
2340
7740
7863
4616
8657
9070
7065
9737
5138
2913
10
3058
4423
5751
5284
5104
3124
9340
9323
5415
4048
9609
7605
7554
14
8353
1093
3048
9729
3623
5877
2069
1364
92
6685
6373
9163
102
6110
4301
3015
2472
7359
7438
8224
8996
8895
1348
8336
8218
6764
8737
4179
721
6291
4194
9074
3737
3594
8803
7360
9471
7225
5076
9564
262
7801
5079
365
3912
9380
9732
6384
3091
3523
4608
2087
2418
2309
6776
6988
5425
1865
1167
6146
4508
1713
1572
8245
1660
6727
1958
1131
304
3386
7047
567
1188
2126
7284
5100
7858
7016
7836
7302
539
8797
5741
9309
1106
8869
2649
2883
734
3817
5381
5243
1882
6953
9840
3542
32
1798
4674
337
5185
8073
904
6373
6552
4540
7825
4410
7908
5661
8064
4800
4458
3806
4109
1916
2675
3111
1151
9762
6928
6532
5005
8810
9837
1197
8705
9870
2996
9731
207
4533
7804
7463
7258
4356
2003
5083
5119
9911
7096
3183
4711
7907
3341
5173
9823
6017
4636
975
2131
1564
3859
7136
6726
3697
8333
1783
3567
7681
1514
3774
2214
9319
1237
9472
27
9592
907
5146
9503
8004
4682
567
5911
8023
2092
2086
392
3080
9413
2523
4644
3273
6011
7722
6970
697
9506
6889
8378
1020
7015
6945
6691
4604
2769
3071
4196
3677
4569
51
1681
9251
6970
3944
3627
5414
6030
371
8494
1796
2895
9490
5069
5258
7213
8391
5955
3071
1632
686
443
8647
7631
3487
3251
400
6558
7447
429
1127
3850
2110
6731
821
2406
6710
6235
4789
7081
1082
6585
6328
572
8006
1587
4137
6397
7542
7208
4381
8228
4004
3028
2211
7491
2631
8964
401
78
9393
1528
280
7856
4611
1101
262
7673
3689
5051
4755
4771
7988
1083
1695
5994
2670
5833
8743
6565
3041
3124
1145
3397
6152
9709
888
8783
8673
1289
5213
4418
9170
5494
2274
133
2947
8889
7807
2988
3940
8914
4111
1929
9997
5807
4275
9020
1640
3019
5585
1033
6143
3082
783
8648
2791
1671
7431
1464
9313
8997
2235
4835
843
4509
4968
142
3398
9127
3131
3691
8041
3594
1972
8039
5753
6247
3411
3745
9266
5348
4779
5410
8430
5562
4058
1222
3585
7841
9038
9250
3190
1273
4085
4033
2135
5406
528
5533
4533
11
5576
2575
3605
7548
6966
9359
3796
6729
3104
3062
2077
4235
4824
507
6149
5234
8081
6087
3076
7120
5337
2618
4745
9423
6652
6880
1181
7180
8766
5714
7191
694
4641
7148
8243
7959
6507
8391
4688
5964
7805
3117
6551
2630
9977
2701
4216
8058
8788
3644
1530
477
6263
2628
6252
2915
5860
7433
6447
4626
9500
9990
1673
4141
7138
9916
8453
9998
8307
9493
5962
2464
2611
2513
5094
2588
1566
9311
646
6706
9307
8529
7184
5570
1157
3436
8485
7017
870
1284
7996
6722
1274
9669
863
4765
5937
9316
4763
596
5162
7077
3060
7773
9590
4507
361
7509
170
7359
4215
9477
5888
1399
5048
7045
1188
9885
415
8410
1170
8411
5132
8796
8080
2347
3561
4017
8016
8324
965
3178
5401
4025
951
1344
8532
7664
8853
8702
5023
9420
8180
7264
7172
3228
661
8360
9465
