1076
3122
635
9487
8254
9432
3919
6953
2993
4288
4969
7670
5253
8147
9423
9279
5450
767
4163
3114
5972
2866
4490
5393
7398
8106
8917
6978
8767
3629
6443
9844
6751
3431
5683
1357
2863
9603
8310
2208
3891
9632
6230
5497
7779
5654
4776
9582
2773
5291
9048
8746
4509
9890
491
1907
7996
9408
5237
6764
9389
8033
2960
6140
1464
4995
3849
679
4598
2159
9239
4842
8143
5470
339
5923
7476
1467
1857
249
6758
905
5347
1268
796
5838
9527
5144
1598
4765
8260
987
2798
1220
3479
614
6216
7328
1293
7166
5840
532
2008
3983
2354
8699
6258
9830
166
8115
80
6925
5373
1779
8193
2521
7618
7720
7665
5568
8837
5926
2908
7987
3498
6387
8601
6066
68
9894
3233
5908
6779
1593
6243
9133
293
2502
8964
459
617
5396
3736
2342
7175
8281
4863
1145
6002
2529
3066
1191
4807
5974
5531
8305
8713
4132
4372
8781
379
3957
1041
7158
1902
7285
6291
8547
9787
1607
9007
6756
3355
9095
9099
531
7377
314
8028
9731
2843
7446
922
7650
9772
6453
2308
8486
6938
3032
3619
7317
6989
1013
4475
5243
8298
7118
3791
4437
8726
9150
7545
2081
8245
2996
8964
5622
3311
3345
5353
2506
791
2628
6509
564
5433
5169
5402
2371
8201
9021
9688
1542
6386
515
6785
1036
7634
576
1825
2712
9726
9371
4793
4324
8719
110
9946
8382
3455
1652
7241
4246
632
3750
1162
6065
8919
6564
4789
7120
1938
4477
5014
8324
1345
1799
9361
5331
8728
1186
8043
8454
6909
9188
9130
5629
9298
9077
363
9105
7081
7604
9704
7713
1354
866
3778
6625
7431
8567
97
5721
9397
5111
397
7094
3263
9758
2425
1991
7297
468
6797
558
9656
5928
2539
5307
1357
2903
4412
8438
507
4116
2503
8214
4983
2633
1191
8766
7553
1289
839
3302
2752
1236
396
6015
7347
2821
8006
996
9641
4804
1554
5649
7084
4094
956
8441
3349
5369
3231
208
5837
5734
4774
7172
4719
5966
5938
2272
3607
6777
1926
6359
4366
2322
2375
1713
1495
6733
2709
7488
7889
615
3138
4973
1061
446
3414
4410
5815
2997
971
8005
5083
5745
5177
9803
1711
1116
8427
5318
4245
354
1678
4963
9028
405
6676
6876
3490
5737
4364
1380
6353
3854
6353
7414
4301
6120
8177
6468
5469
9148
4473
553
1245
9651
6708
2957
7119
1487
4627
7716
8193
2657
2680
3574
3062
5708
450
2905
1446
1166
4285
4151
5021
6990
1565
9322
3110
6094
5790
4932
1594
6616
5485
2840
6267
8545
2149
9738
32
6776
3806
4578
9434
6486
8152
8848
2195
8602
1753
9993
9768
2390
4144
1141
9381
2061
463
8843
4508
2606
3775
6102
5574
5612
5294
8193
4157
7443
7931
542
4220
1737
5120
6
4576
3272
8854
3123
1874
6960
9468
7994
9350
3612
9136
8731
2025
5951
3927
6533
4909
7702
8988
6835
3315
4282
5028
3824
8078
9311
4366
2298
7401
9486
2304
1977
9110
7510
1452
7336
4470
920
1683
173
884
819
5256
9261
3122
9183
2147
4384
3238
1135
1219
2905
1769
2600
6729
9847
1911
7448
8497
9312
6934
7153
7641
2397
4664
9093
9733
5486
6365
1416
5659
3601
8587
7268
2863
8062
6451
5010
2446
6041
6145
17
8946
4266
2617
5676
4114
4529
3124
8963
193
6410
6117
7835
8807
781
3280
4893
2619
5998
2661
4631
9599
1249
1899
2462
5663
4702
7472
8109
744
9969
4478
9690
4236
3448
1718
4702
4329
4842
3665
4522
7605
6134
8709
2764
6915
8342
7657
5887
4340
319
518
3939
7920
2417
6402
3583
3471
226
8044
4215
196
8874
258
784
2322
1976
1838
6651
3171
1855
7526
776
7990
6235
9892
1257
4577
7550
7144
5269
4221
7662
9209
8493
6431
5611
2076
9903
5837
120
470
2385
8994
7080
3169
7669
5409
1359
4320
8580
3215
8198
5708
7557
786
5600
8814
1715
9502
2311
6985
75
6325
6194
8568
2757
8157
644
9012
3994
7116
5834
2732
2463
2915
2253
132
8324
3613
804
3256
3180
5355
5316
737
6141
916
5903
7856
6771
8214
1193
6846
4540
7387
1767
3649
1896
8763
9013
5891
5880
4847
4975
4695
4114
7228
1179
8790
841
8335
2046
4021
3690
7362
1110
9831
4631
7014
4040
7754
1580
1585
4600
6120
5325
2719
6121
7221
1483
5134
3112
7363
9982
4439
8410
448
1668
9589
9239
8861
7924
1285
9235
1615
5000
345
7798
9631
3711
8190
3737
5292
9776
4689
1412
5101
7409
3886
2322
8892
9020
1787
2607
5354
6226
1017
5803
4246
6958
5042
3108
4882
2679
2343
2849
7679
2688
7000
3662
2752
5190
7399
8044
1318
2089
5808
2771
5850
9694
1446
4742
8715
3233
3701
4069
5811
4718
6224
58
8028
1266
9518
9262
3946
1861
2112
7977
901
5464
1640
3653
7006
5391
1697
8325
3832
3858
7448
9682
3552
8894
776
8619
2127
4477
2689
4291
5547
5265
701
3575
6532
219
2838
6830
8432
1302
4807
5685
6766
2799
9339
124
4543
7388
8449
8375
1246
5898
4410
4799
4792
5186
3418
3272
9664
2459
3915
1563
7725
968
5139
609
7539
4329
7439
5971
1983
8598
1656
8749
1398
7347
5225
2293
4736
3675
668
2334
5925
1430
7133
7069
6617
6904
6693
2633
5715
608
4196
9792
7928
5687
6753
5467
16
4192
1438
1999
2791
9447
7100
541
6794
2326
2834
7882
2353
9854
217
4630
1285
3702
1699
4254
6958
4745
3239
9026
1705
7435
8818
9634
9475
5572
5101
9491
6116
2892
7843
5259
2339
1295
2152
5485
9973
1338
9720
8678
1193
6289
3308
8830
6343
1360
9436
3302
6105
2675
2328
7810
6462
7498
7444
5937
9422
8898
1781
1891
1790
5976
3502
481
7271
5655
2318
3597
6993
2038
8627
4538
4679
1936
9720
1023
9648
5508
4325
2105
8183
3005
6267
998
6855
64
6935
2630
8962
8716
4521
752
1044
4375
7585
4668
30
9903
8265
3376
8294
6892
4266
2973
5180
339
3996
1180
5847
8321
3285
383
7678
9553
1381
4534
9617
8316
3516
4931
3385
8037
5683
4429
8764
9620
9097
8795
9523
3714
8523
7817
6959
2789
791
2139
3128
4787
3320
8976
9461
2957
9359
7139
2510
7092
8025
8479
5408
1541
3410
5145
5930
5445
5927
4695
5065
5024
9842
941
5091
8365
5110
2050
7506
5901
541
635
7041
213
5963
6502
3171
1674
9993
2033
8766
4371
513
526
5912
275
5672
8195
2073
1599
2890
7138
2975
9084
4431
8066
7449
9542
6468
4955
1795
7010
1942
8836
7223
4257
1690
394
2283
8036
8780
1049
2407
9293
7928
4671
5920
3600
2866
7993
1551
2108
1484
878
1192
5915
5297
4993
5457
1765
6301
7253
5127
4595
2441
2351
8853
4132
9097
1136
8520
7877
8538
927
3522
6466
5598
9443
6418
4817
7436
4321
6925
8920
5199
4470
1188
496
5815
6645
8614
2116
250
3741
3064
9044
2444
8269
9528
1542
9405
8048
5771
4295
8975
9294
7113
925
8737
9883
5742
2525
4204
9020
7798
5756
9842
8986
2604
5657
1983
1218
4126
8586
1312
3542
7630
3756
1811
7158
1650
7568
5206
7422
1864
533
3068
5329
1458
8157
5213
3553
682
9417
8925
8480
5173
5119
3818
4130
776
5802
5348
1254
740
3012
4796
8370
6769
6607
5528
8419
4176
7086
2193
2392
7619
5261
7721
5429
3418
2934
5334
453
8704
4259
5285
229
9378
9104
4359
6507
1258
6060
4113
1998
9072
8910
368
5841
1869
2248
613
2397
5686
2806
4789
3305
8068
8863
5086
7838
1797
421
8291
501
1032
3577
731
6763
9033
1442
3270
291
7502
7383
8641
6575
2645
5361
2416
867
7609
3029
3264
3295
2188
4406
2952
6608
3269
4390
4446
1418
4811
9090
1920
2196
9019
9003
8959
8052
6797
8581
4695
4300
2316
3336
875
4962
5049
9643
2181
2658
9025
1797
2305
1213
6203
1609
4173
9472
5999
8619
891
7163
4061
9163
9359
3080
4518
8318
7484
1315
6899
8531
5615
5567
8219
2842
529
3268
2486
9062
2278
1511
860
4583
9076
7063
2544
3249
2888
4896
8220
131
2059
8634
5646
7770
1714
6516
2440
5551
4183
9339
4082
6151
1258
2302
8993
8140
1922
7831
7202
4201
9342
8062
5136
4770
1478
7681
4371
718
2577
2592
7201
4636
7578
9199
8758
9292
5715
1198
1195
9898
6889
1630
6049
8147
284
1395
6287
2206
9226
3490
6407
4921
7904
1544
9691
9382
9225
415
6452
8154
3007
5
9142
585
9204
7900
6229
1271
9098
3777
7522
5987
5407
9923
4134
5691
1318
422
7897
545
3912
4305
5466
8168
2201
1509
3903
1426
1924
355
5932
1283
361
5074
8220
5917
2974
802
7189
2072
4579
1063
8059
6338
986
8545
8381
2305
8967
6278
9202
9231
6935
4668
7400
9136
2529
1303
6914
806
8010
2846
8441
4723
4272
3014
641
7246
3816
4182
5670
4747
5245
81
7437
6231
8627
5818
4888
3946
8448
4090
9530
1736
5110
3282
7224
3992
937
4139
4798
8947
3337
9591
23
7610
2605
7016
1208
2773
1198
6879
7520
2795
3312
1309
5378
1939
7127
267
2238
1928
709
1768
3664
5820
5050
888
9812
5987
1379
962
1286
1069
553
1309
5031
3159
8325
6239
2284
5875
9470
9805
8670
2783
7466
401
1074
4594
7020
3312
2874
7729
5080
6538
9901
6482
3778
9713
2469
5158
7027
3756
2579
7581
5065
7610
7092
9743
201
9376
5618
6024
5533
4289
5159
3000
1042
6233
3946
8062
5898
3172
2143
