800617
386202
982901
614230
504923
940006
386207
851315
794437
825189
520803
731657
696483
982146
293801
670904
104317
458762
654272
490473
652272
677182
319822
360749
709234
235445
974152
921691
553136
119693
313753
267721
319862
296655
781951
724785
150628
982124
576101
845065
721280
996904
576723
331730
979052
684490
902634
897335
957218
470874
301775
609491
148057
521597
784206
757292
571008
672325
592950
124146
692019
806703
205833
825847
917324
801750
550633
881918
697842
940700
726984
419123
851572
217674
564820
744591
716130
381421
641927
673349
752295
757669
282841
714319
279267
881013
385578
750276
553339
878528
688388
245359
599198
708187
885172
430489
509938
349772
312408
207781
