609437
589445
537538
366944
425399
507365
191462
853840
223496
692171
105602
280031
286256
834724
479081
697103
139638
625462
878801
589954
431850
136355
230807
526710
883105
667936
627425
601389
370764
378885
896183
794167
782296
433723
161112
207696
755054
166540
961536
878550
672677
881105
158582
858933
715830
451629
556037
669434
891057
434840
173355
322908
471195
304162
663585
268267
786064
291011
769656
970794
569896
579807
764962
266160
827496
740040
373856
582551
720546
249360
461103
393224
130466
433651
252158
746296
785281
622162
329698
590305
957002
403053
727180
342164
521182
390766
424397
221213
581777
194055
192009
965639
587828
770937
231800
415325
510979
505657
897876
231526
