655017
272946
438717
685483
606598
504841
345746
305846
127004
489410
796151
897972
706430
437298
240137
227613
728064
564535
262792
223808
572556
354801
189449
160385
939705
321249
389676
450685
640872
201519
496177
209856
374466
748860
709305
795030
253703
955052
100877
280707
358429
710994
178681
964859
148294
232784
106439
776358
611285
269232
900167
183842
437999
903582
158193
291671
224832
447869
556322
679671
549389
866466
789527
737821
615327
498834
532852
769030
367853
533729
863704
540248
158690
856351
505109
206984
903101
425514
797309
514388
508712
611443
512196
846712
515026
570390
138384
553824
832225
508673
233496
381615
375140
836990
933402
890467
249791
466255
573465
517644
