813950
437170
957892
872641
207488
376968
893591
110590
702483
690901
524978
211196
302345
851141
871874
631337
421532
824225
185163
167724
332899
232625
363306
608039
969615
296709
412473
219407
662965
885938
551017
390882
237075
422877
177490
344563
613811
971082
355154
230261
661984
694098
341458
778296
545240
127299
409634
780738
765490
494797
848463
912355
627423
211770
520395
511005
322445
832869
544379
799376
632774
909362
190260
769850
332240
267750
114414
846052
238833
283534
890279
714784
791599
231738
493081
250806
173004
802715
931545
752460
211480
693975
664817
652869
719711
185213
163875
942156
832048
522220
741534
464824
431584
831794
148641
577790
913510
977020
337809
966310
