260556
228090
681095
866121
273794
174177
116928
346798
790858
948473
999259
902338
556415
664077
555208
276127
663256
533050
132251
409272
955270
773785
688062
386855
519546
736703
864646
347023
713724
202456
313334
788246
244512
894429
654368
418307
882572
671297
579071
673432
533737
578331
575771
904119
156375
944946
994212
633598
477997
126464
942870
433268
714215
544899
634090
233762
195569
412703
394752
809293
429125
608086
511507
573638
416483
165876
891945
299056
651139
471017
786454
998843
863315
362227
902963
833656
221140
897176
467255
599137
923641
324092
846371
551823
682957
480462
599552
778526
793165
894304
501787
222292
502391
913294
609896
818874
893136
501842
931897
544277
