786825
718352
457087
564107
894545
360051
397765
115686
171194
678986
528789
908801
817045
375162
460626
500003
755624
960178
278531
462757
854483
680318
585049
270841
507579
108912
903682
400716
510754
749546
758959
211546
467899
130013
675654
276412
304030
973419
206064
375225
652406
634854
284027
383418
910016
558619
783422
579607
432764
875919
942364
201214
470204
441380
372056
791749
450292
189705
106432
775012
839251
765392
886559
221117
795405
562214
397529
913402
535634
503594
288628
102007
952414
386621
299392
776397
759207
896780
356005
191972
772700
212337
293187
156871
553717
565243
848620
817976
654948
855052
592989
408166
534411
393515
529283
243784
855729
826813
157187
305330
