244374
259781
221304
110755
546402
420696
787152
305610
317477
143158
311549
904143
169461
504736
961014
537145
883945
723601
355122
452860
492620
762077
761026
927032
969559
290310
984782
825289
931089
141970
944586
989429
215717
165891
100185
662119
400553
787337
781696
618030
744462
993245
522174
813923
411948
397155
351069
295894
934722
606191
562720
427343
282236
237713
354376
251796
428023
253125
891051
273080
209061
835638
262510
324778
815495
262696
886898
216049
950033
582561
648045
694496
489773
984185
508421
801721
381341
673456
911581
316064
193615
388268
557374
375851
525981
725716
441613
854004
878842
332665
941050
987903
982270
203562
312683
797766
366258
113548
827782
230258
