510075
475828
824755
899848
460015
247143
615536
655322
820599
441084
785353
914214
729352
342728
204032
255334
968444
545645
923304
761253
692277
864356
663124
674548
881884
875807
386281
248143
803321
214064
292367
227363
503859
931088
127212
863874
178232
556714
433163
812798
897798
218517
640979
541117
375211
658978
696451
257623
204624
533722
918876
796901
312045
495967
385416
193930
371775
671698
256039
989062
699728
448407
216426
203588
379496
157604
881428
371695
528284
314593
184494
426083
347076
639439
781166
536254
298418
391584
693877
317009
825307
526720
927876
137353
922688
313294
145250
208430
798958
301289
111460
498687
563662
141852
602276
843159
199457
483705
214855
541707
