612264
213315
781757
859341
666720
562924
309562
865139
854509
903439
182149
679817
344126
110026
631136
180781
237286
590352
203178
936244
791642
214638
434933
269271
256490
851175
112431
269913
334881
141252
711621
761112
168533
493379
620454
735254
870269
830016
514360
724779
647422
510475
318563
805514
434467
763666
800262
485720
354019
903440
421965
959627
932044
670864
228900
102501
522040
155297
186381
670888
196550
711968
432001
179049
119314
866421
728269
889583
610404
242630
614364
171793
567071
746893
877307
901539
510560
677570
301226
764580
494977
623191
724208
427022
208023
767074
429524
630063
822372
515905
214918
918922
227874
546919
911937
247188
327307
640208
136772
837711
