696804
565102
909504
263877
311997
700779
979382
722557
378350
280609
401104
773328
717766
939279
114317
825789
706354
443841
369820
528727
773712
484738
361616
901586
845624
273555
962740
172932
813763
913479
824610
510568
478582
734115
588411
604545
348861
567794
241070
627212
662369
542174
314507
380137
481454
328824
119893
101776
586632
389713
530503
360345
774452
706086
175899
534043
879641
138640
606975
607371
952119
345552
931905
344669
893634
520318
849214
242496
902078
990284
769708
478415
532460
898181
758552
827880
140973
692411
829656
627605
982125
274127
887950
670544
880213
877815
204588
673821
916456
625529
281193
868576
871082
213099
213246
764717
547383
876427
907213
363429
