866712
590889
741844
399173
403037
414363
141021
444010
106775
784643
885581
988900
958770
687499
659445
752950
565315
764033
426772
481772
303530
607965
264316
174613
635031
291528
753296
996380
167956
574476
359810
848635
165366
101655
161775
382370
416018
202796
640346
336760
887440
525929
325661
760177
213429
799073
513129
678744
477073
753867
974483
680603
275800
152766
755216
724797
344294
508513
721178
326217
982990
980989
174853
962322
896610
236628
258659
226596
253391
799006
463356
954797
324936
602983
714975
352331
402057
142071
931075
779131
795939
819525
459735
885705
872291
214953
610503
130553
537432
331682
270736
434389
226638
345589
396713
123250
396183
555372
249846
463540
