290474
853358
440871
142047
884998
905691
786638
601129
201079
342532
274479
853375
100202
371286
567695
193436
252300
767239
757678
705639
645768
360033
764965
158933
968220
650138
489422
478159
899911
615796
499907
104352
383121
840778
960364
268120
660436
660969
769249
761515
817467
943728
528857
731636
228981
996552
825072
381281
763792
496717
900886
323527
756750
665852
296426
724971
229958
685848
117097
943835
215611
517004
862153
498732
271749
822518
666852
746151
483488
436102
507668
300956
293797
936525
932592
336744
847045
671631
618025
524804
168349
432879
662298
825099
912697
858724
464037
142656
458540
481135
900457
574151
812105
762611
886850
897821
585130
467669
643973
882584
