268345
527168
418338
493281
130152
947280
745612
432210
989351
590655
211342
699257
410181
485043
584963
196440
513962
195467
226993
951395
341116
397729
385785
467754
557284
596464
491004
767433
965803
554816
230975
234149
895950
463279
541397
926103
410560
200976
358314
399913
691631
383622
913136
915779
682631
498101
112220
196595
507534
153179
147991
748650
364874
347742
130372
736124
758173
435342
417524
723977
890159
548499
772092
786110
911779
313490
626180
236306
414467
798460
536219
920064
996048
363323
835844
678681
675390
762030
775276
182925
729175
737233
745542
908015
984975
775914
644140
743149
125223
961665
381093
915382
424131
153187
615460
249877
280643
155607
386184
509076
