854068
736369
429142
850117
999692
178953
528799
675083
840984
218042
671975
570160
855275
331484
392143
840252
921364
936283
497368
946587
811915
778462
775937
150014
745615
305364
299891
926258
360971
500041
349302
215040
150378
678444
965158
150071
757397
407924
639121
512348
525967
225063
896475
381243
456547
288619
135462
377912
224903
446797
238466
850785
139226
914403
900799
784841
219768
114657
625066
394706
428665
874368
509746
479043
466779
388871
443080
224178
696796
982201
636526
222764
121231
533002
417973
477778
721621
453436
669656
760491
714199
722089
611277
753425
550459
426043
538267
584194
440700
977299
878900
683331
765635
388647
162375
232415
591485
505456
356593
288282
