401624
807086
325012
422856
254055
556951
714600
875677
824353
298224
550135
538553
920313
975378
291979
470773
401422
644212
954967
656088
621513
833868
339421
387149
136483
315762
433530
627968
721218
690124
730216
936809
411177
955228
359666
565232
426146
888232
354876
250501
186457
805011
689054
920736
694356
881034
391511
909744
525247
260445
479800
960726
908280
633187
261842
944763
848949
595373
486698
484135
199464
216915
420945
510641
986109
594577
889839
412256
482810
244717
562757
483234
863694
165779
403971
558052
946813
609448
467797
386027
769894
761563
260721
678175
394751
422563
536905
243702
917936
923603
627837
931366
954484
862748
355974
854560
457326
245815
180783
754102
