390532
557507
237337
168193
623286
455275
626245
484066
964723
908009
684059
734618
669573
844780
326760
964325
267345
677631
121994
999247
601235
563797
844581
469686
426546
200556
324247
697838
346371
405031
451941
550869
862538
503245
619063
399791
858520
159275
783857
823244
881250
467917
471830
550825
312699
612556
429117
394010
290189
365077
393258
705390
742840
237840
175078
169387
252363
313291
681191
498734
532288
947098
863570
308793
450344
396600
608584
308865
369841
306408
946076
251093
674326
331873
615884
800991
844429
858967
195002
948584
224045
402226
653976
866885
454033
643020
850238
606396
770277
531430
919096
302567
392495
696633
511360
742840
993233
933911
865671
363076
