240320
811748
428135
814646
957587
944019
529604
802018
802987
624606
750603
840998
926833
318546
621850
380867
861566
386055
801229
631845
731451
720326
748378
123947
416961
259739
766787
324161
107617
632460
501203
247938
358175
829338
876550
315764
773358
406156
931748
490312
930762
596318
331311
771562
814865
767127
966395
590398
153183
767625
222244
784634
401919
870622
808582
632846
944328
489336
857007
951945
121797
272178
113850
293939
101517
890401
423669
774876
296558
269384
179155
141287
765702
410467
812850
494534
991560
693212
984933
144745
374805
121144
829379
676724
891767
551928
223537
750062
941265
894510
615974
963062
166689
629825
170968
168207
520227
408603
757049
716785
