577987
836204
758072
257657
160638
484889
652191
152200
178103
637125
196945
452908
658270
840290
943598
464004
392220
167136
128033
333486
875612
644007
210515
942302
273833
281484
110510
608026
504053
767559
324812
982041
517730
896851
239699
578369
295707
791890
630569
373810
342983
641480
640684
815219
481771
498249
193190
773991
479351
221223
107478
354965
765230
131960
297268
853030
227410
221744
461057
631463
803269
599836
613505
321000
496688
667170
799369
606361
373028
343905
794138
529977
885385
434823
345197
281124
747039
438387
955115
226391
473576
876560
481356
238807
822486
678624
905803
949896
714334
366862
581360
517604
866698
108833
738605
277353
589969
451941
697680
862997
