717738
151642
997507
911535
902134
844066
162247
663146
515699
680272
187951
498014
927117
664215
323115
839816
522941
601118
796438
881481
982253
696897
369599
708326
373475
170416
606148
772572
538086
250122
655157
255825
215731
652665
981326
931831
410699
143574
594978
826398
637813
596895
324413
564931
261112
461494
404748
684053
962613
115154
479501
858833
712051
663066
481126
899492
733483
987274
672065
271570
151364
327224
427395
181061
793855
322688
926858
204555
366263
521837
844919
904076
932698
169334
382974
193811
444794
687723
691830
407408
616843
985297
180209
328895
648365
561335
228388
381849
462577
714420
467385
427907
941644
708746
422934
649466
931434
349793
667988
211664
