771630
426874
115741
618295
410174
398716
712107
754969
900405
317904
976343
517249
303203
156553
660110
851568
531855
702464
147384
894432
416885
428735
236306
272496
137482
559240
735929
968916
809033
403918
994547
494630
730792
110289
112926
140968
322971
725033
709903
137343
856904
686247
468558
160108
656767
128669
825642
188623
645100
873026
897021
961985
301762
133328
148449
253210
506534
784378
136093
315568
102263
130641
710198
647021
954896
723124
601955
277868
362125
311859
229178
219030
898107
597736
279138
468841
540372
918746
557464
999438
791773
368452
875390
907501
315746
923839
974677
722280
708218
110771
937848
624447
141413
562013
271470
910275
285138
773425
188144
461229
