985285
231288
494225
797359
729025
673363
266201
183364
506076
637631
182803
211816
820049
958193
119318
135796
882034
907961
758076
504219
918733
609891
128668
874112
171905
214104
784388
271009
887529
786498
632239
786781
917787
126465
584141
560779
613795
664308
644143
933837
215906
640912
145655
935955
599106
978938
971751
395107
886901
643794
713293
805635
253686
741961
593714
325591
856065
378103
410567
657561
978567
856772
444344
896355
797203
842451
457135
324965
420727
915244
258804
536633
556157
304459
386556
969230
283398
358308
364338
170300
902103
977631
789901
969755
633559
383616
209314
403591
575685
519881
961153
554254
376654
319464
364576
173858
161916
721712
398824
396609
