550923
471594
833243
107082
676053
219800
890278
859451
392074
254617
843718
208144
232250
633620
177901
679775
831203
287215
983367
406889
707096
944521
861143
897716
263986
225721
885540
239868
761399
198331
536478
226289
569925
283688
147337
245979
317454
937615
919397
609528
192234
763116
717673
238450
310703
709540
818225
141907
896755
801593
448797
517818
660081
223907
329501
738033
263594
215042
791868
838959
313374
242313
879215
697265
426001
926552
843245
643455
864169
676609
166950
870369
353692
784623
922785
564395
494164
654977
520269
304886
370538
869066
636670
930619
906939
866171
582620
984500
895180
374489
823460
122521
516802
702676
719786
756769
543196
476998
400225
321332
