153608
467175
191702
321266
165766
928453
785662
473896
583431
219898
592749
853969
988964
229420
698556
809870
995592
281177
794371
804739
469632
531799
827260
886434
148442
547047
557170
591638
924046
771361
812970
891620
238537
818638
212888
218269
747092
812516
592166
330525
932414
184916
184495
835345
228302
783051
559182
137861
878194
267521
842600
347827
699320
669861
148228
747762
130876
605398
339402
954922
376760
966338
760509
429264
784978
787363
461499
532071
513846
867631
676562
360227
952547
675024
109539
994816
372042
568722
132678
250238
736243
875279
412031
349530
545141
460260
997292
576017
879624
250661
444906
170352
217001
119383
413582
815945
806746
775081
348017
320594
