642714
838546
494787
509228
513571
504327
504045
785613
973049
536724
935851
623259
325970
347884
872789
685077
622110
784048
175062
501735
934710
519968
486053
965677
453317
799635
781623
260065
574718
943606
394625
217433
782153
703378
540627
295725
207706
944673
981339
994721
395364
831157
617981
621334
993007
404737
306412
615118
188787
381474
930820
123498
715409
416874
903141
982692
216511
684765
156724
605195
542338
365315
722628
324493
968694
177222
434184
176401
121896
329490
171124
331226
160649
603071
766526
967622
907809
972939
582742
996596
268380
427529
934060
797755
744403
751168
694415
774880
435934
751139
380076
878272
116456
916670
116732
985150
993893
450917
161552
929755
