594373
146642
260983
568988
563680
927509
536612
471490
814415
933320
382053
896762
360850
230080
608484
919219
881248
302900
694101
231149
954040
974177
923387
884462
804815
940120
869613
798709
305004
845131
728465
799377
891774
803414
368367
455455
644891
718945
740911
373273
652266
936930
184002
913116
167011
692487
746302
862225
809353
440404
993374
677360
328549
916762
561823
133365
856883
431437
746040
975853
190536
388472
775232
896276
105854
957565
351732
650745
676511
906609
837984
328778
843540
921987
155861
824517
528441
802163
686743
337795
156535
680118
829122
299050
510847
390946
246381
367732
636350
892421
257552
640852
280894
846750
537129
286748
804316
702827
751459
394794
