TABLEROS DE TAMAÑO 2
10.56;0;0.013
10.56;0.004149;0.007
10.56;0;0.006
10.56;0.003624;0.007
10.56;0;0.005
10.56;0;0.006
10.56;0.002218;0.007
10.56;0;0.007
10.56;0.003676;0.006
10.56;0.003599;0.006
TABLEROS DE TAMAÑO 3
10.56;0.00192;0.007
10.56;0.004006;0.007
10.56;0;0.008
10.56;0.002341;0.008
10.56;0;0.009
10.56;0.004583;0.008
10.56;0.004554;0.008
10.56;0.003778;0.007
10.56;0.004476;0.008
10.56;0;0.007
TABLEROS DE TAMAÑO 4
10.56;0.004799;0.009
10.56;0;0.008
10.56;0.005321;0.010
10.56;0;0.008
10.56;0;0.010
10.56;0.004843;0.009
10.56;0.006472;0.011
10.56;0.004275;0.009
10.56;0.004297;0.008
10.56;0;0.008
TABLEROS DE TAMAÑO 5
10.56;0;0.009
10.56;0.004004;0.009
10.56;0.004646;0.009
10.56;0.004742;0.009
10.56;0;0.009
10.56;0.004232;0.008
10.56;0;0.008
10.56;0.004711;0.009
10.56;0;0.010
10.56;0.004148;0.009
TABLEROS DE TAMAÑO 6
10.69;0.004757;0.011
10.69;0.0046;0.011
10.69;0.004528;0.011
10.69;0.00423;0.010
10.69;0.004841;0.011
10.69;0.0039;0.010
10.69;0;0.011
10.69;0.003966;0.011
10.69;0.004412;0.010
10.69;0;0.010
TABLEROS DE TAMAÑO 7
10.69;0;0.015
10.69;0;0.014
10.69;0.004409;0.014
10.69;0.004531;0.013
10.69;0.004424;0.014
10.69;0.004541;0.014
10.69;0;0.013
10.69;0.004454;0.013
10.69;0.004851;0.014
10.69;0.004534;0.013
TABLEROS DE TAMAÑO 8
10.70;0.002857;0.020
10.70;0;0.019
10.70;0.004828;0.019
10.70;0.00572;0.019
10.70;0;0.019
10.70;0.004991;0.019
10.70;0.005078;0.019
10.70;0.002944;0.019
10.70;0.004925;0.018
10.70;0.005274;0.018
TABLEROS DE TAMAÑO 9
10.82;0.001317;0.026
10.82;0;0.026
10.82;0.005975;0.025
10.82;0.006299;0.026
10.82;0.00574;0.024
10.82;0.000739;0.026
10.82;0.004073;0.026
10.82;0.006838;0.027
10.82;8;0.026
10.82;0;0.028
TABLEROS DE TAMAÑO 10
11.00;0.008065;0.036
11.00;0.007876;0.036
11.00;0.003279;0.039
11.00;0.006649;0.034
11.00;0.0013;0.033
11.00;0.006219;0.034
11.00;0.003519;0.035
11.00;0.001813;0.039
11.00;0.001638;0.036
11.00;0.004711;0.036
TABLEROS DE TAMAÑO 11
11.12;0.010102;0.049
11.12;0.009565;0.048
11.12;0;0.049
11.12;0.004314;0.047
11.12;0.008655;0.052
11.12;0.00479;0.047
11.12;0.008268;0.047
11.12;0.003392;0.051
11.12;0.004526;0.046
11.12;0.007751;0.045
TABLEROS DE TAMAÑO 12
11.27;0.005532;0.059
11.27;0.010458;0.062
11.27;0.006548;0.076
11.27;0.006658;0.060
11.27;0.01042;0.065
11.27;0.00691;0.065
11.27;0.004558;0.063
11.27;0.005403;0.062
11.27;0.004389;0.072
11.27;0.008785;0.060
TABLEROS DE TAMAÑO 13
11.74;0.017262;0.089
11.74;0.008245;0.081
11.74;0.011502;0.081
11.74;0.008256;0.078
11.74;0.008977;0.081
11.74;0.007494;0.082
11.74;0.009066;0.083
11.74;0.013066;0.086
11.74;0.011553;0.086
11.74;0.003061;0.081
TABLEROS DE TAMAÑO 14
12.06;0.009756;0.104
12.06;0.012153;0.109
12.06;0.015877;0.106
12.06;0.01596;0.103
12.06;0.016816;0.112
12.06;0.02061;0.110
12.06;0.012528;0.105
12.06;0.021036;0.111
12.06;0.015326;0.106
12.06;0.013115;0.101
TABLEROS DE TAMAÑO 15
12.34;0.02301;0.142
12.34;0.016211;0.138
12.34;0.018008;0.139
12.34;0.017957;0.165
12.34;0.01472;0.140
12.34;0.019904;0.156
12.34;0.017843;0.140
12.34;0.056884;0.191
12.34;0.024762;0.153
12.34;0.018068;0.146
TABLEROS DE TAMAÑO 16
12.81;0.065751;0.235
12.81;0.027443;0.218
12.81;0.038053;0.217
12.81;0.03611;0.217
12.81;0.022981;0.199
12.81;0.048816;0.207
12.81;0.080185;0.239
12.81;0.031119;0.194
12.81;0.036664;0.200
12.81;0.033065;0.216
TABLEROS DE TAMAÑO 17
13.30;0.047558;0.271
13.30;0.046815;0.262
13.30;0.033004;0.276
13.30;0.042285;0.261
13.30;0.11209;0.346
13.30;0.042584;0.268
13.30;0.106504;0.322
13.30;0.21245;0.426
13.30;0.423749;0.643
13.30;0.050405;0.254
TABLEROS DE TAMAÑO 18
13.88;0.295821;0.542
13.88;0.077827;0.326
13.88;0.243967;0.485
13.88;0.045936;0.298
13.88;0.084129;0.334
13.88;0.555054;0.799
13.88;0.719987;0.978
13.88;0.089758;0.333
13.88;0.06548;0.313
13.88;0.211428;0.458
TABLEROS DE TAMAÑO 19
14.72;0.179399;0.489
14.72;0.100315;0.413
14.72;0.261092;0.567
14.72;0.245022;0.564
14.72;0.068453;0.402
19.13;5.75122;6.090
14.72;0.112265;0.416
14.59;0.112693;0.453
26.08;18.1787;18.511
17.63;4.01267;4.337
TABLEROS DE TAMAÑO 20
16.56;0.647374;1.036
15.38;0.172377;0.569
15.38;0.37286;0.766
18.72;2.23404;2.602
15.38;0.206234;0.567
15.38;0.312721;0.682
16.37;0.571716;0.943
16.54;0.87392;1.243
30.09;10.7454;11.144
17.45;0.962079;1.327
CASILLAS EN BLANCO = 0.1
10.82;0;0.025
10.82;0.001143;0.022
10.82;0.005489;0.023
10.82;0.004772;0.022
10.82;0.004681;0.022
10.82;0.004713;0.022
10.82;0.005096;0.023
10.82;0;0.022
10.82;0.00457;0.022
10.82;0.001253;0.024
CASILLAS EN BLANCO = 0.2
10.82;0;0.022
10.82;0.005136;0.023
10.82;0.005054;0.022
10.82;0.001225;0.022
10.82;0.004817;0.023
10.82;0;0.022
10.82;0.004566;0.022
10.82;0;0.023
10.82;0;0.021
10.82;0.004707;0.023
CASILLAS EN BLANCO = 0.3
10.82;0.001529;0.023
10.82;0.005259;0.022
10.82;0.005996;0.025
10.82;0.004843;0.022
10.82;0;0.022
10.82;0.001368;0.022
10.82;0.005355;0.023
10.82;0.00516;0.022
10.82;0.000719;0.023
10.82;0.005492;0.023
CASILLAS EN BLANCO = 0.4
10.82;0.005586;0.024
10.82;0.005743;0.023
10.82;0.006581;0.025
10.82;0.006322;0.024
10.82;0.006018;0.024
10.82;0.002858;0.022
10.82;0;0.024
10.82;0.005475;0.023
10.82;0.005753;0.023
10.82;0.0025;0.023
CASILLAS EN BLANCO = 0.5
10.82;0.008612;0.026
10.82;0.008589;0.026
10.82;0.001286;0.024
10.82;0.009929;0.027
10.82;0.008064;0.026
10.82;0.010316;0.028
10.82;0.004489;0.025
10.82;0.007198;0.025
10.82;0.002465;0.026
10.82;0.003191;0.025
CASILLAS EN BLANCO = 0.6
10.82;0.049787;0.072
10.82;0.030475;0.052
10.82;0.038334;0.056
10.82;0.024434;0.042
10.82;0.018089;0.035
10.82;0.04811;0.067
10.82;0.052107;0.077
10.82;0.03294;0.054
10.82;0.026903;0.051
10.82;0.032688;0.056
CASILLAS EN BLANCO = 0.7
10.82;0.2353;0.258
10.82;0.22517;0.249
10.82;0.266738;0.285
10.82;0.12612;0.150
10.82;0.168699;0.191
10.82;0.284523;0.312
10.82;0.177078;0.201
10.82;0.188711;0.213
10.82;0.11809;0.146
10.82;0.302371;0.328
CASILLAS EN BLANCO = 0.8
10.82;1.23447;1.256
10.82;0.141685;0.166
10.82;0.717229;0.739
11.48;1.73115;1.756
10.82;0.755523;0.775
10.82;0.824188;0.856
11.00;1.62023;1.643
10.82;0.679625;0.709
10.82;0.305134;0.329
10.97;0.377118;0.403
CASILLAS EN BLANCO = 0.9
12.82;1.92501;1.947
13.39;2.55841;2.588
10.96;0.848536;0.873
12.37;1.83975;1.866
10.96;1.0817;1.103
12.86;2.0656;2.088
11.11;1.02453;1.054
12.61;1.91541;1.943
11.55;1.23202;1.261
10.96;0.471345;0.502
