# x y
1 23.612721
2 23.033743
3 22.745716
4 42.339381
5 42.11278
6 42.054187
7 21.830624
8 21.586847
9 21.189567
10 40.764235
11 40.600948
12 40.242399
13 21.773087
14 21.508219
15 21.299363
16 40.924826
17 40.718463
18 40.457474
19 21.60804
20 21.273269
21 20.988756
22 40.678769
23 40.410039
24 40.228608
25 21.721906
26 20.945361
27 20.678876
28 40.935832
29 40.756693
30 40.444524
31 21.548774
32 20.988729
33 20.602472
34 40.813951
35 40.597828
36 40.33012
37 21.914711
38 21.364112
39 20.937859
40 40.841236
41 40.559604
42 40.338378
43 22.272627
44 21.641891
45 21.330854
46 41.538977
47 41.248305
48 41.042928
49 22.019823
50 21.611559
51 21.565362
52 41.500935
53 41.329402
54 41.052007
55 22.11557
56 21.713767
57 21.424274
58 41.298401
59 41.074298
60 40.927825
