# x y
1 21.869478
2 21.536457
3 21.394276
4 41.41291
5 41.059439
6 40.761449
7 21.988845
8 21.307315
9 20.968255
10 41.425038
11 41.190535
12 41.02226
13 21.725001
14 21.407273
15 35.234087
16 41.322318
17 41.090766
18 54.796088
19 22.153547
20 21.9031
21 21.621844
22 41.940726
23 41.697865
24 41.57343
25 21.740236
26 21.490984
27 35.396573
28 40.979635
29 40.786721
30 55.213039
31 22.137106
32 21.602029
33 21.435756
34 42.001918
35 41.740438
36 41.590034
37 21.598207
38 21.362034
39 21.019571
40 41.497565
41 41.251924
42 41.052117
43 21.897286
44 21.403018
45 35.213595
46 41.613613
47 41.38971
48 54.666765
49 22.105411
50 21.571634
51 21.422845
52 41.284358
53 41.026151
54 40.921285
55 22.068572
56 21.824107
57 35.613309
58 41.760633
59 41.487435
60 55.350731
