# x y
1 22.235144
2 21.9101
3 21.646807
4 21.500832
5 21.352148
6 21.1755
7 21.858577
8 20.975033
9 20.781025
10 35.123198
11 34.939453
12 34.744372
13 21.548072
14 20.8971
15 34.854999
16 34.644037
17 34.428274
18 34.212505
19 21.754563
20 21.372405
21 20.959624
22 34.714244
23 34.508851
24 34.234747
25 21.666982
26 21.365953
27 35.106022
28 34.740171
29 34.524805
30 34.294467
31 21.287955
32 20.761807
33 35.733742
34 35.468428
35 35.294688
36 35.132877
37 21.413033
38 20.963227
39 35.23515
40 35.015819
41 34.746901
42 34.469948
43 22.109326
44 21.811041
45 21.662018
46 21.413823
47 21.209282
48 34.382574
49 21.139174
50 35.803222
51 35.568735
52 35.345806
53 35.119442
54 34.871518
55 21.622591
56 21.013429
57 35.283887
58 35.069166
59 34.822347
60 34.539764
