# x y
1 21.853491
2 21.376517
3 21.114806
4 20.975806
5 40.484032
6 40.159593
7 21.579777
8 21.366823
9 21.030295
10 20.319137
11 41.099671
12 40.786619
13 21.292283
14 20.861586
15 20.683277
16 20.318342
17 40.188612
18 40.093487
19 21.2592
20 20.808005
21 20.435934
22 20.109722
23 40.529216
24 40.282952
25 21.481911
26 21.285436
27 21.010755
28 20.772354
29 40.766735
30 40.542673
31 21.462375
32 21.311828
33 20.669838
34 20.582439
35 40.628954
36 40.375675
37 21.663558
38 21.265344
39 20.860135
40 20.591524
41 41.001105
42 40.75901
43 21.923114
44 21.421097
45 21.187452
46 20.874488
47 41.332383
48 41.123347
49 21.620073
50 21.129352
51 20.819251
52 20.518784
53 40.897719
54 40.697198
55 20.569209
56 20.247417
57 20.415049
58 20.243792
59 39.689962
60 39.451808
