# x y
1 20.340655
2 38.705845
3 57.523308
4 76.57909
5 95.700617
6 114.483405
7 20.352003
8 39.070117
9 57.804579
10 76.78373
11 95.558201
12 113.927357
13 20.624359
14 39.175045
15 58.165191
16 76.777706
17 95.632747
18 114.818079
19 20.682539
20 39.170419
21 57.699916
22 76.795729
23 95.516688
24 114.570327
25 20.237361
26 38.963192
27 57.634107
28 76.544158
29 95.281811
30 114.053321
31 20.580543
32 39.985948
33 58.703196
34 77.539775
35 96.334781
36 115.17207
37 20.707404
38 39.143317
39 57.803268
40 76.858961
41 95.671962
42 114.383241
43 20.312839
44 39.026361
45 57.407626
46 76.517522
47 95.403912
48 114.128494
49 20.325117
50 39.036199
51 57.781493
52 76.599818
53 95.154084
54 113.703648
55 20.401624
56 39.081575
57 57.890299
58 76.693007
59 95.349253
60 114.266804
