# x y
1 23.867038
2 23.531115
3 22.966832
4 22.803423
5 22.61594
6 34.17077
7 22.356284
8 22.068201
9 35.994878
10 35.781447
11 35.515574
12 35.158139
13 22.719614
14 22.317182
15 22.063504
16 21.733108
17 35.163224
18 34.91489
19 22.287849
20 21.731794
21 36.172813
22 35.946866
23 35.76652
24 35.546555
25 21.803895
26 21.58999
27 36.298608
28 36.095484
29 35.820974
30 35.605237
31 22.16032
32 21.971252
33 36.431621
34 36.164197
35 35.960917
36 35.674271
37 23.018398
38 22.408528
39 22.207773
40 22.046859
41 21.85116
42 33.852059
43 21.605196
44 21.155462
45 20.968218
46 35.47669
47 35.290493
48 35.141181
49 22.38676
50 21.813363
51 21.543447
52 35.561159
53 35.420355
54 35.057028
55 23.128316
56 22.400143
57 21.808107
58 35.680971
59 35.398348
60 35.164303
