369303
470778
985001
766032
767487
384451
338635
858877
412728
971606
863763
698109
387973
851060
215625
256177
315422
172672
892685
652698
402033
955561
932992
601399
680252
866318
534157
809185
977164
805022
823244
260434
189768
722212
840433
857255
920630
179069
630100
333359
964642
493864
845434
266582
344925
961059
422760
560347
947698
315446
127013
263698
184974
960005
765097
679192
740291
213222
488378
631422
918244
225590
791857
108013
761768
632291
779235
596365
711360
409336
743691
589969
717166
589126
756552
876057
464153
179313
436406
325818
394759
377385
489516
393699
337391
254615
972891
891648
367837
375236
523072
200048
414792
314930
122028
176562
847221
801263
672927
472548
124566
330585
962518
655698
819712
719071
531756
283866
798384
782128
423650
107110
159514
813166
314775
310872
967781
287667
202521
249585
476869
539559
263600
791662
754489
285628
782190
601711
900857
369084
974260
839389
599670
850745
409054
419383
569817
840810
517215
282168
536906
840865
289278
596420
567998
504053
721258
449747
605686
737746
599332
896521
277306
676898
688184
931796
776492
384341
447474
677350
653426
335701
430706
253097
186447
739760
486446
570230
494538
817627
752398
931444
572459
941676
441831
140458
359696
977056
490205
865382
714803
903504
761905
892109
580403
364056
737872
356897
648398
185348
848213
215791
335015
192887
368888
335429
746613
669300
805659
241152
486928
558059
986562
873353
413702
342361
913811
587365
319418
317984
452748
934221
135455
128620
740297
615858
306643
478171
786721
769007
477485
548902
884798
712500
555755
253687
861895
302369
736953
667556
443522
137848
139582
344051
911201
367250
586412
738979
854615
719796
870929
221331
654018
906384
249951
394317
436210
370560
686454
222932
139568
163940
585800
924366
690406
141556
992019
552303
343926
728973
133826
601414
680787
173408
759431
591989
354624
345845
244936
209241
965641
115866
330572
533627
922251
394489
741910
272428
579016
428365
309326
618584
406271
795127
542952
996677
750649
448938
548981
908541
177913
496773
423922
758700
570181
183355
264657
738772
343166
323559
848013
222774
339425
992551
656401
175643
301007
398312
348071
780023
640643
557398
398609
946914
266492
755527
857559
917141
204466
406541
739650
196345
717281
163573
769012
287463
246928
933669
840201
490094
257229
688215
612869
410620
594733
183237
400230
795741
395516
562267
489731
936159
119666
788340
797041
200124
457834
654601
931232
476267
875108
670883
572612
592390
734456
255591
779854
881385
189261
534022
285446
260456
222239
798315
485043
716972
795519
785273
426680
191036
347541
816412
127196
281174
518719
824237
295264
876554
478839
226497
266788
353949
797380
739400
846339
445804
894992
540160
241156
898219
974183
426602
972642
110389
138885
457686
641327
834404
156926
881974
925440
318433
698387
866602
499607
131073
604807
608838
821593
983646
735335
988381
251562
446683
641749
911868
792487
450708
365995
933643
262894
254145
360246
235537
178500
313097
507189
633794
147502
478081
515769
886908
696515
128123
753512
110089
159196
358320
618927
880790
255933
354264
869172
321462
614913
424888
147297
407401
775596
413292
341045
938491
481404
515257
987994
559904
728355
495185
193699
689823
873266
523434
576733
483748
551557
330246
493838
610754
502532
926731
491545
572431
194962
274684
793893
709875
599573
841190
117277
289136
168450
272288
227628
549854
687546
215624
923724
329868
524775
931390
919691
312008
454825
496425
695757
906383
640637
103562
431104
957135
930293
736615
529568
125257
911299
323462
649098
424839
978619
580342
613976
147070
752630
655570
510890
354143
771194
348581
584011
295970
279972
503704
421945
548764
814095
117703
369114
454734
121265
700218
411870
865524
436834
755404
804747
262100
892833
453847
500906
871453
934189
114883
832489
600786
670453
257346
854930
355615
505927
438942
465551
599866
756612
787496
962596
570709
719165
331711
839409
740430
845895
165246
519922
196696
820651
324670
358796
627451
592483
673668
498905
440639
688551
245361
855392
272972
316673
710323
442553
636566
963231
808104
236433
633811
509568
112996
118487
228734
258673
857896
783131
104569
837108
303054
201265
571726
441690
374028
199178
848140
947696
598083
288780
550215
657410
958138
637153
874083
668462
979706
510651
545661
701777
561050
993438
211346
574047
111926
340081
732720
783788
123213
651256
620897
240233
752521
192625
581923
940515
291803
430064
802179
703853
532811
266361
275230
404916
803514
149315
887345
783221
473932
433007
484999
934982
426446
510312
422996
352338
750393
155718
136127
687572
620940
657024
827805
373462
663615
323695
227945
855419
567726
930124
473239
914503
110452
648469
319420
813966
611750
206766
511154
985682
453739
810119
920666
694151
320432
343663
946489
884791
313347
982616
572364
834287
553608
400170
121717
217224
623866
163628
886609
191593
993752
359849
106097
918170
822285
239483
732137
434036
346250
243292
419720
699989
867377
254353
394142
187811
498016
340632
972602
625330
237216
458934
459618
690824
759104
395301
722014
296937
458929
608625
302496
366648
782440
222559
284819
518692
362043
916956
852729
608293
974214
186416
222249
841593
340769
516391
843370
652751
670990
729939
192048
722172
188874
551667
412997
761945
760934
948977
958882
219865
471569
175346
400479
254011
297905
585299
672703
473914
416222
439399
982207
304404
525815
118424
959963
680550
534815
803334
247269
119772
447240
339317
741944
536115
704950
968907
212027
465886
917886
984875
499717
389456
160222
800196
457433
272094
299462
944103
646008
615685
383503
542183
820089
723285
560607
780053
317802
909388
497354
465071
929161
844594
704389
585072
294676
323306
553981
406703
689192
385834
391580
102876
589256
365768
803073
946690
537862
102536
890794
183872
532187
188264
540021
352277
725515
100629
946296
943318
910017
443651
322356
753145
202213
926745
252185
396889
250053
620132
617559
753211
905966
823105
756088
495223
188874
473128
355880
626737
389630
160641
624575
821818
162872
164597
988061
788387
165226
848325
731706
889209
205943
954063
556322
308156
794775
622473
519012
858794
242606
136572
525973
148573
859677
196028
457762
948551
569156
627609
489255
858786
688250
113831
594571
751122
992393
582634
453477
971585
430960
185184
774762
450869
953213
331085
659026
661956
853558
992004
520751
996164
128577
860690
958703
802220
956718
330432
664738
525875
858041
153995
298629
460259
981791
793200
125348
888152
289801
478825
859738
534727
477976
634501
885597
431190
779552
544624
907112
547077
536629
341831
457208
479172
202522
415912
281393
159242
560311
760097
499083
332319
814092
697712
692578
709851
404880
717927
598004
594681
196753
371709
129410
574729
906211
915007
819886
599730
373598
726999
146809
810227
968830
504017
203366
985319
733896
298725
144562
294208
958822
543645
526527
686882
155325
219107
396734
460205
751000
808704
954886
761719
994379
898262
250416
814557
813270
970302
414289
186869
611268
461098
811062
494066
865115
914428
479386
599012
213154
437914
707186
171978
795525
233715
758860
850850
266788
969560
225022
831754
692231
179910
593474
686611
892138
743890
501170
705410
628159
815459
706245
153395
190524
517309
461427
955639
345704
840813
468619
372825
278728
175806
358769
974253
223487
931595
739071
390275
815122
864093
222030
507354
857969
629471
107932
750109
373362
423068
369486
815488
152494
975731
782849
243018
407007
244277
112625
652712
985090
481244
839503
177785
471016
198273
966004
594504
943834
619042
798745
758957
483137
920776
266312
255073
550248
188210
819148
737576
511279
188635
467031
477739
164368
249881
620758
385341
308124
547349
852019
207181
842559
691523
198932
313576
703762
164938
722046
647597
597946
520793
406555
895049
355536
486833
150124
719750
575044
869272
457327
900289
957908
738325
378029
936242
802172
812753
235550
110298
360103
987570
131445
202663
679094
230378
330206
296824
209282
952252
844421
707228
387012
164944
602279
642548
551777
652403
362299
940787
435642
633593
755043
307517
371919
133074
243760
988057
759793
293277
998355
119898
280848
129802
136527
773908
260180
366733
970732
369462
232953
729121
890656
519965
794065
492936
162515
259809
959305
338780
200598
394949
872373
855641
602466
158259
802681
660193
146318
562476
853470
958639
496340
134319
902407
532867
722193
162588
713567
692927
346016
846520
422049
150640
366486
130081
543576
342967
289890
502883
581748
304454
797832
368088
974062
314265
426348
690710
874458
472666
167153
641895
431306
563493
590180
333715
910327
312375
310269
537861
905302
470252
384382
241318
434858
564834
185365
878434
721768
289221
295284
303517
493676
993116
571605
381705
221349
811919
972415
995807
284586
139570
551670
529859
517029
141851
677540
341323
354226
801775
779184
173495
185994
977532
228779
520852
456334
314144
399288
178103
503366
594572
295586
811008
501656
767191
192714
623005
579112
979095
532779
677664
932631
984449
121490
363628
940267
699030
604951
294494
414773
298103
367990
500767
189602
496769
835586
545936
624880
234875
624039
942212
643413
733591
753221
959035
500784
759901
496007
893862
738997
842753
485493
585596
741169
506984
849224
681437
119981
368142
875932
434754
480211
157889
749488
569814
468624
585075
929716
907470
633916
467723
849683
191296
201315
602905
964298
516065
276773
460306
323894
829737
303060
709388
415334
944230
130339
178525
539634
150320
446667
329533
399041
740845
387422
962495
310660
670013
547571
154343
577484
995453
522066
341135
186750
537348
758006
151049
953413
934780
425322
277309
764518
542348
800663
993818
486579
831002
172344
840180
795288
432977
169714
194330
173823
371103
156826
384483
941116
518363
352793
432567
513817
688825
673702
514534
226174
431710
565583
993554
280457
804871
270864
858941
347221
885493
852760
647766
716496
839070
487947
511785
272048
557662
520082
345872
828765
576908
544321
769882
909238
797114
116416
423056
485941
604085
751556
526081
849761
317141
519636
130219
935978
604466
803126
283200
489960
655887
830967
206457
494958
318915
532209
667006
776577
952291
826844
519309
443166
371167
203158
352405
168282
219575
589428
468189
723660
340985
894271
487388
472092
413908
517607
408072
918375
234700
505238
408336
790587
336206
428760
199512
469088
860969
680484
245666
727227
507330
578942
170394
778497
682100
336766
760745
715641
740160
228936
439302
895111
123208
740656
367205
351082
172230
589243
269458
306930
994481
491761
911483
244655
820521
110996
613743
681491
605447
673375
322685
926743
252318
393079
619207
834419
543811
379953
550061
283972
422855
803330
179085
360029
543987
360256
611112
530184
763465
780570
737114
671913
272332
648599
816568
992853
573561
344278
588311
179009
917654
810996
919718
169973
118043
538926
818358
561854
818880
282387
659793
155702
985717
652844
415732
443671
827066
926844
873855
590532
707415
524937
262446
793714
173537
892981
700534
647098
237260
202813
640074
154915
827775
559793
138855
845818
998720
857213
321640
731567
953566
795399
787269
853250
448244
116968
296923
275311
943812
984744
679809
565195
423648
756221
272876
497185
649203
873410
958250
786464
976223
512291
755345
717966
886050
794200
563785
798737
565381
699391
530305
518948
408757
231542
372200
757001
248510
483089
846278
106290
381800
440054
571485
705449
196277
744361
116601
745480
531738
888817
445911
421929
315075
201258
139896
201127
809424
517647
899864
288772
217040
344137
621687
439763
389645
893887
196766
452121
290943
857010
458411
572743
297066
843862
192159
393343
502190
122727
952789
933929
911544
398702
269825
226621
413926
309721
241714
137317
727368
141579
326090
758374
299682
847777
198139
589327
655631
208871
941449
846574
879847
313827
333284
990879
157691
339410
298189
559881
276103
250980
407777
101614
463648
577602
142201
691540
701289
283915
642823
342625
239461
868913
914965
439143
630657
927070
928471
200255
949907
783887
860795
829756
997714
194081
734602
155406
347457
932792
529254
523560
997738
837031
525174
375353
328601
567376
966893
843856
665257
609717
186482
804718
392598
101449
243863
837221
842485
986300
937477
792394
770188
798273
536117
767903
806320
270720
823310
153778
203513
266531
491304
115218
917528
830445
390571
246130
311788
357465
989987
877045
781149
990435
681765
987713
991884
739594
824935
748337
725895
762413
540732
496084
474654
976849
177954
280975
247570
901264
334754
265050
981761
640024
280268
899291
470470
570840
145422
682258
742271
949375
473271
437387
939812
155037
425101
845663
708597
164004
594001
348459
826417
134734
658509
301072
925549
736463
396014
987086
551695
630768
252137
533457
184759
346371
432749
555230
731177
392138
151455
473450
341514
524726
724803
195293
493729
149906
940957
202327
127876
448925
450786
854293
397626
109296
969332
323176
745760
365347
310263
211422
810081
376366
644879
808806
622738
977629
364037
353916
369768
415493
641332
525248
754185
280103
620542
247916
330009
475466
264209
271851
824391
614996
940110
222018
538258
909443
359161
197985
188757
483390
309407
812804
673723
854287
621612
296462
745883
799615
464344
115652
129075
919643
540900
783261
199747
975408
845143
343722
450875
109353
515573
275268
538315
455684
311252
976574
279095
570413
988525
281818
867770
211900
908589
541494
880153
530202
651922
626037
243784
930232
555655
272860
849876
910521
870087
863589
885931
715231
207312
250773
724584
536851
426041
262901
806502
551260
153442
985597
121674
955933
181382
803410
167834
989971
344905
947987
434140
896827
487991
577925
827061
943646
664751
590904
768135
534839
454495
568033
164037
561807
718806
702587
912625
958814
865488
719128
510075
832896
704726
531749
788831
700074
249127
770631
690047
494032
718620
124188
304827
120578
516079
945854
878191
180831
536759
646327
529636
891254
128327
593673
367029
747133
296262
279655
705948
975716
812749
216024
808614
431442
561740
511412
131517
710867
282044
721564
118866
814630
659719
323693
749175
175799
269548
627367
170597
706308
273695
600233
511529
302022
193908
778558
863121
304136
872179
569071
279853
598895
599061
902433
930337
160802
413846
961855
771669
509857
597386
704502
238454
257106
928195
887629
246872
197745
514997
317469
718019
602658
817702
229549
718646
825576
822074
581769
129713
608220
964806
309567
207117
563868
212001
137455
624671
439814
913276
310307
763637
510664
914809
816057
581736
756972
703688
728608
854717
132652
860043
486703
549277
677747
530218
267924
417290
266259
663659
447004
774480
628466
656571
795563
192336
682538
746984
630973
936318
574228
755246
699956
984892
584023
429981
480595
340996
133670
123171
109680
980287
883214
496383
529565
474928
926601
611456
792219
106828
275116
239224
781308
717549
709761
490838
723851
306266
237823
354825
242586
712051
924037
756508
610910
508061
186490
905472
749057
134126
928643
758737
928380
725824
255121
457946
114720
995689
883368
806939
916483
972451
860129
697792
690001
483857
102597
413853
690123
240420
582644
746675
766438
506682
503185
291315
914744
503641
196788
663802
537768
939397
336507
466149
579189
405594
738061
593909
401284
621431
314815
231734
507849
988910
829526
197851
472768
832123
425670
976857
886510
822280
723534
566915
328963
140686
672196
157674
544327
682951
721477
896061
622349
957984
276177
115505
363579
914239
609414
578830
449637
824229
710564
771452
727106
454058
869303
199875
200148
208940
990699
900624
931220
628200
381506
260184
668886
953703
317859
127180
636655
853302
837208
172971
725253
113386
188477
902798
841591
611857
395595
205195
350054
920126
876647
977160
374185
659917
177037
388299
768857
981702
202891
700078
609903
484397
774229
192756
352067
906054
133902
802688
673323
871110
789626
312543
798463
878103
215342
640055
403927
510938
659217
653981
431065
535865
631143
619216
109750
622146
821481
778607
603849
924372
392653
213753
322737
980848
220475
488770
800869
254377
291460
474193
125489
981086
686736
737918
773156
716044
377974
177084
226983
851157
731066
472014
300990
276176
905196
310740
798322
640645
903313
402172
478984
209933
429891
701721
190782
464332
190493
891651
618709
295919
279811
558164
277006
780513
296083
864128
496559
488024
941212
537508
339182
586245
909523
454138
762421
728686
664878
474710
369332
568193
690848
662283
678126
120740
364005
682875
399038
368464
488493
917748
478349
668305
389879
655355
448819
585963
433450
845378
887953
374664
382888
141102
774875
206378
495241
451264
749030
974085
825974
932329
456245
516824
594613
948338
451530
772584
631214
750569
955015
119708
668318
433365
601979
872163
902687
950799
458127
336138
710144
260047
524768
906998
301150
299645
113377
696391
650909
676374
670477
390850
608704
126724
807674
203318
975062
259206
875902
520243
909775
744884
453917
492060
178251
955897
364224
980938
820663
636318
317077
530808
796365
655812
351774
997515
855457
279117
607873
420333
855491
192318
711183
464196
219042
518859
481480
108071
592031
271350
442280
501807
916234
796197
807833
994485
752095
172058
889390
572759
708376
120435
917534
418709
676247
183275
416225
531705
362392
838065
766004
131851
930383
391154
496047
149426
723979
791494
971462
316011
962844
413743
631784
793045
123907
439618
701498
776003
425643
590889
262729
134020
611324
994229
366695
287572
177505
682921
633243
353864
434953
313214
385715
365337
604369
695728
328729
328349
487223
300192
544361
364034
527901
176146
971046
551808
429731
672545
241778
755374
177401
318474
703360
688726
226670
970056
790264
304176
566944
337475
472006
901897
550689
757721
267235
155059
453450
495964
297375
754640
610122
655702
932640
951989
645814
903687
417764
975545
490199
559543
730920
567601
691983
348248
170294
818653
318305
774524
936795
785249
112000
408802
601113
562690
980489
768348
531715
347907
178279
729090
102548
602367
298759
849154
554357
844574
666809
872121
820120
157009
345631
465008
538576
937614
713256
608870
670235
845527
383396
607031
630777
309362
915834
145857
772052
896324
728171
217735
244232
806450
760791
160746
408818
959551
909901
777141
804126
490677
649263
538213
547686
808861
903221
986263
660442
530444
509100
330678
375972
792496
837710
906749
101860
667511
866572
687878
477802
594744
805613
536001
401195
566406
510713
623979
439924
334581
401121
244051
725258
864351
682264
272946
673213
585487
173176
333656
115932
582276
478301
305871
288740
316012
212621
290600
797489
893160
792444
275292
487905
512025
711293
703067
892397
222008
241013
332322
456589
542135
476373
995814
320453
972603
268761
807632
472057
341937
955254
401956
824213
433556
607827
926919
563534
634414
217520
361024
527575
823931
450283
915481
335957
161577
532515
228355
197551
673528
374643
468107
215664
664982
463922
350083
637586
546649
157716
109645
788586
926937
411601
526766
360494
919428
367653
737995
467809
485173
999019
895385
223071
449303
724833
372994
424847
257349
415315
436364
830877
689958
718437
860508
354941
182360
210592
892528
542975
182275
902173
245528
109213
227741
586261
283673
961135
853914
835634
428945
253054
834655
238297
376126
197925
863130
649120
436738
120480
964436
773103
851358
654395
405507
711867
823303
487868
736425
715832
844809
732666
531972
990338
655845
573679
576600
839519
534815
430515
589120
777726
583569
337742
916024
773661
435668
779155
422783
686372
713602
301186
373442
564961
769547
678950
190795
592851
980784
741186
222650
825594
473854
654622
815933
129700
142268
306500
783185
491049
637015
372307
268777
134552
610049
998767
808213
859683
777923
144963
546057
491526
260115
819499
870453
929663
498450
875214
436481
393201
616402
559132
218797
990256
127721
848696
119957
169990
155198
717109
561039
606179
989416
643782
640731
599466
642550
362912
459151
334441
321841
819174
639933
481957
638674
510388
411621
951091
299569
748102
344293
815971
221201
377056
806228
248923
139720
740152
318913
194918
457262
693918
615063
446679
251668
169762
860111
794218
346640
233229
128660
568481
952403
582560
950438
505045
992948
276026
456137
292518
924129
614396
922456
959296
805419
642651
208220
845139
382804
341099
854023
654032
848984
469087
914677
100653
452815
774790
794871
699455
821985
737498
267938
774390
320059
132343
279436
226974
308370
549539
333458
146466
163936
255915
105763
783321
798567
213984
628461
995337
369049
482485
563337
218034
765539
478015
218687
218355
166772
827525
817811
888758
565024
899715
577115
699049
932058
756551
826023
240429
220057
159482
286895
283993
229364
206625
881281
841897
234575
509743
837235
503624
806195
400573
535625
571735
692555
568278
604056
759327
395804
421868
562052
774794
235550
139168
473844
167610
709685
213834
222005
829742
187283
322867
927702
316647
429492
808984
158545
564067
318728
809746
881657
124924
124287
417283
510625
630808
885562
114683
390136
195333
350517
766155
870128
486068
805323
257939
467644
515010
371774
589649
344753
459057
812516
272456
589670
242009
981440
648215
620042
214136
371928
415667
153026
310181
732950
563652
754955
532479
578335
959058
627813
742818
725214
411908
228887
530538
569847
596531
859514
755587
100148
204269
214645
812664
290691
704315
868640
186099
266497
488683
300235
452392
718316
353261
576539
365234
730879
331496
797713
223181
290555
339493
866000
915769
565367
908853
360274
949181
419352
133756
704769
419500
238025
819415
146131
342682
523731
914771
342747
604195
317422
456948
956587
935738
710210
447093
300973
355056
678589
912653
478238
869144
166113
258205
698880
631481
981024
873121
580663
400377
906877
285433
633843
958868
104849
679975
215517
442547
508713
458265
860708
726135
815213
731262
575841
439390
178356
690780
694447
756946
603434
986651
540057
669548
158823
152905
301030
139848
926026
781693
354192
746870
881092
888035
705739
799908
481977
821256
156422
804657
193488
917130
444759
908702
648393
920600
348093
726749
611382
856506
397662
128783
757124
837720
698331
815947
890625
813327
855796
730618
508987
209989
477489
390081
911990
997194
189990
307935
732417
246412
112593
825906
977508
457352
648575
625902
291920
810634
266618
717268
581108
564281
746051
338233
402002
444384
154182
206594
257712
823944
837212
666700
933933
228668
870747
759890
139829
960737
967825
772246
121116
980418
512119
998624
351738
160695
538493
543658
785296
705111
260927
366405
183359
906978
604638
485361
265329
572786
505921
337008
396731
257100
817674
244631
385768
688422
904522
339563
563126
872348
111811
584242
766734
437896
496833
118473
412558
849292
476097
197855
468370
637024
378226
551730
457969
796830
851057
537265
369618
356980
774273
580315
514080
591948
724947
713815
194337
543436
953378
657463
329751
879155
241706
996485
231019
552505
928924
543577
315764
405022
641432
684134
856012
833624
235865
227949
630455
900889
665214
814039
171836
353454
394356
499882
759368
933269
213698
853705
390672
981043
511169
620423
774165
566841
616910
905184
933312
459801
448762
249077
764824
904160
833211
620837
651751
883043
748786
282208
783933
327967
996247
855769
581421
304570
355652
340790
237840
383317
194496
442478
278327
519631
962902
866458
986472
493779
771644
919785
853580
134373
982828
618405
852500
816041
153210
504252
613051
715962
600426
396985
943930
596675
166721
439318
715211
336339
680109
767018
533622
688571
209497
711949
122170
172400
492375
922608
566179
264020
756361
333727
212359
739190
852132
878825
555232
819308
297045
168284
535272
797471
379235
479203
308113
359922
818521
923325
510228
412597
690344
943850
915135
713807
569767
937305
786208
962142
859914
266354
140129
616276
414047
166454
269434
266181
945280
724666
899455
242326
706917
434728
853763
900118
727897
161878
260042
460386
985203
670270
686949
589514
528087
516051
303322
997854
453357
903496
873963
227239
983817
828058
657481
397865
894513
826915
478012
839794
465549
377469
896086
986432
626163
749850
886551
268028
811728
960559
628414
710898
544796
229330
214379
886850
645382
331668
884705
912705
235165
672636
953910
132949
500695
611393
430815
395209
352275
808827
148970
631790
100263
859022
618223
626427
608874
418742
708421
334569
379302
336836
859434
738065
466166
973813
624916
925514
305482
423588
838221
354614
910190
792132
301529
410887
317492
632344
620062
569768
355139
669033
201559
269368
528056
633749
709761
950896
952491
418183
285467
245760
568985
958867
797791
849118
932681
336674
774633
152131
660263
612855
320711
570454
318955
522240
795307
536447
968551
415371
920181
237657
984404
935707
407025
426427
569457
116788
377325
435915
348937
476758
581675
817923
435626
293434
667042
282274
530108
441676
248371
190372
868498
383048
574793
187454
719255
370101
537867
687807
599438
458050
825464
497809
393758
146456
824237
777181
977209
115529
213097
326148
406253
608738
144072
655845
802172
711114
752085
332282
152791
900457
336620
835255
283506
725379
922709
902761
909447
460578
504535
508886
732594
243966
906696
940318
290423
644900
717500
181599
660429
744563
407747
880648
353302
365785
536494
969441
976899
202546
215690
943657
103004
452310
778913
200477
991656
615590
917204
901104
890134
335707
409991
622729
479673
316688
563048
584062
861588
194515
665662
435984
839078
887375
230599
192381
253162
581059
975788
144028
683606
191479
987685
600576
543790
680566
701053
449413
296157
532225
350518
186292
767932
660509
622987
161572
791164
100002
645635
566719
194517
225264
816670
933595
926605
947269
939942
179768
442296
915732
223797
125903
107212
125449
626479
464968
706015
241500
814381
816138
673725
164900
902430
355624
639376
439384
417196
430541
439386
876797
897260
533903
102062
627897
467499
928668
575168
407443
922402
917464
323176
960165
857333
244354
985615
483813
609323
691631
539279
337671
507771
213005
402572
324168
382595
855914
663553
699792
286456
916905
576590
997682
450810
492619
625581
732275
335254
114716
139719
171623
846146
276861
131790
703480
335182
117406
101260
758471
623003
540540
996142
944740
567511
312681
182876
850107
168596
746429
463866
269018
577301
854422
266702
928111
261008
706249
660388
496262
720965
614073
481852
567112
704901
513642
270593
940083
445014
185819
698555
881983
626359
694698
826725
107838
821346
909601
857945
889942
569997
235778
158962
147299
990200
239630
975411
251210
845879
549766
561438
480811
163840
943290
947923
682707
370899
132483
622791
715913
132268
235313
597898
658628
743978
424624
580432
565325
248192
438378
369234
718189
488122
342162
765488
478323
481792
654866
543499
241638
118599
104939
536415
996405
948229
398305
679113
319130
344754
301906
849009
377023
351185
446908
935651
995163
685498
516084
560489
833690
768428
829724
465846
256551
171887
145302
548840
467646
614134
992340
523250
632734
997279
959666
629140
859475
357972
308254
992571
602727
424126
841582
879750
675312
202457
729368
584442
701922
159419
144933
449579
827847
788623
815426
898364
860510
774694
361171
242123
388829
267478
665374
921563
178724
625041
464670
938200
883013
586891
844738
485741
911017
600287
365492
500296
702745
994860
984739
318634
968245
943638
668213
710059
732262
397606
522390
506739
172301
783562
648863
461131
951040
314238
296661
129766
839279
575298
881932
722293
162190
640637
122002
973207
240926
387494
387471
757637
296322
286177
976271
264568
229816
644485
788594
862078
942092
310985
368818
928359
994547
917681
303457
859555
231920
500119
803287
885165
975417
599186
607460
951573
239824
629462
924781
294716
830922
226219
952353
941210
412396
928625
119746
542212
487078
808340
318257
343137
119326
501042
271497
927840
418724
474955
701362
464611
789040
504650
349777
678424
917802
771203
629998
157627
314632
468746
352344
959521
508932
218664
900732
821328
961256
834444
277508
448335
556751
409731
605438
576078
810773
776935
417885
143465
165857
119248
508076
768863
437864
671819
361254
355667
443024
805218
327260
571622
187932
579604
531144
596864
612235
431878
332159
573492
180289
423633
921827
637041
733365
441232
127086
544139
132134
444971
587604
197992
378185
909646
780821
716049
581467
956042
971716
838457
761261
298977
410080
763159
692548
841225
360024
218750
187070
506150
692242
267359
829783
528036
718366
563149
869268
745452
921255
901402
190424
422826
913360
382575
332474
608149
998624
727907
564192
884307
566365
239420
997251
790411
902580
603766
545603
176571
722516
632673
582721
414759
713999
412506
756761
432366
789621
626030
991785
624843
441399
996175
947670
354761
378752
194111
862910
291343
735984
341069
175652
302350
480489
986869
906727
297036
504602
452332
373608
227119
898971
856329
455844
612971
182802
126572
859304
786390
652602
851090
411234
907967
847266
272871
262729
139985
280948
939605
331329
916932
194641
320947
133249
489097
307817
939977
686133
712419
306276
959741
753504
205248
730038
123315
632186
726806
149887
405457
427163
616455
170514
652364
524423
831746
739201
601119
871732
920150
454691
203062
837083
549333
424009
870333
938430
545792
724277
538530
172178
930553
412239
739648
949767
956243
762963
581954
597016
726816
801377
924180
343272
871891
490511
767695
703639
229713
282781
575372
149864
637473
592400
800914
100773
916409
585214
853169
376168
309492
391700
448346
154012
617905
187995
103780
574149
764924
499701
171167
491741
215045
909313
735013
986937
399825
416675
604543
529538
513423
179916
493369
964862
672316
294284
965635
502692
779498
732771
692826
902956
938437
141173
956968
556344
143134
874714
944459
722024
288382
929592
213766
403428
838906
762745
304332
152698
179421
808875
496203
592844
802757
889572
557707
389040
183857
437309
791732
777321
170081
398525
680278
922485
353664
551213
478830
396798
339894
423290
932788
528277
266850
146555
745671
105757
809300
950003
972421
802687
672845
468625
309499
475603
272164
767206
764643
269987
118483
470342
947308
102530
768867
541553
925015
122532
992766
403846
333296
332661
641103
266085
674904
807953
226606
420576
727676
935906
284546
614064
738594
857391
982689
948093
332995
254854
629267
997638
424841
561716
381947
286116
564246
150815
727669
489263
987312
634402
707075
320609
781030
262145
400660
455935
970098
527266
690478
611742
463173
875024
225807
115735
646383
122464
877794
879378
191284
421028
790984
430092
882744
172932
616208
446992
137714
257845
750221
125027
706213
457297
259603
487244
619443
560263
843180
503508
987530
447625
929216
364670
322650
968990
294371
782999
991454
172167
662379
182739
493195
367330
426797
375941
354228
943006
636899
391942
114818
387121
330936
721031
744418
490539
208277
277828
864768
865423
681337
852299
313049
610554
130937
449665
579545
325308
232666
484966
311441
709011
481672
704637
976341
808469
894544
244536
665442
531444
450445
680260
818565
681381
401293
476950
171921
423536
654779
936689
288960
250083
702956
415975
760637
647859
679606
254150
873167
726238
553082
998575
435250
934754
703213
325558
657191
511724
470095
322634
943168
820540
902895
675700
415888
218155
966616
401775
541691
621396
252431
644617
771479
855387
874558
446084
417213
554165
514200
204348
280405
967282
202924
529621
902038
720103
755180
473196
231828
139242
695830
988962
773748
512692
578629
189637
630847
545246
491412
986504
980609
643843
545088
752089
413198
419647
112140
644377
787779
526340
748725
968184
407590
851649
497806
223595
485719
166953
596791
617547
206195
292622
520476
879943
619281
913071
883546
250129
458319
288925
150601
438929
746735
509655
104985
159934
743269
931091
704311
531049
371398
367004
413200
678988
132620
811006
802583
518340
791926
399375
949853
898121
505964
470331
692032
125246
383403
489545
189341
655688
678471
153908
908583
425207
563564
913569
399107
306834
758627
103419
737883
130026
284389
151084
709015
317010
776056
425565
735350
567983
638907
685204
380072
144872
969501
886070
984083
352906
375616
173425
908594
954087
227334
731145
379295
604864
558681
678402
725664
317309
595788
377514
347335
694143
342564
870316
911153
118621
209849
646504
500571
748756
331710
694609
707594
301212
580680
691678
468084
856296
679069
290646
724351
720369
921791
917612
325234
480473
509982
950898
697782
105771
328413
859083
699914
570977
643367
525035
503565
667182
171540
818102
415939
317216
512712
937499
432395
907358
629178
714445
677621
222214
905091
401973
842584
740849
319587
981784
221323
729569
846650
733071
649306
989029
506122
263187
560008
963455
688222
877539
630638
673729
695642
860543
804911
122321
798043
237307
929679
341188
765719
607301
463402
670811
823241
305987
325628
956794
201739
360917
686364
948389
993989
249637
937419
414078
326790
411394
377534
915013
288934
822138
502709
798542
682682
307621
734829
480726
358895
578475
635880
124615
999743
999282
609392
822985
219237
835020
779780
320976
195939
380111
269366
103895
443714
120752
417973
670504
432147
609473
499484
535047
431612
902193
247557
114295
123782
882386
408987
382677
374829
944867
407292
374573
858116
830650
197559
977353
665672
791305
212296
761611
985382
295628
765506
429097
316381
997445
913567
562494
606919
413053
997541
938531
229213
159065
866792
166961
941452
189746
449638
316282
948579
670896
504821
806696
501548
602380
784051
167221
307652
896347
742798
293035
191977
422271
536098
322324
419717
449666
784818
840602
676685
696326
693100
805899
755392
559893
872860
610811
563605
236466
827093
512185
807362
245881
318882
222877
662227
916899
204064
869879
813248
760828
976880
819191
183100
512979
955481
416783
862645
740300
257386
539332
436627
850486
259198
105986
324346
946024
616797
787951
182491
357857
300137
803820
503738
519020
840663
165966
435920
944728
935845
163135
705557
912726
796292
702624
339672
665740
119408
116285
406041
276795
469583
656635
941247
628781
576587
265595
488772
193386
953546
485230
451243
253685
203017
854982
586671
943680
920948
836557
802375
770761
813659
421900
597454
523918
124525
837127
189660
957898
853412
409667
148660
322996
880268
989908
765743
456857
255504
254516
550243
123017
639746
901486
190668
656729
670435
591305
600411
505351
427864
402787
276113
155490
724687
773567
579408
663178
610695
669068
621078
378074
892702
669738
601070
772971
573613
280780
229829
643083
435297
594038
666101
889009
409492
756769
545740
979927
348076
960117
485279
589906
276871
661392
645396
901559
348927
138771
478704
773588
707840
913748
151664
600543
497454
566700
287481
971067
747481
417311
614152
996744
911349
194220
799720
320842
850989
345461
214737
113032
219545
600016
602938
396417
175376
162301
211943
338269
201073
590647
111858
722879
418363
163522
237389
815817
630223
424870
786885
291671
742181
315004
288416
567498
409224
988136
702306
174181
247565
731009
187213
367110
331027
604118
577493
320369
666419
689436
558638
767492
194051
570496
404338
512414
547985
541727
328232
992174
866598
929083
283846
522746
158055
386228
904210
467279
374365
606518
455426
435896
337528
542640
616973
482521
960724
194467
616856
627144
783904
989460
308604
877955
473924
612942
390370
921909
968636
532568
914084
835235
375618
111897
357982
433673
398125
262194
714919
586456
682678
170346
922353
834172
526952
539327
230661
487677
633794
747517
928788
331665
736979
151359
209621
124870
578267
413957
946779
546904
760491
774830
382140
136111
786727
554089
383750
998818
630249
912635
585275
312928
982982
421595
147101
423901
860922
277762
725545
408684
839246
568300
640349
490192
619659
663937
515062
111893
891860
461842
558798
566319
150639
754904
516396
837366
222960
800146
750151
753209
712783
335427
966137
609732
657023
927205
847599
431912
204968
573145
654562
858180
955411
208879
348373
489037
686782
763435
500931
492609
225278
873695
958928
189883
542566
475325
927249
665527
189439
591367
418737
802222
740761
298842
325921
311751
140014
173521
643663
244982
560633
212193
917129
430011
321072
265503
819049
821820
928939
233947
314430
968183
107643
187326
158068
464175
562651
899283
129703
566056
490652
362407
282245
231414
475215
508166
443165
515229
495654
900794
574177
956287
926953
491307
386299
161992
656811
119315
883812
499717
253262
198244
467901
174871
285570
439935
539047
662187
339220
482716
228245
643838
659089
410490
689218
134305
732623
132384
463500
228278
847144
851644
998531
774099
342952
298797
836091
813729
318113
633871
227413
385341
732115
509281
460213
831651
849216
813226
407805
102403
295943
450016
646241
855033
674473
335460
803304
321063
281810
180772
449341
942921
932416
361839
630987
275369
560636
467079
903065
692715
914916
130479
978057
560998
453726
352237
306616
302944
165464
614422
305347
275373
878404
765555
130407
466844
914981
747678
687907
196793
828450
951214
953680
674833
313054
584668
764168
687657
865713
667234
380373
780631
611680
272397
341630
965406
524634
548247
182317
504064
976635
387665
679438
855040
967186
623811
235852
882168
285456
823759
892927
927872
688941
846608
602706
901995
431277
366876
589653
210958
934110
783993
891589
459757
870356
233220
339131
308958
595433
421448
713022
572069
623079
306427
341077
590266
830239
390895
386402
115696
214655
279330
943569
803596
125940
546276
619559
371183
727118
123179
482141
575196
721138
287697
934953
591496
334884
274085
800454
830317
509500
427443
316354
132580
633871
471397
622847
378077
762292
909249
307739
790913
102546
165275
508477
942451
525518
128037
313636
252637
965181
609743
727833
686321
797441
576754
277818
132326
750839
892238
776609
260340
233648
992963
206887
681485
464361
729734
959562
140620
552950
181269
831534
469462
246544
340012
411915
672062
282015
625551
738666
247197
149261
466500
833518
846702
857220
925302
879028
608061
731507
655639
682367
865156
562569
789254
460608
926931
432955
420172
881517
799871
415407
713052
269335
561951
953064
581250
147981
235080
120768
700613
296244
170029
981079
129763
830698
838301
869032
709727
446363
600540
279333
942696
379663
655869
645918
740272
496767
978873
974410
378285
692712
389818
991338
776013
765735
858369
271230
813716
993450
291998
514330
289695
275993
409377
233424
106692
247679
916422
630386
594042
516964
723685
450705
710593
379555
996623
364832
776322
889464
339243
968574
496143
543027
959913
272157
308764
818283
443387
936446
725700
549351
364744
829361
639310
674121
876752
559969
821800
793175
104322
329809
224106
641973
680514
834700
921529
591105
113499
611818
394536
352743
580393
790679
795770
454273
962836
918500
272558
320190
854948
812224
769541
219693
641587
322818
707780
518340
782787
529581
225482
787109
673356
349589
429084
267837
998255
264580
758942
111755
690364
153479
364498
184725
758124
974235
538998
720961
806702
625522
941151
661651
437748
624659
695310
893301
847478
317057
411642
544232
660604
451090
245309
333961
700679
574393
501799
698935
652939
260742
710691
257270
228188
889155
341995
886312
777357
694960
521241
584061
320483
376359
159679
572197
814985
668956
465499
576430
886013
691107
120663
460585
142199
265972
694546
656844
654331
196346
355781
307271
271055
880438
378508
399243
683560
620503
199522
460919
229430
620763
858946
363880
897123
832591
836077
712109
415514
215544
288540
215495
720617
223169
576080
676782
389142
270627
247594
857439
280940
503375
978677
451995
297780
357186
751238
881340
877689
764726
256226
921086
385491
929138
284967
196581
675697
935010
722656
991211
150555
825162
120673
685139
948331
596753
275888
251440
681347
423482
108881
862287
740823
987558
314283
938603
344745
879487
733911
136401
644214
804103
957487
843671
733243
242455
854218
408941
177467
576875
314119
141988
316004
334793
641093
264337
831546
816982
329743
426860
154431
252590
289148
795255
240149
503431
647825
398860
296885
381737
349228
841100
185842
220682
598738
733051
277104
452958
955958
268537
929833
270078
224491
245839
418837
765585
324142
164351
496534
467851
491211
550965
620442
680360
260187
674557
997757
721979
887384
294644
917682
236613
135745
917490
271261
548449
650542
448365
901407
606501
616902
831242
690546
741394
891047
109384
420946
129156
173735
731446
497007
564947
282412
931415
245308
356566
605974
243066
978545
407325
351676
810194
457904
387421
727686
629165
835871
378229
977531
651245
798697
508400
396454
489244
163761
287502
412594
484707
230624
486330
216154
541598
865243
312533
473014
924517
483065
892954
981549
375577
300280
333227
185772
658184
534614
813458
287351
284452
105655
178849
835698
804352
501215
232153
207563
564977
333622
434123
863650
464246
820453
893771
905844
599663
120271
292826
438147
503336
185781
419698
692879
300028
652925
778651
858212
101506
506077
959529
285959
511732
952344
121658
230051
367527
167777
251580
832504
401399
585703
610121
765646
320124
503893
585457
819787
438130
692249
257936
841466
778031
491600
448312
892025
144526
140931
664204
959997
547008
537701
245957
872706
490046
181581
916723
757573
249359
168304
504044
550758
654007
114167
230371
874131
432026
629795
607886
770157
322045
765822
525590
100077
257423
787869
892102
215915
828800
556308
175913
289775
907975
235837
162482
398022
317418
979205
969562
466777
961475
387573
917536
615483
315706
961873
489616
647733
591669
911468
331857
813715
677291
671413
727758
748680
459283
533828
778561
202050
904102
768440
391825
812078
818243
368273
210101
135663
261445
993629
502440
222921
381204
333943
738405
596910
209784
141988
158610
701453
953456
304433
515169
544714
875847
242929
207361
249097
676757
799888
351148
580860
482295
642973
392939
300540
911247
417006
336203
172693
324603
652609
295615
605807
800519
847986
116684
910303
803940
175295
611757
757397
379728
940893
216078
169542
997788
237405
318640
588512
937293
569788
983338
419589
126728
290244
534095
937975
521216
770298
924635
745819
336875
134217
265593
951360
882203
282278
861664
686144
271539
387388
357508
465233
242248
387552
534776
240037
524957
753416
642515
376217
237171
625854
609772
263899
730064
143869
115842
251282
728133
940477
897101
965008
974694
162696
830335
770864
258940
692000
370975
430479
893355
628483
795712
135604
916035
330489
189608
354959
897871
732123
631176
949008
271945
240949
126875
902009
284818
142717
153292
826918
897160
864360
705893
785821
841022
536230
556686
999962
228231
827661
430442
935552
370111
226155
885123
200113
370611
974731
455072
182449
620821
986248
131459
706732
141164
158334
522709
239949
115017
489967
966867
912177
354328
672761
697999
195351
208992
254686
195314
251190
896313
439722
100709
266425
479844
885832
366538
750455
860564
721610
746870
395353
621825
778329
916051
576955
750629
438761
716904
765646
828729
683772
591790
183058
270501
289790
192376
293459
358442
201656
358615
254756
455345
359325
335147
835189
245158
601685
499611
919689
237262
246482
229009
673053
838778
145061
250010
503374
483823
866914
269022
226519
464654
674778
309577
549121
864569
315919
742580
223012
331542
101197
291735
686887
274488
526882
522077
333612
942534
921688
253302
993762
982136
296277
666817
820915
341339
816827
238257
639128
597708
407279
765647
876328
896023
889190
425450
760593
119077
981997
797572
350619
897160
989307
851472
171649
430156
373550
405261
372691
209205
472530
366455
105308
668807
847238
826224
824112
578032
964481
463241
175741
285727
142855
866036
995716
932046
291487
756311
865089
187451
467850
215709
984611
457158
967181
156261
701280
254698
461523
973972
277869
748019
254394
283177
416827
101633
923367
240941
579665
801815
518148
569372
901508
561004
435409
897226
407017
540863
653538
272107
628314
121389
301782
612927
392513
268964
583154
993793
337628
858643
881732
515497
606663
136127
698674
923491
951725
622043
978398
531391
423859
410513
914730
239335
871517
350140
136562
192501
704969
690100
364608
247251
625455
480356
760178
831934
649320
343333
825728
800914
201978
621428
316412
708641
657555
915087
546099
609282
451097
438464
954639
688922
748978
869370
828257
534462
133478
864819
626964
738447
468886
805538
885698
908307
285896
559843
740242
749182
717143
479938
550098
733087
101367
766510
441729
572888
595564
801795
996136
946661
240260
864743
549551
803204
734114
377809
337668
767592
156596
864632
420007
439448
670171
305706
347757
770033
679516
901965
519217
396660
295870
969315
129748
297237
649792
385443
684092
245358
187239
594195
105986
241466
458939
469503
944670
193055
661279
196305
774613
717875
960937
194621
971289
545076
314294
319047
315110
893810
134980
648293
290471
330850
531575
234185
442054
181369
519628
126147
240693
520834
620342
160645
576266
893248
444115
434903
986303
105395
531209
674883
637236
492147
769505
608526
851189
897765
741540
980266
791576
776520
628560
896013
921336
160137
944164
363391
155472
463793
303504
210131
798593
737813
270776
374860
631062
614891
623730
531332
534252
154940
206216
171489
461053
875721
593982
226210
687453
335523
206477
479030
926009
649003
289010
847346
709140
233175
124705
678578
510935
242175
788709
309529
879988
873452
498356
425017
402310
936052
856349
836563
904958
962566
822018
366012
752254
416001
492222
439709
651524
512665
732705
491500
161670
835682
252814
684776
968857
277519
277322
393759
333660
966031
517255
213650
753450
829577
452633
155762
765630
222950
806291
670589
185517
628310
850567
751737
944312
256757
105413
509803
669422
652085
815270
645058
487768
968084
243802
370592
159570
421124
578318
393230
387156
995573
420846
954573
739117
773480
924301
504748
896430
730593
989303
895913
272870
839871
561617
131149
910594
480997
540953
493984
133083
356224
139043
434817
324309
282845
619375
297845
517935
197694
591075
719058
107234
825888
673632
746351
599369
597934
251100
409766
242494
154370
219646
415364
808208
595229
446514
718803
976226
887467
212788
923275
157658
165798
272059
295933
262609
791435
493778
680545
889129
898819
399604
896364
724708
887202
556682
238044
485137
621749
461776
627631
676119
581422
856961
484328
176653
303476
117099
966845
104910
143853
890122
162568
123617
162182
272467
286227
853617
580211
780738
656714
479032
994308
467045
117707
881511
923727
255752
280615
459443
617528
722212
135564
198952
493140
433858
189571
696617
450957
156417
701527
494811
860505
678062
432394
836654
764495
618621
690272
344708
313326
260953
637706
307635
541964
655413
103113
379659
811165
197694
739102
428695
733872
688632
441613
227014
122492
445150
737597
387415
501567
353091
696192
276040
931153
128588
112695
609616
647209
616933
854324
774502
691853
492031
896103
233818
147445
899217
427443
772577
910877
166547
115239
558717
755179
456852
685731
691637
802002
337295
979053
217536
590386
675246
307542
435507
703834
320237
945123
265011
837171
713414
939513
529025
119412
749583
576809
980822
562767
904253
753400
473646
884766
768639
932363
553912
139458
532061
245551
755426
683322
224605
872963
273709
713817
180506
609216
331619
314710
468306
410596
151882
181721
264076
494873
201133
913659
971682
181957
476428
789902
749323
850074
674669
517964
696404
228583
557422
142432
288100
312850
639720
326671
999779
813429
940488
994251
336613
186074
308962
704919
496670
274810
786641
660746
583649
801740
574407
469299
797663
950835
259202
546988
714876
747838
878918
325247
876421
436341
281645
978487
563157
821365
305159
476903
548761
245648
471156
785374
331723
594084
490295
728393
682861
190903
303107
266511
806609
777514
635810
604274
642316
708979
151263
271159
456818
930181
496406
247206
280489
592017
225694
657613
327349
430853
134517
776110
490467
419639
561486
722190
827690
951781
364551
510552
956650
481624
591029
763260
259139
226841
367535
715421
749786
332764
886580
206605
176912
296953
353811
357402
702936
393471
828981
930285
724324
863498
706396
214792
197105
181849
750949
924795
133631
929466
349314
904247
411091
840343
667509
484196
881150
849010
113584
630937
181776
814130
651508
258688
111084
905319
430056
627986
212757
259038
558272
751047
936503
178635
865840
133609
260485
530756
872370
208082
374189
135651
112331
599246
875994
593806
983442
671112
356783
997026
302050
438559
725123
853559
511214
650173
672845
755236
278160
785603
828241
650398
536651
764745
729033
316458
712320
803484
661180
584691
825533
935369
620342
837864
534616
410303
345637
432025
981415
602420
343018
197433
854946
968141
950992
280127
618315
623838
935363
796475
323408
763605
360840
674026
442317
903840
804450
154638
707325
465632
553295
532859
314968
987603
284690
663551
397908
444293
995576
293290
860680
252562
390723
715627
220704
255682
895754
652986
779521
745084
363428
916895
422657
624269
590922
764974
528110
395374
819613
149402
674972
286875
496228
889940
274480
594884
553492
486354
939178
463036
593610
799859
615598
884334
429453
650268
140017
325208
303255
733504
970292
566684
564367
306916
190954
969255
971891
619064
278596
705471
582432
853568
892346
978660
657476
980792
573546
124935
381113
426691
487971
874724
226551
917535
673025
556004
567805
627008
695178
771060
360514
579437
337745
738847
786354
428699
708103
758246
861729
886700
463718
358129
654235
270031
336790
311712
250825
724302
336648
445904
150994
638585
320629
277545
556122
893654
647515
123928
520664
342694
794988
695144
736098
946700
433992
522453
375400
956061
194666
151097
842762
472350
409226
496999
642381
559982
708711
707172
284286
859325
153078
335280
497912
287673
426792
868000
995294
888273
891928
429925
144935
600883
939035
781033
547584
286994
217453
736951
243056
312119
788048
985819
598435
111241
482819
154783
571223
105497
761956
669475
778789
729000
818722
276702
830639
159481
144703
825934
947754
850597
169826
906655
451481
108862
601655
813032
295856
719108
549984
438913
845193
251999
338699
443629
177206
721518
498413
648429
640981
174336
231872
419771
717302
950594
510439
547942
110076
555142
287844
871796
319706
271636
778453
671188
280499
380109
484221
390321
913184
848171
729234
672344
914136
967933
115975
991342
603418
428354
553738
158367
416656
685610
478138
947924
550171
888578
409833
560247
357687
511643
346011
577394
683280
938430
162549
863779
232506
460736
254101
145691
222874
797302
718036
137011
679202
647977
128354
196588
890297
582092
254955
220920
267704
547059
168845
717875
435638
392644
192090
607292
804288
352067
998652
487569
290498
975167
265315
423004
435904
333382
382662
472744
130685
914664
509755
623854
476608
538109
720442
280872
120202
789363
401792
201872
336423
384603
733714
586028
677247
739770
193321
395502
991837
105940
783071
196302
981107
948386
433272
330978
195736
629900
703722
226421
544565
213478
664241
921173
565553
298650
202046
499721
988013
417804
601594
324438
616373
249275
810466
207588
803011
817753
503090
794849
823693
200129
805117
718767
962481
152356
949745
158218
682257
567434
198606
226823
594878
762847
961963
160432
961498
977975
560153
863478
309747
975713
187917
826120
138955
812349
933708
841966
630103
350766
550782
367763
450895
355900
900496
413377
408257
764208
471596
990514
331643
570202
131304
826521
247016
907233
886953
122481
885210
361074
885960
194958
250754
973877
835044
289710
700194
768754
945642
330298
933486
496426
512028
384382
666292
412525
611725
888515
176735
983321
879030
322344
467490
824301
148867
528473
731535
849786
550954
530712
124827
350881
539636
275582
238726
374682
379258
838920
957402
324901
983184
890889
635293
495213
189238
301587
721705
700963
190103
712406
684286
883100
934750
965742
707402
897583
408182
352904
661337
859137
697583
686164
123985
237220
775712
262711
425868
968936
101632
383271
293839
984817
188127
743098
393997
277365
944685
929668
878329
134790
556041
476582
917890
490793
356291
539259
302343
664474
706129
863680
437578
403713
463812
461563
540934
153491
624275
780768
122429
539873
164041
230234
438657
166134
873332
646621
343500
818019
490256
135796
766775
946298
512378
598632
351058
768669
137892
553401
433144
744021
331049
684688
961701
694861
146253
416602
748352
584494
197371
684747
938333
175378
814981
376992
241513
688315
837579
485013
420301
327836
520809
187077
274135
847153
685709
525193
529789
637567
978595
862934
295555
223611
461589
257257
818472
507842
487825
480791
906302
585197
979505
844637
660575
794487
135596
716054
396769
787141
115034
717070
114978
449809
718113
289114
296963
317789
628273
726753
855356
520835
503654
964878
644446
865243
222136
376885
287053
523928
671643
107322
109126
651149
765925
583667
445637
715487
213689
656373
502629
228723
287410
517608
578533
819490
620688
689462
137280
162928
330182
806603
583764
647802
771482
142177
427013
807584
419063
528032
331513
990706
535354
254605
555822
215247
738273
815425
830734
851962
471799
333365
894651
573176
664939
387151
392667
285628
976614
429947
262522
220763
236551
746286
768566
821999
788464
195580
629585
121494
623612
861098
112201
972932
115705
481989
188180
667944
297415
918915
433873
669215
166247
328525
242392
731186
529643
449025
830780
506258
778972
993302
540987
829490
739590
309554
651490
442021
405134
195042
463515
842712
956141
389682
815646
885812
771671
903826
553757
969086
822742
801596
552268
888989
130122
608626
534142
473731
957651
364923
793955
736625
272193
334944
480082
825749
544498
945538
267771
763599
140582
545252
520278
910689
834934
335925
796502
520572
153719
264226
489659
790427
965822
855894
679418
909910
464521
127527
383643
422174
392451
991564
972765
478610
326509
366814
304360
684974
312353
472131
362540
266901
917383
782818
177591
666284
932710
788059
186857
986429
952285
490482
776857
832074
260343
370242
655952
624865
397770
853561
861005
604187
845126
833771
982797
171637
200586
287158
670577
326905
573255
933117
493807
404605
715936
571398
970889
648647
273425
971712
549043
225711
376161
325902
871752
536505
596144
441671
975336
893914
295233
836342
412068
954325
584080
394866
939928
598632
582024
610506
825537
969245
457590
233311
373851
173528
618676
344741
636141
792101
230420
185186
831778
506582
325054
703531
857053
821198
959168
832390
629080
254402
668733
941148
122695
166780
249982
962623
665412
645972
487097
404916
615219
844687
538228
889070
832181
156905
147779
382290
849006
278199
467476
680785
598747
606496
298284
455801
427695
257453
202158
870741
325822
770891
725857
348517
751637
875839
225107
417050
521812
612204
721967
137032
456893
260196
926103
203041
317101
887848
485331
980073
166048
852807
574825
664796
373270
773109
934563
614932
844529
136723
485674
170352
721580
211532
332835
473219
987371
457942
790269
423151
884113
426203
460183
254973
586399
300253
358014
717466
188102
743346
611506
168117
510120
186333
646879
783391
773408
581443
398324
617938
532132
783998
602256
167680
809497
835091
540899
710835
207001
245135
133987
991114
571339
408137
246088
971704
608390
504102
603138
610459
247449
214645
592542
657570
214944
239422
440962
888353
634831
653252
506292
166965
437251
108550
234645
160715
757607
589510
771551
864608
648611
805538
855723
219951
213676
915777
105623
636033
419881
522727
160459
481296
551338
653001
138867
666283
706389
393795
468603
341221
947047
874895
322152
298266
797411
370763
272947
468986
860273
944498
333595
508886
750038
103286
542803
777680
919063
462392
327680
252911
885119
388139
634208
436459
855106
587041
916708
561496
880837
385312
716684
741851
174174
852802
854083
871586
223567
127032
254539
897806
885496
488134
320659
635535
491420
677429
327183
324451
139822
554863
477362
838908
756969
111571
189334
526042
512579
106043
901505
393417
391355
532156
949234
465529
384959
717285
251082
422492
658283
405621
320300
543780
707722
454925
993282
199143
132355
320466
337560
986143
689295
628889
739018
360231
640460
828352
700240
967005
834395
601746
360423
225751
133903
223625
505246
418862
754876
656329
741355
413160
875916
875621
856940
583639
244513
850223
596749
190835
984655
834309
176979
587918
463199
815997
762115
917626
558316
462356
884632
392712
964102
159023
432429
998005
196614
837675
330835
851490
407971
886156
178617
197855
675744
935557
681494
820257
699748
192210
911092
598370
840486
902037
186289
217652
632001
848405
949244
190318
310762
747844
483030
188832
720833
729425
100804
817447
567102
245605
582904
789039
131762
661521
886894
621472
511045
482356
441731
124760
574566
266790
623131
415053
168829
623386
532706
614796
385758
481951
705115
510487
229796
102112
599319
850629
731538
600123
582043
212607
745729
978913
901646
691457
554401
702508
312931
965447
184865
568628
904173
659431
649384
441271
888451
718213
964658
421158
246977
350417
717075
852092
760904
760838
768170
274190
611468
499709
774314
107479
612316
434010
986392
513964
125468
540795
216473
252365
420209
215304
634959
324383
774735
284345
665655
663187
816524
544280
898311
963501
708663
615388
729560
383535
376227
497732
557725
801661
897441
332040
723106
423725
580016
709500
751655
519451
250296
782094
671816
484471
897398
220743
622820
672134
405088
288476
249289
221613
646722
147601
999081
355387
576955
728642
638922
767148
226375
196648
482777
937783
342655
205884
361509
736637
815384
113165
256089
879646
795259
741872
278084
692658
862615
800905
278759
267704
903347
342014
303283
550071
303582
302365
805458
780537
931008
358347
461653
971349
368961
844430
909133
611616
864280
184609
348255
679666
111740
418310
473279
806999
160183
651364
413624
836764
452270
506350
104469
355618
748364
221719
719655
951946
424084
439080
646451
269059
697427
108105
154376
966389
766501
877475
491972
630782
962085
740227
224415
973825
158539
511661
694792
132688
976991
922382
869453
343228
428733
787888
512812
991064
909607
232469
856977
247659
571549
503429
330684
268978
425500
385060
235368
105968
176503
627340
636751
138589
281535
675132
926380
254040
100760
535139
200694
977751
371489
970147
320980
614188
758037
733793
605253
581611
866262
462232
643236
351778
865661
873921
520756
205129
172948
570090
211097
249451
111398
661814
202006
206899
250914
942353
274905
251674
391459
375599
229427
662948
345748
364373
277138
917751
912132
696357
413329
778395
158590
956566
944140
838218
744454
464897
857313
731368
848954
968410
794786
774318
630226
810758
881217
781140
753112
970088
846780
958538
345688
890173
621487
505402
254548
712591
423154
166681
408950
650450
759043
381506
607017
703184
133691
265438
982047
891004
896806
744968
773382
605559
519287
403609
416319
314471
998715
983397
284560
759462
941936
444215
649637
477391
849617
804185
103949
186739
870866
326865
737189
543876
608372
258173
247061
556029
423611
143076
447035
234384
788044
220418
739944
307333
437993
156264
435770
350675
139662
620331
110138
895565
964546
659775
372957
728130
377927
290872
814869
162761
517738
552059
606637
126111
710232
667665
582140
947809
710741
843141
182195
412752
877525
736105
620085
315519
792369
869822
480160
745997
404120
490299
641563
282633
964040
828486
910763
341969
119360
725634
318696
537098
191660
825333
477175
715859
406965
873281
663669
117707
630390
659830
430460
507916
395936
864511
637402
102272
648300
117563
748270
952420
421828
303800
235054
385870
132288
959784
541805
965613
685419
760501
416678
691045
499801
793853
406905
806767
581101
884541
824474
211492
544372
168901
619409
754275
847379
256812
756547
495680
188341
504818
362068
510170
708619
497122
710006
654873
456907
165778
534453
956292
826279
851131
647339
326081
558951
868210
132849
140053
752752
771290
165512
211092
754157
684921
865367
515503
755699
621915
825150
758006
126735
187219
268177
649320
498307
792149
218160
855215
857927
652613
725474
684207
503745
286780
824255
876662
968957
771070
916715
635676
456327
896193
746768
124452
581115
612136
539955
250781
148019
365106
908788
988719
452325
990931
638040
850633
783082
756200
619815
641010
322780
259256
239185
640491
360003
963440
517154
328961
648477
347836
864637
104806
244031
525373
129258
639112
137510
483179
789894
999494
748286
612649
988214
114578
603581
540221
779177
300630
210388
312959
841641
433168
386182
894792
973659
646185
772199
404780
789112
420677
566583
653750
425483
710614
179124
368707
263693
130601
751887
867553
944061
414140
480203
932277
342684
897751
472499
121863
198382
496854
248788
853989
830022
534970
748782
717649
995121
520982
936395
784234
841660
502979
351952
181110
127560
431076
363784
291254
375643
929637
972773
319706
343778
452978
165950
586462
264696
538449
522291
363078
935303
585046
131035
679293
120017
779817
310909
929105
214767
247305
713340
870393
564251
965292
951503
591811
310336
229254
697031
585979
158892
669806
719651
402670
936750
785601
803099
201447
238018
239357
378491
173322
724403
409526
666581
658387
103311
791456
587493
218078
938762
300834
988471
416980
180094
853941
908791
390430
983196
519790
790375
142089
189597
510028
358726
126348
295630
975791
141761
433648
215149
420252
420937
839553
643745
901484
411907
647056
692942
899400
679100
545671
114201
667572
862651
194295
435480
685409
484725
332643
205200
275102
288699
208763
685130
547425
235111
794726
437183
190838
228376
552332
425057
463279
305852
968802
364764
617759
529825
871672
431126
208926
417344
445328
690464
279996
539623
125945
865406
838315
272555
884572
113418
461254
993336
612514
822645
142414
407241
259829
233253
449583
626127
558310
726828
745946
441079
991593
277672
870904
777232
608799
979830
194578
954127
584261
288540
407717
524172
153947
246033
696727
938520
173417
157982
845823
685931
794593
888237
907139
868388
121491
356723
494517
493767
983552
240464
834846
889112
418136
619717
666345
840901
599548
760923
795029
997775
949464
116714
521949
917377
176713
218677
769864
250131
190626
615688
836062
799185
503927
743202
667575
439384
913892
162093
747118
811411
216523
581965
700524
534659
201684
366870
375562
615198
941760
984557
612975
805191
101272
948890
636535
991951
981533
320367
242083
172160
836055
892111
871346
253949
549281
538922
507300
463174
514981
254419
274586
631504
650350
875110
980129
666000
155947
355692
281200
911673
254217
708141
630831
169455
657032
267368
161407
638566
487735
303490
624693
237757
109569
410006
305673
558850
762894
626939
922024
277876
781358
110577
723346
345675
799653
703476
911676
855600
873135
192877
681241
127353
714984
312073
110774
285983
393407
172182
738515
695108
289638
277175
746832
299207
587181
866471
758057
350076
493411
594048
441918
188736
604625
165265
434411
404279
768742
346088
173847
641878
352931
755088
583197
881881
881127
593971
167865
274536
580119
720347
783610
683724
897522
530443
882931
484705
396915
554956
648747
704292
962970
990666
793028
567597
155932
227441
871876
738640
387495
945723
380519
554393
614778
777682
436275
409873
285621
504141
584409
765740
224489
281986
449465
122012
712430
246364
420683
923311
615286
969431
627605
578257
874064
334600
145855
929996
376007
831698
582604
577469
691388
777089
131863
220134
554773
468138
530007
740394
786245
928382
420101
910734
210369
769567
846713
736765
829897
181363
660078
445184
964760
201650
837407
838825
350216
883263
682789
626224
628928
265394
203694
320317
942483
235557
440451
411223
517661
870458
151618
303908
798841
471720
214643
909211
155254
875322
559943
885151
870652
220022
244302
835413
235638
981709
674240
399821
778939
357030
926045
407868
436390
943705
628186
378874
993228
882603
690098
510890
667029
655682
714798
465871
941368
743408
289049
996622
532697
748993
795740
403350
782981
854008
238765
832586
835719
726971
232408
528625
897967
972419
836494
334358
916125
378647
527198
823320
175217
131263
334211
742246
686946
862976
122085
628315
606385
311134
538905
139083
874093
334646
356400
571042
102622
409131
403629
752307
136103
536037
280933
848036
422423
931393
182395
338549
310041
609593
161870
299225
640857
310047
941471
241770
173024
963556
770085
593375
188658
308991
546425
876717
457604
802825
447760
460226
125923
665355
212534
162026
115359
307433
910062
437782
238828
906423
676331
362835
429983
652167
562060
884806
776181
503533
126577
849205
381056
710629
356548
383680
833586
802973
260399
291191
519765
522125
565383
545688
187482
677917
521680
202841
885351
345709
540624
938145
252133
130922
300981
496082
597056
763042
380890
373238
180542
407467
136410
375564
118097
392958
659245
851684
109898
733610
956841
529663
255736
522226
889317
343218
114110
324964
360026
813427
570673
800650
751573
636772
831572
866521
132856
342595
629564
413746
615833
624072
635179
652244
899636
567243
859168
472848
332894
783033
206459
289736
226663
276162
625928
115982
433346
554005
340946
693372
281399
811620
407989
932973
362359
153529
713461
395215
396124
343026
622927
911958
781064
258108
478169
680701
725351
251304
967516
958245
934337
987941
161948
161002
264104
601843
990949
511417
155849
331896
118756
337248
957482
340712
184188
319843
394241
797649
529024
604331
954641
151953
430256
735706
310061
722391
416409
849378
873696
297892
721590
722000
285834
697504
783002
363905
299348
773952
775322
269163
919815
708044
506412
791264
948756
504566
111108
256964
302217
454099
761296
256859
506052
191553
892566
630079
813945
222942
393424
601608
420834
928980
323609
606668
626485
920578
870573
739800
694531
559862
908963
528313
267908
329342
319579
130631
733909
244653
287596
850092
598752
948892
106952
918770
954411
813484
462816
682323
850392
756240
283932
185193
599187
421508
691862
225674
342087
476402
779440
850584
850231
602370
378899
932105
831713
512444
962736
565623
657097
250333
329682
169817
199226
336634
988587
153639
964085
365371
649928
814478
935577
833861
899672
534766
255370
505501
574406
497457
795869
353847
262008
646101
856217
540907
492173
601897
953351
454911
167521
524416
605244
397203
594233
618437
547804
496787
586042
425856
762158
235971
240335
611703
969832
953973
146470
139169
373441
620876
450592
169312
788689
612601
629379
644907
153509
935519
246806
920827
390431
228293
445244
895675
439463
853443
514113
801233
264197
100156
227090
840322
150094
281391
452026
933892
235366
498496
973062
422773
933338
423655
406051
722028
850222
849397
366936
817698
784917
427708
738526
175349
469968
997736
884990
723397
851180
399105
524631
115378
313227
651721
855700
277287
747078
221693
211181
796410
620189
184244
219185
553528
421865
525236
275557
272089
288600
456460
989787
973517
698134
642280
962832
168103
640017
847824
705466
405164
160896
230098
334508
288089
695785
104176
465377
442865
225869
576558
153242
746059
660802
272427
213554
896633
611630
303078
168723
714196
573504
972476
687715
271639
614757
650548
253709
168741
412339
859175
473905
473235
903240
708414
661325
599026
626556
126703
855857
752425
517227
909100
412451
178030
995493
526006
974663
521090
729084
957353
235288
216555
929830
823003
388194
458555
387518
455869
527296
699858
229012
901202
987059
132253
523583
648385
545245
150140
589054
401104
716531
106282
224171
128984
998277
219665
554990
886908
554722
198041
758228
690010
314596
602025
426980
516756
960580
628464
786592
487878
328323
915604
303047
229350
861823
640596
691701
407069
604702
194723
622139
321234
201005
660276
350218
113250
693908
719174
900158
248631
731181
658387
838641
859743
260413
265622
376501
134961
794086
163094
522839
936376
892664
639852
979692
754488
194415
671394
975523
699117
766117
511630
920351
781089
171907
184537
794339
765815
717677
694498
914446
448860
266852
667054
222570
341231
832676
499071
376192
540730
476131
712997
391073
282762
266816
370766
851216
361231
942160
740707
960348
622245
252338
794667
403335
238211
793170
197675
904027
510848
706139
732440
773674
786957
399496
896245
128189
146139
309283
318348
500835
599381
845311
791908
696109
112129
976640
547327
373360
918802
288035
247676
455014
354339
856309
758349
492550
649480
856024
310544
974294
476130
942985
661936
263088
256448
472148
205243
216553
681431
337557
531355
194779
182870
323264
790889
194999
213872
338217
382325
946640
440218
443967
401655
694557
300277
160005
187108
849757
829995
397653
738019
306126
254605
399956
469214
411053
772104
488423
441572
367502
725981
872927
376248
808851
110159
167138
817816
224031
319321
114108
170672
573505
458076
472327
268063
572319
446298
269137
336044
276294
566790
974063
396386
635361
374020
679566
860380
960090
167990
301954
241559
793971
988847
517807
516789
999006
498911
248572
137004
718232
262681
121642
291738
534723
407935
373767
921008
754233
542905
257053
844493
923661
231117
240880
559024
419103
820446
419405
293160
888437
621359
434720
596375
610208
852527
927131
523181
351440
175704
474152
883638
252351
495794
989343
687074
717696
363111
608084
385896
806016
765137
230391
729679
810221
285237
202670
143291
105685
522075
336452
808088
143436
585138
318430
567610
437666
245562
904757
603072
321267
378910
400678
473618
688671
390022
974659
320334
653133
496710
606230
373117
175814
736621
916762
886035
835825
119433
843293
841510
541508
179746
563565
498910
578850
781995
880486
830482
841524
785245
433556
976757
978121
648200
450376
580759
938222
339002
801093
505322
735712
321291
692405
811527
957912
609168
611529
707704
542567
454823
549215
898042
448535
926746
310919
927385
622709
191407
757869
464234
790618
105392
440992
682706
567558
705334
177433
505781
858303
878526
825069
594016
199818
517476
319510
971697
940610
745006
679402
483179
199830
142585
295188
462332
883297
506107
303684
506007
597514
875519
784207
388133
794877
139166
884806
362436
658467
962239
682183
516771
754732
507254
924753
768517
924730
158231
654181
865341
803237
247550
262487
817033
290135
457675
193332
987399
863783
397017
407373
375264
186503
191582
577364
881381
144714
462171
243818
617147
424411
826002
133919
179144
247223
872639
761627
171954
844836
415809
851261
562040
563360
927715
379074
667461
385391
472407
654861
163141
683390
962235
438406
769893
967783
915770
651275
112498
291908
709060
629646
616319
449029
577531
609429
596252
364137
371058
582172
208974
600833
347400
671014
164194
275116
864055
731656
474474
250429
300484
451581
833819
262720
789987
517679
230504
619724
168956
156969
811632
691982
600581
341918
954977
178113
765314
465196
356217
950338
861334
379157
551172
208735
864138
615367
297818
728194
260990
586258
792589
461474
937839
626409
538161
641794
958054
582631
261519
940976
639600
887118
632959
240182
229037
501903
232262
894351
867099
402445
844690
728434
681602
395864
751136
545741
825197
948954
187902
900153
535213
794457
275594
473053
334833
713755
114848
292889
296388
190334
233866
749954
977452
680792
804103
206490
182696
936365
914808
949796
252777
759499
592197
