788425
579989
951079
625385
359374
950485
586726
903295
686801
622860
395816
967569
286444
454469
809844
476300
771977
188874
997249
216698
396169
927611
869463
647122
265451
905817
461768
480681
319350
687548
259658
107777
181504
210738
633162
440879
975190
133855
258141
661992
570681
553958
543528
671092
822393
353373
961358
508337
442247
958608
625035
738416
800187
408465
299505
965638
314283
661274
360286
447600
348823
433910
455377
344294
544648
902505
599139
433805
850327
757280
995797
421009
225205
453292
906067
861564
706666
867426
369902
148914
740002
808904
701297
540190
131336
814768
419795
259586
476043
680081
607186
638833
113992
876529
883127
472606
779035
482267
806412
629363
239548
716176
864339
364754
169470
770407
140285
690102
637835
410188
652982
291804
133059
354280
731994
164395
983015
965755
323981
459059
645837
745133
997892
573795
621663
881020
946401
314666
363288
666780
844029
416803
296924
622335
595523
280360
392744
635808
870462
844545
859962
523445
136350
893021
691692
682310
871383
674708
648066
109331
947733
207870
754465
945627
681665
376129
826648
542033
590795
103904
122781
348792
420707
233671
871127
830196
414031
177838
466005
284494
922383
325969
621905
872699
218991
227564
555010
904340
716238
117043
913672
663973
224913
668138
609601
720544
858233
350216
176545
362996
268086
113292
611788
502759
246963
396882
332956
560994
388687
698962
659454
311071
924931
195326
183772
957888
322891
552748
862230
939129
569792
689869
603103
608671
358008
126671
243183
216242
290854
233694
393204
458940
246986
818958
861700
307915
215842
108623
768909
504529
707585
342330
629566
546483
437656
627304
418339
574513
180054
194536
513644
563812
784405
930713
986449
142414
957385
143599
172622
162206
277293
465827
521146
338245
198752
296813
546160
314594
305437
229036
633089
826988
471366
262657
373473
722989
703927
691812
297503
697947
700314
625113
261760
484720
555828
162177
441100
427180
119742
427688
403352
297036
707481
824498
449247
806234
935278
809374
120829
240716
852376
567885
967704
237710
644508
255144
860699
348436
760922
972168
946384
461237
597283
122111
845957
967077
998253
201024
308224
117997
528713
611576
228999
236195
350041
578246
942429
285320
301587
877225
340002
153965
445111
307708
291675
989619
376818
152375
252022
137742
938509
112373
412945
535793
134485
172870
416837
132739
273894
625061
150736
702607
236638
193701
838803
486680
671948
781233
585966
873535
658459
825969
841466
917536
947643
133142
821122
324462
999482
973145
276170
937993
985518
589116
473787
933969
661986
704591
880675
835880
329653
845377
452455
380258
939079
291259
680904
611028
886458
266871
398530
458885
906806
153964
376422
854450
187106
197546
992879
186590
170692
269050
124584
970176
672132
412337
904147
248085
116929
784823
983966
260549
630201
436422
540807
483247
541647
135678
908241
342072
302549
220739
700957
209357
274703
977380
877773
361809
174927
870653
362365
159585
953670
300915
943727
539769
527219
847875
687855
544148
546665
671822
618663
990833
922210
973436
474081
377824
109115
382324
619896
225631
503063
320855
248954
677766
212202
126728
853541
201095
811348
215908
174646
678985
416823
118374
218755
844042
866250
806610
302158
326882
392399
734787
317716
228576
708225
605764
506400
717340
802054
940263
842971
305118
175085
991925
796850
287287
932620
650392
388382
657935
680266
463028
336921
911056
395368
455676
669065
175585
176254
785189
402468
468653
519978
534150
597230
228204
139915
917596
759510
841969
771826
516449
961053
846911
422341
671870
134199
268928
322264
336547
826863
816496
613541
163785
727553
908910
433428
396620
898461
509682
181810
300930
792301
515754
649047
303498
643958
602928
221096
317436
358865
892922
647851
319919
653801
970192
891790
688000
239122
128021
838514
965985
844517
366022
943737
486038
188899
377166
696624
987361
700814
692400
202258
493116
208156
751305
696615
666080
354235
731677
883516
613100
538566
531368
746985
192368
415528
552742
694335
554650
580763
446816
434602
339248
712838
378340
639252
801738
569472
335877
703066
184253
928277
805324
577370
136434
556631
187952
702515
724832
733595
499998
251899
272162
845333
898884
278497
260862
451628
872832
715512
846357
319649
964080
999571
846453
342422
552790
562158
725860
788667
265225
810114
630912
884516
301451
581312
441148
303369
197794
979946
850930
597793
231846
937058
443127
130731
215556
603989
396325
902354
233468
156650
135970
197549
156222
882424
353937
522979
444583
893764
311647
523775
703879
756525
408292
819296
337839
663406
122666
435633
643353
873596
847392
775199
810655
290520
719896
840178
708475
116223
742533
755909
172873
778504
767425
143061
574895
121363
566040
833444
915127
691654
357220
532973
362146
579478
352270
599985
242885
288902
849585
786238
976464
696978
475404
701087
801465
195302
541266
423907
125491
197766
179818
112330
790236
847243
969356
365132
782572
449364
198578
611667
954984
369764
144641
317131
849243
396912
817117
992128
499780
580669
692334
476246
277648
167739
177334
893079
177007
532566
316988
116464
630332
310772
128794
420570
971981
912117
599668
754554
361482
698246
366222
316467
881977
410864
533598
731221
621742
264682
637316
935488
745351
243617
411735
836966
311357
403035
730046
302330
835601
861000
318795
465935
171773
261555
700471
143755
173673
300140
712276
435155
812353
978498
565588
694331
303329
913153
339519
739037
177836
790801
674527
737154
934419
986262
488087
159743
303265
132100
362073
138867
893101
494834
418768
878840
656390
933205
836562
644029
233347
548839
893151
859666
441304
458740
553998
644634
371894
707483
383672
363697
498285
872165
914817
432705
772395
402905
492448
975660
348971
668488
928493
242073
977288
347263
934880
547645
280469
771443
191676
327782
234249
984827
187449
575553
443568
555413
134154
629429
262897
331793
807092
575149
203959
721910
907854
876354
938781
314270
852015
287753
796724
780510
343793
774013
941739
278674
321660
136175
864083
327302
277924
912298
312130
365373
487852
569664
734753
435973
113060
897650
667766
820152
386766
771725
542063
208588
648081
480845
422858
414063
582565
133549
108540
826358
807562
950279
105033
943188
900421
783082
270491
178346
695381
396587
443719
997199
780218
992438
433173
793278
890090
100940
613432
190823
686632
969461
299411
334714
364274
536235
562743
846839
569784
571284
673198
291314
435530
592197
234503
335952
375280
318961
414298
884627
529514
671984
881827
309733
664423
315002
103013
468480
315942
530411
559304
902574
413839
758715
151255
678113
294952
527965
438919
764736
999249
926083
956050
434780
518281
104521
670733
707527
237448
985031
592155
580928
570982
473984
790662
235407
688986
707641
603887
818894
152019
163192
635436
465858
821908
600657
957938
116861
128623
396858
695563
127873
322943
565581
376620
655190
484068
861319
362719
535482
760317
768840
116411
331301
242825
807073
466708
745777
428681
970595
478639
480700
133789
928041
760525
769663
528699
632430
700490
557323
843254
310020
499162
166198
775601
775782
635355
173636
637102
812040
609118
311387
580881
625530
542688
723707
346570
909396
383451
675252
793958
676056
969918
741713
604098
644410
511377
132799
276841
125834
504088
120097
335855
903250
100261
925422
593000
635616
999059
144069
447657
608178
355456
842505
147675
798144
480179
394246
621507
763630
883464
415467
439688
767349
157181
857752
411761
482525
890551
588602
508359
394640
608699
658180
211858
608961
583604
704858
158544
496630
662893
420168
104809
918350
262674
966450
630461
642853
360697
251970
320450
158128
481403
574104
825477
538584
431858
237239
835075
322410
639808
257402
531017
248508
815582
642875
671435
313153
261700
729980
709783
824593
964114
628559
656910
226789
595010
287373
769642
855707
353309
990092
827801
734712
478164
653279
187263
810022
704485
922339
132433
344294
179742
477416
492802
895324
934257
978204
122445
195958
622151
732228
834518
586266
360788
405395
713055
855798
506734
396664
625472
760043
300723
453274
408722
678887
106555
495986
488910
625006
332292
435310
869300
412034
726692
276069
221325
660951
254274
243770
670875
690391
789965
419360
276658
150754
724756
803679
820519
231491
114310
445992
805501
315034
713233
128190
807887
633754
524176
210765
258761
756468
460041
128062
982468
186734
304131
203795
661651
372372
261531
332528
962763
951496
651888
239423
916217
290611
857068
736737
336069
871379
996695
141571
186414
709929
169761
808267
343684
507904
919032
502445
178339
379074
530507
160809
379775
648605
178570
941426
920977
254067
187921
797707
205565
653776
937130
935748
844387
708166
672486
180457
579546
583148
135994
579926
293079
119722
388194
536763
441592
221194
853175
433897
414234
297649
494706
694009
846254
487242
549403
681198
641310
637324
478907
660841
291101
330004
596590
949455
938170
183043
943878
517717
666191
893839
911609
773236
913561
299805
223967
269120
420999
977142
603017
649199
188758
911690
343210
935013
312899
792613
530178
854209
429938
909085
429017
535006
239091
839573
484462
177262
836582
428341
508946
416741
322181
420556
189978
149709
534327
313945
232795
769292
205054
649779
418493
293813
561470
575669
142793
774369
368283
572971
542546
612187
396024
785529
961159
535115
539070
445622
526343
375653
687930
849255
692394
824077
183779
696339
787753
532072
824250
920548
301366
929305
484294
533825
137085
945764
109495
993843
634101
291744
480781
990613
717897
776805
690109
679058
311921
229180
938646
652231
504834
540543
415453
111195
364622
499232
707534
966341
931305
531786
886890
146638
375058
371186
580463
326109
230917
503924
319953
678984
609634
700734
583564
327532
391507
273675
906590
517394
316821
759204
169626
721655
299748
485080
646817
478336
798278
354352
444678
729584
700104
245536
690188
975162
430688
184618
301272
561605
588542
435191
154557
198177
949892
638121
425710
341400
725762
246267
758794
942584
905471
742387
578206
119187
141434
225024
497523
753678
393343
842202
397230
993447
987738
987418
968611
418427
172038
183850
793998
660580
519042
848555
672724
468935
400644
912400
624301
126407
158668
297062
882957
878106
853415
461165
811259
808815
500155
308783
562495
707464
964951
859725
700913
952690
847144
583491
285084
919182
667341
979083
493730
100350
741605
166455
383251
956215
978855
907552
896589
951489
118582
779547
743562
871997
154679
554822
680814
468801
763606
243310
176266
642524
917001
777179
595216
764146
360671
694266
597296
841979
673350
904992
842329
328923
971447
225582
285139
864269
947100
181729
729725
965682
775243
387255
751647
829922
842077
346428
298724
519650
489738
288957
162176
320706
966136
571358
984852
240775
265625
496115
896720
752942
401108
739050
981865
286522
778598
180971
150792
639666
262701
694484
605349
937944
981739
270963
681833
737783
517391
794524
257435
821095
983481
319611
141802
863584
704935
940621
918325
870560
436737
815046
623503
737846
554098
519335
924368
246663
600307
889127
786329
763008
583612
305646
614919
479318
476609
210719
217102
807967
905243
374537
629063
802691
508114
584832
580243
213050
525454
498569
897577
862191
313617
435047
600038
681681
854383
438374
828344
454691
327502
614675
131666
725080
820321
560551
204399
210897
671270
321501
918864
490481
510005
547929
207139
832085
946727
687382
859102
472182
185953
756680
248340
399570
105694
748379
981251
860077
100720
809596
228735
328222
338238
174367
953302
158560
548884
157702
269458
134122
293169
188323
524603
703174
550218
631742
535261
496946
233092
394364
783094
319045
965010
931435
532581
970704
593781
513833
744749
594501
237396
873484
822723
475635
861818
689992
448161
410703
661660
531585
444825
854829
533875
783394
471971
898059
329104
821198
308973
462196
129529
992067
681241
994539
923503
213823
965244
431251
541622
623960
925752
592984
497446
662442
968619
273231
352435
330748
497900
828061
676299
842726
682892
210175
540087
968829
922201
769191
790028
231175
231388
819557
223243
726595
814097
960713
754384
693308
391965
296007
317270
317719
788992
628682
794127
671578
715879
960529
816292
213780
788591
492593
870472
471484
516734
410561
354280
438936
179753
144309
570111
225108
863866
693355
851703
591930
568035
606089
199206
860000
802096
416476
991685
505055
859124
699780
176635
575004
660310
892927
602750
448902
299487
473224
734353
716222
783785
988633
155159
863538
132944
625271
988646
810776
232593
754317
402708
700628
360407
501914
474595
976469
732356
380248
395492
505447
980028
472127
894417
640339
279021
497168
989241
392475
870392
723595
108698
568144
626196
977822
431684
659140
603094
334297
383883
649653
902580
600557
264248
176954
102472
638844
153425
648794
919092
448917
968207
899121
735010
862625
539461
827997
273761
442669
220473
958119
980231
143137
526265
606428
120961
771915
179535
538021
920178
463418
101642
822760
963976
265890
899714
880414
804734
867105
443176
637793
316023
411384
450881
864999
187977
890342
606964
361738
246979
641403
319858
227211
598507
660089
647605
619468
432005
727140
971455
352185
104525
973097
174946
882467
152955
888626
676849
857689
755733
120026
409450
885722
345376
760331
750723
433353
564641
271654
609057
711620
813057
742882
752797
411565
402972
400403
844999
734978
941509
816456
987163
860000
703520
976075
742469
756475
864702
333285
528132
620436
353311
751548
506160
512653
511880
170850
759973
976521
342504
369031
602108
155562
111914
354906
381094
414887
569275
226094
963831
424751
856516
864961
284753
474004
841037
841188
230480
619706
174474
572578
240144
341751
324127
560270
754404
649974
631120
514378
540462
873624
697376
142572
843152
623256
311444
224247
852109
694686
264308
815941
119438
120825
680903
304191
494829
521941
145380
539276
141649
219854
925820
195759
375571
249949
656029
129977
799923
201116
458321
254352
888706
969663
296924
645825
592921
422335
770073
445031
117022
848347
260974
136460
783138
755843
254618
191935
277786
299998
631211
233401
333819
557032
243126
609390
620947
713121
553333
334837
814237
825621
489190
702944
795285
600080
348770
302173
836381
932809
647205
853403
695123
722145
803830
478263
477989
958448
570198
569741
172413
115376
617108
406232
486374
760234
829589
921288
473356
296889
256126
287594
936476
559282
804504
645729
973329
967241
847902
809711
900051
409074
577082
509142
945185
380913
887405
423176
253328
371570
892917
325741
386946
423993
545940
687286
184228
289496
608575
471551
486385
678668
659145
336829
151917
377617
882558
939212
344859
644427
748925
158877
953502
239974
568019
898688
434853
369391
235831
588181
640961
942715
727888
841873
366709
273829
529161
450937
377291
951702
822488
763677
544337
395601
914472
596255
587184
797031
535468
746009
441459
198360
804886
308928
338334
286873
207618
673187
556264
343449
175335
111193
286165
803224
853066
552874
891019
296194
817778
268312
161864
554233
845955
606201
763800
760428
116423
264951
557460
551892
910960
812885
564218
715848
121815
716519
816687
229433
303673
286918
386848
379009
298111
486980
996199
965144
853820
801185
261339
585565
969497
323203
139800
729419
829405
717566
489848
845828
882518
861274
311687
793479
674161
689872
423294
609942
406392
153948
653341
524031
340867
940189
803040
538978
427170
713206
418089
194958
514393
579429
680523
483891
716598
634289
213312
546004
351857
517126
305800
148342
378402
431453
755787
866529
935291
993048
476472
255650
146997
943779
679682
387864
883969
482723
740809
225107
109897
972864
320065
524290
552294
814554
822147
268894
448845
849425
628864
614668
366553
748630
663010
558921
994050
418798
339417
929342
411847
629855
184994
372811
573635
764676
574641
371571
161366
229417
496678
171263
202283
630709
509519
568543
445265
331668
737437
708076
995059
280269
322745
361613
842865
885755
734500
836916
218520
887883
680226
444334
431705
765220
717145
905340
443863
291787
190879
419195
335171
587557
490459
437454
132234
813944
905997
391465
145613
557402
999541
140674
651637
322287
316253
494503
122009
864720
331421
240529
666570
911647
584863
998276
590834
215975
817583
848663
321729
908462
267859
556900
409987
572284
808320
442221
386230
714318
733686
345809
185687
647194
300449
737324
869481
516703
231829
805456
295390
377216
945985
861960
202830
444816
774203
607630
560791
591788
456294
782520
500251
624153
253387
810238
110405
961707
252460
396635
589993
800112
642444
675680
361273
842894
326972
144721
273564
458801
850177
382920
649983
796164
158847
752813
240981
833051
360444
615738
424840
716738
312226
825091
254858
465613
549297
265263
341288
615723
561898
745247
415837
118310
334894
591076
775170
561866
635798
948734
834633
485976
331655
484617
196107
304468
237431
251054
137520
411841
766793
462360
942545
892985
201419
197405
358599
650716
276634
513853
266440
652499
259101
496243
670809
493996
987320
445980
869828
537085
308681
704463
837027
454302
103047
933135
658770
154445
184190
696291
466286
764949
972617
408833
657935
174037
420204
830501
638719
596838
344355
805160
249338
417423
215370
734113
725385
116657
994059
595214
553742
302741
299678
390771
571009
216692
237873
229781
271137
322063
740038
637423
900979
712656
860222
558915
700660
280427
303383
253346
691232
461705
872472
840570
779128
987843
488651
504514
104501
482711
913694
472210
685453
213374
676947
256463
330066
814820
300210
415169
950849
940248
952592
851829
566872
726782
324712
181499
907209
528095
334845
598442
889800
207319
352980
582895
109129
741631
987409
927595
224343
901105
399806
723762
928445
976753
794192
172478
705540
994402
487647
656391
848618
354206
508221
329457
980988
732933
324922
802165
174996
473733
314574
878762
581052
567554
461659
504147
223152
449069
431744
261462
264141
645516
885224
106553
536237
593383
179031
241778
501753
480644
798169
264338
648817
220358
493795
629806
767257
632683
345938
842253
106417
560513
721017
501436
942033
996642
905583
165187
359678
251294
326649
523820
796811
125840
530373
333049
533190
523371
388793
934943
817981
100930
199282
466799
221288
507043
910572
888545
139727
256511
644766
146144
630990
279750
547580
573025
276393
367131
638212
536071
518425
778827
873857
229203
718633
318198
376218
251824
655535
665012
186768
473517
665942
286050
754283
787230
693093
578822
589742
732820
649299
148475
692931
280291
328225
154478
753316
504618
421609
391529
854656
754001
984322
728514
883204
702956
946712
259424
854781
602248
738402
855515
889732
404345
955532
644016
105542
648626
136805
595284
295414
686104
557726
802311
866395
785951
856789
619712
204537
192366
825207
959193
846367
809530
601674
643538
426454
548388
716928
195202
964602
455331
950717
854335
759676
906250
412318
679184
468844
363089
188436
578224
949194
646162
380536
815590
432114
237326
349270
536651
243658
988443
409811
903991
797975
911486
547531
138396
373841
264460
233598
252410
619792
998281
920712
293435
818499
333031
872620
287344
596121
961056
679534
459282
521185
960070
188839
853299
111363
438109
303918
255022
426554
527695
159014
138496
439182
520511
990857
626989
684972
138422
779400
218731
136704
614079
412166
769169
847110
198753
870479
357198
159810
550014
630446
580995
510085
719286
348262
435415
971361
466146
590437
311882
893841
563417
264344
246991
983929
255202
773980
582868
293624
467347
701599
244295
981426
927731
913464
742504
126486
783945
913668
186296
247926
458082
581258
658012
177369
743486
993427
148731
209633
497831
274580
103475
875214
438924
250466
773110
594127
838413
355979
701717
219727
871544
759978
115121
799277
587410
671591
825763
371356
585260
826025
519282
943342
321250
991260
934677
964736
898654
897375
174370
396486
171956
991811
271702
510880
156244
858778
918973
894657
214759
534658
928351
986303
294637
943472
699547
782047
615064
525311
967369
114291
265304
400619
871600
486554
391880
806278
365258
204502
703654
353594
500988
689576
345406
586656
200458
401651
445436
933397
210275
474161
468056
138627
374431
662694
896065
973979
358708
511130
413257
326079
439388
578561
540664
310989
879082
746510
931233
244341
851012
548855
497935
265968
238432
657308
752624
252856
958959
112027
186255
983200
400154
468277
935794
674586
944937
831860
562532
303647
342992
875789
443692
596346
368318
884356
807335
161367
630867
738569
305708
395847
287425
617609
561815
425858
188884
228406
492680
961809
154400
578935
945011
454554
947213
880806
129141
892151
712667
591673
109765
869625
381430
453457
465972
649748
251780
187274
711115
696614
825844
830789
992461
927235
362365
468243
267060
451250
596649
659741
413060
651049
238677
272038
105605
999856
152845
948711
805975
679479
454352
815740
463071
735782
183165
829044
299497
334945
916318
824578
845525
656129
655368
837987
497332
831699
306231
664392
282950
716847
324134
509977
281863
376778
682015
201434
290601
648827
150147
996576
242273
418465
812318
605344
154248
895483
434389
267711
144395
264675
992289
889921
734770
647658
641875
232103
479358
762073
796496
576275
478921
934596
900218
660784
311375
582234
762219
501977
145028
726332
412520
287301
144798
224839
706612
113012
934288
141002
280723
892650
219643
273013
782572
768380
734637
424448
900483
127962
186522
610946
604237
479409
545544
504456
140195
670885
900657
716380
986828
859651
356679
399350
146954
315443
438155
667532
328455
372445
708534
423144
265096
742144
510123
861634
510525
244761
200049
324975
272723
200538
835922
690927
579947
381467
195384
534108
866318
910007
250489
853148
769660
421134
252499
730580
636577
504620
398113
778998
777065
920613
202143
856127
576724
612266
631728
901215
670993
731778
226192
843717
832316
876080
534645
412264
171514
543995
846373
937832
367970
910828
704947
951596
245930
771412
596143
782507
276034
808222
561507
953099
728836
577616
723194
219528
103850
354923
120744
674843
900667
160902
432527
732984
936982
867172
959215
922462
325135
719555
860296
507071
544350
565244
458668
690280
336658
954811
472789
512692
763034
848262
379758
405837
425879
916918
525365
343695
185809
460076
918539
986476
434944
351067
633428
285894
132207
592644
208357
271308
312200
882619
678379
756550
447865
137048
446832
598489
905825
733587
925147
668860
581850
304906
888663
821695
135792
327996
165392
221601
688072
897897
208078
936982
248965
655472
222877
195138
248117
245201
366446
374283
127821
944825
944800
475686
981873
305599
888141
887699
939186
813289
470526
435003
932162
359191
170665
967954
587187
150023
103522
189226
947920
125566
126209
196887
681039
163053
292025
743122
308254
558472
117407
250041
503298
962207
625728
399139
267807
427836
200805
120960
155093
571332
369929
987255
830523
440594
869176
331677
490618
786664
420903
438539
812230
361078
449392
407236
424131
555384
150360
546351
927822
167767
696393
345087
943940
236088
644226
125714
563924
658998
146674
619017
230331
330569
520239
874820
585129
303382
206498
975747
990046
441367
328254
802278
702445
591612
209515
940543
960962
259875
486895
888785
241608
997254
233874
185549
233343
692066
211263
611234
265031
171903
144218
395362
402472
478424
184149
887602
681806
290647
777316
671854
632014
919536
388099
248427
511150
411580
188971
472113
485422
489832
274866
540996
487088
322706
626546
620431
828738
651775
145632
993770
637645
103817
389133
854083
482241
473283
741686
164048
577896
432970
649868
123878
266473
851933
272305
591589
177481
275242
963703
476869
665074
152536
917865
152163
375242
458378
586561
203981
110155
632193
197752
647800
636010
400852
501884
118252
688101
157538
996266
265998
404474
560101
203842
570947
412036
376147
162538
489517
551389
940207
866386
130431
992743
698218
182594
281952
156598
669155
385933
166753
215316
397652
628519
751326
698504
944369
683545
386606
101908
593778
466570
320348
153880
570413
791296
465916
760526
767800
769399
225883
708008
635786
256314
614718
247972
338908
710636
304570
908064
996569
285289
123381
308188
813808
688673
820658
758178
286185
207265
674053
779963
487802
894401
833844
958215
599664
299761
632708
281431
969161
758591
803405
518914
914905
418124
666886
167781
128761
785422
889811
939297
970711
827158
161452
784520
515832
882111
456666
702018
903342
944685
395948
391145
839087
229793
263327
352719
343521
796036
534150
312683
554628
337557
645563
383501
569647
226417
451282
512375
911839
341094
365639
796518
168253
427091
581039
498051
309203
851671
114036
212547
796357
409985
417658
549412
539778
580986
802131
783299
377023
250248
909948
745617
401771
469479
129119
785385
509862
394367
297761
335668
549427
477366
132187
531646
804457
527193
929698
927627
378865
857700
954140
175224
267686
371799
624636
621431
852785
340734
318697
143775
490982
142613
789393
706720
426058
732478
492106
835920
940812
603833
985554
490240
981199
117743
921887
699623
544936
851586
541217
823801
623253
495358
812991
790940
767158
437628
326338
533910
678362
545035
491652
983311
501614
195012
603998
827672
741456
910070
577559
682269
427870
563115
172511
409070
494824
908364
922659
939760
673917
463878
677528
297171
773202
404487
988111
540361
742115
228416
888238
334445
587418
379891
231723
989032
388869
649687
730672
130326
559758
308232
712596
887628
685313
699073
210665
180138
607438
947290
933864
281356
411169
525360
478527
184373
829847
380606
538700
485929
509022
340905
634340
996440
534762
766063
899440
823631
329717
630113
853958
789475
752311
566555
591070
437626
265629
701735
517764
773067
649027
451630
868389
874162
790956
346917
872501
620804
627523
411203
106734
136547
566074
641075
946953
100838
321105
760360
824469
464789
390474
678428
254265
142787
158950
745336
394379
238545
361038
726109
825578
824031
177740
693968
698195
782662
940886
570697
403467
482376
795866
324168
432889
361942
779209
379844
276746
914280
140205
101216
379070
344646
593611
533336
301399
652561
192639
595778
791107
367643
235854
530652
191676
227561
224622
703837
910223
979474
188501
313692
461851
798334
537860
794741
160277
231036
988551
337023
145317
942722
252205
424388
201335
745816
857724
402734
398379
864329
812478
103453
231973
948333
448071
237615
175895
572693
841452
986118
466134
929954
213777
827986
642255
565603
536694
702532
696639
439212
853521
741957
381935
919692
166346
483271
665510
838036
699971
877855
702366
426417
795274
748305
288717
243346
799887
364612
630006
641340
264697
996140
485261
292441
738093
127517
758044
188754
644015
454685
527966
411503
110609
723868
331197
176955
121106
810673
914991
721077
688529
531324
961460
483804
193596
250178
541116
893483
428756
171123
448791
593454
981230
748018
785895
719324
689502
457906
722045
333518
812591
250012
558988
823200
873880
704151
814121
808952
514825
643079
530031
203355
988369
405458
501125
181967
555637
942241
889416
884393
927331
338208
391814
908562
900193
177710
541853
589696
535617
263899
737180
262175
327878
296169
899342
115725
900320
713464
824678
415146
270511
268676
432467
258881
574134
833592
254814
129772
689801
144232
828132
531099
296406
219947
353628
196600
211624
709447
600262
561207
873347
337444
637348
115192
533613
536691
130917
347901
164123
855595
663047
248600
124272
909481
407481
512373
657040
562296
456111
346842
520494
284244
691907
630866
318158
945535
641433
343748
654984
241696
718921
442298
479140
356270
457490
826720
706928
402373
988587
685017
257970
565601
833617
196208
475083
155065
522547
132125
531327
878659
292933
865787
976869
884841
496655
295028
830377
138089
452742
399328
193751
171664
741626
486858
341901
113083
227545
862795
415457
216133
547813
573427
681734
295397
583601
970784
264428
106150
102910
695756
798775
295843
561544
775645
180685
872165
884640
825029
824220
337383
224358
917972
323014
779951
318797
478881
793034
446342
341677
208492
476441
703456
595885
972141
812819
179488
942926
977247
999603
945836
673004
798379
155647
148516
487991
150298
920681
372632
875327
658869
523982
913652
490808
660962
693604
709605
139844
486639
969913
295487
509098
446355
898943
104984
332463
711763
998437
275391
689011
998041
135194
275983
710387
190841
238465
198380
155106
973112
384978
844399
631982
722926
758052
122791
383889
365623
646362
337699
666229
616276
533186
175328
876597
346096
994277
209062
957859
992716
298419
560838
904724
333613
736821
615113
338421
875286
627459
393527
762365
826403
237927
394349
549331
895980
417140
747186
175570
877469
898852
741799
493746
346005
731093
284311
592102
725372
307339
549962
718089
505758
110801
622814
739371
661588
151894
977792
450841
679353
371320
213208
419724
509248
421523
783021
319195
652629
444174
308731
530099
343027
950531
837812
589033
595591
122124
181136
320964
329463
545064
853019
735221
469832
389801
388559
945386
441695
366353
396229
935015
551639
423403
354740
874853
744926
951727
108015
311522
395902
316747
741622
638930
181245
579435
141930
676836
515525
137032
811767
744988
582096
578753
394176
951928
868554
682735
811282
224217
863054
207512
973198
328661
444881
241905
203515
103774
193633
125497
315296
489535
342244
870884
942431
337455
450320
984361
828257
865845
121394
640025
524800
603491
132746
818976
469386
815266
415679
280669
939483
278734
302147
912682
421361
560994
968553
438843
564768
162187
464340
694031
551723
620550
564916
494155
858005
915237
392484
686263
695049
413878
240256
219851
831335
273002
852793
300723
902234
268473
395358
841719
361174
597506
668368
682535
972466
636923
121379
537236
613076
399685
231268
164800
920235
696184
472922
778241
525388
765406
378472
220439
993250
518728
254256
824587
605696
921015
125311
507931
189490
334635
263617
364630
832141
745952
947165
804609
296842
882511
255812
809918
196163
301046
788685
116400
897230
175574
708607
336586
840980
987079
370991
834231
419774
439213
658819
839436
360229
598096
347369
449719
832732
424952
714349
578840
170905
575482
297416
367747
371960
367194
991632
468123
568240
780318
398489
379438
855892
921063
616024
610839
822109
887015
359037
241885
326229
831823
895287
500424
343886
156623
850144
176619
481576
478460
569426
552481
867908
680808
734195
153835
948003
725828
435925
516244
420113
734414
795682
189972
569444
325673
700811
391555
126655
873814
447406
266850
705638
342694
667275
863491
399318
431386
940110
780894
809846
423503
247342
591722
104313
795503
645557
866282
435298
981482
382527
755411
629864
992176
759349
199309
317850
374127
490864
258472
247943
838270
425322
767547
994931
906563
631039
394250
337950
485117
175145
961763
722586
236453
553486
726899
931957
113010
593182
367256
908459
789676
936634
538324
695819
695984
551599
827635
970112
856430
986107
132022
694701
325397
713535
603599
231961
344576
897849
469912
643659
886960
431676
366246
123415
799128
907112
869338
812138
414261
236595
720598
117904
987195
172889
713723
597147
624489
541360
481226
480920
441434
513248
989587
666831
140750
593188
798793
299292
405004
268706
842951
291966
514348
123165
315381
313477
844243
998685
939581
172471
149247
574147
190376
136444
647036
804099
633591
185492
259426
928783
480378
600861
355998
383933
267693
396748
877121
966486
596041
196092
149159
438993
388058
477473
376124
517405
604916
220368
516091
544499
292840
565339
118647
297182
515749
579649
915247
149341
665142
174675
892090
145521
589502
248089
429454
757195
544837
220542
637649
140879
316635
600774
393839
518659
978248
669963
936065
583165
704298
366123
127665
811104
831462
960277
108287
347212
539928
923534
310519
119037
912175
202610
978523
501678
350699
321945
258875
795537
442487
710490
750382
573088
311265
144222
991748
289514
628152
841780
686646
332451
207904
628277
957521
853333
588556
965808
200546
942450
803309
411066
875453
629452
427642
853977
131131
678342
175923
203972
387846
432377
814462
138229
819431
939694
996417
725146
143175
624570
480893
729821
770987
588798
358100
728509
442132
760622
608284
456644
617039
411594
681676
492493
855012
109320
260437
886144
601628
250327
990116
889474
496670
718546
841669
230068
658241
838087
855215
701416
376624
250075
345205
147612
738873
517271
776121
994971
191860
298372
451617
708899
523933
133294
115359
378946
142614
189762
265091
558208
254055
169175
361649
564691
787721
203320
694760
359929
855373
463942
875311
145965
614017
220517
193577
266858
551754
783665
261830
643614
982037
613447
266480
505971
560708
195805
784918
517288
285568
863975
975497
353589
933150
337147
818281
720872
354433
513042
894767
123774
790950
770080
169739
404968
804563
263316
571826
356319
946981
647623
899933
842986
175037
980380
348958
635745
176186
947842
967000
275720
811819
942498
529310
744970
279646
261558
379810
448046
588566
274578
471820
379517
944658
541559
598451
663189
618841
984244
919508
565824
631868
733408
322777
620871
713789
571735
256618
703942
433545
223619
879662
245365
980083
322939
804301
173696
398463
184112
521742
887029
272657
893562
180513
131282
349088
678965
694471
867930
577176
613980
347721
123011
347390
570498
643882
875145
956199
800500
579088
389745
838085
372718
535110
732135
595657
339413
805832
894121
337491
327575
695117
424114
135105
775631
455397
298159
368563
149869
166090
845739
577816
327777
868750
739172
798275
512633
614318
754476
227101
107374
144222
879152
380092
493299
611289
789715
732712
331088
597803
884169
472629
292922
308285
421700
882519
577648
619860
165049
627517
599916
910788
119300
827694
693505
758472
625970
120105
286758
294413
161172
208098
338636
854291
488190
645901
379547
191872
292580
610635
689676
176750
983264
796564
299001
404966
593050
776649
838792
658099
318134
438709
568888
337434
266404
176360
909873
706341
196465
110598
900754
171604
218696
153357
925895
520852
613224
305443
612724
805804
816078
216367
882555
713309
912931
995522
932241
505982
772173
771034
164082
990307
209745
546936
241708
290115
537262
151582
810422
547694
162180
625144
619298
194842
678501
545194
615694
291727
664603
142386
911497
394648
258753
794053
921923
985651
703543
854166
405600
475717
625201
383649
379991
648912
744551
521699
839028
281815
487248
649451
729509
463394
274596
348808
558237
767064
707968
987897
872757
286538
130284
784255
581186
203004
492276
417076
188656
195820
271243
494256
485503
710411
777905
765494
359324
522458
201160
112319
618239
588408
575737
347749
951803
750333
510523
424007
431364
218492
325871
218088
318996
356156
816310
714148
459160
222553
131225
461782
232339
302469
770004
617842
912880
547911
297303
186171
884335
398463
198491
502575
800838
674228
664290
666608
338528
174814
990615
583859
207272
316487
701947
426268
486609
432224
140417
759735
554777
985607
221518
687116
202043
891523
304959
928889
353401
416228
115062
151703
714692
213553
468244
515531
701747
132535
996105
940275
207349
986721
438101
228587
217175
140050
554855
517751
472274
509238
191453
841018
408812
226938
528135
510856
932427
647061
439746
285829
963289
454808
251498
591948
482327
619742
921445
998040
566243
917551
852283
587558
818239
290385
716145
849381
244401
184967
281099
616676
508171
372552
371661
816983
499490
799796
327840
431918
360824
581553
531713
238081
850327
597177
643995
246622
216920
565442
244663
597129
396960
996946
184688
129167
287333
800833
878548
431734
799766
973613
862376
307938
346166
234038
938888
659623
847801
180695
991541
122592
662248
437222
260673
512577
934399
718635
659199
965286
284078
717828
562416
495004
714776
647105
524171
902109
361905
316686
247810
161673
290300
110188
283577
536467
158192
222466
196091
819959
303162
101599
842552
779376
352787
917191
205920
287188
635827
765119
252475
733871
396915
628857
228877
111692
275963
567014
827767
537869
783701
975577
513508
974001
899731
697085
424435
871890
733518
434492
691850
936680
436092
448369
630023
602845
279528
735944
790033
815355
415030
856474
463194
711945
485333
592071
723637
575262
159086
551405
113132
756753
440950
440606
644722
254648
951658
969157
940504
685177
403651
546322
535824
653709
894691
165848
256555
988185
801792
860555
803542
216824
717030
266737
828769
116330
672774
466374
591593
645826
831745
518691
316547
186662
859298
861269
341311
724923
830427
195782
410101
148045
642104
759891
615720
450763
739705
772276
438949
455465
546798
156458
486255
263829
323195
228991
194126
809935
595365
685719
369729
427112
118377
586276
427740
791641
447546
669051
516565
191940
764834
740632
153952
320905
500524
669672
671668
154197
441949
110619
509662
888747
167077
895917
966543
304239
124909
974635
928140
534241
660355
297870
861353
678732
698112
203060
470375
959624
772112
800906
965531
450913
541540
119484
671818
856030
689156
257454
910227
945072
268073
333856
747786
249116
229774
628296
453355
168650
602932
295463
602891
263288
493333
378211
755987
105413
481271
140329
965037
167350
841235
844535
432229
296742
864019
918014
966739
553177
175469
790933
412216
257508
124791
160003
406624
168531
688300
673946
237181
291233
869409
654038
368488
276709
846215
938441
196088
327488
978770
975092
308804
733972
819628
641034
844681
683649
559049
811421
150793
548484
602355
376975
619958
627146
436978
926582
609644
939244
514495
746825
144445
297871
314831
412933
388547
161047
265341
484635
302501
158078
459728
511306
792050
279358
966306
550698
776973
439322
362120
741732
887806
864476
118708
421731
405589
455686
348314
915233
394932
676776
576026
439377
874647
790857
666276
263195
765870
831617
561797
968372
889695
921525
393645
595712
114850
273918
146412
791823
613240
408532
533556
415013
186975
552264
736744
492565
821917
899024
321765
130816
575801
797791
384159
364416
502615
950435
441577
182453
696019
903374
964791
499681
738867
358437
909359
753717
446321
955771
545542
959561
278271
893064
288541
279212
445330
839251
585743
181214
652242
807509
212030
142011
519267
496189
406427
921883
360591
661970
104337
870576
565346
883094
370258
304214
241532
193584
871897
501819
149357
417440
375347
241594
310506
563888
420806
569802
317106
906550
651016
869348
714060
677012
911359
233328
173202
231753
969177
347759
793724
887480
132302
273037
770575
316526
391217
826073
410110
263115
327893
459467
580556
603240
601061
705028
981094
835834
188797
298201
742385
653779
981516
456446
330792
892876
503740
317960
124631
386885
565719
732321
188332
598021
905358
858908
728513
296576
598948
138624
459691
826842
412058
854213
344049
827085
473208
239111
662920
562005
351278
405306
215785
332795
675718
360543
225673
179460
578503
164270
380311
958188
796591
468643
470176
615916
327552
198690
812492
740467
237315
186150
481276
549373
854330
725325
376459
327539
864436
939380
703511
129682
258653
733262
362477
834372
993806
402116
827798
486276
466386
208110
444466
176944
576753
814642
692860
718272
913333
419319
458740
964614
419436
840016
427954
273767
479308
704413
415272
257712
557760
932749
287394
716414
579979
549871
550787
487752
851988
378586
874028
232341
400662
318495
223252
791381
947104
730078
509654
774404
149399
782360
739019
468835
536343
980939
556568
915652
685353
871840
987330
157081
804591
274725
773495
384571
638562
238249
772323
404517
430801
560318
536859
731463
692780
574077
522845
639885
304156
846466
328256
267521
628827
881241
636356
165172
862181
192925
894790
547535
878732
882121
604616
683324
156847
292078
881861
695409
430327
568151
913893
761128
128470
450753
406558
721250
838796
829404
275102
142953
675871
503358
310475
218665
384600
760797
197803
246782
853723
992593
608284
646422
874715
126867
329747
845528
318946
125575
454905
563239
593726
368799
238335
536162
633518
544893
257414
472315
288264
346482
429234
778101
749841
553675
896767
134442
314474
994570
195191
982163
901131
703475
628586
775847
644308
772299
535343
863254
797874
890248
340461
305567
173014
478796
655695
706532
923689
727075
992813
125921
973558
422048
804022
723400
875724
614756
671808
190199
609328
766999
986328
424426
384441
614915
200274
928750
301181
549583
705971
913021
353798
946432
132555
426812
425229
688250
133345
262886
415327
126159
288807
388886
362174
906795
112287
237899
521553
598061
242064
944847
365062
228393
369274
649503
657274
383514
492220
858455
833098
198193
685443
186897
144626
717998
427676
383822
406249
461021
460674
721576
401147
563447
924428
577287
470243
850681
715186
805762
448744
771216
750610
627772
813575
119885
191242
384816
317366
583463
157238
964430
681656
742681
151328
640248
460680
392970
838036
766929
753992
298711
402473
969105
762158
326902
546393
146369
177585
175546
852131
526329
760728
516709
154102
574304
450560
245344
859120
667926
642773
916358
632357
324430
573006
597652
778645
933686
890622
616682
700616
558581
729360
103090
441653
405485
329993
802012
365820
321544
877558
131919
661839
638287
548628
715941
126558
813154
775251
799644
395048
418026
629969
841371
556422
202976
439024
249034
136663
243614
679683
651246
616161
409044
654336
957815
714529
798295
759828
894316
933805
551354
926235
595645
103608
474864
225553
130167
201985
900805
743777
497033
232798
287714
338406
603186
390690
591396
666187
341320
735010
345871
892566
265139
654915
460869
222955
283411
173132
796749
177728
106938
262070
917929
602584
265679
306760
728137
209812
408746
542909
853589
805779
589673
141304
144186
192861
345961
549549
759048
587281
284560
918885
393814
363665
573801
668649
400586
671178
741781
197337
662873
662686
273373
580803
179237
439052
701530
807374
462830
110277
264251
230387
730022
753924
185657
688175
760751
431618
237725
519800
832865
336251
438686
140646
599917
826453
709296
900503
411599
365044
911806
888438
927730
185181
383208
106968
438199
984738
728309
801030
995015
892560
845383
639005
560451
931040
327181
321204
276626
464906
654970
109492
701157
907623
964104
301075
648043
673401
115546
959642
852411
927352
762047
780143
926499
145257
701077
364700
129996
343353
979696
938978
149880
825080
577984
610332
670087
805165
831536
846713
184038
486507
856206
785195
394131
734277
900237
942175
407679
915783
815784
174057
757102
577833
854200
683603
623090
469245
862269
567052
712598
755932
419997
762479
494979
811947
286778
165067
531079
118315
911781
615117
418788
681954
400314
626886
416232
300552
569062
637877
130302
298813
711934
787404
776646
480102
471008
313703
849347
247244
694722
475912
903176
928685
152358
398156
740634
253102
463224
271714
271417
288972
700798
590206
870926
101113
217093
201125
215631
600121
739002
159899
712900
450937
847303
403514
831039
232279
531183
594353
379523
225906
884232
196667
154593
850556
408789
709193
103660
685979
794873
275077
874951
495672
679249
659844
410751
710308
760969
440348
224396
499972
500247
837297
850910
261518
240812
595916
393797
671995
104237
587286
711868
888469
683953
680427
652992
906709
389621
656652
592689
998460
745696
381608
494134
338912
941452
718851
949221
702423
159201
987583
116362
473414
824881
781238
634932
879659
377156
928729
465622
295359
429983
177491
183829
927902
671884
736821
834612
875471
307441
427303
873932
953137
708911
282033
292050
564330
900885
155238
266754
960086
956788
283117
433501
695636
964355
882400
575297
255478
811130
854885
450837
241114
932376
448632
982983
518227
999420
817596
393699
306862
158866
181598
260000
767777
363632
366016
332109
178484
335221
412829
138571
292010
509912
386038
887646
474269
182405
376910
543713
893536
231796
894551
948616
978138
343184
931600
496366
342605
663164
704031
549467
722030
785630
623433
403775
963228
803416
549850
141713
952603
862679
994249
244614
372593
380288
946226
660828
462694
323138
204542
270197
368900
913059
132780
347040
256245
878347
657372
412816
541512
361405
776250
263543
961001
399684
481284
924230
117067
931134
965943
969670
707781
960193
128251
894340
254448
974478
555169
531108
211583
573677
615271
480483
486738
648052
727523
556949
526400
298863
869765
881878
560268
646016
959387
521270
859667
440673
445501
876734
371808
411445
760372
979589
285605
788623
873930
440053
677068
343066
871162
788651
816744
486434
183102
217449
948452
724591
674398
474853
923454
458130
270698
483723
104148
230087
818959
777781
484726
178427
568482
756534
489872
328855
650091
675477
931445
437988
929497
608514
681055
800660
311133
411766
201061
308201
443181
149515
932792
931545
438334
856248
389676
609033
253938
307790
653086
886864
985571
137813
965291
468021
708313
369131
696876
358405
858574
542288
610360
788072
964769
291416
502699
189869
517148
603761
398070
860329
653276
330863
705841
991610
101078
995517
514610
168983
303309
167697
955847
202847
119476
921139
570868
727790
290271
181712
986195
148847
624000
510522
750885
502736
615904
253586
592605
133053
757347
890675
807348
324590
135506
513190
230167
136584
422675
644778
205567
539950
626441
161415
556763
645918
896521
941598
373709
186793
123311
273871
149606
561277
684394
714458
964014
300299
868044
556620
247319
539358
361263
954667
763948
396769
381825
894115
433353
618466
452860
452887
158417
979302
428268
615180
625221
324790
556779
812896
325550
494056
986767
289122
955334
671162
903580
833315
785428
685591
389936
932747
224950
651199
801381
802864
947968
997172
610947
295289
615639
963807
562142
588022
857076
890410
203204
482298
129168
573949
295195
354718
968006
195930
457806
837307
681058
275354
670623
466487
860945
874525
313201
985896
525726
114584
702727
387661
925722
313675
496916
541363
277484
959058
129386
948526
763436
146556
430826
792604
620506
539987
961288
502479
549883
419095
253753
230943
594449
824376
511396
455396
612868
724598
355259
138595
653148
957986
340223
578871
271663
651105
120235
363113
610165
963587
311640
373602
110144
556432
980172
544616
910386
941461
947095
374236
360557
114815
505179
768973
839191
830542
224370
452061
555141
393595
404622
208290
351582
558811
601127
437211
209918
535329
614290
634049
498917
739897
821617
423027
210296
801790
867644
120683
657218
728706
308886
917775
743522
714065
686749
496680
544608
725085
848741
913715
118681
167331
935971
284230
540108
537100
535407
563992
886395
149699
198042
385313
789596
833625
708340
813858
549382
575985
748508
206601
218659
957394
938343
862181
585426
539059
358862
944001
178112
121571
857717
110759
102868
707656
294989
542976
158723
730397
920935
945118
694062
118978
330432
397625
766570
852738
211484
229919
342691
859992
336521
461350
817387
188831
237498
316781
627890
410326
260783
706002
431897
118501
716762
348731
640123
825717
705674
698846
470081
626610
643965
164144
559554
788363
375735
240091
641103
487220
370011
883794
261179
606532
259111
892533
695363
396609
209315
237220
706935
370098
843223
952799
302565
473952
301531
842689
299670
821171
541536
583718
447782
185503
647862
821303
873866
923598
961394
514970
324785
331406
312731
485964
837938
471842
292464
447268
768451
401779
584489
475388
671877
341679
342154
874443
629597
543685
717133
743233
278824
172636
326952
626606
258139
788781
447910
945972
626346
323272
374909
851131
554678
587641
251062
392618
959483
443527
653852
641902
659272
152308
931256
245117
393987
273411
119561
837550
631062
650660
580785
809886
637262
807737
350460
795402
596519
612336
655341
222866
835608
930250
887963
390288
517892
952992
596872
391343
396520
164691
847211
869758
217000
778468
114876
424953
865845
948402
262505
410874
513029
743290
134728
150293
464994
299154
759661
961514
811490
415003
998346
561066
259220
886311
765320
591079
839304
276159
882422
149791
340850
643600
833515
457850
336035
848392
696770
201881
710761
859275
426721
223792
516532
461449
188051
881526
660603
847712
757007
386061
176682
755355
847127
335902
555633
612448
740947
308904
788607
537336
272661
943423
180937
106177
401275
416972
854569
912011
432819
479298
685253
759541
603090
201786
134957
691141
897278
609527
452820
654287
895588
443468
323609
656682
593336
693208
269131
334285
902112
871704
771621
174774
815128
852559
180951
130370
183498
849487
942381
430284
328786
541601
189826
745842
643387
138749
350950
454633
648276
617736
922886
457831
961204
246496
114514
554541
839704
283645
702792
655783
969315
474415
730557
698411
240941
725474
728781
238405
488928
585130
568689
631680
126732
572481
377523
584086
611231
628473
938719
173474
246210
861606
531306
121381
922068
545820
575923
675739
643432
192682
331523
612748
567097
962080
311160
622004
601521
853908
760410
990450
353005
329100
622131
293703
801582
813621
777789
326780
356061
630475
400254
416238
406048
831560
437619
328117
291348
827508
817822
834780
920191
149346
447529
401255
925392
572656
923260
526915
340531
597637
431332
593536
826737
867429
787239
542286
681051
478996
769066
851079
109472
983287
267318
415521
728814
518903
557604
920162
346413
375428
754943
180571
338740
116440
481826
264134
589096
319053
605015
829627
816690
936347
337130
643429
717743
124370
999681
312762
503366
682715
163842
426805
666003
331160
656292
394818
750063
127863
314982
910442
403291
969925
991013
642032
986365
386807
720132
489428
605860
325148
233022
422552
175462
384118
879947
793205
408489
793595
105968
725821
476311
983775
152627
142315
228902
622885
351100
878966
650749
566082
703375
954040
449974
608356
510039
350307
895163
230172
653701
501024
369286
786724
737542
444748
170843
531456
151921
393298
325053
971854
933086
701364
955631
985713
743680
184534
608600
994780
877466
173316
474829
580843
127357
824803
189200
451363
989076
984363
495501
642779
399354
764788
343470
950863
123503
328279
482320
989389
535544
707373
961245
468631
408739
916877
368311
966385
915377
790877
961166
792845
864193
349962
287655
805517
988731
290821
256881
977809
189151
652382
534555
488505
331137
778025
439369
268607
920270
821690
257997
455815
529064
133209
824446
751769
950086
192759
718155
779431
883636
593288
572277
747831
843250
673898
553349
745949
864719
624196
723759
953870
190545
172281
356342
335649
850306
609678
504256
770577
345335
576219
140360
688365
609429
864806
440136
473482
871531
158292
252914
755169
565547
639157
416967
408798
227022
784282
154748
991741
322445
692473
859578
412990
678720
129888
562605
529027
553532
880827
213572
798867
457048
167898
401199
880443
932704
655301
353926
804237
713594
420807
473373
193108
873930
704306
501906
100954
488589
470621
992695
625000
977060
766241
937990
655782
796129
414563
998775
349662
295391
126314
962495
652439
194212
277661
446849
940883
832963
700776
745121
460524
935549
132461
553632
809480
736767
869504
810434
139323
254092
803131
664323
231154
483339
516280
700902
193435
830843
613644
443097
126236
639959
319559
592641
648137
497220
939491
589021
330184
554234
248109
690708
489784
280570
244341
299265
917337
927812
109701
870626
181905
726798
534950
313059
210138
865197
827927
303573
696041
441573
560636
722277
981532
694161
228886
543636
105348
168378
132659
335533
622612
280768
840207
112397
461339
898515
225628
292643
826328
235329
163271
908233
776093
512187
135260
800197
377385
863187
917736
887393
218727
392339
523637
114226
986500
652523
557863
991849
720901
590522
241349
343514
685256
895522
269877
146596
708004
395506
253206
534333
444801
230443
356534
134862
556596
391794
835059
747948
168948
752797
635342
287676
959102
158980
301902
945604
711504
673731
851420
346372
264254
906735
503853
849511
716224
673730
810073
424230
883202
877245
858563
241971
107689
129064
276833
478252
420858
111893
226201
403773
678656
761543
505415
637760
734489
621283
497331
445994
295016
262718
606333
373236
169454
110187
222748
785678
597883
846788
209909
395053
638000
882439
537024
645690
911503
713857
937908
246329
639716
164110
550102
318374
825653
869483
770100
560143
490767
267432
820104
685783
430150
426438
959020
413570
350591
995734
199249
848474
756489
223125
243528
394491
105565
680552
854147
831034
308376
792056
977363
848093
856166
441432
980433
595786
310916
750534
969895
701684
917966
703966
301434
262083
130405
260455
575653
294962
170157
674902
143438
826646
711993
200932
135104
717558
781485
889251
548594
903827
595274
439924
751921
451441
781357
732355
861193
992273
396856
745056
607924
314823
449023
809359
390872
393395
969814
866525
588357
953937
455395
545761
694551
167389
646694
729655
698914
342146
618908
161475
245974
214183
501399
897896
479591
196723
544218
254751
188998
841075
899807
610888
969864
262798
420248
360738
556193
304030
141230
958516
257968
496625
504279
852519
564015
964939
496142
176896
307086
115051
238371
453060
143200
553736
264923
436757
650460
623108
505475
653424
378150
319249
264313
261981
482047
584562
436685
852206
702558
477916
724690
774492
874541
142936
627013
352523
107876
123156
343385
314962
952172
481756
581988
909338
935493
660878
260063
585954
283987
665538
239379
476103
798753
317658
638084
280802
716186
974770
946974
418745
452687
671665
193239
241195
714601
634218
407685
636443
571340
651070
851405
523513
946793
347361
346818
882287
908239
506881
382208
106193
986385
435553
482296
785140
653211
120381
879908
369399
909117
826883
602110
275771
412516
609315
416967
941083
243534
638618
577528
714874
203655
428934
152354
150449
590261
399173
932736
412467
720020
228911
418660
620373
564464
714922
405514
131643
649270
199389
315008
558388
840238
817118
734160
252755
426435
965093
193840
483935
603712
671368
198811
707367
914268
165131
671783
504531
464304
604520
816998
998291
647398
149626
618665
211863
764548
838145
157472
327785
851500
372480
786174
691739
103566
434301
844495
343967
399395
852301
727902
817073
523670
740679
438407
351905
805811
110191
670402
184082
528678
401368
182374
990042
450994
615005
201906
129509
367117
173345
357295
218618
445825
957435
810358
363357
391737
568820
607324
605098
421122
335228
336138
758758
975907
588511
110664
781719
512669
681067
865802
941347
982435
862142
931390
347396
391115
947262
376905
658232
120608
634200
690817
380400
505602
415142
643757
797339
883962
165049
316404
219051
400277
552542
877809
290151
141055
888473
885837
553724
483507
665606
409038
465943
441715
254395
713339
732830
115624
904211
305030
136233
452378
809813
330599
857981
224956
788322
655321
922884
853371
871726
141936
167615
338235
833711
357767
379290
636151
157571
746980
119660
723177
156019
399569
164893
224380
926875
711690
240005
831087
916720
190204
283466
726534
420803
141448
765456
123092
610736
688341
790430
396429
730277
858045
634664
563989
129779
827921
200141
187350
488868
133767
724493
458854
433337
703353
583234
360213
415044
723239
105267
331765
727409
288733
872265
962178
244148
637722
985271
754884
326064
775702
965279
870307
633748
599944
348263
577494
341832
362370
578810
730701
396138
303305
189556
643441
906658
586756
817620
321703
223963
822887
467434
851372
111621
253666
813552
169735
791388
798824
824619
931418
488493
703865
715692
936207
217777
963955
513702
459609
240292
992513
104277
450396
209785
107799
993837
930409
594556
811458
166079
718519
548312
533513
569892
559934
601145
383445
629669
392534
996235
368256
237919
484729
972121
853611
420938
189899
731533
834640
463475
871825
741120
467752
236189
850905
475552
143993
781315
970108
855452
847394
602594
317731
294874
172487
777665
796019
369899
321302
102520
366135
503524
154405
664831
475646
821982
985769
479512
553516
734376
842987
339309
475498
224706
475498
240370
600258
519491
835652
484333
288910
597013
986927
506642
791888
973381
198274
501874
257247
333542
418361
523382
737066
472766
188214
212714
294750
987949
506192
662232
722327
349180
901541
111792
387852
291006
252162
888111
624464
987814
286411
813374
584829
187306
233983
290684
160688
246224
606524
317935
479766
924885
655283
216834
311619
657464
243514
506369
645414
649706
168602
367742
812852
884110
293500
200705
175117
445663
902782
699581
347444
189195
426923
746239
276501
474872
850889
251155
621096
457415
469090
100864
296267
938339
217698
507886
595804
275178
914255
155186
824884
896824
422928
637737
780935
530395
652408
770018
876058
555192
383567
137469
644387
710490
697675
734854
999328
548565
886009
620426
819946
269066
535256
116215
207406
566920
524101
617177
742098
352324
672363
480949
249149
909257
118687
844050
439653
585061
614069
229678
140254
897636
267148
684641
522093
778789
333462
435389
241321
219472
955815
961268
388538
405038
977483
409911
785924
415551
927088
528023
667875
599452
908972
730990
508710
841625
575041
848364
426687
189112
978042
466942
900714
159157
965549
336775
837946
299013
672164
979268
332451
541946
854503
620990
760950
745953
930901
546875
161505
771956
974898
643347
371409
797837
374338
780119
553429
849380
542450
880116
852458
520494
261025
667139
493617
140542
903914
331565
253521
490045
224800
485972
845957
893269
920928
606908
639223
765796
153784
614694
537753
128683
258042
723128
740486
446347
503249
293916
209694
859665
987999
962152
380160
162991
543258
687744
203533
361140
833275
271020
751185
958075
570959
597144
765311
491888
204053
404535
171652
171804
833195
523371
114453
905204
246501
754940
351552
649750
862822
461246
509416
850822
337365
703543
913814
780623
391288
931313
141764
224564
202335
706916
996605
673294
304061
761917
979148
322080
980418
150801
393884
813614
574173
408338
718819
720674
977244
884337
284391
840067
345584
607773
690891
496915
225283
604706
277540
430537
536020
233270
555101
552321
840186
465673
225616
958213
141557
204766
280295
935941
255567
488145
663523
643706
710449
296309
364381
687694
180648
462738
527763
340198
970512
132621
737114
195796
551293
828620
526334
901279
961890
895401
453602
716044
275042
579218
674258
230565
597950
854553
166508
667484
256666
730031
311191
867115
926340
489539
554811
920954
852277
896540
261154
736756
929161
812234
746519
480455
640855
186820
381735
516712
982221
649303
232757
171230
142489
807016
301796
640439
575536
282270
221890
732202
826267
433082
513285
666574
736587
968096
587530
502831
778603
748684
239589
707765
560919
800074
102187
115741
886894
297888
532453
783082
847192
665211
854313
803647
386194
970075
444087
861730
252346
565978
507900
892579
813026
921185
559154
463580
803248
146685
866411
581852
709335
919966
203584
184221
720041
205771
199962
606936
317625
546382
390020
978783
125560
158300
782431
411754
128376
140486
187451
194688
520430
595351
987267
247423
430503
460388
611003
233752
507074
477415
715604
130376
311349
819188
128564
931390
838925
228526
452294
970517
588874
742314
949301
614434
800614
645700
840154
742956
686186
841572
837644
206617
436924
738878
354040
681394
199267
779009
815146
520307
170391
444718
464650
381740
177873
493214
227098
830765
535706
579392
801283
124582
235673
664551
552982
936287
310252
393138
593210
896438
234711
430855
917021
485601
983699
185028
980961
996932
864037
796109
517241
934429
154794
881891
316170
232667
289072
357234
963432
724778
836626
678682
749360
972299
343235
216310
822553
467453
509448
415764
277859
558125
660585
194881
857692
644285
193876
838655
641219
957913
548731
972426
806309
603525
768284
936446
736192
957356
293681
613592
682135
130309
292275
345463
102609
449476
461773
739129
816930
785187
154894
908755
257279
715480
917602
114972
273732
111479
767593
814951
969393
316325
787378
689669
733816
469629
626116
470010
426986
819798
897568
923088
850107
103810
268552
766682
453287
544291
505812
184184
329479
474673
992939
486758
190154
910542
415696
363886
922022
997256
992804
805382
227548
694149
495052
861365
163780
121170
331376
490766
754934
142911
327821
605042
146721
496373
285691
500008
940664
605470
498158
184110
980143
405064
484834
984263
315608
714497
262116
151597
711754
168887
770945
839302
763037
265998
700668
740783
201134
846010
145516
856068
888921
373338
375077
935643
683677
474735
349618
624343
980205
661743
622419
874315
966807
107255
772545
282416
721752
848627
247979
347473
917515
918924
186776
594519
998889
701411
335303
113990
547422
294785
784025
350311
568123
973068
199921
251802
447804
449539
690111
341976
111283
312531
130258
892057
233752
716769
988439
769470
565398
236420
116944
396880
969310
117687
891399
968200
719098
140669
896157
180487
335454
680183
430798
717544
653252
530719
783312
915023
794225
473424
257000
719474
599921
287259
611532
733674
904028
599973
417111
383393
736393
434056
680273
705704
365709
485639
587872
984807
526308
484030
165295
675729
978179
410060
307240
631432
840779
990552
546456
635005
463977
617423
354481
877864
718648
866013
611539
536643
379953
842617
820037
930312
276674
414277
549984
456349
799917
137857
441157
240192
435853
420418
729887
327999
730478
937127
859431
485225
927680
319855
120231
305624
751244
288678
183490
469893
968658
608995
906536
348612
451613
640540
278926
542253
954818
728910
898602
754736
680733
339760
894928
116587
574145
624817
258552
304624
475911
931949
689849
403593
251805
624047
609217
817015
812725
606673
286909
781384
215670
107413
943963
567283
561919
222890
109538
516738
851800
822106
271475
446500
161868
980370
377053
549979
519154
535605
668569
895065
467555
272386
298659
533327
796433
721843
350343
523125
328517
451219
218477
444187
372598
162441
825437
834517
199297
748941
351257
951097
571048
436698
311564
546882
331035
588617
996861
750189
124223
665432
645256
491778
751784
757881
925105
462184
393691
189416
885309
536175
540635
917752
794328
727199
980193
619766
561717
179491
368708
812974
944554
753723
163640
256119
300606
394675
658702
211435
144866
682925
690833
604088
988670
442618
275936
827742
804802
483594
917158
604078
919769
371760
521832
714098
998959
502026
333866
560678
495484
516540
287619
354005
270264
265225
510125
384837
559901
982793
496272
518733
665720
187106
122822
568357
529724
212724
396100
248493
596318
313260
752571
430054
498986
274404
144154
497947
590397
291986
872591
899847
622492
974176
253853
792757
239403
577944
991560
699304
560739
487833
132004
140426
488905
154826
608783
832595
181516
904883
981088
591801
132110
733660
921855
531097
822031
966009
843010
326395
171962
715602
226243
694455
603745
294062
401179
743148
772007
392740
356419
246713
694539
388423
287139
183445
357215
795922
916040
352698
614772
811095
844499
646883
544756
766355
177981
280754
646332
920991
421115
718294
550560
547358
326716
968271
655387
627895
711421
427395
834601
881806
574108
529141
270231
675213
526552
441412
471136
356559
694110
985908
167655
538610
546758
526378
218933
624739
707132
679231
459697
942214
311492
824223
403539
538209
792496
958926
980070
417884
386322
814673
299691
774396
257781
383888
449610
598300
725301
734712
854859
333378
634588
922515
685955
181347
448894
804888
620053
969992
484120
893716
826173
695612
717941
229714
147788
424404
188641
127860
742288
388930
756499
855945
977292
914280
153801
340870
426547
693068
975582
281408
926446
524137
117890
612402
605485
380750
331257
225539
264709
715377
119256
990883
324957
651163
220598
372745
975567
223205
400605
631822
512135
157105
401735
403395
885352
455536
644265
311900
148605
533814
407274
889017
957952
425164
415387
563438
619880
646644
602943
784590
275989
536165
775474
500946
187330
810038
687657
976863
933243
988263
608687
359346
959334
910422
662741
758653
279925
220973
884520
242496
654787
291795
131514
526706
530926
360867
990144
150807
907512
507054
749363
183502
943220
524838
498414
130551
248843
186072
107415
996053
988301
530068
355400
861603
354457
832107
620257
534382
867046
504778
590844
521834
610540
622359
862507
955432
883226
766618
920205
704705
273674
669570
702173
216895
194409
200588
161412
257219
200627
982792
253273
102895
426828
508673
864498
681285
254747
398723
129635
121794
717467
620479
457594
328008
156805
320102
197407
853998
900687
117614
472670
174362
687184
174845
205223
695559
189399
180601
852778
290026
977359
106052
206888
404188
428691
971386
899440
497404
370110
929075
433164
987578
463521
790759
229553
520327
924827
326961
288292
825515
344575
660962
813843
931759
735807
919066
627319
739173
913633
394065
843165
890994
400117
950053
295183
642775
921441
108590
140180
205518
851631
473345
193097
315154
178071
236617
649447
916864
463578
837739
656347
708153
412668
470191
553879
148477
303225
181199
701616
216859
389230
544782
921819
689348
494837
217004
246090
416279
139560
286270
435763
891192
573581
528861
206347
651652
665478
755794
568518
943022
507500
138832
651176
820168
509023
119022
782611
626214
114187
484228
743074
403418
929011
664894
992766
337815
695864
238857
654094
735425
339093
903823
540584
812675
432685
646931
378294
912129
316692
760778
855152
638158
799610
420295
372293
308635
439317
154906
834849
453505
453100
491890
756923
296078
970751
663656
533893
580582
716479
101954
229974
869538
905778
670558
596180
252430
231456
874475
978526
448148
635254
833679
900272
348832
167942
272567
557467
421225
241439
306283
688696
508505
612140
445620
704584
496858
923242
152444
977440
553688
968364
207416
423228
874143
691940
919408
940539
823397
707850
919066
185512
257072
666713
985785
505904
734655
258353
877337
969846
313758
997586
658544
722263
609727
918130
426848
106586
841374
393259
897993
309029
361624
919375
632257
149734
611316
465633
990273
348680
987449
823307
434193
244522
490021
333945
564392
138643
406264
441730
108490
620022
439318
667034
342286
949045
499132
583101
869598
340507
790326
767592
549536
151951
686968
995760
115651
212251
375360
919890
460932
276776
743198
795125
421299
147186
129071
885691
185829
349301
241389
108286
869323
580707
589286
125576
443719
988418
608677
313318
242892
399004
894876
606395
364921
495811
516122
380572
608063
791482
300464
968995
882224
857628
678087
303524
904815
621124
103183
904610
870425
158538
912896
739749
639245
416150
765325
896930
318535
287970
210250
461428
500940
919092
967823
679828
414905
483946
960400
922968
189395
174831
805930
971619
846426
484018
189111
751242
919108
106260
655853
789534
164798
482717
443250
618009
712833
122542
514940
931368
310512
539156
392797
625419
458250
274587
305248
773155
658533
179615
610090
661894
168413
416021
633515
914839
714005
636592
666082
633114
642852
235902
336615
621616
532585
679865
239626
245419
702407
654566
176789
826886
107690
383552
366272
465940
558140
485486
153062
130640
565101
577118
692535
547480
807105
326051
462320
435077
862643
942368
968191
419462
992237
218773
941078
524823
798638
180705
584209
415012
649237
574964
155865
656927
858516
336103
936833
416657
721589
989895
361264
200658
480980
953799
648138
288086
193817
110460
623163
956460
866794
505321
289889
859032
624094
230968
297823
336699
225639
782032
565678
774876
270963
535509
345771
129480
771613
282605
360104
493203
186468
621368
593861
567448
489134
155967
755535
582951
166427
292665
539412
847187
697987
643267
620187
236048
774235
818010
386714
899874
514009
852392
588717
684972
301868
834488
628418
973481
931060
888522
380652
117529
423857
788479
584977
812991
844446
254479
395943
824839
447145
749321
672028
959098
392589
292216
109113
980790
924192
395827
794631
352168
248220
383350
937140
450089
131805
479525
337537
962865
282015
618189
980394
605872
320636
479339
332831
165083
633818
542740
803889
894929
206029
389884
767994
412584
496066
777108
393376
420259
986901
188008
672427
235123
385324
523534
499178
417130
817025
650681
379996
999040
182838
274358
518880
403474
653697
751711
382523
201482
208418
186413
910378
314447
476297
592339
627032
872363
369448
834374
206589
356351
922382
692982
405440
221674
130483
718584
452770
847509
369266
732766
846550
366070
821090
365431
669544
388754
931108
866034
490237
139528
952447
314582
267941
342712
806921
794973
129042
990336
629348
149598
260654
465698
742580
480060
587372
773064
198645
940142
534540
381877
586875
381091
561914
321933
560489
231459
610687
405564
911459
914890
359058
777874
229473
527000
120587
850361
321974
963594
840698
765289
113193
101353
144954
755774
395379
632326
442805
494024
486435
877345
689867
887276
172403
251782
123176
546858
297208
633864
852423
208668
462721
211482
886542
592195
638482
821095
356523
774423
784691
197222
453679
711850
112541
498633
381591
407920
944925
638362
715910
345327
429674
319744
232604
502078
385493
255781
862902
582701
703611
629292
605335
166333
740775
405845
572494
293224
140907
829017
881613
739564
926239
335293
451416
852746
647892
646973
260667
592818
285337
790543
838145
615011
110289
884716
931055
395782
954463
793959
792449
658075
337218
311751
638374
977993
531562
210870
185185
572470
939887
966798
226001
780094
216059
491383
546807
763951
138358
707475
270737
323695
411985
108883
752672
422274
807565
597695
632022
762029
305621
424472
334071
542839
550190
786412
520834
981752
897282
519985
468189
751136
400750
594191
445197
516809
985574
892005
194728
123933
513447
365465
261594
825432
288314
828233
161674
909846
425929
693696
585842
631550
932135
819914
174390
482326
520293
509190
464079
417576
929175
832269
982678
329927
426461
427877
660702
326002
233849
755430
263902
561262
934861
425496
386695
223177
253730
362335
946989
493625
956032
532832
125176
888168
266713
199567
370495
687006
608757
648540
918548
451900
394776
901228
681827
635203
243072
342530
861206
376921
997961
125109
838183
846789
364571
138845
883932
432268
401181
830922
825893
271180
363756
851070
159349
444435
864603
343810
131443
387327
806316
949991
739227
201094
765186
421055
736297
908258
577552
597504
199146
489480
536579
851295
336270
801151
890141
220204
233420
205289
865092
959313
376469
228849
724350
349784
487251
588954
507560
518694
876282
313877
382652
529476
328937
147840
850532
965235
956098
342051
476706
155246
731531
827252
906541
967801
628404
710649
101972
675790
815938
867065
549070
106374
909880
273422
356158
397132
676342
677684
729792
466591
891562
112446
896068
134466
160286
746601
999701
930350
902618
390375
899562
634150
131594
720071
515918
659998
430721
517891
249755
160627
298923
698825
980966
208804
872247
337126
505937
548591
828776
149696
915182
720339
162142
811251
754806
222428
471819
668474
966745
288404
872815
866308
822554
904409
586380
338474
478374
831068
670331
628129
805661
869254
326956
786628
978058
113170
937720
397962
475727
766498
447659
304877
400804
423767
930094
155611
460162
315881
638052
426908
504285
424834
207183
326841
329245
693564
479281
621585
438599
963578
163682
244261
832833
390638
930889
724858
317774
782577
936787
607468
549076
298413
812345
849880
622180
742440
819458
982342
958321
371477
323217
376574
696311
430401
517381
839522
937931
896662
375075
376531
