860241
438757
434758
607041
643361
365648
331900
861135
962191
182654
468604
511268
381067
280950
275116
817214
837357
908540
713523
709645
280018
936741
986219
790295
281109
503601
543785
219041
314230
818860
409538
988437
257618
744296
595479
800979
923910
741346
576081
886103
824000
944686
311338
119035
139603
400420
750215
790926
308961
463739
500573
402945
314447
400759
107208
409522
718327
550993
528563
846523
369854
752067
834962
441438
496364
344408
156384
420276
899720
632465
306380
637688
491118
431684
656723
444688
732105
406939
235615
855032
684644
550154
257979
899092
764880
179153
308615
397174
630146
651145
243698
813966
403213
892626
169371
713544
237036
225755
133821
950722
758220
254167
588411
249340
585851
159101
594028
231923
466040
643609
986956
964651
107731
244936
777710
772611
324089
900291
169786
768201
465403
313484
496134
768617
120078
565505
482162
257114
691260
429949
121803
363447
584116
610215
512787
983933
669316
920781
215858
949323
478358
202815
913975
486089
261717
605652
258701
399772
505944
242453
981939
871348
455937
478074
553932
476015
857545
850060
547095
548806
280010
568899
812253
678092
993080
239008
662026
662397
973755
691850
525687
452114
708631
353629
752169
784314
859281
910870
998052
279193
153324
979992
150542
423228
372033
518440
713209
229579
368501
174272
592351
462477
557137
404606
140570
550218
457580
616562
126582
431336
222380
552270
697417
831011
719865
449587
615327
579148
274425
527346
672307
241715
421306
722849
478909
693339
155256
192120
736885
423757
180358
329237
700200
637495
547809
740770
187714
905389
271299
128262
250693
393679
580532
762076
224692
300399
211664
653985
693513
300055
995297
365821
355737
416604
902636
734646
109945
957892
740732
660796
295616
821090
890033
895816
458586
437844
550553
460266
257200
721852
488529
321859
115533
883027
983935
154191
997392
109567
622142
690906
309622
617440
870693
479325
934045
687296
213973
857956
645189
854705
518753
754771
675797
322753
564554
948349
574563
115108
408617
645730
650927
711112
867589
580426
594140
851526
634617
591534
775059
170726
196407
898647
688166
967101
377974
536178
654398
491947
308101
213555
260619
726854
782292
750382
863574
346848
698733
438138
361956
921316
983868
826849
632429
765425
407276
140536
530918
941893
632070
305978
112620
728478
204626
614753
609546
482600
964897
177911
788513
273000
291466
949133
813820
973759
699516
677395
234574
312216
929500
410496
147499
827335
237347
679928
592761
544623
634431
123680
400484
266502
243624
327070
808946
348251
755789
332459
644817
720688
410371
433332
893688
515803
296432
707509
403529
809914
384906
538103
122132
228373
762566
169631
955708
899913
663526
462437
358503
297958
400083
658987
378426
543708
800024
101340
705925
555814
247765
350743
276503
558136
598041
170192
887906
794473
691668
205402
518355
890540
643506
540487
118914
320039
524084
888588
219953
187611
351026
478456
299535
565076
951410
491928
108785
751435
407234
714710
307250
554999
879419
397720
927102
477462
467912
815009
185902
159581
834377
604257
864087
391850
958710
883001
611889
482796
685557
731842
484373
936583
124266
597875
501660
975676
903769
424411
641078
311004
139122
848328
766003
832508
246049
607072
309971
527928
422082
309839
501475
170427
728063
365564
462277
686774
162532
974167
983536
748089
706010
381877
598640
644242
793718
914266
619919
697488
338679
260998
908492
291767
923293
588462
124276
983308
195536
248213
425203
431584
372019
826679
502011
100083
106210
864289
686857
982707
838457
584361
730798
458434
866238
243405
102678
659957
157672
536563
271412
310317
611528
179905
502085
534822
668367
440327
432097
677869
502507
757301
109455
774526
583981
511466
774609
504157
289722
375433
486865
128180
859794
217664
400581
639999
275035
403259
213923
332708
839822
385335
543025
451351
379206
859076
800139
861540
299405
232238
539410
701912
889539
548865
476439
387487
874298
251049
791644
164021
440448
192476
106168
300244
224107
406749
754209
399142
623974
868133
631850
377763
167435
988842
729115
446642
847919
443221
308183
961290
575459
661559
663203
378965
124392
953608
580418
898690
118624
372063
876677
459073
378506
796811
659317
502613
117527
413527
801755
641501
195627
347573
919265
263063
336416
562347
609705
184336
905568
731854
145628
394995
393414
622797
587926
417806
576407
168346
230463
508997
440409
921107
868070
632881
717919
441354
135495
735447
668848
837251
376949
764475
184825
210181
841504
421241
672528
451210
419543
492064
997030
379137
787059
390446
901935
374986
622218
392309
443332
666648
801306
697708
587756
583344
330590
305676
924698
280052
855089
507513
117304
232040
185956
116095
256187
927460
351302
828716
292638
584811
234747
289669
863949
835772
494081
679851
210759
930266
972160
468058
596915
687433
979732
184672
270778
224289
304314
109444
404341
159405
516957
335611
205411
516879
351706
361598
444341
516974
104281
636979
101787
239028
740614
779702
974800
148663
459554
999526
978929
345681
381551
489811
933114
275250
574483
117860
399539
692763
941269
617847
752168
372193
853458
857579
789073
119132
133145
147381
450072
137426
598326
451859
190421
338941
231562
165222
301570
505082
978714
194466
750763
274232
584277
597845
449482
972726
529671
662988
665491
470941
280836
417660
657100
134295
189207
446174
967392
222352
493555
417466
259778
905847
683291
264165
244790
728820
243354
446360
233903
222069
540827
884667
396302
939070
396479
659750
911798
826150
322739
577290
211058
503575
808916
768158
451837
898123
128300
333196
934441
435821
650662
194221
341670
247921
272352
486460
876741
415706
746786
110645
537776
201580
809278
748044
954617
205758
321761
866416
931908
544501
357673
142967
862042
166590
725092
313880
878680
753392
461043
813122
189214
925671
821309
344850
173593
993662
731310
950334
409369
392064
960980
761111
407610
770259
423122
362228
789984
644884
142611
721893
189386
400284
678827
865394
380841
317886
179276
259522
971278
454285
972644
974458
379957
707921
319310
453551
701584
864586
403886
110954
170617
278833
686032
392194
863059
109155
568388
653044
654039
611000
288904
657391
911284
781697
522787
206092
999583
516029
365614
970862
870314
252226
859288
164238
860147
178599
517789
561732
857151
735642
486652
927769
914475
172685
319964
777535
995806
702318
344546
563812
313319
533451
221205
138571
315149
557958
244663
228700
887953
510278
113529
672234
662504
872817
736472
522652
865382
254263
898350
722535
889905
298969
564271
718347
285621
698201
409850
281428
400520
654396
745240
613840
101814
780411
566377
230930
252336
711040
359630
140290
135285
373159
626490
697789
159944
362964
134408
925326
517227
846724
561828
321099
145695
126100
939446
331316
638267
349297
426710
852754
817660
985916
380561
819474
680295
846938
864370
832631
557979
224001
786888
507231
411127
413379
118987
471071
676343
967361
396398
107537
814086
858227
328636
859781
798293
182050
105064
350528
345313
431774
203283
976939
417692
483844
796415
997987
330783
574752
744585
702728
698754
445440
209960
109882
758820
228948
480953
349130
196310
691317
270634
824362
463511
413236
598111
261806
495286
603175
512334
654566
848916
529583
631506
180575
913427
341888
992528
158177
816641
737114
760905
429362
182556
784832
439244
755342
913780
734163
918438
924056
425481
103039
748419
788993
416276
346531
864765
725528
763673
291066
380095
612590
720649
825568
693165
548043
167457
685694
606220
798064
336775
367126
227427
333297
151959
480637
902605
879705
214801
821045
717728
454249
824084
380115
157209
154327
626646
835940
779856
304286
127007
973917
816876
661622
799486
424008
123632
780910
923668
629852
578975
260445
810944
706403
493742
776870
187041
310315
570542
215809
131361
288272
570058
769411
568387
541233
823739
109000
377174
603596
313287
318147
491480
944129
793735
290968
282105
817367
971878
205774
447220
550854
280185
172131
171224
587894
849001
258266
798209
419545
374075
743536
607817
758099
512948
990170
299333
250654
999170
490473
668216
226424
708620
159698
984520
502356
350666
266626
233690
236511
286366
494876
687365
380518
567007
672556
868412
329976
830822
580588
649521
118864
324125
171305
690929
737073
975441
890262
801694
888578
380736
469911
115004
903322
529609
913490
319645
694241
994082
453335
830752
280449
762177
432085
560967
329185
104642
343346
473127
749430
823934
122649
682260
148060
107920
373190
699100
983361
263453
500795
871941
458155
870706
800911
275444
314283
714402
495089
822490
708485
762390
653244
802900
524568
899295
277835
667719
817903
521181
140848
481300
345117
977462
163561
393177
899349
436751
906243
882711
514170
407039
668619
786291
191713
383497
961735
319962
911865
456825
142453
534317
133182
609663
337219
471716
422925
515054
139436
240829
850201
994249
622129
195319
885679
599656
402463
785029
936407
308707
667741
364544
529713
250328
150836
535392
533825
112572
755354
445692
383363
711773
880009
330511
321438
131195
702227
644363
460215
655630
699159
310418
649880
235255
319703
535560
734912
536132
234556
585286
658806
716264
763797
188520
866592
814633
537878
314384
741172
293233
574042
938501
818972
454053
269014
140411
399214
871241
598741
759430
440838
297901
883814
990719
347122
203518
440246
982034
553617
574803
481288
212424
291068
245086
214910
971626
873685
652788
286011
614858
759987
760054
553361
578960
128074
636341
533338
341254
421549
132080
914650
762388
329981
798465
753108
577103
815950
107321
473105
369568
496090
768359
395958
601124
913445
510868
486717
787131
163657
672729
315957
823644
346750
683284
316571
288790
319626
749909
530044
641175
781989
358662
403564
925936
971093
970638
417007
701010
891926
704078
884544
301983
472438
280503
803108
299850
691371
289826
986981
755028
776521
216905
492639
937237
800189
709211
226028
933781
459121
570039
488924
241112
828701
706454
981014
713761
591060
398022
414773
482987
102101
299318
684970
474539
479822
402045
674389
985159
505838
575338
740189
282360
606209
146795
219599
320366
669972
259593
254148
129095
729632
557038
184173
472300
263494
165188
186063
668520
377177
500836
151508
379278
614120
650444
667784
993942
866456
256140
979103
372295
645444
633259
554655
251655
594020
588220
472021
263994
747814
540135
293089
391413
997174
291228
677680
174635
270382
763743
743155
547559
178546
708629
740804
692666
273040
408589
600576
139497
478695
493646
411792
124141
940871
780414
189762
534892
282601
561783
698886
844381
915884
805941
235796
827025
911135
813476
901660
181519
491186
558782
629078
569732
267412
369883
176365
440453
592438
590907
393916
971134
984553
619675
909241
925425
314056
999003
460319
496657
560787
973171
341040
390638
693080
390802
217665
604216
204279
119326
685735
509431
492075
314815
979163
659487
498664
969494
913906
991103
560403
221790
876204
544957
741465
785446
384350
869487
784450
658635
280111
259204
545773
521151
549842
238854
725919
581473
743071
744164
600800
428807
253596
906841
557588
146726
566329
870219
116222
394203
775289
490591
429959
651494
935548
171425
350907
233865
854878
135358
792500
134990
208528
338275
470108
572336
391095
196028
153811
134167
840193
568577
376941
993789
475419
748495
140517
855714
618715
970704
249918
394005
461296
579877
859465
310811
565268
210373
444677
334113
245731
151144
369104
268225
303385
653178
740562
594481
749206
794373
628648
503366
362951
819555
411123
652336
568052
365606
508051
100734
336311
571936
394740
697607
965779
254206
822384
445015
364580
181028
679128
424277
232173
948232
506469
435558
601411
247032
844005
264585
855371
472655
581917
132289
206177
893040
684625
588195
258647
192677
588930
494958
578579
797636
106532
544360
865808
742883
889375
144355
823911
568504
468633
956084
430704
875102
305610
846081
936100
149616
924632
791472
436237
506551
823761
542415
399592
422353
130611
558240
428996
533507
867164
907576
331144
787663
451937
196954
530547
255279
241309
354459
637749
523908
310545
968453
312977
516155
728502
249078
479737
653135
854516
815975
159687
678278
272357
459280
100632
302968
831486
343595
650442
698651
251172
881586
486315
517075
978540
916862
672354
133817
271323
224070
557725
395834
192525
770703
725955
734993
833747
205693
388129
602231
835634
361783
280510
107992
635029
195109
224927
466516
438704
775369
979133
503842
570922
379416
920917
549464
210245
507238
497247
295534
631308
954972
591368
637799
639642
231290
372793
387357
250950
574889
889588
986584
750638
984064
908543
385668
993139
133471
752184
345810
722806
645284
749652
293729
924700
584536
657159
948912
991774
154407
244447
537050
923346
735816
988815
562989
781072
275576
764312
932022
750465
653901
832574
501104
637967
741118
700738
631107
688555
366889
790884
325328
912173
540537
519057
750841
125075
990183
699754
930815
144591
844201
467866
967937
493984
456683
444894
275058
632259
209207
121047
296691
677075
853621
611761
229009
508706
312500
674082
197262
579389
464967
422590
405529
905505
755614
156371
844546
659764
756125
775362
618321
514294
243230
500226
908278
513879
845120
997302
146139
868293
932316
256796
459335
699904
768557
588344
208612
981057
262428
219840
474413
627395
456397
779942
446867
212012
836314
291414
685742
506406
966777
304064
834666
123974
704290
656912
537853
549411
654215
497958
331672
500498
654754
691007
200404
337278
193319
309016
232302
355747
428856
606715
797108
785253
300624
157943
811231
950904
349357
496974
457312
230101
701039
291979
168041
405330
762857
605894
768708
417074
917818
914346
731538
486539
519320
831942
723817
612639
140959
856119
782352
383782
376801
579462
169036
577426
551371
794234
528331
714694
291209
799609
844796
806214
905555
826803
125512
668413
346665
794220
899453
264484
708567
630993
651024
227888
462936
288808
654494
417862
958894
436847
701644
249662
830275
684646
727088
381647
392847
169387
996342
498023
782962
755105
304238
688518
581909
329750
270899
828574
937936
170353
907025
560470
615312
472016
602325
892215
660824
256820
310078
533685
593667
825688
683348
337910
424301
324403
619557
717149
393790
529866
215173
176754
284972
333377
679238
680848
477094
850137
509423
415031
834457
416449
789468
363736
788465
391794
255952
363257
548614
466030
796942
956247
205685
394257
294158
443953
618661
727682
161103
826417
257549
190242
817137
442522
337585
496377
123371
714679
260481
446760
943677
908904
677176
733146
272642
465642
938906
428594
728899
401487
708591
439809
357735
728242
734066
465860
172196
352728
193543
233299
179147
265058
237507
896284
521546
389059
306628
458883
917704
381076
805644
861382
289981
482821
508495
462623
762429
361368
705184
405296
662855
327742
745105
834557
955984
479172
214384
128182
645867
307927
175447
638980
386951
312955
449231
808498
515980
655860
267382
433685
936936
973026
209035
140884
369814
531496
417474
132245
792865
122659
437541
369687
264367
182647
118211
220352
475785
232595
248534
935618
354488
323982
574599
641440
450903
837797
449939
866883
493658
617321
300569
344561
504315
409604
299411
774129
755067
616885
720340
547933
553510
157882
731586
717877
154495
749798
838230
444247
882393
986764
379866
236883
224713
768432
692289
575616
606230
142229
442500
913854
573516
643070
172382
891797
866640
371793
665928
621708
802645
386269
983607
270122
358118
715195
801966
412613
378960
554163
756860
175320
454894
950693
226169
579608
719126
818458
155225
239323
774653
497726
967143
262137
954762
139526
153935
735369
325285
633829
271045
941896
834065
168619
125986
192184
697780
827952
418763
976740
382116
989590
152062
737010
940284
278231
316619
573377
910656
285811
626666
685310
597503
593810
847447
466232
547302
901383
201602
686553
535213
286613
628451
283245
355233
568403
375429
866979
396356
694193
843721
678472
597750
809749
415483
452001
901946
546069
925378
812603
731880
466011
411881
329384
959821
259329
695616
421090
974678
711184
107644
423859
811764
550061
607104
166998
118465
796500
847943
328787
404660
691665
907259
902410
415381
236710
354412
317329
596745
193757
943898
328626
559768
355780
471976
433556
429076
981558
668612
317721
606709
590222
555546
418474
954250
976617
399438
972715
773118
247383
215470
991744
753014
122730
808121
168397
173406
976499
299692
670151
170257
157557
812743
543991
327304
198686
791513
656380
994210
460126
788067
600921
950348
343615
833361
904599
234199
232801
791282
821283
294150
906752
813028
861130
843448
621150
843493
916855
511616
957151
500973
581873
114710
227684
939830
342014
326370
731344
812360
320582
191471
600428
735469
955785
758009
568831
860386
892208
615598
565635
713492
723714
472388
440487
584846
229803
875603
342306
960624
387220
299459
461599
783059
314169
503249
722890
556183
643585
368201
368544
778133
373638
782938
513603
329425
540949
896401
103778
347124
425966
569413
960617
149682
855767
315071
548494
985570
190676
790800
946196
477896
990259
321762
174923
218395
725011
711779
588544
368597
979981
771054
146732
353620
553994
474301
497011
908909
370703
500789
256034
696670
884168
130618
660318
739936
345690
208813
725508
436366
813579
585671
728228
717806
807433
717117
836201
532445
428898
338713
715008
408880
109768
761740
576466
563762
150009
973478
386638
420712
388234
542673
931348
186370
573291
591667
826306
818981
614446
465781
169314
341993
951452
797543
959799
672852
428627
709967
119264
757525
948680
734273
166406
958449
409980
556839
436178
459989
444284
722817
694668
732518
179457
626017
818888
652748
131652
559162
385697
560064
924943
455011
802057
790363
166521
761857
463216
495149
385792
482481
252675
248439
130721
233048
206889
354667
689887
457034
714657
134172
993817
323292
680656
173275
849309
499546
726023
794927
872674
111721
354993
797618
380699
157051
501948
447220
732875
865165
756335
118668
261613
909011
267107
206300
142060
287963
460967
645913
558963
989590
680085
552781
312883
360742
540022
976159
674254
180012
771087
546929
105700
126081
258515
386399
183133
660463
647585
729974
439595
403922
662608
515174
226900
829715
535440
182926
931644
896408
728839
404574
885999
322891
771321
112850
497599
311344
989009
985820
305323
760097
532750
311023
786179
605231
511388
783278
179662
158974
513253
433223
376862
175862
848398
503762
819543
383839
586688
665155
194214
315528
969729
894180
452385
741052
907030
849985
866362
896040
835806
171686
656138
282523
382709
356284
787755
708063
139563
781383
767038
552816
214607
143901
542644
963005
547664
362189
260812
948318
927344
268992
177814
811040
163173
530199
466059
970203
380185
332423
780210
129958
318075
350316
312482
514751
606600
914203
222815
646164
695587
889853
112947
810194
847721
555592
687167
309352
731747
761945
257671
659092
844903
335485
384099
908077
765685
750159
792247
959836
982582
572459
989795
300658
822775
216244
629375
343342
130448
752191
803472
640001
642045
816420
364162
403733
285979
865295
613085
917726
541207
770757
490785
386112
920208
774884
294190
685894
439010
900403
559698
421593
386829
549494
536218
209605
665738
165594
366914
610152
817785
170387
164120
373798
886807
428282
591497
986752
207545
204584
818445
648752
789307
309231
934864
709516
898082
143021
309378
251059
943425
769076
572653
330255
232537
922837
353827
798275
902397
620741
322394
634150
691128
386514
907948
491903
628762
499446
478656
736307
517996
211069
299027
307304
334266
147858
830787
146315
190880
140166
297375
948271
809242
770028
192493
855745
606832
446320
654021
509230
881027
790381
143381
486123
990861
865295
791992
533590
278709
184615
183865
610671
295684
382892
817976
529951
430750
648764
576266
435596
602896
773641
383868
326105
457636
476362
181851
878434
736648
649838
387666
531643
440220
345013
831732
345048
124276
623725
778638
216951
622306
862503
727622
817991
159362
545599
261909
490113
108330
738175
739675
525192
425784
123545
751297
783420
413873
833148
575822
964487
482987
863488
410097
737173
122468
241830
982221
960709
679521
674827
177661
301829
451297
805284
933786
510660
264850
195696
814739
187147
747837
554415
612339
173622
491926
363638
771009
805799
196787
346832
684254
493741
124287
908317
230915
960720
150149
127104
921431
643636
701931
999092
759431
153229
718343
693218
563889
883194
702880
292595
884307
450719
747011
496647
524341
238938
674251
295351
858704
771039
456149
542959
178747
480436
365243
223628
441158
329358
250732
362590
872995
766629
275649
546393
819859
893993
239613
297715
691154
842493
490311
575462
293213
151289
972109
631521
290227
646362
740838
962897
331368
196989
419823
324081
491391
685067
447709
746515
914425
598442
923071
787421
365072
198722
333816
998897
992715
387395
210580
597836
143855
514857
173299
251035
480112
145409
782556
670339
605737
523395
547204
837105
534350
867027
161187
839708
552095
508897
586224
466522
921305
509297
167910
200344
521985
315692
113209
428667
603087
137755
926503
560909
466578
999802
711944
846690
145212
408467
430996
564916
745828
878200
402022
280180
745229
377176
119889
297325
700039
520079
663847
535311
929376
645724
549621
365328
861416
562830
693995
378471
514551
620499
839380
881129
620302
465291
727820
579481
773758
158818
144398
519587
937018
360386
613733
682248
551528
547588
879574
165534
967668
457388
600845
811011
917078
150468
176341
778496
527264
770336
970933
941816
304803
724280
822946
825105
189572
464734
318553
777296
523552
276917
296884
374537
537304
724584
956786
902798
272173
750327
968333
239842
121682
483145
950854
938761
447579
941161
631224
788810
711498
602158
730627
916301
240405
467540
655374
329977
746240
787893
921239
269793
964811
132090
544331
416082
756674
415084
318881
928848
979377
201181
982656
101060
584327
847477
939821
931906
788639
485012
720717
414105
987170
365311
244373
227576
646818
713713
371519
393059
501608
206725
476819
466420
238816
835116
782502
895490
164167
915349
738305
143545
116532
634929
144605
514825
482407
898393
446732
185014
383406
981416
499119
284544
260694
643492
326086
721478
357207
511572
928504
672781
618297
319290
139202
671079
154407
735670
480537
218574
651020
218843
262119
581518
667738
220690
996343
150147
119084
357043
235161
316457
252426
548246
414967
413120
105705
555019
948565
276878
966591
877070
849659
498856
196361
802827
983901
164734
538498
464439
283308
103486
497249
359393
585004
164988
480083
581349
129101
413134
752358
178228
543557
904784
626474
772490
317905
632180
327510
180437
723024
208069
957507
572685
520891
967834
375513
504793
132569
727978
869233
229843
731464
366483
403202
230435
345437
697252
625750
374539
924352
378109
452767
467910
282894
979242
240401
414766
525389
381877
495203
162380
489946
366678
635065
910837
334513
824545
415632
281049
552524
198832
324858
197955
465315
628061
242356
710752
325314
768107
899257
249667
960182
352026
531543
243078
245235
585910
557844
584590
867787
867013
646970
357735
233692
196003
182539
382172
920548
412137
477187
387039
424935
702045
398960
704216
244073
541316
328936
383353
223390
228194
533020
183574
480220
878529
240618
539421
464440
612428
124012
332229
479442
584949
503930
527101
680952
500435
723239
515467
812573
114393
802506
237509
716438
115433
841726
774478
556749
170663
157832
594106
212823
504819
591646
507010
383349
732264
946431
747790
258659
884410
893985
638101
469360
311882
979168
964278
712317
616374
479746
438857
630767
282253
490333
261173
297686
246026
935651
668401
230655
907449
176474
343478
412269
668120
750488
609585
314351
696921
271342
473010
581332
165328
925078
864658
377210
818213
828937
903493
434589
308684
342352
879322
404903
732685
140496
516555
878711
890113
998922
109367
797564
175398
266811
123800
657484
917300
633385
785802
528188
718693
172779
923486
784021
997857
788145
975197
730038
531049
792658
978593
653699
135011
857916
958602
681662
812379
389124
474340
702493
388047
397673
414024
377411
564484
437825
934896
395751
885176
634665
823939
603871
707444
747426
301859
705303
449538
191024
349308
794553
883682
327902
448253
832659
185819
320822
428288
898198
609946
802628
514659
897994
114268
742649
189372
578752
180475
938234
788470
879618
572900
612410
397456
280346
273804
513281
799615
537308
604305
148924
331863
401954
376826
680116
234614
376611
900939
562902
188777
424852
279497
517402
236813
293765
260052
326186
686484
254494
264421
474955
134113
737322
901331
345535
917668
989101
758816
717284
526411
363123
680174
758274
665077
870966
352357
713658
247578
167263
190527
250321
492116
370025
667723
628929
477756
827776
769081
164241
982270
933503
453162
930349
584792
354495
275885
502461
343597
848667
133712
770008
211791
713886
442249
690835
498819
694607
318460
646397
675836
408987
710685
167953
592978
378409
610849
970735
120152
293897
134977
916388
227401
488140
760704
712193
656601
936589
128621
900198
699224
976298
584174
811015
690185
926423
415817
189005
534997
634277
649369
124801
857231
360055
106720
450210
552430
617569
420946
486549
725433
369890
402938
852834
671996
163644
478995
328598
914199
507616
142763
613424
483916
626937
338407
988067
467328
568190
991039
816291
202469
554375
841092
873666
728396
847813
323877
280827
379349
558790
581342
104783
828680
884281
771584
500677
861891
250580
643241
690057
572162
686004
303483
870044
226909
455856
772079
594237
924046
763119
324495
940481
231461
165589
814148
859857
827368
951992
954650
206718
510783
535994
211502
253430
334242
883086
568073
196134
947632
211315
786191
519795
711285
903640
389841
838194
273463
975886
346398
111477
739006
570894
951958
870467
636483
680074
644291
463852
546033
598942
484536
870782
948902
596038
124213
283145
393091
506252
293245
340724
617567
893403
674486
242819
797044
878293
981014
884474
854180
327413
895951
507153
798307
761876
291587
348757
355917
835878
712609
801950
348787
197147
586699
297691
607151
610912
394802
814209
931130
588048
968899
462664
481452
643386
605484
192463
435646
586499
976937
203793
813912
786855
610946
526187
548733
802533
774944
804650
552378
487555
520568
801166
498668
107268
912823
919785
532147
307626
733995
463278
795674
702896
825943
277127
260249
431428
283557
509862
831893
260495
613655
559772
947351
224603
985959
410051
841102
760905
214702
307448
162427
635270
922580
475061
556505
835404
394847
988652
143031
942809
365897
752672
645706
191841
843765
719921
437235
127323
229784
183095
201785
743440
642868
963102
782009
628828
373154
537078
389734
401822
744526
366127
851059
667107
741188
407565
416478
950002
310184
459510
892812
576081
126149
538519
667923
869914
172407
919124
811204
216158
102221
912989
859598
645089
876092
555574
187884
163213
906618
477619
465035
565112
657712
230061
146186
398902
537626
462665
348905
747810
736141
241718
237859
762290
594203
719748
546171
580576
638873
357376
696734
555060
270366
470299
114116
960424
925873
202001
123638
746459
493586
402640
311572
151299
532701
357758
450201
884294
720423
613072
546071
456565
668756
683930
132822
262960
403679
578994
743537
942553
836370
440272
411580
920703
810572
425697
881128
650412
527698
818733
396872
921284
221374
608444
972583
568041
780169
336752
366302
500593
849824
812374
771125
518582
496305
803947
595508
799985
296908
253012
656505
133280
507251
882051
953983
231790
307749
749078
696168
649413
567812
993041
570698
603152
515452
457249
985160
295622
607967
351463
610182
457792
163838
381308
790340
474110
999221
299816
188062
296131
452828
658533
243377
774045
540585
111327
905835
748335
760405
602005
397749
242185
509013
782414
745337
838431
153630
644464
134055
661597
895928
558203
933355
873732
753477
637663
347843
666665
837479
349871
776762
204274
908404
920139
878320
448991
845432
784156
111293
605839
300128
323008
748024
709141
919388
407328
547574
973018
951793
495595
634616
761688
867764
481939
635421
621242
119603
797231
287908
857082
147103
964671
875322
869474
798777
753643
318466
644211
451767
243725
164017
565861
466733
726007
275004
386123
133336
636544
273108
899095
946105
807725
660784
813870
289665
210173
435113
223234
821370
536987
980316
782439
415625
769605
651914
128370
523250
784346
672581
788983
928071
736598
354845
308772
376572
443815
594895
409908
894325
768003
222971
840431
489695
697721
568268
593326
721860
817347
716560
543231
354336
610843
239638
583927
380450
791552
612297
717666
489866
284879
506650
417938
835443
675461
626710
212016
933243
135572
435891
827569
717542
472828
581968
121204
170550
964202
614531
792411
781551
245058
249609
949853
755902
389247
533781
136353
994766
146080
754019
484633
244925
174636
716537
894335
750097
257215
920317
597307
206753
270175
338844
824295
643003
734778
845500
627520
698981
373998
333898
480533
519056
483507
430387
274959
686721
778135
225278
595454
824215
793263
894053
883106
867899
610591
691408
531964
681772
611727
129272
788526
781902
368116
526788
338873
102895
372289
866393
615843
560253
114258
996376
979310
497765
340731
168236
998452
118867
207481
507873
757048
900744
401927
640155
768645
826485
331565
300610
508258
757258
243848
210751
453127
425931
637540
692000
342792
823795
472360
858635
384050
486618
855013
277327
798350
109711
259529
710769
128578
367010
218644
785626
267756
520571
425782
850367
261023
571313
150978
669282
328572
208792
693999
681700
534723
331540
373701
777516
969302
660028
636152
353353
960612
405132
444646
758963
414843
604175
469734
443421
785152
588378
143014
866874
922915
468797
717242
183940
854076
682186
667188
182650
790978
275154
764350
325703
506695
952017
917185
475998
612046
467304
643317
572660
772437
901929
245590
101247
420071
529290
358635
205224
931634
401649
972098
854551
684412
689341
852457
538490
285494
433612
621140
976473
608766
385491
216143
929427
251475
947294
319392
677488
414599
862709
164115
101003
764639
309705
102251
184712
738996
360886
203902
584597
662535
176002
439149
260915
679309
205573
699405
778770
453151
320546
755244
875884
520003
785353
805312
585444
732648
124706
262933
147248
801381
327048
148252
566022
450720
150503
564700
103683
325355
668602
588280
801856
658570
841396
962771
251847
860935
662177
930617
314088
796689
599828
189973
316693
385182
895285
716104
117831
833957
879037
979044
635340
120053
127297
115329
470773
991765
580029
474456
231087
162598
876702
932944
721169
718099
895716
786982
579036
471861
717600
793124
268551
317429
797063
399211
516577
692349
115316
448374
440274
894353
427419
975614
828372
368683
990943
299146
274415
484939
587568
405503
547537
464272
338448
268707
996337
148131
869655
575374
519992
587256
282465
602510
718651
979528
815687
235229
585845
831003
497569
926119
639323
824989
815700
467697
193673
720610
580809
368088
205550
168379
587557
653087
446617
739971
735761
442955
788103
605417
918330
222062
106641
114762
638538
725292
994291
454226
774488
494103
285230
272058
420223
738520
911013
149890
120184
918652
770500
600993
200708
876050
583338
688265
443104
929955
428238
178866
286878
130308
598250
119175
252370
604891
133937
790909
330184
128229
159102
918638
436298
258299
104664
756521
896819
915677
720377
830969
834331
490878
431963
935039
366929
829268
537271
710034
759224
865509
702866
860068
895817
301117
879243
962154
806008
913181
667030
950159
855376
726132
782764
291676
884431
787428
862163
695217
703107
582542
526187
451405
973420
772117
386445
254317
601386
823716
778317
274577
603193
395150
948612
412977
596268
827856
375132
316243
741038
942162
180369
510382
582262
863134
616024
380660
564529
478188
889844
267637
960730
329998
533008
848118
916081
733419
916401
517468
557137
694719
606012
974296
989869
554625
387274
500104
296448
662407
630314
851453
518536
710683
361836
914764
487784
877860
209392
952314
270015
999236
133918
144713
329235
566927
892831
245318
300347
723199
576752
671450
417919
996730
559713
321755
465322
846988
635826
661771
423362
266141
513225
755864
876824
689027
670630
278576
566888
780022
230891
736903
693225
178775
695582
836426
645702
588414
895710
760016
225580
386430
345433
543499
383161
805147
679221
662450
652136
229014
324222
975498
395155
651413
645329
185946
340441
315960
364522
721295
909948
409379
372165
517140
488155
967748
353568
947823
556163
163245
707840
681744
449675
953274
139210
646803
758422
632397
309254
324525
761411
447442
213990
970532
998855
759319
970445
339297
889246
334968
960592
713161
558314
332758
230303
860435
300507
397837
808259
670637
461082
430067
266348
724724
383342
219524
371528
955730
665888
494748
280256
341266
842190
394246
311800
841046
967531
282246
180344
856778
431180
954902
569941
803460
201627
700244
663896
402135
912047
472157
886738
373130
802224
967052
911820
999532
186577
283349
869229
752465
678097
149486
907698
434254
357698
133465
275301
325230
315711
269611
182010
560857
224514
651951
278285
326142
266162
842181
542243
178210
228305
428982
365306
844495
396035
277128
757994
396578
374443
627224
963010
866507
590676
870709
300762
848374
904174
476064
987571
133852
645675
169582
508675
684156
635499
686960
824264
715627
443109
366508
707803
485380
609456
973109
243843
905491
164204
901837
216036
352614
443029
179047
219122
933705
949756
419884
696047
767897
709914
683619
801749
269557
667167
224392
853713
302667
811352
677978
832260
168428
858452
540064
553809
467909
427140
697652
287367
405311
513456
403403
657925
770451
482451
777047
704158
346174
110898
400206
114073
720813
897791
729788
890370
564959
854180
658050
681592
665534
336029
513853
647928
108448
953917
201738
476357
295024
713356
663724
600335
140780
967127
258261
811231
363545
935308
429356
609720
946207
643528
537759
580987
541320
267548
471358
920245
121730
129409
601838
601230
279404
115692
249159
287852
883575
264864
578175
178601
792186
241900
678936
832966
122994
751164
558165
386540
686473
801487
896260
546647
445017
434020
127635
800303
601568
412959
720550
537264
356334
322389
138495
449704
338082
201621
551522
135624
366485
129698
214225
972637
271598
707128
719571
294593
458293
277737
495099
144767
893190
391360
505381
338208
639346
446982
138513
154881
673908
759063
592146
930242
895418
544607
293914
147467
560194
745436
183092
740645
775135
297317
713284
860699
904445
432856
969258
276705
524559
464358
235439
417750
669684
640820
569925
309031
901768
608438
363913
575677
281468
770025
419887
176887
228599
613801
138321
688794
359238
221413
429440
134374
418730
142725
809040
237143
389547
778299
413848
814106
242659
549287
145824
812343
104074
615749
935341
905843
138154
213221
395487
233588
883246
715374
224441
111846
329176
262762
700640
502381
384175
130082
450721
616872
986772
259762
667981
376321
938062
895795
104394
994687
359050
964183
720997
363124
493899
656339
182934
446019
683526
478422
579607
566773
107763
618015
492586
336940
780777
107193
739321
978919
951240
190043
509758
938014
263772
177740
228302
115801
973535
146662
924454
332586
110847
645452
509677
418712
215759
506577
764732
799285
884999
344340
280026
806729
862355
586578
143670
557100
593771
696957
536020
545013
700966
945778
396994
778704
937484
439262
794505
824986
485924
718960
971539
410737
278380
481217
729450
308105
887794
494183
921356
686761
652489
201383
493491
428812
687961
451127
885912
195700
962050
335899
640713
663017
195644
851673
355689
133129
290936
150195
858115
676860
683122
829655
987598
861502
224839
717049
169608
926600
125199
990964
613362
677688
106315
920819
106501
608242
285913
806379
703942
247964
142279
344656
724947
237923
196330
980636
185018
387266
130833
943134
878093
713955
686756
865692
489424
811596
496708
472998
738197
521907
463963
265526
113562
384244
186346
934029
892487
372259
740409
596430
434189
696655
841087
159137
748544
851383
953740
833563
152617
898539
690664
930710
526461
377421
710369
915885
102984
207078
388884
741181
542951
666813
906707
470479
951058
907019
404509
843546
193245
958885
353943
441400
569507
195031
500538
318052
860381
368245
965581
912998
266785
656246
843709
693246
847634
468045
609132
850618
575123
811982
505767
932040
478796
326441
402520
343821
233462
620996
101334
240673
579882
355278
582074
149390
450309
896578
281408
224657
264824
246991
137656
431609
717203
795331
124856
564838
263377
547954
329424
652466
359937
735191
584507
652699
961632
800994
896521
109061
421991
897855
163701
815839
253134
645775
865229
517410
456320
146638
642067
535110
207595
593690
780685
824799
302988
719507
303604
466366
267462
533028
932798
441365
268220
431273
994064
143820
232268
890586
152881
468225
702409
216582
284065
855543
676323
149295
286920
946609
109899
828988
481720
131461
336645
176372
856260
539633
795879
159865
819965
963341
506860
752765
404707
589046
998004
312739
632866
230273
117292
599714
598498
719701
630262
782563
489212
306587
745824
676132
167163
669689
505121
462850
701150
655732
539222
471377
195367
335103
445209
915332
212411
852069
582064
431085
441116
580069
643824
887949
624308
661116
487664
136773
380819
117927
733302
770031
238480
479127
360130
305644
962783
765252
582460
663934
334951
121683
949278
430318
270752
394488
259618
383164
160524
655648
714249
415606
149685
358074
303556
587959
833156
605186
624733
127942
623114
358036
711939
675560
737164
972070
795170
613914
651289
377631
277849
886240
399315
141094
316560
570067
435582
390144
767197
410072
859758
481447
725679
909443
653487
843201
497404
486645
448389
122138
428553
885469
294140
140494
561030
845270
112565
356202
459185
663854
547799
551001
550095
847114
592095
680621
331149
927678
970765
998346
251717
830525
393761
877396
653935
947248
634565
151340
347860
982954
987443
676414
782390
281585
716908
257387
940821
643439
427555
400008
307294
875355
851009
757389
722470
443105
351978
867585
284750
322744
865933
436468
967235
259695
227831
535138
120910
762396
500444
368771
659317
487889
859151
355674
583440
490026
513062
438228
133466
840617
738236
340760
715973
589246
912115
352411
846318
264094
133963
945034
400805
813862
295469
282007
887523
337267
717145
908434
913629
217591
191172
486914
519446
950323
742588
916852
354316
255651
355081
387782
910235
907284
542508
540175
410497
368590
792586
256816
532685
740516
115818
747456
554379
311287
929463
441904
548554
646610
350339
376151
678167
355477
763065
111580
219767
505654
928432
474083
575272
197480
675831
485508
104765
218340
925683
415263
486930
632237
486045
833581
372754
501863
581038
827133
627117
510503
183004
175672
971079
433343
365789
563213
602786
128855
574793
722553
534510
503226
196637
109783
600706
772468
409257
519438
804774
334941
834701
291706
867178
320747
939253
153899
636577
520293
794999
263695
844762
878003
253333
729808
225314
519123
293022
728100
547978
767815
450655
982488
185008
547292
906237
599680
233728
315495
119119
938502
464403
767786
144175
331582
902500
983429
299448
539078
417689
994447
702773
262452
872451
856106
806226
997765
375230
999248
725867
737175
681030
990488
633630
766038
537781
539869
279685
585475
669330
212771
437945
133734
880557
482120
279283
783058
379516
478731
322137
611171
473179
838876
687589
259597
608950
493816
257364
798146
407031
797197
535322
988061
787686
168954
668066
239434
522789
847752
724910
192120
960523
976821
139821
755047
372908
319104
538107
652425
697835
674210
177563
984980
427054
765153
244578
936004
258970
315908
734151
566002
113106
183441
554064
714758
252395
136098
854193
589150
797816
493070
595236
758340
469892
635057
427354
742800
854161
779427
309192
465963
367605
386756
450944
694659
151910
509489
630664
224846
725397
278782
690848
652470
362223
158880
367229
514618
194978
135389
917734
892794
528459
512972
565101
812317
148030
806421
469085
816158
585850
678277
282122
853455
878999
547033
548115
844875
956522
992745
883688
595886
271528
574537
162323
533752
547383
429553
862336
556327
464942
694038
363088
807368
207011
742155
619686
169007
548578
988771
885165
134429
581016
981254
801850
373982
528288
349966
132825
398777
256678
916513
808629
428206
491051
870953
775924
852401
214473
552228
408729
493381
246267
671818
300750
353278
413974
734403
422285
776518
723175
221418
810947
218158
202673
526764
492141
544927
776730
438932
843704
847374
355446
566300
275582
746497
437254
865472
512865
465693
417701
821595
859075
477934
407380
159826
731212
635320
794229
967464
411840
431372
102849
136754
463496
205522
563519
769603
650449
254216
208536
408120
101592
463982
874420
191140
124447
225642
956612
537312
591335
288281
272874
450411
666215
580254
424204
311395
129542
132400
192826
355348
377738
195675
392102
741235
215163
769587
510839
765612
837770
533342
987698
839362
897324
776085
844468
835737
901727
801081
373051
407030
903328
545925
757441
569545
940146
995611
694906
883654
128013
787732
239003
405751
883407
445071
146987
912536
214660
471793
678149
866396
905135
579814
705759
716426
355900
550228
552165
257629
265276
739182
564659
168606
199074
236067
552117
953186
231680
247024
836841
259693
934756
975844
479410
732130
334883
440364
558633
363509
726123
236783
229906
631259
716597
835665
261652
972497
299860
627783
144093
379102
366966
522718
447708
466041
658786
813791
419228
704432
960815
170037
778091
809538
959847
257502
455635
294731
597866
914268
558240
323990
965017
688146
769215
595581
437778
844834
482046
551604
472618
526139
830707
653551
948858
192382
933558
521611
906174
266753
226044
866990
336790
904135
590496
296639
975603
860097
405336
487437
774367
863577
625393
653351
465690
308576
248934
803469
153411
630980
355074
439995
971085
185782
993546
833910
192131
927105
355522
998305
107826
395532
779262
344616
213634
369759
455221
189239
143824
760558
576676
818191
538102
202070
471543
903792
410646
534443
707262
378023
165424
876303
718019
950476
876051
625532
784387
968182
466605
953876
966488
474431
263375
745752
633013
377010
929477
902201
466249
973301
662760
856891
705459
200863
958961
990969
918621
283575
525413
625885
561598
504804
502189
193584
455281
378241
633083
153635
346425
913654
921477
226880
388086
184854
786598
835065
461864
716077
737267
742079
603345
400028
598971
308806
414857
471899
213742
333480
569440
639155
773331
945005
957925
189487
138590
327173
381694
585639
380809
542085
499294
216253
668966
701346
301107
455565
536413
576937
985608
273681
232983
502921
487676
645920
711727
716499
931786
739435
863945
501227
378591
637277
446233
250484
726764
398790
477657
922425
798395
672432
464511
297691
788686
133478
899037
903759
403010
349417
394664
302585
523099
527647
705506
824741
173569
331200
541241
919321
970635
319154
420549
349228
856431
680749
499712
497163
893505
791335
419589
691901
463769
784100
889592
252456
731545
702597
156216
948521
952014
450880
251107
389080
792494
856614
213822
780029
187815
569030
699351
158452
788184
933866
321646
558582
614616
635324
955745
508122
426660
289301
200025
790429
887368
903583
942885
532880
606181
913068
481402
558197
277915
632509
847277
970409
489124
961100
750439
490906
444097
363757
549358
232282
297625
684970
604830
812241
320295
474543
234331
646955
663844
334356
437386
465179
237940
294238
898059
658088
207307
379462
216286
299189
825938
963563
269599
229029
838630
834005
619935
282728
197763
983259
328976
309354
668230
833807
935562
888525
222317
169894
535482
786161
318216
786834
165308
370122
981072
963367
928210
102347
256797
958462
301536
982735
922027
471135
125731
674624
219107
645667
771319
230837
628927
914261
440191
211125
662035
289720
999650
784352
273580
449099
484481
491796
235934
549789
675885
130974
513157
518062
133321
583920
476526
334857
480622
312520
619958
506354
801110
653032
152022
572430
783869
594915
486693
138027
706040
962694
327748
619658
747048
501328
968757
231530
807091
118659
681319
396943
149633
108443
815005
182954
592364
205498
331777
972986
418018
765701
479341
133096
418734
445329
605526
116570
940245
906185
968563
560252
868881
296312
179911
529896
611606
962635
661426
332664
981294
256712
629607
130928
265155
358580
127848
757519
378044
273591
644473
696063
939292
123815
643125
271994
383111
162618
202530
323357
968804
171094
697575
751652
281372
691453
281549
706945
654089
756941
939609
635384
913653
483184
580278
178809
655730
608126
750295
933774
695683
394769
543804
548942
332550
186930
720936
615661
249549
737433
752984
132320
808527
364527
783972
989900
955980
879487
610812
610070
636429
550422
159421
464049
847572
639699
542858
503303
161792
207120
437079
757475
415855
880883
220384
562372
967814
841321
991999
217364
492721
658951
249684
301249
923478
847622
205116
879459
727110
715928
403496
277506
180318
376883
555521
927890
916582
998379
431195
892340
119467
768274
563782
435322
563124
684166
811660
530939
439454
803661
562269
832175
462613
625919
947391
386092
473542
152508
179518
114619
682403
396980
206091
762721
673863
661612
604578
504412
573959
935773
310719
593426
618014
688467
842714
181140
372634
654376
612079
626055
372004
988315
458231
734617
614235
405623
934675
901744
372098
928159
830329
868467
325140
936421
631189
812969
512000
149734
231348
985959
985508
356033
493352
603523
944500
250034
598629
317135
718376
124676
843190
990380
112992
215389
724998
541193
434978
573640
442938
707076
501800
273269
489510
640906
123657
120700
367842
535657
170435
499190
435584
969909
669189
742902
487399
613690
892936
986029
744791
525279
110706
501949
515660
937663
617338
154625
478857
866282
628265
735762
573360
130066
822997
962870
670972
760620
897537
938814
210244
881938
351971
545828
765814
921160
202698
253214
534851
995634
153210
193610
520915
977881
595559
850541
829511
126864
905167
222336
893146
533433
858098
380473
563500
595062
257311
148439
355683
968814
901220
465927
850753
253192
825722
530534
988319
928420
597714
437137
924055
650925
530747
358937
542773
126307
209480
372286
967136
928613
408588
860284
462047
266687
240758
839513
675715
398069
887953
931398
366884
789174
397326
131604
856332
223049
476104
844652
151470
973819
195757
889492
538711
626504
162396
895450
566778
185842
181703
533915
114456
490291
308166
390470
570944
362891
229984
246660
574926
931903
178059
755777
635044
389352
787381
405344
426367
263487
163963
391804
151273
259720
281297
589984
786225
257659
485435
266970
343502
567139
614851
271924
871396
823018
562394
442342
185910
606345
589002
660836
452215
667062
416614
987260
870380
117963
306571
296748
195416
370534
588552
246689
530255
683815
650639
230447
841475
950040
397417
998943
431146
912268
270868
302544
735287
647229
644886
735163
253575
233889
309967
519756
714917
540547
507017
499264
472476
713588
696013
567892
898089
198532
628547
428345
696314
193153
558792
537790
143195
770175
450700
388307
682444
535534
590851
331699
182764
235738
880828
250305
283594
190796
670062
812477
631344
991045
311743
103821
618601
821722
485680
516691
834220
928193
845036
530535
121348
317795
882291
978508
987970
332992
366816
584381
768527
857668
816080
765257
907372
696910
915563
104933
701672
585626
817411
246983
576672
943120
250805
109240
764843
550451
525931
599064
478645
284934
943566
413959
502729
825858
392468
404666
158852
659285
889048
741345
430920
619095
506603
252259
316006
422167
257193
831645
821759
888570
978628
312399
831691
143400
321639
510501
593851
747571
923531
886463
932505
867098
300423
349202
692958
592892
567834
665776
166144
456883
407122
411030
889945
727691
563289
119918
963825
634448
851563
785585
523019
830193
911950
268677
873593
233591
679178
381412
795128
516677
267876
641600
383776
468299
890802
976734
875157
372604
642511
941301
729487
863599
352332
533399
505258
729588
553318
469084
364037
404882
168636
701023
149042
980587
783666
922636
214179
376812
218015
909307
793489
385891
550908
177266
668156
355678
154002
457281
628282
610479
312549
271736
388046
478848
705136
793304
208437
258455
262389
386440
477303
331025
901429
526346
311613
685097
448983
339758
961909
480964
249066
669365
680821
613941
746631
348978
869619
714599
620225
411868
239046
832775
583604
527092
311624
202707
320397
420061
361162
396752
620467
738466
627777
521898
264813
753357
206996
527762
993115
982871
908726
156149
652237
589548
584056
312835
752492
367642
841401
372719
679510
980447
119461
177081
507540
331085
279789
641903
565112
540951
938655
185580
193384
480399
521444
272163
147723
542406
699925
954805
525278
522618
110955
991481
926132
508977
218284
592592
776619
959685
779277
456130
940133
798738
533211
361640
129824
626966
903543
508902
167919
756165
594482
175269
150531
115928
347433
198255
558334
861324
153061
897579
383944
977981
803027
224043
486959
921311
716635
263579
794963
495913
533675
649063
294652
880852
910703
238442
507820
728213
647344
489705
398345
155794
564974
448877
985687
812407
547132
457988
587699
600193
355568
871643
492141
972562
995686
879100
807840
626289
142680
602805
122203
490321
251869
230822
371174
976539
283230
778994
618719
744541
268700
917065
800335
647641
279909
699989
374015
727041
157978
861714
241201
327513
647324
633342
300076
643012
426409
107917
269302
469089
524688
205471
773376
590524
336293
144551
481030
433490
737512
999749
178032
906212
830781
878367
467820
110691
578357
741836
651698
550301
603551
792899
777814
164843
340208
977890
707855
666617
899774
791123
949672
424463
810560
723049
828953
146855
681567
309984
480345
419080
309735
472343
239259
954482
350711
607080
965174
743034
348917
616873
293336
766434
323740
885117
745243
477914
863008
453099
958498
676749
158189
908171
101214
868750
545188
744133
829571
226756
954118
223883
545836
263854
596226
685095
132303
760903
292176
997477
417904
455059
528318
525206
135461
666024
410324
780704
143939
187300
147771
102438
764049
119926
824576
679229
802642
369765
423364
546180
496521
377483
670063
856323
455303
180256
455385
487606
755125
561528
399051
173030
916587
827369
512203
866014
493394
822527
560686
451299
823793
522423
453738
587844
456315
278315
181040
258959
462046
504404
705139
858567
695853
289170
628857
151157
283392
984242
452730
938518
545771
751781
925514
376326
493117
437718
156307
800477
174213
530959
251777
898006
953382
605515
399817
323665
697796
480858
482624
159843
799228
101730
832376
495083
290900
461234
460206
388259
445478
726902
326778
891249
392650
166259
181542
785767
417944
237850
586245
406123
668809
651989
304130
536159
257505
517914
759824
855302
812738
156415
829111
611967
158145
661489
107051
263012
122724
381224
551271
382168
108127
692015
187385
400778
758274
268927
100512
990184
320743
500724
396308
889553
152714
514405
339679
224185
932319
999503
893453
745058
155919
722566
270992
214064
384056
192010
291042
320746
473234
742313
602915
395327
434329
690300
610071
106571
773193
610584
996755
993937
925274
393065
797457
891954
807470
137137
116140
653756
136641
909594
312781
192560
546127
483773
220590
744149
575783
411633
964895
862983
967912
481777
258312
316209
172078
768383
322780
759238
292934
233502
753176
218209
526567
550634
924129
248004
587771
940270
715726
538378
763831
928507
544904
309959
412282
665494
954108
802031
891093
919004
665016
859007
314749
823328
175217
386827
591712
311963
960031
698613
445465
627174
730788
785999
991774
654919
847969
579546
595190
563697
931890
272988
492205
476795
482947
718453
956256
437056
520486
761316
270027
185503
620324
484776
908831
609507
685570
414510
735436
559568
927089
180903
186744
657879
780868
178519
226765
628838
572032
635921
106502
503923
808909
498708
794685
291857
131128
750942
542879
551614
512259
626872
551083
946550
925615
459915
470024
525152
688392
205462
984720
529448
200331
171465
187328
881199
249985
228059
424004
635983
763980
430507
139907
486856
743181
748558
592679
774309
499501
135559
239891
825727
576398
690974
686244
415980
964856
156269
841132
567215
175697
825853
996663
189994
811285
997958
971193
875236
226018
309165
511220
803965
639672
465093
290822
296820
213653
783502
885095
527120
733027
124987
266814
223392
629928
853058
539372
594785
823294
380505
975966
812957
120326
972630
902952
831611
884555
788112
706848
110575
997277
218069
728506
550916
497128
919328
747736
610781
616797
632833
137903
349826
571786
304717
473218
201715
971742
912591
610466
709003
207063
586433
521961
227389
473031
424914
959000
357587
213028
665849
282128
210306
697884
910634
661223
108980
743930
322926
619761
360728
855759
571630
524520
341513
690314
897739
443228
576023
724297
953695
285027
831360
454095
706988
958750
827126
131904
831717
998680
158898
497568
194775
269204
109419
919376
744393
118399
577273
881286
552127
838001
651012
937723
276489
892525
628038
988194
335755
204062
712492
203417
303055
457819
557512
910044
330536
298606
941948
162255
211253
914812
473789
306028
997982
397174
139371
742377
415574
616644
537630
781667
368613
188643
719391
545102
981169
261397
533297
230891
279425
159756
334308
482481
517575
705786
392526
662078
904392
248441
724333
929611
163254
198123
235641
161237
495297
188978
717580
724837
705623
255211
420471
974236
257821
139864
519339
238991
215227
866602
369882
394652
926358
518156
777133
357900
223943
983625
919978
128337
232067
644312
957948
209287
656401
107556
184491
965665
196535
802071
604469
716124
871249
924941
604327
129071
878771
123667
182028
993998
804235
451910
388651
730594
870066
979751
988494
994009
963377
822440
936312
109412
466753
808228
218699
937121
729750
303190
902787
740251
919228
507257
456376
790478
346165
960703
733515
224937
898336
815543
218936
702572
181420
421554
347133
951486
315272
249595
859462
278650
972035
709742
202028
352755
517971
234694
289877
161688
351850
192665
801940
271079
513889
258317
875523
760054
132988
609039
884992
845290
338549
917894
547864
419969
253415
708963
371456
468687
858558
144886
561304
744560
754628
663332
997316
186566
798026
287194
248254
149878
293826
950194
234923
707715
122479
110448
381736
969432
533453
180695
814723
772003
998590
276554
191973
252006
885518
377396
534660
658043
336248
995964
402605
904842
659297
399922
991408
371291
501082
153629
335135
694908
917790
470058
316590
854235
394472
512293
823668
741892
592988
552358
513896
591579
728913
519835
657552
528398
711197
192213
186442
947445
188178
403013
766254
661441
702935
757663
932732
117985
725259
181834
626859
643050
551893
757416
497286
760331
269710
234921
502224
762698
687279
830086
268245
416193
263889
825797
844591
789052
918010
845000
650465
920154
248014
416720
581596
764916
174385
428296
782901
713610
510130
409761
356661
875989
981143
667913
636322
250854
802834
952512
913553
490114
782600
181799
720274
860455
821562
478832
649508
653539
323833
299974
573694
471848
616695
969256
236765
605046
311519
833632
318657
635616
157360
489284
511606
138505
157198
961894
289359
773998
828374
116879
178079
524941
112644
798353
385397
834206
277187
848871
401712
501020
148847
789372
786834
579508
758630
837565
184555
884115
671198
317178
519732
642525
706462
845305
681030
677626
721166
784355
365591
549541
715201
443670
974482
727845
242025
273846
476019
333178
122719
777731
648164
171566
481071
348966
651074
153668
186532
649595
937783
671697
866773
371483
314223
487202
216789
809219
978794
751921
507541
344386
301464
222743
688056
189913
764555
744047
363760
154541
891191
386479
746238
539357
372011
227310
788323
837051
280978
788821
486647
218763
460519
267387
490246
588708
654589
521001
311894
633384
272923
719436
791736
388353
756145
479793
478267
520701
137808
742027
575242
928999
942472
235448
382323
314484
362758
984612
965501
543737
773435
452149
576466
147921
619536
880678
636630
188092
315646
762490
635442
402535
481927
341145
690889
238074
720938
169157
572741
672712
725150
961950
515679
667623
197399
798002
796073
374123
782616
761575
731826
470018
127691
308293
517939
561193
102938
968535
563251
318584
731027
198694
621120
212955
439839
225976
264995
974743
295133
651703
561423
834249
613654
977102
415839
625019
775105
211913
899142
471688
787454
630970
841706
815145
753229
359647
290305
670134
242149
753556
802684
873176
766216
337771
900098
120022
463747
165094
994765
572846
716797
470155
407096
244418
447258
722935
683403
136331
748814
582547
508019
450235
127484
349727
179347
694679
523340
369652
364814
665489
123209
167500
452633
789425
405271
352732
809447
769019
417826
718180
341866
948590
188336
562929
106975
449561
199831
690379
485892
762612
186893
893911
212848
214377
157605
292196
723022
580945
561848
987837
160402
499024
155338
513035
202416
460609
765767
911864
143595
997559
544011
385462
860116
546313
762357
781058
895874
862188
471438
381767
624801
472297
275680
651616
500640
333285
843812
223663
728197
319627
211501
702565
718651
180805
215601
821068
541415
795334
646899
498976
792894
190911
698404
566978
551190
460762
348037
447066
236918
633441
728833
761719
105739
818479
327302
420345
965731
171115
544008
693929
390743
569476
396495
923360
650281
426062
744429
105663
221397
391329
504640
828257
396206
203045
395236
847397
563808
557239
208430
614692
190681
837263
290378
110386
655744
517681
430731
621476
588796
874740
229372
793505
444217
439833
716867
908464
765895
375263
914128
801258
580559
418769
629516
790731
435780
838719
638129
813554
395959
746559
428247
486641
497790
618626
497027
967500
950273
827759
502943
539070
616466
632315
246543
874649
886114
777376
783114
652010
152640
697243
453269
547165
929978
896751
337898
365760
735471
789993
993280
131432
450520
421529
432039
848310
854121
829066
729777
804395
570792
232721
257432
187259
679002
403975
875874
565117
995317
658990
217128
147959
356234
484363
509090
200180
295081
746988
379906
930553
536983
373187
875951
887503
608682
221957
649780
376770
864989
379558
995131
435783
512279
252565
437008
191282
470506
312884
570365
465825
871874
687493
427750
142075
985822
836840
156221
194870
497796
436127
939389
934779
623281
815341
736249
145930
937298
299996
336667
802289
493520
331799
152039
905799
484364
403013
911047
768837
615897
481413
148629
401738
982872
476379
357780
882661
227186
327967
977531
624982
578061
916922
473728
115309
646230
123944
161239
497496
323940
397906
213752
717460
543672
265791
537226
928036
482770
362240
610840
912634
657619
659469
228339
554458
949814
486119
351086
177002
628053
328619
615950
206115
159508
989679
221424
619704
113624
196629
117201
251531
408502
144919
782957
852174
310710
234151
694177
693481
496391
218985
606116
967977
778454
648421
522436
728270
134542
773523
805272
576561
916108
335189
682676
889582
324869
718066
423253
252460
728661
440455
317957
951129
399340
100915
717270
524017
235066
325415
131465
545424
444400
551547
513402
222855
199969
935838
765091
234511
623328
484330
625038
453403
719520
221681
342986
944389
839747
666240
110816
482376
920661
328773
433506
233968
329689
964743
657985
464755
290159
689450
910179
634559
240998
337548
757414
340968
273388
436473
389445
710682
820803
914484
164087
540324
136166
321039
484715
789880
801245
409497
186223
635873
638271
433695
769842
867960
398439
427828
246682
588598
117280
970828
223158
258278
308377
794539
413212
395731
231013
702658
920380
865782
617143
984467
406108
567275
219473
704789
271122
920719
114287
357345
470559
652558
691041
240402
434485
989480
568231
581168
578080
499477
465963
615204
571721
674340
323710
884934
884038
454723
587593
804419
234473
118703
702853
540581
499944
736292
245371
671067
657012
259658
928412
941538
726183
619454
181941
160669
522902
564138
641837
914948
877581
921766
530153
449304
596108
753864
248205
394113
122554
649764
112499
257027
668467
715352
611574
982377
451645
756945
653445
922624
830570
581859
864163
556754
115280
860070
531389
452148
338176
987193
367097
215758
908960
711217
565062
419035
379048
627233
713148
315568
276998
725647
472596
759431
354966
898136
741810
620578
655083
395256
457169
399620
791081
235299
770340
720328
995369
301730
172477
333546
288924
353541
363271
197886
964758
828333
430887
343807
455568
144037
559375
632566
683650
845937
305965
852583
744075
947775
387128
313125
343032
744297
612745
948080
879596
297052
668409
788932
498782
654852
936445
601673
908393
299717
613525
873152
942016
944412
130926
397585
902415
590302
844118
586067
436240
150084
352617
180316
911825
639745
307407
168824
384043
734118
116905
177606
931170
599280
866538
343920
168100
802984
845593
976493
916667
459119
763613
858685
403532
794539
170237
305949
298808
914355
705982
635049
878405
958599
629331
704197
512311
750705
773022
796354
484824
789927
873960
415996
303175
654465
659916
371275
371417
419476
261735
288085
778595
839314
146771
996093
547821
217009
216009
746629
945330
821991
295645
737703
694557
738943
355867
206869
489649
128890
817189
874473
732784
605116
204436
935959
173549
678318
221201
444966
997794
296902
547017
690356
950183
507755
686451
498005
538730
802460
158601
398027
538419
268213
949696
146943
907156
305565
167779
310772
334455
884968
999211
967239
404052
203649
817165
477601
781967
852332
736533
693729
963201
283551
384086
913385
691306
884503
325357
230037
600931
297924
528065
139351
466137
477762
100260
287260
597293
982004
411998
831749
780940
411211
712955
184993
514860
530122
562594
210794
296421
213094
718489
259623
396645
102577
986974
901918
887080
226298
131956
401978
424223
473987
355295
704326
765716
355556
805553
363010
337561
217552
108726
932467
528763
721682
117461
857589
165771
494021
882350
362192
607115
600840
435782
817727
517383
336723
719646
318431
463022
751602
620409
701211
139557
875705
405538
805273
145228
211092
982249
296755
328645
990976
229224
757408
712659
246685
528965
692396
554673
411316
954588
161789
912156
304337
879516
343507
541061
513129
561938
818049
264733
182348
519261
218256
872019
738765
837495
917247
849858
819745
214004
992469
724688
343228
663844
351314
403879
192810
943710
772518
504126
812266
834308
330250
116604
627791
573757
471631
954887
949661
203647
219621
945975
622908
251843
817996
275641
989338
649210
125500
723050
677180
931935
447740
834374
595780
699054
238255
602557
642766
910773
920649
455033
659048
250900
385603
200807
638623
671201
155695
588285
774848
189282
448228
397758
341125
266225
573399
244430
729401
512865
867480
406583
358767
229187
240958
768513
742208
293179
371071
384975
203954
291722
653974
676968
356588
853543
691741
809178
524745
661402
397464
213561
750684
659658
511319
905775
825883
898684
964171
555286
325516
831653
775835
498249
874806
916793
266763
617015
209974
537835
815956
227894
643523
383897
718828
814077
237442
410571
623256
576153
971973
834687
689714
636625
494346
115000
456367
234197
827650
420540
603449
967132
166160
379285
465382
940966
210045
632146
557983
320019
983947
373940
361879
541437
571804
980708
355515
709246
391280
792738
199366
277220
627426
789081
727811
121773
718047
184180
169936
545699
504720
673385
426798
484846
866636
792181
425813
976682
338294
797762
296702
236208
985669
558582
591611
557474
453257
761092
180687
744537
553831
280053
835723
181258
883100
563536
116998
515115
561682
100900
960814
880368
674286
301579
365215
540923
907726
691028
517606
159987
402758
628275
296195
388428
100824
701772
759868
454081
462866
840555
112585
830663
934574
762274
825888
817676
325811
842886
332792
701459
757752
207573
581828
432039
323118
847043
786929
230846
452039
218502
290833
754797
660743
400995
957191
661567
102768
717060
929614
379600
471582
942199
210265
406157
704475
936153
137800
844252
693006
284558
459679
450759
392131
941507
696765
529216
788552
483695
660062
154558
516163
850895
723321
176908
165857
680513
738475
982591
311540
668091
362192
683122
524257
386423
903245
142699
322577
941046
800918
829549
225605
260598
194276
431703
116072
791041
860919
718590
188703
520982
773148
604866
285844
496470
595740
265668
990949
334217
248260
302490
816274
424418
799578
254498
710842
702825
211164
847385
643872
912082
676936
683443
986646
685178
115147
102719
476220
790032
721310
478889
224981
408425
983755
410826
718862
493463
490460
709812
641646
638720
826269
371887
963138
539814
526385
673981
242640
551515
435334
700478
377564
926236
297889
364211
611415
313036
280897
987635
103070
816173
466525
228051
224599
364247
452843
757427
671676
757269
467241
313323
395990
207477
585210
273096
647291
111597
761043
703898
563112
196378
318343
840677
122615
516232
118855
634030
643235
213718
535632
560271
929891
816123
602288
968457
994337
955132
725885
666014
626368
107093
879338
922359
214570
464549
195456
675828
390112
770465
293693
767191
866844
512036
607869
889459
842235
540690
437457
485471
568375
873089
945742
498267
689214
548031
380691
683552
417130
920543
263533
943499
927636
142872
779825
956173
507422
789247
545968
797534
559713
739661
564726
426558
165664
986561
229985
907899
441219
567442
393371
909594
440532
253080
321828
943712
615078
516486
541231
932208
437030
704765
789674
278633
747637
569500
148773
169026
358748
508707
866561
818462
248369
345254
158987
228000
245783
288972
135900
587002
670380
343238
496597
924879
496318
632391
868592
111397
148878
323791
857572
399874
928556
647247
492474
590160
130715
541247
659187
303429
949955
439715
935857
112291
684969
994845
240291
744718
197784
190158
331721
768165
433396
642284
693045
743680
274677
475604
669044
237521
699395
440583
451362
541918
901796
843836
132080
932511
385084
691267
235942
249006
944948
171800
175264
543884
980611
229521
288604
178397
319679
520325
760528
653075
976576
453574
310723
165220
743144
793733
302741
442541
234317
654103
884459
136114
411906
916539
882592
696991
521773
118535
759963
380688
104301
749193
824573
898879
878715
113178
891242
198395
447469
651771
665437
424046
919311
876160
489266
662456
583860
605974
918963
718177
174044
803424
668257
485951
633930
550850
996908
969670
483351
670838
350359
401619
420033
174933
300499
298749
102077
191742
397144
449547
657479
962581
687559
490757
752708
990792
153214
336569
596767
886144
868712
584777
689569
536971
884694
237466
901787
881603
121103
385140
552443
371463
686759
786442
360362
801224
985191
276406
892966
382336
625953
464412
258885
227479
855169
825559
218272
822349
976095
629005
708494
844808
213784
312030
295746
912444
363463
111501
794049
384566
396641
260459
569995
897366
946901
830358
698591
932093
106765
505524
228396
546684
869936
301247
674163
639072
126808
706402
461422
102904
335408
169918
761678
363158
381948
871391
275604
645411
882892
883619
843944
279534
144079
413940
990866
904946
244299
689458
751006
165030
194983
879402
611714
878885
994616
199845
517958
121425
806247
879380
938294
955621
863264
699973
318781
159180
571365
408351
704591
368224
291971
462502
461724
250016
776443
452591
968928
920742
142050
719935
899739
150999
513304
425420
843850
507921
525265
275775
443312
245479
969122
381607
201102
832387
895547
333849
891567
380879
642200
510126
649104
748137
872628
110829
898153
649072
463421
781048
483782
419437
500984
297488
384403
828254
622908
142220
250143
962140
317996
593455
207620
287119
875063
222688
119507
770611
456537
825041
151491
998737
335168
614561
660841
121763
625391
472961
670836
902778
254010
968584
236182
568960
266073
520585
397216
788981
476772
461325
665088
694768
954780
772709
795853
743810
895397
729326
428388
265902
554368
393846
178606
703502
822373
739448
725266
447765
212410
310069
264510
366421
278654
400693
749347
358693
735244
960529
961640
212017
421855
626730
720751
290603
313406
516605
848379
122770
245933
190735
288672
614267
398547
367279
317771
220921
106728
943037
482653
133104
253107
647163
313491
345727
947856
962839
518386
597068
923369
480027
709085
259192
920723
343804
363761
234130
760409
212141
256901
820308
302876
359539
434577
601423
626818
652348
636311
547512
509352
118965
580617
576425
666128
708074
736118
613986
670914
254505
125021
508251
548498
734106
581409
469223
977910
845170
517319
652287
957311
588186
386562
174155
847726
721139
589544
388511
287454
225856
749990
610772
244821
244574
187198
810950
852648
823316
338903
437530
977821
363924
845781
440287
911996
427191
809510
803874
186328
240796
456162
143640
642949
656690
131761
490676
291797
621306
693153
479251
747162
443144
903990
891984
587718
991188
702935
440368
728472
855804
777898
620260
219729
537646
960547
131726
778803
684024
835600
865131
824821
205729
822737
381737
676386
854499
772413
868183
475806
379533
347435
222969
722678
165392
928919
310397
156582
631855
564731
785054
487660
256596
319281
521355
608208
279830
467048
387012
863854
216615
166110
602642
236311
802814
884379
812697
657314
570759
680881
947086
850293
842282
984021
486938
907675
912942
611301
964257
458764
176034
663278
760391
246596
882559
195713
754805
976355
562761
955783
754177
679377
121895
270786
815688
824709
969132
628386
395990
539892
309268
257043
304152
151551
155031
691090
873192
967973
216359
751416
340705
292393
414695
915062
352955
211222
110776
107761
101544
573538
963545
755721
166882
899406
926508
882570
638082
809607
424923
848038
263466
634191
105082
467619
599708
160113
972675
472902
942053
189035
224319
196725
295394
452981
111788
548350
478169
122564
470077
479713
510068
433623
149402
576950
333030
889876
373487
785078
699484
698410
633117
862950
246568
638199
244536
746277
612279
217213
133146
468299
220214
171431
565024
329575
524412
490778
691891
816547
513342
161969
296262
837377
495593
259630
414328
642589
149507
601782
341635
748991
300193
874752
611942
446762
426919
670445
107006
853164
787658
140152
321464
821838
211583
786488
151414
549962
191233
743305
366510
604575
805275
476738
355919
214835
636368
584214
671390
685875
185997
913025
348833
386190
701745
774742
646918
128665
445188
653924
881829
146813
694076
203294
868651
805660
803748
834032
269589
894981
577338
536099
413523
296580
912838
583409
325381
549207
167624
810738
149050
253621
637730
397883
453777
339476
172626
100697
368141
517814
654621
163937
564627
348699
181197
347246
968325
798911
181279
151881
693893
572583
587980
921383
683130
414785
504793
822477
777959
486383
633216
827009
640004
270948
138859
907747
424390
125452
908444
606498
457232
563067
670435
835826
725732
751633
183073
608024
550545
178318
659905
158406
650901
247886
893755
247998
476638
312515
970476
254598
698898
603693
895573
252869
688607
848398
160617
926964
873850
969062
533463
245050
446096
117865
980876
985794
769498
977915
