593819
234011
156234
253725
206383
621101
315577
100139
769100
606181
226620
739577
760779
825518
257237
570319
892353
759811
332685
952970
686776
120502
835999
220240
265552
282096
238105
160395
267891
821570
138311
675676
869547
194545
829401
975930
715647
958945
890035
398714
565127
116656
138292
239874
756140
209495
624159
648494
869306
856844
515431
556083
791313
351432
590289
956865
447494
642361
117262
529352
463932
155573
205029
333480
164085
848397
223377
693698
807343
927378
992412
372471
858000
944670
426311
614141
154166
950471
176602
923473
721282
505999
393523
512596
757431
883813
383429
118893
526175
400691
548245
804073
370230
567240
951519
434315
415638
174897
941979
136948
102276
848358
323386
860276
793029
649697
388384
761162
514135
378952
598602
235419
784951
806091
561981
456350
689905
845410
389209
130047
246102
751420
748086
430299
318661
699606
678580
548266
688469
620561
585214
690745
468920
808600
464988
175917
372265
667338
751045
786400
860256
349648
835785
559175
155740
397768
829491
659612
243179
218701
603625
303248
784087
351713
633547
102749
865285
312128
551015
553756
746655
950196
158468
129543
758797
437423
205460
131063
918727
770471
731430
778985
934085
567216
252127
989825
864984
981618
563404
922130
114286
980996
225379
798373
246676
672892
715088
111962
885020
180071
565718
545643
130268
538153
575186
703031
875576
594612
648061
794304
365084
379492
487256
299170
760674
639383
202962
539626
621002
580333
461757
549254
561330
587136
261594
708006
173995
876683
633934
959015
870720
113620
418625
814954
551773
893811
517986
427350
488424
980013
135621
753508
273472
522878
952678
934147
162262
969607
473774
597231
549941
749497
960451
111272
250600
222047
633244
324595
912696
267179
197577
783417
194765
516203
598372
646538
410015
930324
887854
798440
824305
923476
465915
997777
446355
332561
845891
422583
302169
233632
833780
752110
883129
794233
677348
947695
830246
224559
272291
742943
305704
283835
440327
400470
700038
852665
947008
924019
696956
748830
722460
521262
672307
102343
433007
932628
334904
192865
269178
451039
326498
102960
117116
123594
711159
694464
971290
541406
732989
157548
198316
938693
341383
538643
339164
855387
391309
200140
779408
902231
848970
415835
423495
435244
418178
670468
367873
567048
763333
451017
918087
903797
453977
935203
927392
165137
543634
812649
520509
276624
784163
618825
215319
939513
157469
368449
794901
362744
382555
574310
264977
231526
890146
502438
480736
308325
172907
662575
689340
750206
113594
607428
654005
467571
456599
495364
446675
814199
221980
867184
990824
906143
399977
120110
845657
457446
302525
640560
634157
585081
128837
713100
630573
918983
129505
111311
141276
202412
673886
730616
766584
687480
252011
420590
969018
522576
729920
415694
336777
851900
196845
241568
758045
410788
261678
517669
682201
378169
158230
316359
863250
101034
843425
493825
920017
872930
505136
961293
889308
992988
605876
655893
680470
757888
890450
649489
194431
620371
879149
431208
472273
889960
572776
144285
300750
648420
561954
882951
926590
534151
113277
703807
535185
856702
197633
369169
729633
516735
330464
532908
509725
750306
188802
104162
422161
979252
653651
516593
513591
446767
847801
799830
336728
334545
844115
451444
796931
320036
334396
637488
668153
261639
341297
203339
932307
352896
386475
661941
683598
530905
194850
107290
281212
197619
111452
603374
990837
665103
933933
418395
925836
781735
218226
262565
930246
876307
614010
727179
196345
762372
278634
678464
837978
519931
695770
770286
686794
982245
346195
370393
513151
355011
377683
694363
452630
389135
211704
357435
868204
145638
675830
794041
741340
794057
870572
671587
670365
398549
312733
680676
974888
491368
359142
812867
825265
954912
583154
512060
937158
743315
782453
364276
998327
974102
958639
450958
363238
984310
708393
145409
129949
298191
839450
771289
992248
623990
356844
576580
922539
483543
171224
811394
874911
430366
624262
614144
299245
121384
126205
150370
764699
722625
414646
676993
696728
287252
127953
873933
271563
650312
919342
215479
762469
672760
886768
754718
296751
157579
245266
133257
541123
316490
844652
330001
560822
382881
844145
760067
318231
784317
724403
896897
506943
953015
573891
203672
240268
515810
891571
325798
980089
810915
441277
742559
397642
242012
497279
508359
213558
556511
541616
654681
773001
300235
884682
333824
497083
642795
907857
715314
427113
632261
612212
834056
499243
186105
851694
639511
601915
657233
779275
495971
468149
220553
238532
679757
276532
635811
188117
390090
192323
543699
858737
779290
743935
657386
113115
154985
300182
834938
770299
541261
381166
296479
289284
780409
296550
954945
333887
712431
612179
113164
208404
980328
147683
346936
574052
238181
882747
662169
442237
889036
205869
300975
582293
763770
858362
509374
818755
972510
344313
503022
513773
539445
699501
703057
319855
896051
658003
467708
608483
270183
394838
716887
164478
356488
963823
638530
494669
760537
214666
836907
563540
320536
137883
145834
898272
810211
555208
717029
782723
713487
220052
296497
252933
733519
813520
386754
543537
471525
754463
152021
555674
963267
682875
620153
319756
560665
172650
714426
321204
287317
465300
698710
507853
417149
658511
320092
141328
213720
937121
824051
741174
971139
934514
894107
618625
748035
280863
162163
219561
849292
214185
675236
812560
711026
209356
132318
271692
195972
660710
492896
383289
939976
105574
705108
271092
664085
925201
312420
691771
776289
136472
432946
661396
970986
327055
280022
719023
421884
342186
752550
185143
370337
341753
811669
981363
365075
843987
253056
461048
418664
559919
744337
272607
565493
363413
443700
143545
288615
570086
735316
964904
520525
168264
626301
491512
309285
720290
124502
631169
962476
691019
630278
246780
846738
441948
142110
211815
199903
295166
572863
432533
669051
231167
605141
148511
494580
862807
192056
597161
346860
827373
476033
767385
895637
102335
258899
118889
636591
197367
564024
513034
702352
194303
659814
549092
450217
701924
660907
550120
811057
147737
882654
394075
278904
401762
442587
587451
178536
448609
184613
425396
275983
560646
192783
985586
476948
265648
104476
113540
276981
568500
440541
879334
576769
100356
428427
926987
616247
989334
477108
341271
951037
273729
635346
229942
489457
891899
631359
481959
340510
715973
807356
516493
190586
814105
416047
567534
893719
420523
495041
170701
802990
835582
950035
379760
749904
292429
306748
280118
281764
597823
521389
146768
771552
970702
190677
174977
862602
722036
556936
203113
351976
278259
619607
442563
992364
935654
824063
886084
270144
233071
870752
973134
968653
820788
266862
632525
113219
473610
812643
208949
885399
248000
255718
570919
218703
260361
645896
981305
882397
202833
184420
234375
295059
617993
490904
287424
467614
314968
987475
551724
448040
858228
438826
330660
592983
605688
777151
520168
893264
589796
543084
778665
651762
612768
263551
770465
773129
809447
665737
655527
826246
664123
703868
121306
282117
194773
222697
563697
409742
124139
115423
671748
882367
454249
816374
389317
873903
593527
809486
767168
183324
352571
459800
735086
865339
623351
419518
552435
346765
985255
207963
173013
649380
811832
108285
745463
820571
230982
309162
230314
255121
238551
716028
951454
592800
532404
340773
380670
125932
964225
147839
123222
230763
421606
672274
910068
944957
991792
462504
205690
891014
570467
278703
454361
296266
200954
199826
116839
331937
322954
161119
401024
461505
777148
266446
868271
223519
507219
248942
249451
385411
210747
272673
516174
532353
758913
426243
391278
750706
788747
496968
555687
273181
589637
910049
469448
690591
109876
400253
836494
246796
375338
237520
608301
966452
403966
476573
189972
725151
539481
253389
110563
650228
340028
440703
996548
998941
766946
301793
663614
469660
698761
219303
642841
202365
129353
926255
706922
953194
326509
543418
199991
515814
594904
622258
482267
812836
912797
572240
537988
452279
725629
462517
916473
965658
803220
826988
964600
484133
128782
628216
853793
641509
661485
496635
743874
604804
336858
450798
557999
477333
808182
571956
893147
403087
108181
375416
215924
920978
847656
567878
287224
487252
930395
117664
366877
647582
844653
245445
945681
873435
687627
799475
514946
349113
210077
172787
853917
446935
437551
325883
824269
245734
797839
717417
548821
806020
992833
664745
640965
754456
232624
828189
155676
976985
845853
422553
538534
690507
567998
484216
477910
255626
197658
892856
504739
307736
879609
272623
654671
317162
498506
478941
462896
210312
110326
825684
830298
103160
490430
471264
671583
537021
299454
727259
427973
959274
963778
780474
563748
531778
264691
941658
601370
362350
748481
920076
484052
628092
192700
138724
759220
505173
431632
222117
615485
441958
861767
445785
359084
352199
817049
930667
703186
930470
571893
945125
803711
535673
725600
367460
881417
804258
223086
482788
980574
871567
402865
464627
413626
409532
417317
172847
814705
748949
208931
430191
190908
970698
689942
363959
236864
420959
208593
754016
351430
680487
613109
969107
130127
338710
336568
911544
956934
373620
308299
937509
159155
611165
316103
472781
920697
633421
459595
649369
382371
482492
979560
387246
367157
583470
565171
417988
904429
673764
985970
169826
268218
599080
138934
298345
837791
289468
123856
708692
563089
332156
646203
622244
757287
776272
908991
591951
409694
368587
241321
606032
665045
134848
807244
932203
532284
372416
264158
436714
946180
250129
506540
128366
749210
545474
326711
500968
648909
264534
209661
211999
410656
669830
734243
981909
446104
557201
573861
669764
825789
629148
275797
404801
577962
897007
250971
110248
269424
415129
446962
129572
479225
767469
157938
142402
226910
298615
543370
775819
463149
566997
887818
687771
150795
536028
669681
410865
993230
243543
980629
732986
686657
170394
137788
264621
967401
202726
274869
150793
431821
535797
180365
811046
303267
152269
853448
430178
350884
310785
205998
628000
777783
907783
229738
742544
443812
799420
153410
351009
856929
948005
983995
543588
118400
935750
622175
899768
952442
711010
950561
384264
160774
944892
109278
278008
911127
862726
608186
175978
173513
628150
703978
765262
449900
747683
507807
793713
547104
561217
958688
318000
509223
856651
761588
441590
706368
297730
341359
658811
822706
205887
857041
883481
964745
866319
161490
875873
729047
583642
951851
716526
211793
569797
481789
475660
317481
803562
183340
678551
278746
142029
896551
687969
898680
572107
943525
519015
769837
284885
177827
592545
304738
934869
389993
269484
801189
451483
959323
444203
935125
911176
974695
960884
394940
456485
436545
612421
174014
519885
290973
352760
475881
101491
854696
374562
573598
798222
793578
257403
897074
785371
749948
201813
634207
953907
285264
349364
405391
244588
693567
254483
969730
668264
215368
364671
938715
465880
791058
926696
799731
895997
279457
275613
897489
134154
464142
471088
746343
171687
628491
643418
857058
292406
659197
491267
246314
844461
654597
465671
903016
348165
620154
786713
830395
649489
151386
683078
115370
756410
523741
815101
652409
703198
990715
549899
651319
454858
834953
397663
526545
463446
941081
297570
569818
600279
602803
716133
358708
257401
995770
175691
419533
615926
862404
163895
265416
913790
660939
280786
584168
184681
909853
236578
787880
814535
600443
353166
269394
435397
650829
609905
712809
505877
721442
282629
106157
324246
812728
278831
395614
808499
354522
715147
338392
216928
693008
503808
944684
353949
598560
528853
438630
508415
579397
140477
322951
179841
393643
406312
515239
944472
830183
142015
450350
551626
324644
370474
689839
951338
549305
985453
673805
717794
614567
912197
834722
307576
329973
693373
561525
828533
222228
900156
336949
701625
940633
473867
781467
248244
694145
210673
192717
524329
252688
457034
975956
391299
727508
579762
256604
190780
565216
830409
808574
179784
656574
557263
387360
886547
250638
762852
715081
286832
663009
865997
888457
517609
253831
583891
665853
847976
694564
672537
372306
761219
129572
262229
152519
671046
741991
309123
761826
221174
953499
484368
300958
610074
855597
502285
410588
106236
265138
939635
293068
742113
719599
995492
259723
873430
579384
739543
635373
187916
412081
821646
763101
355619
983875
729586
926665
639834
852675
602458
761008
806175
986826
875933
330216
842425
292185
554770
762627
457323
494407
869662
199437
214007
865155
273126
901404
358506
826635
536778
360388
238717
358425
123490
494336
256268
667042
334968
796102
519719
837427
471077
239861
824254
347011
384044
580646
539196
838814
343275
810485
333222
126904
823888
447230
892059
997015
262601
164532
737617
699379
338887
790301
871771
276343
284638
128040
843386
433573
824142
363106
271001
295220
416933
995255
456198
700977
489869
809360
539793
647110
619847
773015
674014
443736
134212
480040
354718
210779
544572
992336
810159
697425
782638
681931
873769
881242
709971
717156
314816
448080
894228
485817
557266
311162
395040
827430
826106
698875
636792
365900
345986
256640
952881
920000
514342
901060
314007
769061
111840
672545
675364
735965
369972
458003
417897
243742
253212
941834
774864
381995
303881
583059
681778
675114
708187
976818
502545
534294
589660
139338
714160
835646
209944
581009
669613
624287
482070
797586
393349
407876
470133
882679
143843
740105
340683
375706
797813
407861
231508
486644
689856
435389
969703
285602
924469
677891
176387
427016
126153
666048
380320
740313
501695
490265
235289
985275
114553
617359
782862
321868
839202
252996
204548
883045
807067
359197
172718
518847
581024
304226
819457
270882
553582
789161
370450
478052
381020
446837
719034
321139
112886
999355
875418
428548
403587
110709
413824
418140
628068
110653
553974
467271
177616
572488
264283
798649
831685
337002
317498
412710
541228
950921
497558
908776
740084
768008
300796
935070
214847
919830
256210
141699
919186
945594
470247
322774
956303
784071
554880
498339
708691
922820
865610
786307
495309
943860
584957
240961
280863
716421
553672
636057
667344
865196
458801
321395
547172
659597
256466
575985
579428
326642
617684
412582
272237
987932
549322
228542
685970
918169
540847
394662
840990
406458
180970
336301
264285
579894
477262
359114
296316
844900
809138
863660
624064
267940
185056
171237
827537
255488
561188
320932
396096
992838
547480
482300
980771
996803
524808
580709
914973
965655
789337
755964
286080
784274
906231
450366
364169
297461
709480
560485
142362
432585
338113
580392
600525
337135
565595
342029
406590
126784
476928
702686
119624
924408
184987
914361
921212
609795
409037
750152
489417
198376
420084
675498
882650
240282
125865
160786
437743
649311
535237
394072
981897
773350
874464
496389
924452
440061
738419
331043
466845
129314
933729
400435
953722
932683
314798
788902
456445
623835
539055
845863
636177
773105
521362
432794
913388
461193
493580
351132
110505
928818
559170
906368
616135
433636
402759
454554
773697
955144
685597
154509
984458
533294
454945
938181
379944
669743
641050
736389
207545
994072
496219
657689
767178
917581
990483
594533
292741
484065
759632
217213
326850
318803
123582
756951
652439
340307
211507
340103
295452
711070
394613
193877
244365
749558
946025
524309
333268
587076
174666
440813
581149
570885
912468
262295
402434
902953
756828
509141
300985
430427
626354
441801
649231
563903
198753
215637
804210
224226
455741
913629
835297
750354
107507
893628
499913
953532
331905
647147
540610
406571
901926
935725
791422
814396
198021
107823
717350
768816
516965
832301
199244
957285
274103
662441
521189
372856
692045
325401
497083
147787
239031
246347
712107
160504
139976
125987
114038
371881
673134
554648
592418
575061
404340
297808
389458
502362
305631
920774
185145
636562
753076
284389
593849
927179
760797
929004
214003
452843
254406
525052
414596
307403
671399
126704
367908
625341
966656
295912
811189
639791
664526
317574
128819
968866
515382
332244
471229
634980
253019
556374
271543
820062
654730
679358
661208
329494
608364
775211
596303
676736
300264
910899
798106
785629
851569
979980
324938
732192
275893
136128
371984
840419
353702
314769
809286
683051
547013
194483
318032
613999
564823
403541
348028
133520
982900
909236
363014
505231
598415
859317
995933
712645
684183
794040
498276
449719
774021
637180
181912
863880
673308
367862
704300
840976
582632
513588
437994
943611
522037
656026
471577
986860
873534
719605
120382
770401
542809
383396
275633
141225
156681
271567
753870
654830
879574
166113
104551
653596
703293
186463
517478
290568
368292
135745
945511
850924
463299
383506
708502
885336
853499
994046
872198
727034
713652
806546
497436
170428
103909
587035
211653
160590
672568
779490
629387
552143
845603
633938
119707
462864
634367
451151
567398
902659
486896
512910
667550
850196
710383
290020
649499
563883
284067
435664
204884
811685
242211
602320
882114
246121
103322
907733
220677
675890
687224
750064
142001
446795
297969
161708
809659
832337
512859
377058
648963
813721
703935
230481
577884
414319
420501
227385
878202
604568
563049
983086
330220
619227
499373
212335
679314
502695
934035
799991
992551
621260
464023
134553
882021
661992
196261
691681
408296
523086
882706
957260
336809
586642
187742
814693
814927
508243
856044
693130
926777
333061
590183
256998
852288
903522
283300
531603
320184
131302
245561
312736
652562
609584
347290
448551
271578
357517
954198
579874
780604
836905
451101
931379
337514
452809
660039
152442
861052
516085
659538
701796
749146
163688
772761
515401
967210
870027
947004
287395
901329
192566
414098
467858
702151
661388
816409
787695
832871
770609
281536
613476
521481
546604
458822
758996
899413
118863
725404
674433
534948
298910
376230
198061
276564
962957
613462
157742
832985
560467
259103
648281
566999
573201
116141
183117
148556
832550
784778
881428
517126
966315
408871
938608
512920
767694
611571
412334
786557
250942
986767
235472
449852
276965
333533
540383
239923
760961
598125
886875
321429
757228
535157
702394
330431
551298
785512
378987
297816
570291
174382
714942
450573
483254
653551
777459
164915
179089
189795
851472
330032
990528
900910
593850
181460
148410
134234
321384
809371
632359
122226
130801
303555
557383
647161
533986
108683
346640
726939
220465
730898
715288
835407
181472
198543
402926
858932
177424
395981
862693
928896
626013
767188
743773
219865
848649
792183
168065
983999
601555
614391
106226
546322
817946
477575
193484
265899
486258
440125
806804
520689
171024
522093
270064
166462
534602
572990
839360
612026
868971
616020
454889
408952
383210
198663
442783
145826
890846
510848
943791
492402
125240
950017
852690
757152
427593
860141
923051
727818
300267
729857
248508
285257
251951
418572
265685
686554
805528
105047
298581
588467
621067
653471
811385
818243
666100
254169
778035
556948
578983
721827
863316
518190
671845
629974
275343
913405
490116
198396
555190
690383
742219
617664
789606
894170
850203
869257
494691
655732
874304
607239
158166
409339
174677
869551
141549
740777
937686
819585
211692
430637
541413
888975
848827
127226
518950
938136
940631
909066
136533
409788
513416
692718
927452
216989
586890
777656
986246
981581
347356
774518
502787
405522
183858
577464
189041
225407
318243
940693
858958
343901
371331
400373
232877
134125
341565
651827
972262
282197
474860
922761
505951
888276
615481
433404
105266
202372
125028
991513
997919
372384
766032
414674
591872
763856
892138
594879
803229
124348
535574
662189
368250
720871
876528
501127
754997
218094
966921
727260
314257
441782
650022
720208
330060
265504
153613
249292
281842
178641
154772
193729
364991
734770
508403
856864
498627
400542
451744
301858
338857
801284
778013
607107
522157
654542
922200
277155
772636
803088
818381
986893
244872
382370
707102
388898
547875
674681
452156
643683
667289
506929
651378
932280
241700
159782
703111
554294
374291
968822
756152
613148
770107
448132
134222
206231
102675
870388
383386
689277
673478
115734
676171
732316
398105
297240
935180
759946
785887
387337
317596
453177
794266
868975
299425
849933
928757
902536
404228
217015
871359
974346
644129
555434
422479
592317
661665
339120
462707
859018
928397
950151
874752
604569
682468
186824
715775
617649
846770
501663
818952
978333
768807
527186
847309
968232
377120
690033
784735
595314
807049
570062
569661
365145
125497
806106
857463
687162
145227
320171
546181
973624
184289
334901
492160
766757
335691
121902
298373
182463
523565
931291
974762
292373
458478
822072
174572
649564
512106
859308
244879
233122
429371
714540
498268
454868
434613
269698
955996
479840
489869
416145
367431
488124
651046
673557
254882
886737
695459
367221
883166
219026
298513
771895
325365
570958
593968
399938
220523
920041
259247
365403
967129
502584
893909
465398
771418
328524
635096
727415
622330
938931
143561
889762
427056
608573
563320
495904
409278
172747
677091
206411
291773
789571
878307
431104
360530
386242
731042
395019
306284
804255
660422
273415
220806
468299
552779
892224
696823
101843
619641
319154
854740
577168
208917
195764
185743
586204
505634
408987
658951
182727
515398
764690
786264
307672
195795
960760
593915
740804
355780
714165
459026
916203
887580
579833
384503
354327
472058
895292
270136
991699
214447
124877
568869
237331
134607
568578
637501
540242
877565
210419
536935
306930
875109
323200
514603
884870
283961
922484
625675
539741
636650
984702
369911
438198
564536
568380
692525
936594
463673
862661
842261
492087
801504
325097
543384
836112
793675
180886
290321
585207
291305
727256
792137
980380
950456
220707
865251
234418
143192
490928
588125
679843
389597
858037
118042
854133
426418
624533
704694
704058
401161
546956
196146
202666
686019
553496
852744
479695
634382
143066
964902
739653
770322
671007
720034
720779
791714
585286
769163
748873
890180
357290
342683
279778
129294
360725
947877
369678
799224
566539
887702
200386
927461
897814
303052
613482
451311
969763
907143
985693
112830
872047
725347
783153
457021
359348
417899
162702
844635
101030
811575
734816
272286
154259
828561
301580
328950
690405
485224
128175
256945
372928
228561
184408
270743
345580
611856
622055
315344
519000
521715
328174
305014
161030
925293
662035
420378
257160
638704
178980
258190
364246
727763
430476
418506
556325
546022
561422
160697
931246
503564
317643
304175
546091
316017
388885
791671
741839
910940
920981
260840
346622
163123
379821
407652
988416
941856
641997
159543
494527
720977
317733
758774
448741
648209
991246
819032
108198
552669
793696
939445
870199
925305
243621
416292
241323
532506
207964
797128
357413
942912
957968
604036
106036
337790
825654
908418
193614
381618
967962
502107
102597
199662
260882
365304
661838
166095
998303
670036
618765
792000
609482
402931
717306
667070
719223
772595
113543
741154
569724
284923
684067
441659
702925
604069
593416
442546
426454
600996
724165
394417
103104
726762
408046
263987
906032
969884
330082
904336
553887
762813
696337
977336
165746
327610
644407
698935
914171
571916
440090
483896
756839
124158
739522
373731
542193
332939
716278
868648
833935
440444
177032
751005
167207
485078
914992
973239
368929
159042
791543
822817
735821
401847
800154
715533
543424
358528
414470
457596
830444
668526
841493
501251
606651
581016
774982
148845
727921
491261
917493
475823
745671
908492
226829
812878
393571
955788
700085
576467
928796
405595
313251
664618
707442
113406
294119
250867
285900
522555
608464
930310
191082
363924
345528
697733
758906
934477
746579
486828
425739
578039
776617
171412
486532
903446
798256
694070
859235
412308
270538
788032
717903
397755
366618
339313
325127
560737
404146
511027
983292
826576
355304
988340
190501
600833
686075
849407
535311
346621
250202
775016
738626
926819
760394
225160
744233
472618
733196
603469
784926
817700
305469
416797
215456
572087
656110
440583
946790
874222
765576
844049
700800
120881
832390
791301
621714
432432
554676
970991
679053
618844
746009
417681
459631
420370
456807
203865
792988
190004
621300
491882
821670
740735
808679
937126
226789
378756
291676
987545
252979
957252
831595
767745
892099
577953
473014
427781
910385
927690
398773
589440
460501
958748
821087
820132
379120
277895
837963
986074
281865
373231
477957
103536
113967
200603
854628
154723
479359
146305
142269
546305
917523
873865
314051
809623
365785
687065
237405
276171
528722
450145
679577
889224
408894
500665
623323
601980
592526
375254
588056
688357
562451
879979
605859
490384
980583
460488
545107
459943
420759
587377
820214
338283
375209
134267
961873
640994
635298
113245
817165
164022
463390
410710
867212
686251
811375
404502
288232
317869
593722
690254
906226
156174
570235
512087
546559
464785
786541
991666
738694
207302
493010
558910
359551
768219
507143
235391
409214
142442
248637
140347
120430
612027
451057
801608
298279
176399
206112
400478
394268
699834
904698
214462
756009
474934
626549
216535
839719
413091
122168
578415
434359
515179
951291
693911
283399
458435
829302
506580
414843
891905
460893
435274
503934
725916
236883
616179
802315
256961
830623
110551
856796
735323
225013
526772
124224
665528
557273
777910
892585
579441
270292
326946
994620
221584
834823
191987
580019
578092
512533
808828
383965
787392
244103
787899
513309
294953
318045
229591
451914
962635
240142
222677
697959
279121
563415
722183
758615
934654
500094
651202
514097
670386
792114
508718
705936
540904
514671
285956
118997
841170
908751
402962
628563
152855
104828
141873
261774
236840
271465
527655
199476
325573
564298
711401
504695
941680
433585
263311
876335
747646
728479
390433
418033
520594
713118
123971
961498
227790
223893
894462
968961
132645
211391
597525
999466
130186
553365
175207
267026
724830
602862
280468
950403
167162
891869
369065
108843
325455
446343
885178
887067
174823
275613
305102
595418
802697
243039
470883
930487
280898
365346
813415
227510
476738
324908
226977
420890
692239
302184
587916
417070
719013
682350
281440
786175
574220
464472
708984
713641
810815
508129
600710
885638
597708
719778
395023
400406
862817
765907
244861
957681
945219
872242
185192
335924
197151
226135
656814
789390
342286
158697
120427
961299
741047
215834
661441
229234
494272
370426
842876
305088
692521
357553
104693
290231
891297
399717
590637
754115
979590
649464
625763
838776
521708
710956
174702
532825
837091
645482
236183
179378
704180
170576
954643
359194
286410
616085
488429
680682
800477
245272
799736
493000
416791
718396
597197
308089
932079
101801
876170
911670
651266
501934
750447
986940
126857
739115
519766
863949
384599
655949
857293
988779
640492
811938
347974
740868
341990
650369
335518
956434
709607
135255
449435
126399
753651
860598
334488
685731
862399
210659
511368
427632
526560
175783
414573
553417
814898
834340
417367
199498
404256
188628
102244
858714
814532
264185
599584
970488
814554
835102
926923
524163
870357
290325
550562
537976
150924
699017
137674
827290
723642
549043
254923
250203
624826
569497
703621
353691
317804
934954
453190
536026
123583
369400
394742
752081
533585
894326
722571
262107
729429
649495
686270
513753
753787
150799
951729
804711
663782
903370
632002
387426
366380
786926
537629
805172
270390
241251
158864
488194
990172
426020
924220
927721
695421
232929
679804
142973
127256
316342
305080
756685
779803
805316
270440
533591
856116
136136
338304
433865
853472
784272
721291
219853
485165
172888
925025
655555
228105
983890
957715
218278
323877
795903
146001
919298
928832
725805
876238
956089
942147
181319
626741
721951
886636
711147
169510
656719
747284
407814
990584
514723
106053
625843
634577
491219
698731
559603
960740
826836
457460
918457
945115
681338
714361
905082
514603
643194
630888
390842
513250
487002
472162
139993
122920
272765
751140
192430
829484
412391
414210
820069
827115
334230
359879
461693
725449
958610
835262
686190
785448
206690
518614
644530
788028
146942
549613
216598
604103
994467
421407
117354
395436
707535
971312
332322
880300
722454
424753
709785
948811
652929
443821
775927
887159
617667
151587
526575
576278
800816
126733
275693
907506
545347
820223
609501
506256
283803
726099
110360
278271
147507
127714
573707
755042
912993
806030
549309
635448
144750
173061
498226
611645
430849
274155
412772
948516
239708
839347
524795
854490
780046
700489
761997
239361
434679
371499
645617
618483
997599
655977
710720
959072
597657
198395
628082
510651
818391
177392
960065
777107
164420
458293
388753
495269
546414
615491
443786
600088
454840
782547
454580
148853
397003
216578
288214
731683
402044
833831
264133
313610
403775
874853
272683
901433
887214
714731
326051
705606
706090
200084
482714
770510
558377
771468
179746
918757
386960
523532
518846
655766
220046
787392
704620
517050
903971
892834
162700
306016
640633
326833
433592
944408
115653
606275
759808
902868
234974
985860
522441
841064
999910
905156
525541
558288
590591
605287
391012
791517
942785
723824
361251
162832
511218
879837
493848
329156
686638
556548
449138
327272
697347
782730
185648
713001
302972
845456
529836
437946
745283
866243
192977
745194
771400
618518
217449
275958
137772
508461
967476
980557
146253
242694
143391
557471
122532
451205
786627
709170
907754
235766
936443
605102
832462
122092
232070
135435
781514
575872
387348
526799
442117
480325
185960
127484
912810
303410
303443
950582
625837
184886
931141
672090
327580
888498
229562
350112
339704
830155
873248
161425
879887
723658
666528
712350
659716
712564
661752
441232
288438
949100
781997
544521
429426
867957
572005
342237
171368
689414
206787
611172
774300
951894
283263
915846
840393
326792
179925
994063
970913
953174
155490
850802
676833
635984
477119
250517
348549
138872
591749
450953
901938
373747
895474
331366
155671
381447
487569
227040
970861
594356
652178
659129
546251
835441
488942
300611
976199
568868
208642
947114
436009
178098
711883
926808
714082
102969
177326
876597
955807
583041
241518
857746
770754
950958
103079
826426
332406
490649
867432
217235
898971
519611
690330
359190
269019
179273
559801
245220
562107
582409
192335
812082
660507
718184
738892
288556
721153
730184
979120
676961
313227
220639
448675
897947
985563
451754
724374
317971
756369
591807
349172
655342
111419
853468
914532
280439
846707
388300
339625
322782
870710
345926
134865
445184
964110
687723
633741
599230
417909
526828
190159
545102
647467
538834
357016
633031
890588
981391
764968
646959
487165
928106
216268
412551
781575
944766
506956
542250
333067
746581
765032
117744
992507
799897
462929
870584
487622
910636
383781
719497
437465
473940
178566
898898
826740
435582
445896
631296
330940
124832
192222
718106
952938
308490
130658
648481
253257
451580
190732
400290
198162
855764
332001
104636
569628
694930
789186
871216
519533
172968
590714
856998
460875
583246
669863
287616
832795
115760
818912
163736
140592
825100
695808
907497
133591
640432
469945
200814
992012
560677
415071
104141
330408
647072
108777
714002
255969
797963
585220
675502
784898
989900
446467
245774
573148
116331
347356
319910
132091
980235
297612
986649
805336
893421
808113
752894
447820
278059
853708
439834
652702
182746
443975
797076
729818
366719
511079
885787
978648
996299
561290
763547
986201
821723
823287
473316
838054
170645
693226
784112
964846
890838
770762
770183
698226
578876
523078
146048
670901
290754
399848
323604
373500
743823
120681
917285
924508
531760
803073
903158
528061
278331
580672
428229
100055
403961
801545
752076
388572
494772
536189
353419
385611
306952
937568
983838
699794
460648
943852
370696
565368
343701
508266
838868
901490
528947
670120
826000
874673
387161
729159
316701
565492
309832
644930
479513
527759
446476
231590
816331
841248
667779
983716
140827
788697
921286
938631
488492
295901
796450
673154
761269
140152
181421
514104
941642
524334
184226
681609
399009
471387
324735
529676
850845
448534
174608
244325
876293
435050
289882
606592
190266
857661
504275
231093
560326
425562
983690
862784
621463
780141
535940
296699
734259
531327
624770
675902
869628
708996
271479
182604
994349
496214
612280
759161
844748
600854
903486
635009
935905
193369
155568
126172
864997
559843
171231
425324
885406
154922
288109
420836
749029
638015
531502
483289
983309
156273
973157
852938
765269
244637
935542
673585
640852
461789
432747
399567
962644
250200
934576
898550
343570
990144
924722
122534
463955
995953
361824
349362
964841
463899
584164
713871
101916
115667
197161
899191
171940
170319
752130
751175
314957
601639
338727
769775
963428
671474
983308
926073
735641
831852
824624
893177
735963
663313
915711
199919
573233
277536
363247
538075
641435
847412
251947
557317
777045
263074
456509
848986
333394
122606
514128
462317
624245
752856
146059
501641
338297
129368
427715
973938
861220
166307
867116
597185
643586
782828
611070
216821
874330
874318
654896
515767
721731
720810
973084
498777
883884
343561
261730
131245
366167
589825
493562
804379
342682
453587
306021
580979
482956
547702
468885
258143
527975
336002
669294
171563
932797
280366
288384
807128
154685
757246
322896
690382
478057
209948
103126
275909
367475
178823
307154
633642
668648
700717
351988
825296
154305
558009
406276
451227
919678
775161
523337
447654
925130
192632
519217
857928
286964
621567
665057
255615
292781
801920
845997
670838
825834
763090
760713
193310
841913
967868
640918
424528
668586
892907
249825
636857
364883
470067
902051
284562
159196
425389
632217
984326
431987
965400
756221
618952
500935
421279
774567
693716
137166
534532
278521
863000
211589
939235
870276
867468
907104
511196
291997
489657
318070
441822
940480
582953
811889
842532
681482
785051
181888
227666
769378
513876
193067
525600
946794
507968
760846
721362
201685
711978
169861
294173
488946
281450
233409
359223
148919
954479
684385
254882
358103
816421
596704
298584
399376
322561
141118
980858
107613
223006
208525
690958
550848
215558
130525
497643
623527
705337
132973
639178
417317
116800
833351
720229
298251
880726
893418
261136
749172
577805
329985
107276
394227
740655
305861
607569
963216
260945
502394
884796
297917
524885
489721
662732
554410
434212
160376
991903
139551
193349
631082
370834
210150
378401
991063
322367
173094
798448
397469
736233
376254
627454
743509
584448
368111
863336
105984
245294
938247
422345
944056
150132
847230
347744
712864
401641
681957
687206
307511
635474
780556
838594
906308
804672
130962
811338
941005
204056
609787
252441
840289
800008
693862
497766
298423
875939
275069
304407
121234
213318
626752
879257
263450
387950
227002
790280
603557
722925
477487
811069
358400
172010
563630
178675
790648
594592
890013
731654
612614
413768
798062
366871
213777
491925
764637
412200
367865
939706
530573
303065
966990
971292
996288
144407
359243
137258
834687
776766
760183
226142
587836
118585
298152
151467
197260
988801
560025
901240
634422
172641
315009
346451
439512
342752
738376
204150
568918
920207
957822
913457
223274
924814
884750
133529
883187
157960
170787
717876
834727
830971
757984
336530
763522
956136
387998
774748
858904
848023
589955
407294
834630
718930
653745
274143
961682
306089
292259
444567
226297
250083
358026
263537
988863
242777
297067
872051
214704
281820
503894
949431
112792
261879
285962
690280
131983
487926
378996
804853
249917
868951
126114
984547
587883
593826
258692
463532
799915
450951
808100
840178
515000
980092
103717
417830
222870
214750
203849
251540
396570
521709
200972
323329
597555
300901
827575
629538
602793
206572
348358
752710
889490
374473
737259
477374
868299
809917
840906
668215
174835
562973
422360
589836
543066
340043
821632
579903
454793
925481
731443
665330
447192
746382
802625
944747
861249
630201
488252
464043
650740
736610
216755
540231
925049
767980
917605
793349
577898
672478
375531
652733
149419
697892
156536
592485
851901
878169
986354
306696
717617
717799
785992
978775
378148
588618
837489
239398
132786
239708
517407
683526
790285
634162
223758
715335
402143
955329
422652
794007
541775
698183
360708
591194
310042
417244
997645
161945
209380
984001
282607
740964
615767
968599
633706
893915
471184
385163
947279
503970
524871
464687
101464
315157
912816
225222
844459
228926
994518
267112
922934
536294
865295
197609
941454
989304
514853
939100
151250
538200
837068
247823
193131
452836
216423
726837
260718
501573
112001
121964
905543
536873
486652
820973
665996
313435
860162
510456
442361
854681
677568
279262
304942
456831
376871
246397
446136
705691
999463
411352
157858
836533
559175
250989
289370
589564
877826
364055
991137
889828
386019
810647
340668
686637
631622
820630
900072
491785
245054
256401
260433
736588
349629
379341
107386
626501
525738
453522
246159
439168
678840
304017
275702
151982
455006
379039
641546
332833
643094
546650
136628
929113
271265
291262
529718
802887
111894
429791
208639
170914
500158
283038
807502
749788
562379
814889
290256
902083
182378
436415
341252
675185
554398
516955
727167
909404
795994
282681
156204
353055
729331
106799
196135
900596
298061
625853
617450
223921
869611
640055
294835
369770
823093
916304
119559
299439
731194
309815
201523
727538
560196
442776
402724
114595
773697
129893
923999
483658
226540
894170
650679
855871
900969
746814
670435
199031
372669
201852
236919
242281
741908
345720
512051
478968
262025
445577
678408
807185
655392
693897
534725
215590
950639
837449
144151
638303
781308
968151
121962
907848
862322
672641
677687
677258
333423
262089
690255
606092
363941
827174
662339
919815
986861
174391
398785
248887
433934
891159
870039
989327
585057
404765
118884
449664
156181
163035
987967
751456
945152
109931
659305
721441
596538
250959
398700
829961
413048
988956
350020
676990
730097
912359
596806
716959
900717
809557
779813
334652
700717
649853
237946
199742
868584
170796
549406
924765
147798
537374
676222
992950
461271
249495
628359
871776
400454
927059
701738
627469
829982
865725
218426
560081
778085
715232
277041
678803
438757
956854
827422
953440
520674
965368
153183
389259
136166
516555
227992
183964
953930
804214
990880
329168
867675
619240
200945
182097
460267
716650
709566
290250
582376
827992
750331
274428
457191
841339
767198
795948
798194
594621
749390
232836
473956
716539
522095
424088
233096
650087
422018
100993
368269
326866
244127
149911
846106
259039
232008
306374
875689
755540
496625
372032
497499
160923
460426
854691
902262
227625
564606
700458
636212
227963
747260
924135
758469
269356
348224
891565
733410
584209
806524
101680
811075
950651
151591
571148
209691
197566
777523
899346
767072
188115
185345
264573
249038
545772
119265
151302
587363
497837
665726
223577
539767
412987
147713
298237
496309
309903
103769
229720
708078
810293
145366
519154
674911
110924
990303
698569
208490
681793
511882
789528
769908
597228
954101
832912
956966
887332
798180
544330
385171
463907
667907
824938
690860
629586
123176
187171
753456
940910
230857
461535
665170
276224
794656
340082
201114
698926
852617
223570
380720
278467
913098
964594
775695
867201
711473
732662
754534
509655
190959
139706
787528
758867
778610
478390
302420
715752
479527
869842
656663
524350
245345
321834
700574
940001
475883
715654
638928
242467
839224
833614
420934
752324
798209
110596
619526
423649
657224
374061
833304
748184
327734
620834
421018
920310
913190
537404
636064
392718
407248
206694
731034
552593
342495
345576
406561
632344
961230
945489
688777
800456
693070
923678
552781
405246
848240
172308
728895
505466
360335
562201
167617
502035
997001
402601
422347
910192
753971
872377
216877
161220
893037
847911
527779
149499
193488
834340
681843
154720
693796
284588
855176
386867
208267
321924
692113
956507
308198
421010
375940
568533
797177
357523
884535
794179
574090
306883
704372
328063
993226
821249
303249
886264
583127
731029
935764
676616
565370
531574
645302
173134
630128
414445
460001
738395
636369
966081
608870
844567
301058
798776
327067
912201
970266
211603
706381
544357
332452
324720
686386
239645
959935
889636
939876
543063
620666
875641
133646
100003
321182
678948
173137
851311
993393
447105
503673
629763
327153
926509
388297
442177
725287
529331
354379
609520
554900
874726
967843
701319
199447
654231
840964
973348
543868
780841
516412
978500
570449
550059
978503
791632
142974
965607
556910
136369
326679
874549
580098
467798
801060
782362
809975
440314
311694
164355
949834
680560
939081
831644
381880
952494
485876
136812
925843
929744
817653
356222
822211
302070
720247
800716
907668
763222
680290
464579
713557
820935
339129
293656
288734
954155
889984
998709
394470
115645
977030
258271
696206
830078
989916
892052
782573
475793
928864
622383
319505
660485
878605
141717
862555
598854
756399
770224
276043
350656
234804
889600
171592
387899
997222
274292
342056
887208
186968
550492
902853
163999
708764
513026
894077
612647
405080
590617
988440
333945
213001
221912
894430
905573
177596
756986
418394
747961
441177
594437
912584
575981
484038
984176
777847
481261
172436
933869
282436
259404
484362
185291
323404
107093
512283
131448
619740
817363
536032
522148
965275
649033
644060
773672
468573
635622
444626
786967
297551
785803
381405
210136
275752
679409
108279
953599
974637
180715
801435
257074
340120
285798
256331
477490
206858
668615
508938
726598
485979
944970
248747
451255
507971
706774
138895
790510
256363
483521
577479
453914
269325
772850
564050
445077
366227
572330
312643
340865
653045
114079
497939
807131
213844
568237
284622
320702
236853
607527
947300
622832
466464
110015
888054
788401
630755
926949
578913
787118
324437
970358
155000
407728
657175
619050
752806
923402
105347
879415
178234
572359
807461
490140
379491
921305
958377
478080
155974
195231
899573
917240
632029
366038
927255
434050
968406
471977
274966
461286
173063
499403
345611
228063
807132
902786
661079
473905
740156
666427
353321
818390
238787
974748
222497
432244
896054
180875
810324
952028
190072
623864
869270
722102
803869
710492
970118
772276
996436
245086
147529
169500
644489
393140
211529
451622
295927
772608
739493
936083
353002
906781
668441
405755
881530
704904
738000
777586
785780
462291
643581
789818
986156
426818
425887
790026
951277
396007
476269
947714
541093
523798
931180
185583
816938
142710
451172
926831
729284
190666
776882
982287
997447
359290
388043
878979
964194
940009
570532
663941
402302
128080
453761
302425
368865
779648
906417
234109
175656
382687
995789
530715
720451
926970
616299
451356
883646
881437
378188
526897
886069
155071
509185
797484
414361
711195
590430
378557
565171
974928
942498
867473
103009
310226
983864
285840
989875
890282
419949
979497
186936
415739
510214
721353
256676
940479
172710
954288
735883
364865
481187
621953
419936
804338
419438
648264
515534
909868
840787
894672
884797
697252
762146
801773
821445
659978
901579
725287
464227
321530
704785
465130
551235
128966
186484
621878
883411
173161
576167
619295
438026
957354
155216
671928
675660
474654
234159
191195
298490
888912
985867
997253
586166
661981
712993
407612
235926
614574
946865
600153
750070
651651
879249
301306
594584
965734
823184
477996
952861
313319
911258
390888
184640
966474
876782
760300
355095
110943
765462
467551
899855
665296
464806
399988
241244
991765
621566
377170
606340
568432
791290
356411
134051
670540
471684
628635
550241
294869
920597
503103
422154
831856
707957
506795
712297
584741
267096
967393
509650
932558
434945
323472
597856
713717
623461
739100
705484
158994
930237
311825
541393
721528
482203
489410
392069
853887
118046
842311
962722
852609
259381
384878
598433
867339
791673
310731
452081
958769
192091
861731
805295
527037
999169
403152
154721
622631
956218
760205
595592
886456
885997
950951
607985
368201
440362
814021
222089
372374
570299
998777
224984
729680
383656
637383
510986
175330
848115
863067
948066
854172
638765
753362
381210
637936
970480
349898
174534
840665
110104
584092
727123
896101
535044
249075
178269
875406
963096
214324
247781
533396
213103
286732
177044
496759
824115
588030
486056
586197
365065
434123
440371
817796
101452
635547
455733
885898
885445
444234
726564
895550
928326
453688
705618
377338
516730
783888
252745
479827
898212
314493
827190
111316
501225
904234
422042
239307
406231
808098
725505
671296
156188
165877
489094
971605
615390
758793
857504
500837
116994
498035
310354
859287
851724
829938
236626
368455
527793
389371
662248
339973
517830
489439
265255
919055
307640
587297
158364
527838
395396
783869
113101
365550
763712
416161
337156
379103
988921
194661
693906
105916
592697
818226
865203
358388
648166
101830
540809
175960
305168
203058
415933
722998
506464
581189
556021
628070
982452
614385
155909
291816
312221
982976
557366
889899
399138
794523
182969
388060
803150
690842
393977
395848
509069
173147
568202
157236
988943
109012
147163
294112
126037
377062
831076
446467
772217
387098
888503
754671
815449
858379
946487
941636
841356
417820
745502
240495
212344
828472
442522
915495
519315
736499
225310
842350
723612
693513
899587
712556
616491
860716
820634
556494
237779
565678
902961
823963
766742
791466
578635
582193
649846
439089
437796
405169
756909
183300
545664
783220
825738
888186
612682
259020
538652
737992
101371
262266
345472
814924
788788
861964
675641
609424
418459
727387
175103
235388
551351
841845
926854
943952
338005
490667
297008
589768
795836
953917
673068
255467
651104
412773
143655
263787
571793
496273
815746
573164
572505
975184
388090
361295
837149
877697
784685
169576
605085
773754
304964
970402
529566
145785
914355
681538
450418
211364
271307
246255
979248
758341
401722
630353
171115
359343
708107
642908
669583
437820
130039
242089
413005
332095
417350
164122
209794
116002
233698
628845
789756
352628
599249
233290
312379
513605
814828
662797
624970
900101
809052
518185
572409
124741
962504
643524
298051
584578
200399
867634
922398
230438
923689
249371
376500
255007
313493
486294
271009
361157
115140
874732
527751
614389
921988
740130
941961
736817
316894
480898
550885
125947
899083
123295
964653
861588
580785
262705
446168
595150
944305
282533
725588
781962
431904
102089
936969
559363
402349
121945
734486
417490
896677
176204
845845
818666
730300
787807
469450
947194
268706
834301
887107
981755
857596
851762
843345
352348
928433
203480
847498
786706
299979
487054
568669
545850
403109
419605
105214
705459
441550
653667
936915
338229
643837
696727
970861
374139
484536
440313
235300
567208
188581
122409
548965
860144
788137
306277
212493
630537
323723
959992
417244
523702
361013
799879
969552
664122
133451
888733
283548
475002
456367
220464
627197
100205
731158
598059
288310
215695
852338
423611
596869
940920
446020
959800
801065
148124
180044
827524
678661
403767
701483
909872
827470
962496
623718
710989
626620
657170
599723
724134
132173
956090
758565
659370
956296
489724
171396
244607
519385
837701
482184
116255
692588
742170
890022
493654
790294
970066
235145
382923
287801
836629
292796
115272
799126
730480
726261
339713
387651
239952
877814
333790
196043
636380
807126
966305
126105
792489
210914
545490
630191
593098
475711
322780
249236
365734
630400
939530
249768
765545
322454
437569
516141
429216
366807
229235
973663
907034
382914
361315
146987
260729
509072
243031
797109
316199
209337
823214
108689
234217
282671
638880
641282
658383
775626
790518
924117
406027
644015
173886
985539
780436
425421
501681
209653
692228
630916
183317
599264
913831
358599
560217
174561
767671
703248
785637
983870
726552
608852
906526
774735
705490
459373
329984
363874
235001
934468
287992
454994
578485
275845
440534
358922
601266
756182
382541
293496
301065
379825
706726
214897
552390
266944
203425
320062
784159
803028
217899
424678
325847
938391
199414
931337
397766
343365
295212
532767
277834
397171
887761
670285
573016
242263
843173
988248
898445
225716
281745
199511
419507
802437
228375
871897
969382
245766
105926
753542
948794
137791
992186
188608
976183
105567
119947
373950
348932
315159
720683
440733
612330
522411
111019
999312
664674
768159
987562
477086
893875
183274
490564
227349
885712
532905
913212
769061
592637
919138
436570
455398
870895
428757
544006
847079
434324
477919
134996
597223
693079
755679
937956
219376
192058
862941
132656
670698
631101
120219
961751
438943
203493
366282
566292
903171
799187
393471
672233
305791
312610
108804
661189
997472
351527
119162
844552
685852
497082
793515
283076
104128
463161
221033
223504
555219
897940
256160
139885
529043
190345
101637
867986
207805
367919
348246
110977
981072
641717
597177
286864
768294
605981
762019
765767
857509
781181
524286
457328
192230
317802
554370
196358
680964
675403
233829
150150
487310
303955
190035
916353
394301
191672
784341
502106
373557
946553
427049
354630
588271
924226
455460
356566
444175
217480
122334
215651
812628
546621
572979
904858
678389
127350
915183
359354
616719
149013
409505
104030
352968
499540
834350
561235
505179
532658
877307
778736
479212
304358
947333
967483
228585
402794
238017
486726
520275
260351
602377
246870
620938
989322
965694
299329
930638
880878
472649
461324
843857
782154
379321
110793
195662
213672
572028
514807
646330
449337
207510
939508
567661
154844
906992
696246
457639
145010
996939
791880
219328
599317
938750
654232
502607
904445
853561
433246
699291
326212
708537
543149
922332
987858
553942
931960
115497
125972
446768
575793
389275
468245
515302
856936
523089
336261
467149
880728
295238
464089
672609
414566
877373
525326
968798
379981
343739
736327
627193
943030
876505
335731
486180
712804
323590
940123
558732
253053
880061
819466
728846
269337
287712
244149
940239
710802
480411
407389
505497
675649
685445
992073
904181
562819
517400
786946
756766
761139
437240
383960
704170
313746
619692
190352
840517
757248
944441
399250
910302
824503
218717
553115
907806
406430
697265
848046
117233
991642
169402
522730
581258
754847
428770
485440
231633
846171
272387
888399
521277
523594
272361
225449
651306
706019
229767
491824
377234
988174
791074
201503
726644
823758
654619
634451
144155
265851
396464
975353
257494
379832
498084
738752
948646
740821
138159
180280
586993
224512
882646
108271
648106
155008
147686
299414
674993
191419
605204
952227
179594
310246
967697
720204
134005
622317
268622
178160
788168
479052
153514
859628
758885
465564
512347
621498
206386
464472
701778
607345
588984
584425
529583
151058
553399
577269
264438
228393
582655
769642
994587
576215
979888
962285
296421
113894
498569
465043
106020
200704
844096
973499
960332
516948
439065
386646
138447
459417
751118
654191
966763
254069
238618
496347
305127
605983
887582
469565
648343
470238
239209
642931
946454
219098
519183
156842
146959
917752
521885
966944
932422
279948
940445
892755
696896
293477
193368
735343
652894
844486
389536
533624
998555
442120
843937
303684
948103
731521
587215
596447
115726
640390
153345
962180
673455
486494
119023
720414
404247
454875
601325
336670
634823
541771
143392
245687
735248
236760
794996
302110
895212
184533
735734
893769
440619
579673
111420
302690
225161
598635
713103
240887
239027
766449
117035
726448
252944
950023
446863
471158
404899
948188
621794
853689
403927
579153
999376
953141
629879
794373
255252
525093
792873
890987
332829
147459
384627
344249
350149
509788
756850
963253
650675
809843
643669
667710
536292
710579
617735
797121
995703
836600
659277
531465
690290
963204
924584
603633
916346
554464
311974
171600
979557
918813
876553
312387
966272
175147
470602
316423
498901
141420
193643
963542
851263
651278
631254
301523
361858
162956
998644
271529
813522
657922
702994
417780
535093
627579
921413
365407
182044
147354
350973
975568
966167
227527
201922
932441
216640
486491
162831
615541
527911
170440
579084
293141
721718
124305
494664
983576
101227
493310
169072
814750
965198
772066
146497
500293
313612
881876
765700
309623
929231
116674
285192
895399
158167
301080
741807
188773
601537
804638
704314
129449
875078
197365
322591
510763
221671
631221
408307
136864
124532
477379
765580
903697
249447
812077
317957
463059
607921
897623
672682
537153
828263
771840
346519
800396
886887
902293
889169
488425
706932
507450
431841
495978
604815
654432
820707
640452
285654
229015
591283
224153
606395
356864
941816
755842
982908
259774
132868
590830
157398
619517
941949
885661
305324
288469
686058
192212
190763
489194
494604
711662
896644
826445
121607
415426
480878
842314
869845
580498
971330
461129
618617
577726
717993
560434
247535
614868
720208
194369
205699
691572
713886
147649
491200
919211
250085
991224
925389
254814
480419
419994
780442
291030
246440
802049
606457
541284
558331
476303
935749
443628
837432
554367
835320
469392
114803
982855
984261
648977
991190
103927
340551
705078
965542
731751
538256
215628
722977
377612
284408
117363
697607
964851
308394
758013
766901
814851
299299
239199
205121
235049
582827
856519
603382
418148
325912
618185
314970
224140
181130
220128
142034
421681
739172
107577
967398
277429
137171
690376
469007
321579
707740
980580
286431
830100
738595
867299
644952
937894
920464
664039
986909
503293
520559
590292
735407
660437
122445
864344
784578
203575
984472
826612
439222
723645
748155
406621
815040
785326
910964
284048
106906
532671
264630
207304
362772
817191
888569
821690
669052
809034
485730
655962
226294
820255
160221
775668
480693
996631
640013
179238
200207
538452
819816
453395
176064
567972
673983
891104
353299
584948
989118
274172
931585
167715
295442
294358
884906
184012
930014
467925
807012
415745
123888
933307
149967
998075
622942
530660
994707
176922
523865
108882
615374
343682
376243
691438
811655
950226
496509
978920
535175
399594
253093
466761
381276
362501
575085
180149
446513
505100
548075
167493
734811
485929
914766
784778
484005
537709
229406
392680
614631
653271
315528
230006
896953
591771
735410
708609
541999
145886
687531
977174
359446
754590
357903
554688
117093
746954
634838
377572
252056
182914
445065
800833
482809
359832
585613
866815
711507
628985
173462
326139
282257
388990
370111
993176
880761
919487
615753
422761
879339
217251
313903
152753
871841
485772
607441
802900
232727
242280
180474
298749
239160
439505
999583
621970
613304
499163
402752
324812
128149
476214
464918
224372
765204
735029
217549
559932
568484
733302
882694
447824
850553
110564
500577
636362
410302
108020
439263
543029
164266
433703
741779
303427
687175
655329
739363
300480
154493
142116
439258
182642
518330
804176
307014
197501
539207
338529
657433
107692
971832
454094
369482
736352
378624
684026
372715
688926
692046
625945
145923
756312
873614
787702
873705
560790
356998
613069
675236
411491
655185
114496
494133
987481
818672
615113
184983
271846
853642
656383
193504
739441
924443
376953
475795
303069
960979
662476
891995
653026
202388
937918
323305
889969
639587
110978
450760
896585
538013
939963
222043
193200
954459
530142
994647
687098
145256
993597
772911
812865
649981
780381
552307
574425
157335
842068
777494
118315
504546
583457
585307
520900
435342
722579
410870
888896
647523
675597
699448
185537
615561
821492
192703
483987
351635
187352
985051
310858
180950
757963
123724
730931
452312
489997
219323
509647
332067
810784
441929
650579
308208
841202
171480
643550
563782
396317
532447
125272
971914
145863
210810
587476
867355
303513
885429
132957
390865
870481
257781
471815
542412
195471
116713
894724
585469
150003
318338
731502
860787
660267
296048
168996
415437
281494
626512
793185
577811
972926
818458
549726
118790
929268
951168
800111
232782
836598
833068
437614
621047
990850
723395
163460
186322
654075
872150
585757
704078
190489
317260
478832
664723
513308
461794
980160
608769
988306
773346
186581
961233
505771
636308
893989
435040
501443
694101
481789
252009
441137
819403
773056
431988
542799
836516
432276
196875
622633
918034
714919
713122
149261
193752
291812
476536
555546
185939
985305
457820
859286
985852
333020
279024
536127
227011
614065
937571
821112
995854
189581
262250
729224
862637
508204
272024
613120
754447
282866
149720
586448
811751
762842
635709
905504
868621
926211
375017
954560
825483
646803
727813
811337
879824
906838
347465
920801
434870
285037
741914
430725
288584
818131
973915
965187
240302
245940
492274
894749
342772
541994
395164
154525
218804
844840
873995
987425
771052
162979
941986
510503
709783
583767
321841
589608
490606
483272
510410
825476
582276
166291
170168
770860
798388
144084
736049
852657
203990
228324
661373
360729
584285
956538
415254
703089
801379
203216
690515
486398
266195
546468
896901
875978
130236
218743
379553
434808
515982
703929
260285
998258
684187
244419
769119
396542
288503
419135
249200
306460
461426
810574
567189
945711
681079
796409
648801
482459
813591
253283
868857
979786
699751
765760
769732
729988
798469
963251
164797
314452
581148
239049
312711
179302
383468
895797
475844
485938
228899
539011
606364
590325
263552
987519
450003
844631
783929
912770
241057
597521
166054
109915
491274
679772
689641
261007
323727
402078
138226
302490
616530
619374
441539
743208
698676
638974
639006
988486
938878
681871
527498
545243
272198
605016
532763
536167
363614
230659
362905
504671
642146
342925
514587
133421
922697
118195
208395
246425
420273
246621
448916
850770
679961
704421
593979
292604
343396
146952
281091
196241
728823
622556
641484
814987
141539
988213
265122
405154
218873
528027
809825
761019
770952
238379
708407
693651
256575
816802
754042
490814
877389
116925
341585
557351
721347
835564
749955
878709
796482
845012
974951
525307
381535
616436
340295
423075
518617
505417
728229
637490
847410
452021
312477
618364
590401
834850
225982
660942
565619
880024
151757
443009
896950
307309
814326
618298
956839
478248
410974
753323
323261
385926
278631
518763
816329
432892
841838
334947
752276
484034
786403
599687
836055
912846
218052
426457
747697
344034
987399
313317
138026
953123
570292
934976
260433
384619
467241
217273
676833
778215
784562
814061
978108
963193
332825
794438
310053
174664
129386
962329
472664
815789
562017
308720
642603
594036
635178
390301
752036
536544
517585
790062
403634
901843
639005
478033
200430
920212
509273
777263
612395
293836
591325
590504
170997
824150
384943
295016
812780
414329
257346
285445
144085
633329
494166
686688
141332
943310
890956
793369
393821
408542
497398
611422
310386
136405
989455
410816
870583
412695
102047
482979
606532
593372
973483
591495
417524
358427
786511
144271
672756
857823
329717
630808
491153
637849
317497
446452
581160
208454
239822
788947
430962
551186
400370
641349
501557
389827
866131
372142
616488
868178
755121
223021
375518
728606
628482
607008
987033
328960
651279
573757
186784
794962
204566
491904
432812
422063
838356
827938
444484
892144
616887
775446
443331
917257
330762
844889
221051
110861
217032
737540
879039
872153
774527
168524
514726
403011
675532
501761
631971
326813
975518
632722
121776
994050
124627
454589
330080
776949
282528
674564
669094
713381
450012
926391
630640
594740
685247
665657
605601
716245
403198
398608
502366
991692
467132
917092
394704
142666
418854
840641
283445
308339
387330
305221
216356
411957
573776
446437
188907
670271
121002
671967
383653
384980
512326
828259
879721
197574
493918
399289
813820
711082
697897
316187
702775
165031
233280
911445
121663
466101
666054
305108
588406
953384
424295
704763
365343
898072
151201
368216
482310
986168
854150
765963
285116
366477
508190
978803
464051
902108
378093
191838
527157
975991
408025
229934
141023
455272
955345
976651
735339
621400
281760
237712
574786
606055
756441
754095
418094
721608
936277
800404
707778
790428
480335
892894
970871
888525
871698
434924
704600
163758
440728
231758
139750
662720
275658
994738
931958
231005
971390
667298
752405
253151
718976
327192
673173
475419
895253
991267
197028
831532
791673
804806
535927
272009
611667
506800
160535
397332
755690
679101
461091
196419
810859
414807
759139
986518
409547
691098
131490
380938
272363
783895
448056
891340
925054
121230
366760
820308
112498
377754
565807
718137
182562
101736
890146
608195
508536
864647
819494
178193
543749
194552
274612
268576
509359
847718
169061
732872
452783
200551
927777
539113
798412
289800
430454
723467
311030
611180
457743
237494
888934
837516
769598
885462
839252
573711
407625
261755
438360
141086
339948
796075
149604
428527
878617
472929
276246
947678
205803
542995
962195
947546
982108
760609
237347
326529
398043
448377
751675
669752
499837
554577
507270
269436
354006
260489
657114
575597
422245
909440
616683
576159
705516
666287
904686
498101
139218
994898
359746
158987
451861
321943
106534
347936
896518
243881
574466
208528
506224
240108
692247
820027
694685
113484
903430
862658
273973
560545
438256
510184
469986
954940
986344
989468
535194
804997
487570
488378
799897
661283
461331
165725
797192
467865
413661
693711
525712
888127
716205
931936
942202
322419
751965
550854
335903
655396
413513
509877
129908
751770
834027
499894
620677
820372
489363
969837
539337
790900
372183
253201
452184
733514
318926
249377
201381
632587
757054
627093
434682
387226
472997
376885
609646
138929
741705
759515
694325
155220
183359
724233
720956
917387
138094
255600
651726
441423
139404
191064
232324
411587
344265
498474
145103
563191
561817
160450
109746
318872
601509
444428
520065
974506
635279
129712
113436
376985
789227
621727
346171
786553
259927
967127
703941
211987
136694
355668
553411
176099
446733
599701
487686
604964
998176
446755
982122
473960
507205
991868
692833
108716
436297
126865
897188
885542
156577
824591
176494
759770
360285
422666
546324
520213
389794
164232
632200
340455
419901
999577
416554
680600
599280
804240
199531
511423
250997
181654
799349
572168
173523
492183
494850
423786
519048
306006
223295
489591
130598
299790
163329
390883
622456
523619
725062
826216
587852
271230
166672
821719
184774
483226
416286
598020
201434
515817
109444
266397
597472
808794
738565
584961
214944
147383
822714
547959
353389
946009
851516
383987
245800
914845
588836
768256
352432
227866
508440
840284
313062
575112
575970
397836
958339
892256
895857
973739
408074
819267
240137
819512
542028
878702
404475
570939
926085
227190
118899
193441
987165
784381
477428
232967
613194
880231
815189
865626
922063
323630
619877
235126
712709
195848
532962
585015
988104
342786
558755
310145
162055
698892
129659
604083
491561
348100
175023
331614
389256
107888
425055
376422
706236
716450
423355
319431
510648
152512
999023
432712
290108
532867
567838
902817
628715
914766
487833
530786
257554
860554
740931
319609
559447
684556
737658
864975
846622
726648
196590
235879
648502
435611
426268
354739
152062
663589
488136
562710
716101
401126
809388
906210
833993
377227
722994
462709
205961
124795
807461
363515
885349
462360
497090
358764
146917
234749
223740
807506
775363
234296
943385
423867
483873
283620
592572
535936
847210
980709
912612
563312
381836
722002
383489
215831
913195
106485
492506
119157
131280
299969
296638
830595
662329
693728
189360
623212
742444
227066
430719
517808
275328
288072
755641
659202
471692
348215
195139
232869
242891
921717
696182
438693
557686
893637
468490
384849
900122
860997
404006
845368
974932
514611
675965
551228
122306
679291
988406
764750
806358
333093
196526
895652
521165
852167
554855
806823
200383
563960
939693
343274
485679
549842
595934
857331
357446
964424
242181
171536
739388
460154
916904
714321
874765
506836
179516
897071
100095
981889
661823
720419
314983
672315
616072
650114
524483
170929
456938
624867
634889
310598
782107
934534
674406
378042
791867
931853
256434
934048
103390
895822
394203
834260
524111
182935
255064
603627
980007
255159
585517
555797
875578
714466
228113
405617
364581
566562
476546
635486
191430
925402
760050
787504
859937
434458
979512
651805
280278
149913
499821
197634
945736
707990
931894
469848
790926
100925
887441
684900
256084
386926
154664
945628
101393
196743
351247
365975
663305
641759
815427
668702
567162
575478
370173
341067
823902
349686
892872
104181
399600
306660
115781
259303
914651
947676
543117
619544
862567
430559
304445
118653
717485
359109
878247
632845
455852
143461
812786
933123
685221
628214
601826
166350
203693
871999
407417
841562
135653
214257
759709
349219
334883
775491
508522
249535
637134
951639
769079
499702
296165
887490
432321
827617
246600
310570
460463
516418
267997
273250
449543
853218
715430
865335
833535
733089
737336
154919
574652
772989
269176
334363
936174
504060
923820
444697
567561
560955
310303
250608
960657
506468
138099
392980
334086
198666
517516
694549
615084
685513
781765
878593
452699
411162
657896
286235
144253
395233
341154
618905
982188
424297
767234
918363
742323
691055
277027
223851
165977
487330
374459
126636
893798
412559
333582
141852
425191
751098
736401
940275
350578
432134
732836
703277
743296
390733
803478
701515
599932
958599
234388
496087
382897
901622
328417
939186
506645
505444
977003
572622
806740
351464
513224
700539
577989
746806
742391
903180
411871
392760
757422
662450
638860
404225
365728
296123
608924
983173
897639
208857
941773
132028
518910
238637
847616
747327
991789
268228
252772
968793
740851
959512
320258
254076
574019
712213
814849
230377
615394
226721
437103
372818
703137
975963
591009
882832
186054
199935
866006
983693
308792
721746
929687
727703
860383
777304
388997
852173
945533
541770
820967
600351
415249
955192
668393
803234
667406
397209
847578
282802
523931
284682
469586
141035
174613
960595
923867
260667
160531
703840
158327
283290
425587
988014
824959
285971
679285
213957
952110
538785
569693
773079
139137
798909
642238
621497
516110
309645
918706
363689
406413
356604
548372
689965
397640
536951
564528
235474
697618
539025
839315
669911
636281
264903
657926
461241
364841
337212
575199
316952
689964
958858
903997
643067
757768
546236
264565
273880
669848
997238
451535
890227
353843
813873
494160
565449
350825
958688
700924
862409
411680
454206
532321
947962
619109
104214
409204
883950
255393
798369
114870
845357
757229
918867
488425
428964
465105
566957
516810
948919
478162
868346
753113
645971
682220
247274
211422
847012
119929
726312
623388
431610
180519
155711
379573
613594
973890
602743
411512
229284
401114
426382
888607
972309
345250
377034
315240
624321
757957
732051
487207
236120
600398
240322
782091
196585
387596
807479
857563
407526
447758
480953
653102
442243
450630
846641
955838
424521
449385
281317
553806
664465
607699
356380
550741
766915
547380
765982
391238
305338
498034
778445
355424
912398
832733
951482
922949
220331
758962
780514
441823
120688
175434
994925
462931
526064
755533
418770
850585
204919
600087
318358
683351
121753
574739
234093
788669
122120
900075
993873
241425
398110
686285
410815
224475
519020
362298
147426
639351
935227
741906
895140
955915
817340
804032
418847
343405
559566
651584
107957
578451
165638
240282
261803
101358
628987
395897
790027
565073
295973
783901
620464
508050
470187
931280
632525
889207
293579
593917
442525
142773
335824
251632
912654
153165
955664
245469
310536
429197
797053
232460
907649
776657
372742
169453
778015
815695
379316
482009
380769
489256
179877
901234
811272
464031
746481
443798
267205
940060
851682
609731
896800
101473
761363
809455
154639
630995
954924
279141
960192
665944
411601
867842
356569
598309
851262
948550
414005
230579
430561
608741
619835
510438
423942
431108
874469
170424
688873
141676
924450
454522
565373
821251
455995
240703
544674
424600
771698
413565
603742
645858
893476
829309
513701
250046
341586
278930
198597
569557
409510
443124
178299
843311
767529
416207
188387
641999
486631
691226
597641
325049
959714
976980
960266
415710
217685
504941
740311
803349
732473
258020
449208
625950
901295
776876
689962
242882
869772
702525
712440
193249
145651
704705
850527
813180
120914
938914
369146
421511
544107
780754
646560
503822
757735
520794
733498
789386
839701
473810
592737
572175
545796
855911
112092
447093
546754
702054
589975
416528
404581
216382
509777
364198
821088
360305
991344
842002
213186
360491
177480
571259
955211
638007
975081
712948
158802
708581
502335
898503
996357
909038
470680
456121
678917
396738
803214
225672
998793
307156
456166
317341
423539
779910
581539
244628
954181
572884
900596
981334
747341
978076
552594
702554
530050
441643
329469
588852
964190
645770
487357
874514
554810
772003
330636
147694
982707
133851
273366
981501
254974
543499
212809
578513
237376
694348
637107
191558
181199
537704
172893
742507
429747
539454
359028
859798
795063
588497
362617
759254
148234
663940
633769
603044
349910
778372
650738
332619
812223
738071
228087
967197
195537
340897
459677
332913
849211
996784
338437
844377
448455
325297
586885
692169
764751
759879
465934
559815
348377
728551
233036
310577
306459
680771
813622
556369
459144
378327
702954
185335
930364
831042
966498
939867
171940
426177
272781
835117
336928
511219
679495
685384
650482
180347
377554
415234
840226
657454
789015
102570
386006
836017
313148
592465
516789
940736
962801
875934
233030
665756
961269
977361
410765
927768
917229
396671
267912
103978
231790
504841
515197
725251
104192
165680
805599
381746
394880
559792
939200
997861
562363
239173
833879
689477
645605
350669
630214
522373
140570
677210
102096
915805
654572
412862
757541
571803
709533
925453
575781
755289
344261
904944
480542
348453
884590
200108
544165
193437
659900
483366
191299
136230
536506
839144
725707
996077
103780
269888
518451
958316
847099
520547
874122
501672
833409
631664
973475
456910
471085
463223
212200
715346
282134
506708
963800
166725
606816
421932
174128
266718
805299
179393
302948
255772
918537
842622
251850
836284
112511
670301
794601
859610
104815
668724
361284
838225
214356
248726
209102
499407
525916
321302
214754
708050
728011
992520
688742
248794
414454
676836
415512
133720
756230
532427
203458
588734
289016
355308
425019
301527
839575
219621
161139
844390
702312
336389
596582
816668
399081
705684
230042
738963
840953
344796
360981
482931
251284
863689
631725
479704
540526
861204
427390
296757
307598
530848
699458
496614
700122
124478
698141
453664
244100
673246
298055
760378
823601
708604
491013
136650
414289
621055
775613
169209
779817
950560
552140
931101
814250
183867
324772
354778
859037
566128
465501
166636
996976
164960
563250
611065
189439
175358
964729
247505
662571
262786
907883
486173
785356
312863
436789
113612
833918
212404
182822
613736
162965
548928
458805
791182
632795
683577
145961
405799
249707
425428
472435
160650
490389
849651
671716
493794
925010
550412
641299
587582
627164
463149
887721
412521
676012
324512
426134
423897
350882
422922
937633
327813
871850
396439
118996
504647
893983
978922
724412
957656
404352
196849
932272
794741
860466
603989
202502
785477
968368
743801
287026
595533
120917
