174749
908055
610895
313227
334190
848758
564109
657112
786392
791922
442929
996798
724885
761542
804748
703808
485956
762405
108161
496771
608644
716868
357238
212635
819370
142717
181004
477138
243709
590503
412021
318458
498559
836882
531685
646715
685641
909760
217794
386001
701684
560724
382800
426570
322267
101515
944344
708223
677886
952506
204995
286531
669375
462234
313132
402713
418917
394136
779851
562626
798606
105840
695051
297166
842722
140703
757848
528365
950464
875642
814366
652149
436367
111133
892685
572601
112648
837030
194791
690534
703503
213753
877065
286846
575987
190199
589559
808870
398301
283377
285463
196908
289217
880514
308041
131941
921218
965889
474272
871683
841532
288639
437799
191867
213738
244451
578434
226386
981481
673225
730886
684986
786978
521918
785798
276932
526083
375358
985802
824385
472701
185233
835259
661919
965747
143301
607826
800932
923156
982098
672616
764690
184704
924381
770523
298442
168833
348958
338794
964281
836149
883646
563234
623129
405565
349033
714027
831649
538357
613797
570001
911058
699030
405261
486944
664778
362529
994770
379678
285686
976869
866260
864342
975539
790643
634866
187948
773442
797790
426742
737724
633941
310389
214925
171037
529921
463958
699030
275537
816281
312828
745538
727341
911858
964765
214286
490604
327295
123024
770282
426948
913859
636543
291291
889400
341153
740124
977348
114597
451881
318058
666287
899788
442413
781213
884791
872334
159138
583823
147872
875420
796651
707376
516728
622477
672143
544980
113082
813404
568004
697330
154319
481865
247840
259577
285232
488994
813667
262581
503591
265549
394605
169879
979304
737019
851092
864096
523320
910231
361886
485159
785652
158539
192536
216347
594982
678645
661327
522030
406017
229333
219361
460336
525164
367201
533879
710396
670161
347547
786943
173753
427063
995515
243633
406368
732535
908691
270465
169822
818923
532352
554981
518542
504857
561484
548855
913805
154096
210184
435836
460113
339517
469163
734416
678647
650330
268296
303010
320493
515844
903919
308212
842907
899435
451845
163242
545937
274504
333707
615760
907393
680025
170742
339903
998848
546192
788758
826620
600289
898942
262457
960402
152426
545586
608785
731073
109884
777082
848049
330377
206893
751970
452555
863766
651406
804401
927008
111311
892871
174682
627071
800265
668674
611779
140169
581489
157973
828928
408111
658262
727871
570568
532631
694264
930121
141418
339304
940005
732466
187355
184349
839359
839325
536904
703126
404698
255272
544101
416009
148144
618783
857046
848410
201424
468827
802545
682914
526800
631474
991025
999028
273313
561594
531660
867577
405682
487044
206882
345688
219511
208203
344003
958870
861494
780908
575963
266194
850146
120065
496169
898291
552815
353217
660668
654239
636010
463214
337154
162811
994689
328180
975805
181969
703741
507466
949546
109424
894511
970394
269079
114023
178599
513082
886860
854059
207957
462824
120254
872070
482890
430390
684328
849671
597573
344997
503911
233584
622177
741066
210361
530833
969246
186167
612802
586954
507599
476315
596379
402111
446711
679424
330101
439276
106473
216962
293336
128397
493752
227557
900467
790608
471913
584796
640280
883452
743759
144193
117037
365937
699225
141364
796771
582438
227531
409574
169394
635130
785890
579739
851208
146568
259164
995275
399810
265637
126204
507112
294034
433922
548635
108468
224532
834514
593264
764812
717967
337024
722971
735004
516928
336163
690334
313700
818602
817865
623274
887996
366963
323131
467736
132138
283665
540866
941379
497441
706503
881549
818520
814504
315472
367156
822972
440004
201672
330204
118784
733605
481194
655721
382577
898122
891885
972911
211823
710488
704744
649064
512451
885673
786161
794153
831777
969827
335020
773157
381235
855489
654707
199756
583960
870179
380879
406934
224151
396517
551104
242935
130123
932298
712622
412700
830422
604508
385613
942245
228963
904323
505276
555380
789997
291439
349534
621775
175233
498520
308899
456468
354011
863606
470191
837971
647752
751070
158872
685869
147588
609976
828804
177711
542276
455394
404378
372699
959902
603957
228911
102833
508281
634188
558213
298279
739593
807748
820054
814826
220235
942919
271295
388212
806526
555452
226185
368245
306523
199023
954115
354111
709000
696886
345789
165243
152281
564133
351908
926150
168091
394785
928983
576372
842939
401163
774651
582533
122878
508672
397360
243114
451592
482622
531326
172085
938074
571477
354296
158565
670501
222378
326642
293468
819265
572431
272677
785512
136565
438551
625629
204656
733336
468579
594994
576277
769743
369646
972776
792621
692284
370138
849701
957842
666726
381029
129928
518767
852506
298191
577332
436974
420569
803975
544408
153801
290373
717085
839314
326939
155637
378910
345561
702940
747490
840556
279218
431200
124169
251995
223822
716454
436099
887490
674297
916791
268520
618192
435560
934992
816383
912892
285934
236953
716868
730342
290755
907242
361395
944035
148148
330998
322946
307675
933938
884402
962197
127123
315603
986367
193085
353392
616788
443150
240883
291086
359943
323369
723244
609469
258362
453594
522362
358262
504514
153198
902571
695269
874406
263967
553271
922554
408931
690183
230230
256837
574587
192429
197926
790190
992762
204977
957548
609551
462094
198432
714603
636003
421801
351815
245473
494130
705409
581801
752392
209924
634999
654964
719159
509406
732897
272431
345927
955795
776581
390124
212633
351169
396519
224525
955325
389282
329503
912875
812799
605563
925273
527403
241567
347076
779218
387040
655172
398595
868841
407565
508519
503842
876496
227680
827214
523360
314077
173143
479156
990658
463267
505755
255794
673752
630281
125087
963034
773750
937962
775834
379314
777202
217204
520881
124279
810389
721887
593417
208985
590729
900983
531470
908537
691446
659150
735753
214807
787194
722862
507930
777853
100096
913685
847614
673848
457933
872701
550849
145650
724630
240650
424964
501833
357854
759811
440079
982209
481699
933496
105161
886395
748446
536632
794933
439893
109749
444653
554701
796943
981481
876597
574798
981577
790283
336379
569392
162184
209081
120242
207834
833711
260892
446765
335545
432713
120543
589590
328889
416209
523088
334051
302605
271535
684649
911504
611429
694398
270125
980096
491343
251607
856694
880107
147152
560944
216487
616544
537094
239534
636787
558895
973245
797679
905660
222757
144359
840169
712348
373249
256379
235437
607300
372950
320938
205916
284456
832367
800314
368547
726430
205624
520154
497091
985731
481272
872002
116185
997817
409097
255719
634605
867992
142931
346251
687619
265689
390611
527790
792003
577826
598135
927440
999092
871086
162345
205009
969508
808679
905323
338056
535110
110949
672176
846168
910646
153450
718171
840798
151268
941234
910483
599839
809228
953415
760056
410814
133071
964633
752570
825074
542460
350707
666481
541553
221794
728826
646562
105269
537506
465853
257291
886583
476802
829467
732752
301415
796883
364890
956179
762117
306125
866664
275923
115354
734046
935980
340135
767117
900614
992705
506158
443076
343413
986605
798595
379173
629398
445159
384442
980871
811012
455699
867455
201781
285168
514174
317162
896017
779064
273343
658136
985189
953973
834059
914510
688020
684006
254646
369104
584622
247352
689228
841664
404732
675834
640260
597871
219199
985419
796280
200071
710398
251980
967526
726145
351114
481701
943308
247133
260766
130618
719235
159923
898557
553295
974433
500544
151269
143046
683614
635891
290398
372843
477556
509096
862643
117817
106969
981842
917203
803249
181915
541568
955229
963407
267715
306345
359076
124990
367444
433808
969573
986679
493731
868131
453941
382131
368676
505210
425177
952290
141102
529542
239100
432624
938638
915709
364408
859573
811518
195578
576789
807399
637146
532020
770808
804861
652331
943850
743817
833741
377659
713391
820421
771391
581523
188329
967488
764165
593540
392667
630422
548608
822209
683488
795199
760848
599198
159608
534389
410718
255186
111179
218118
792332
457165
802892
511161
923462
746743
168945
757204
124404
782337
491592
709761
277827
579922
591216
855959
173463
883883
486382
622071
706093
983837
417271
380909
583036
390845
815298
807720
459997
826477
839805
252331
197610
556664
577458
121073
303409
646403
778278
241779
342707
269871
765506
520535
749793
356723
290461
737222
240608
590809
273261
760667
574647
504498
141577
971650
795344
770841
693337
255342
511286
533143
321639
608896
989808
713063
629969
207184
273434
322214
262929
516141
406052
928435
850642
969811
199125
141104
707035
253699
631914
880296
914367
206562
384795
869910
178213
994105
640753
685517
163415
152040
218661
299020
574902
122436
912084
118838
143586
999484
341053
306515
515626
561071
148917
366270
530883
248043
321340
237919
315708
853254
932181
230076
873783
230944
913953
865962
139016
554707
551480
202431
520713
584108
315418
909581
520510
227503
928419
564097
140954
183439
770612
556580
644510
733496
736816
989360
795505
958157
227280
111214
725378
973428
155257
599162
118339
969210
379092
157355
437884
830572
259787
772563
414681
475205
682145
835192
516674
610565
313256
557628
607971
897834
928174
252482
631331
578958
155809
340803
451082
283090
352018
176461
170485
321241
589590
188824
290452
868682
246179
628336
613221
319932
314866
841869
609103
897011
591028
939743
421543
804284
411338
929514
702119
253480
995963
247418
732438
151773
488221
183521
248829
740239
259982
233280
961480
663538
322104
165899
532221
382250
608201
959409
602182
823067
801279
125253
634045
392308
964996
955589
110559
290302
799070
712678
443782
709000
860096
176221
760774
262285
259742
823569
816490
333690
956850
691938
897229
192921
757837
343417
475171
280006
216793
891320
917039
918072
916573
551086
224347
795536
506676
234906
899804
219713
847585
343587
828714
621648
419808
503455
697899
493516
240991
514391
641173
197842
206330
452369
204730
778133
609752
579901
958139
726546
385188
875180
558585
215728
426267
682933
825231
746909
817839
725036
780588
579391
968624
609303
115007
302399
926724
712906
609882
167717
227298
251056
179525
247594
603425
284255
925728
127144
678123
883868
753690
877277
673015
312277
993006
913248
895210
818238
660158
627016
543275
440748
120375
425866
864017
949347
542232
790743
662254
152115
772426
703519
217137
851951
765079
634528
950173
690808
661672
542263
488644
329330
419541
161660
541607
412548
974909
350784
230787
549034
791766
588029
803748
812141
827861
667767
761489
370094
372477
337711
336175
958869
855196
453312
810821
620276
901806
674961
225052
477446
217225
527662
706776
536767
589322
248384
849315
478198
413134
894069
841199
204901
396065
644948
831009
223927
226682
506465
407988
413125
658142
644163
371995
513339
911442
996783
947582
727215
671745
986600
204662
788971
514263
811438
239705
103586
959822
989020
395751
286923
797056
236951
391825
193122
695865
136801
231016
822548
543266
539004
149640
201410
997133
421636
528715
822542
418420
390264
549759
904131
376865
654421
607069
791128
465861
746774
708681
339650
649762
918398
526574
360785
969315
732365
453908
665181
683132
498890
401696
226399
851860
451337
241775
762960
686939
584457
585504
919325
874721
135264
737423
165554
603651
344494
770648
969512
991268
479330
223130
554997
311695
649704
815783
281011
296036
183658
760159
879168
582548
161856
919533
348375
427159
161310
111336
928064
559733
596840
847390
348421
546070
584815
413975
149723
743275
184625
933201
648510
477921
156332
203509
689617
620002
833258
870628
816038
916916
630788
695207
413431
606611
528708
661806
847736
503984
587108
775802
963717
997915
537159
312139
543986
935940
540081
507675
593182
538672
354844
241694
916593
411176
259169
520177
931179
992427
390807
661184
823310
835561
270359
236742
356139
699067
712514
203877
203052
299623
793645
980735
211505
244771
292875
569458
180713
646922
977133
673895
185595
245944
729555
916155
557121
888724
436333
402267
881152
641106
963451
704463
390635
147777
755171
646774
746844
381652
664617
763862
495242
372229
744598
606747
517001
851440
176206
511680
498363
967306
999541
497925
213251
729098
414081
584338
531789
750414
886605
412943
305488
764024
931372
596123
811801
600511
156864
472613
882163
635448
236476
377406
907677
881075
798120
424679
732516
874326
836359
230880
755599
835902
628805
868851
478967
856852
367156
910756
521234
253763
237666
726722
831753
983005
236812
557521
583517
207642
930134
379647
743090
166612
571020
650769
947687
369141
975448
594170
243468
811809
725050
813034
561678
267823
595852
940645
938641
863008
765368
459876
930737
903035
100565
762491
886041
237377
320014
383525
345020
164115
663172
988110
230727
234193
552846
992380
503334
528296
586551
560769
254072
225569
373804
629716
307358
869656
484328
246000
646631
249697
605877
577370
152733
606442
253828
852740
657786
387808
236266
816772
451924
799439
718849
582651
847598
271697
488999
264900
699993
975550
725669
768031
115086
913439
397748
322444
697062
782076
468445
343694
931773
974322
735030
898473
494731
888859
751214
152518
190634
801447
869290
542558
514853
588141
939176
362452
759838
428176
527352
373798
317693
166988
141830
332780
980427
353544
555224
591456
135621
837635
749117
967394
725924
484148
865868
220657
286974
531050
187141
377609
332498
870398
734133
747351
458540
673310
923769
132345
915452
451123
320109
147113
518111
275905
379893
412506
529449
749083
817928
565070
586720
567046
446431
312645
865161
226267
433302
966101
657317
434410
257677
803781
304809
891811
465099
577315
479088
388869
609660
308508
739992
743735
355621
172071
919640
635514
398543
363056
384598
216472
828126
785284
597485
188524
997930
376613
314791
345199
342715
786074
679609
500393
589856
884418
306171
868921
461734
685259
257792
885360
893767
811750
543062
249389
883821
462703
698869
196331
725759
897434
226770
467852
682719
638221
556377
594616
914834
685134
753782
257550
471210
433392
571909
875032
231778
778080
743955
507478
463341
815713
306806
271075
627464
749868
334431
425253
126539
847266
521584
666264
744701
562320
948083
341388
200542
504461
749970
115377
103562
503753
186894
388738
751112
658803
263772
882890
350851
821693
304335
628158
637407
511141
799233
178838
174977
947630
504091
201516
794898
839642
767780
453566
401963
715864
694954
416472
134292
444926
431849
951820
848679
432709
340559
513758
905479
418297
396649
256331
239991
514951
784489
691364
840058
497689
770203
915035
445321
188261
116552
154186
927903
698299
507752
329868
328130
202708
560306
276389
461600
806121
228210
224246
238832
468769
638005
144312
787067
848620
214609
841024
363572
899098
446356
117598
396788
130526
932633
656075
218787
863152
710261
146692
561452
218015
290526
789582
234689
750832
965971
510255
556954
194182
634501
609752
476918
186473
568030
263986
849060
682639
105011
126599
495704
451367
144197
792493
481893
976831
362535
514647
839984
972797
561339
315403
104779
665831
918951
153434
330630
884924
563689
701550
893072
112157
225270
283957
112597
693300
447943
861657
289907
366921
888256
685611
632254
932454
392071
114149
909286
654607
442762
663237
541371
904101
878640
546150
483899
797592
599584
714529
596483
977239
330046
403523
989396
455316
587480
101994
962583
935424
863651
252491
216312
665875
838102
748566
598330
144141
676681
507617
698748
119444
170855
240120
837511
863461
600236
321411
661054
199821
849906
257539
991026
993919
561062
980423
449236
148543
896384
411820
897933
674002
478277
114246
339878
230347
676779
838208
274488
353461
259792
787202
372906
244613
927322
124384
108075
441525
259762
583096
455312
923634
740635
446339
917554
215664
340729
280758
178173
237114
506544
976107
725083
884822
904319
964961
115170
581099
717137
203624
748527
790895
890826
935399
849475
732115
959783
771516
173641
219546
354613
528953
957147
995248
875292
874702
124879
216022
155461
203053
267103
475972
993126
892186
360795
897446
857148
289931
392513
488252
393555
141041
279149
284382
890406
128625
916497
850190
800141
904104
883703
154756
433058
840851
963970
222317
629520
902816
338339
598948
105870
505442
974920
998996
397629
335716
810409
168745
439613
116889
556997
647134
971895
650112
745482
862302
592703
661980
626460
392846
480051
424130
361568
813109
264982
239505
935426
708468
956287
187732
307417
962157
593175
282338
875120
804770
432020
685531
787481
771633
702420
258446
332734
588283
722524
978216
450586
315229
554163
977046
608075
934214
401177
783609
747324
480125
837080
596717
188595
793369
684450
309978
669493
191592
492317
544615
810328
824337
144113
511777
509938
660499
670223
656638
248783
392748
634856
599370
607977
189020
490383
130019
123236
705527
727594
684526
185653
564676
281245
188214
272012
779661
398193
841505
871253
790510
386121
595548
528814
344200
107326
852718
904700
591515
509358
967449
884264
958180
566820
406208
147201
871170
350194
984402
576698
977788
582896
576317
542465
678107
664532
628443
457769
876691
469950
242989
581168
670037
652503
923948
914238
659830
776668
818939
251346
199993
700355
949576
972139
267177
355786
933306
952313
605980
831676
529012
583769
414573
919295
940201
906646
583828
568645
278382
460520
852561
421371
855654
522600
973874
779604
436839
547671
470239
169745
699018
484198
770100
648595
456338
851243
818347
389645
803557
424328
221322
246536
822064
449861
165833
676232
356508
563627
158844
534890
838114
911406
770227
693769
347973
658069
473374
684812
205741
843613
668523
804759
327812
438624
367322
598116
203835
185670
887762
821358
423965
923050
967895
159996
372913
947694
650194
543387
511322
709038
892244
349437
534411
662472
943207
696350
320542
330548
295129
340250
174163
863652
145010
315941
216244
326298
814058
320079
325935
615787
955403
563866
538838
923299
623862
725717
870994
188023
183072
296284
797061
975316
459687
245440
551755
402895
841790
772298
547410
950886
926514
535539
814539
971524
751480
844749
211790
479505
164829
351691
909258
120234
815557
362064
857499
353386
987781
642461
441409
984819
838745
152437
960136
298433
297877
425859
515295
953634
112124
876671
904521
938638
412211
633027
824129
977657
477778
935919
371130
456573
287611
280389
390773
917134
542453
162240
270521
444202
704701
611930
429022
457413
664368
303126
569812
776211
628985
899073
643812
641109
775745
462300
579748
101923
995328
403878
979581
387073
253765
264678
743646
355342
445067
134421
272478
887521
196661
356965
331724
715328
868896
574712
986707
447231
777838
470486
223443
320790
369561
767256
775865
959272
143523
269580
961196
138852
487425
854744
425925
641190
119423
983538
810498
378456
117960
982976
265978
128587
253909
411668
657881
122806
800347
558555
470037
492152
929041
507446
712943
298603
188669
488809
171843
232193
658390
947005
271045
145816
715716
510937
600972
735139
494476
411471
927561
426402
308415
107507
368955
462324
333141
840802
399096
133489
399358
683099
525642
328400
190546
238586
440970
279216
541361
426779
411409
113718
373785
496420
973499
989501
821323
574472
638607
229766
799910
566169
556168
922291
573676
739089
298582
806818
579892
597678
754273
793216
280778
279916
121618
285290
332468
376554
464506
687796
703333
689881
701514
977118
100269
588981
880586
821592
163454
519194
951359
777330
899329
421494
699622
386973
160585
812170
107758
554443
323815
762031
347661
504593
855914
283245
689884
188383
473765
968356
690145
177099
658239
391661
968183
572474
880642
848770
394067
858062
281931
345427
549360
995226
580888
162949
382200
641473
875120
389958
109883
198936
965956
357544
517496
821871
454755
121347
824220
828520
989703
514367
819585
561909
719994
787769
134384
600637
550506
342418
372666
646403
501811
735992
641631
982699
798942
837797
538139
588029
227757
548023
686965
107680
805567
118428
829551
174290
139775
567738
902810
129480
982105
722397
505355
702100
424133
453706
216704
874640
696124
489371
521044
197936
139330
976641
180637
838272
814440
618776
426302
856163
980765
927234
863843
786334
945662
607361
774590
985438
175100
677401
928884
157207
313765
434240
759307
637899
701912
876012
426506
398037
279350
847550
409940
232646
824193
404543
970919
552600
837285
397222
408764
818052
324457
272608
518353
184087
779969
292944
169526
855069
870345
998410
826242
998077
346617
585551
635977
948530
375530
962483
260534
468846
724000
484440
601492
462160
788983
486378
914760
626270
697567
323525
444323
922024
410099
862676
106112
190069
155621
989603
859105
839932
901980
685348
838010
248599
184866
387954
111096
374362
350438
185596
743208
888405
570037
258668
264532
359021
645046
179294
885291
342614
316785
243581
178606
626885
920223
998683
630920
975844
902254
403992
729744
804235
989341
481721
952834
988173
769676
877896
362537
934080
963493
919711
822486
533531
992345
987019
706518
551359
980279
505777
707939
211031
649358
786545
651882
483549
699196
196770
459394
601451
500762
103105
319653
404070
484827
186455
392245
254504
964351
568748
188585
841811
488460
825038
375343
480807
726024
895828
846132
620270
401606
554072
731301
864930
340619
297151
348480
853781
393921
621841
369199
794683
624946
588852
198755
923739
675307
404966
178244
553626
873714
180796
395438
276141
819800
584748
570914
545825
480577
417047
166096
782183
871120
711363
647114
125706
908514
809561
793453
216402
431403
976618
911086
956349
479437
923807
880090
968711
242740
872300
522338
116455
867062
817776
206562
686863
316491
677477
146655
697068
908490
212751
393218
779611
738081
854299
719283
560562
663861
512737
676965
995264
489356
502018
865580
868794
425826
659637
837506
568566
445905
273811
498987
312968
905553
605549
899832
222046
196993
946487
819114
105485
973205
212334
699062
625253
880599
418347
185816
544461
745050
676747
453692
148374
178766
319273
831134
504592
792877
582607
887124
238783
756418
386112
365717
661972
805628
179516
784018
902621
939970
517100
822072
913176
543400
435102
452396
424000
667415
452178
782427
412466
128927
236120
374806
207693
369359
205941
526252
162237
688548
413377
214986
358933
613456
480704
920906
333051
560220
618891
149639
500191
949957
871712
327334
493358
220781
593696
731324
788196
945875
513752
200663
888768
649872
475470
996461
919232
495377
436680
895435
183927
664024
110423
442860
277481
405093
277733
510532
865313
710591
474137
279472
660549
259816
420772
967874
380597
828435
699199
168794
774311
126919
269458
663080
676791
558894
573508
509990
954271
910189
405427
952164
574214
329816
395026
665661
634909
486725
990159
414189
197317
464297
507627
671833
624114
742366
639708
818677
570802
252874
887472
259080
279793
156931
822160
856585
529791
309635
280542
484063
133791
499935
350195
521971
729751
559187
101599
364661
945912
991758
592817
957196
370023
100445
629030
808103
742811
268739
626781
313614
421613
514254
472694
515373
485151
208821
285925
828908
332423
466467
226939
366214
866403
477134
702152
510121
936321
703751
688749
882234
695511
281567
753397
879500
282012
382428
601570
838790
465133
228352
966370
786747
556573
353032
216087
855690
461853
402012
684600
608242
768479
811539
874457
548849
288674
576610
958971
224996
194328
647721
921196
789839
743254
674595
583306
839232
870989
184877
678023
336124
227196
558361
936837
683769
811393
152925
539460
187213
454937
224061
695456
137383
849566
483880
586233
138241
874456
459171
177203
968784
920858
912366
672591
664113
500928
255898
503346
371918
254742
995336
522008
381938
553698
458846
965707
365092
425737
419134
366271
694640
457162
961727
732024
306729
445608
232224
258937
234031
591395
250106
202817
426220
976438
775408
990333
477367
845272
407646
663252
100015
316949
999226
381953
684613
372040
261627
863671
697777
494728
229944
392419
851890
191672
938409
972585
451247
170634
145489
585278
575995
295596
602061
902215
186001
291436
892549
477335
136710
214162
954553
136725
345078
953780
332645
929691
325821
408238
793364
837565
802966
923308
143951
568823
928946
982360
541410
380194
966960
500865
779439
542956
610427
381501
445172
696429
486904
251688
173765
523614
365850
128319
474305
610928
896065
706950
540621
135854
929155
247952
873419
732122
171261
831336
300947
914173
813697
656323
294369
780658
157189
887774
323615
667617
183242
668787
278013
570146
820475
351778
907726
100292
294063
382033
525187
190129
902949
879774
139949
832105
127727
913368
478195
198988
744705
679142
927127
472369
249432
135463
253028
306621
923237
390609
788204
920446
873362
880183
490593
607804
231962
312287
522063
339991
594320
947250
344087
497270
827025
384036
243343
854752
211372
621538
867706
856077
214647
794834
242414
364079
830298
309408
484666
667502
600018
272872
587949
387347
967021
892509
809118
198985
204797
331182
352942
613083
278433
510995
110354
105459
795032
167663
774177
820370
689201
641884
676448
803848
350685
818862
167928
180984
128272
466561
748487
542256
553399
250403
743569
520421
956878
552688
533372
161676
783870
786315
674759
962303
297311
599080
881728
906309
580709
655906
726680
269912
211757
317096
887726
462443
949924
869621
457393
892162
336183
119847
348385
789582
270251
991955
310004
227130
544644
743377
202773
328516
443659
691498
204786
554936
204545
986515
461247
685255
556388
101894
855167
582112
232956
656860
944555
182882
526482
315915
889010
762665
335763
237397
552248
419980
229353
676219
461076
673997
419597
477815
816479
763256
169315
921266
232159
273860
821748
593406
773081
292103
509267
542215
774215
642223
199077
632737
639071
625559
762619
528083
302192
912348
665480
754440
332329
708799
344626
607371
382797
664223
985187
113244
341446
968468
848476
473606
156295
584191
880978
829377
776294
390246
285559
464477
846436
384636
911180
485508
910196
673800
827557
212389
586149
493038
780795
732444
115804
125423
253783
312568
603612
238971
325812
845059
121406
174289
232632
991666
572446
927576
735010
348741
317824
920570
627184
978226
305207
538366
377701
129370
126133
205260
155725
526249
512264
750487
258694
442035
775910
412477
654603
293489
465414
880415
952514
400786
868670
185147
392454
441117
112725
127465
603824
244515
862001
144976
136708
167210
583342
414409
110546
523441
433635
166272
949690
759866
816759
122352
201902
506636
348795
756505
700125
714210
550887
566607
928962
419558
565720
321417
674641
492411
262849
278466
636926
938816
323442
587600
106027
720750
815976
930539
158159
163578
996811
921815
823444
727537
944167
839312
148140
292964
509784
662231
821140
960671
228839
750103
294196
694560
885487
782803
186972
962302
961270
637865
901119
198679
225466
821113
733396
855408
665619
705521
918987
662431
627337
742432
303935
571506
495712
352075
678436
905496
828272
413543
780135
957112
977612
888297
565639
777066
671102
566577
739369
546339
204443
554456
558984
243876
289536
206347
999284
855155
811868
918272
431553
439207
574672
635488
824679
884350
801529
417082
703813
629802
730625
397915
500881
708238
286214
880486
485306
857316
447065
138642
403656
465474
507064
776606
609350
696600
882954
522602
465722
694823
354841
797275
947996
743479
346730
772676
541796
148260
103725
245611
592029
648316
543526
906876
356556
643706
787364
655828
501023
148396
608436
718645
513870
115502
495253
937187
626068
292174
373756
991791
886997
542563
789067
834995
286044
135799
521638
727840
998024
439330
787417
504020
987646
330945
324864
258169
874651
926194
727963
289642
974590
336401
822253
488461
265869
231473
339615
791937
423647
613371
697695
310646
155936
400730
959607
255946
350495
395212
797752
348520
734542
585171
666507
722190
730082
891371
794325
518700
817566
522290
622308
706123
758691
444563
194585
838526
576036
348167
630464
813650
861538
242127
938262
831440
542857
897870
901352
793352
207049
699106
955838
755558
284278
622346
391715
914360
427684
186041
347027
159217
608331
869336
765340
367023
313900
773892
205550
703902
122060
649981
517553
797564
706074
369782
542972
248932
181619
444325
856250
288669
143432
812089
944227
327710
348403
335943
156037
676087
421984
403065
649271
844282
272402
414612
211306
400268
188505
230823
104171
124531
694770
435691
822096
314811
705473
365069
463743
787093
709394
233960
889728
666793
946049
747922
894503
208419
897831
864507
784507
233782
267573
347745
978064
353941
662357
103338
654209
664829
148127
572346
689360
656863
822003
511457
871674
441444
690492
249384
142504
313854
383344
846198
880647
243360
594121
775151
351780
491953
553625
950253
625735
721198
297999
517767
889105
860356
521105
457281
525186
569232
843594
214548
226096
665598
539971
997770
921008
230465
161121
877478
444319
444465
723677
238933
587825
317799
828050
839605
623718
381677
789859
163421
916841
987858
581188
805948
762182
102294
263230
287369
485492
920790
315883
525554
500356
669821
523325
421365
714252
584446
298845
972537
842877
922522
211471
430703
154289
939521
184276
591973
321199
788101
655394
152008
689927
150549
857956
452110
966808
935152
553445
452301
855944
683295
877855
356301
353117
315147
591632
967369
713559
704443
939907
556437
540933
151379
801107
595222
904866
799349
101162
140033
587451
656557
192041
277379
621072
949997
629489
587882
799116
996901
940183
569027
680197
732006
739294
933314
947153
330928
814650
660714
935371
754558
131118
476305
719903
746191
885493
624770
545541
886656
578769
132994
457180
670810
310373
978252
620808
753829
566135
333892
750731
420286
802919
430929
152293
542215
278210
999446
687109
992860
574127
622481
661385
519212
912753
295255
265404
798247
733991
710946
598870
312762
743940
956050
883572
868279
934304
504382
622109
414406
652240
286807
734692
455160
617736
786985
811341
795946
700399
498451
702773
274527
934899
364159
607705
761619
559414
773110
559867
207373
398023
972704
420135
141964
928755
303708
824209
777026
622056
446320
191434
274297
547093
826126
543424
164831
527079
354766
774743
227479
667184
391484
315972
602084
569609
823678
277670
942990
510755
737537
150364
808778
624208
470499
764708
466931
674207
588918
243958
296265
849204
249358
470562
396299
889451
827952
375096
416531
182720
149840
457976
663870
355290
673948
265955
824900
411593
443625
767891
822348
995128
818255
631127
533304
288755
395836
900235
776928
798721
958159
973193
647926
121485
357723
858191
910936
185676
233288
241434
182362
197095
599410
746232
452385
187325
826153
191252
498919
183745
859143
235234
992840
591365
766362
526145
780120
976164
426381
557050
688852
298507
444210
250746
319992
615899
108938
230929
701576
156193
286329
697904
253288
699705
444138
519639
787031
270292
524858
199917
354038
384002
335151
260845
875368
915479
686990
569455
891645
927337
940471
580498
225845
298649
731244
445838
814548
654149
490733
430091
710342
591029
127997
777596
290735
472135
211202
977766
556393
636060
991649
724397
834029
326802
885242
623364
242282
572233
106786
947893
499571
947258
528393
539383
159874
173604
799187
874422
727753
289921
218481
352062
780950
246478
943624
885652
532579
154828
777385
988972
604854
769036
713371
438884
995838
512580
962248
152087
984814
969035
999981
398352
830260
442341
751701
890134
429911
550889
678523
971631
654777
797004
323694
349694
857448
267320
235347
390028
236114
912733
292968
740968
681770
820305
993819
591575
332886
956068
643662
231667
839070
557610
443986
583297
899951
195688
387398
329864
646578
879888
215462
215322
590859
439156
465016
448309
520442
600364
652303
656556
513098
845271
311492
108835
579543
305312
600410
812430
175347
158039
944097
828384
529616
302050
411682
343534
397739
613047
487364
858283
492936
602826
973605
983795
941983
438622
346071
376392
852952
898375
846915
366051
657613
158408
288852
237158
277686
789262
949588
266999
761268
807652
995383
290885
923669
321033
534419
321409
834080
921784
993658
327017
438577
881230
310813
380561
233819
470851
570920
986772
369227
417836
352824
840806
390210
541677
977964
481862
244906
841519
648861
820140
563139
644246
924991
486809
865279
373378
622184
699360
209129
529809
840343
547706
411040
965122
742234
544859
435974
313155
531632
619167
630991
698423
459975
835167
154067
437940
317030
212939
193427
865891
847046
656566
424104
772038
957341
203350
145417
493492
802710
254546
923301
557020
702253
248308
522144
444488
693167
858118
657643
138767
477287
202601
651156
751228
851734
619189
103135
982730
732128
196562
848622
579175
667094
186694
265181
538402
290044
310598
931894
992755
465145
769162
549776
981364
917470
885886
425853
524605
657972
897462
563372
949225
914029
128495
700454
679730
647684
703589
662461
293779
714118
425050
686921
295179
511744
852102
733582
701789
976666
579443
608511
355778
348607
972253
337143
180044
858141
576962
604649
516114
388391
981987
465340
216387
110483
165795
796117
572133
683350
458579
679879
311435
783630
280767
506615
209341
132870
154164
811130
923502
547573
419642
279282
710146
391897
516425
790191
164005
907354
394841
494085
295746
290796
859425
326100
215245
839186
122218
687379
436503
394764
281225
647939
992360
461992
968520
201702
408828
936650
826799
332331
484224
160408
511613
194372
366271
842005
798529
430276
663326
193371
824361
773038
384167
597753
999138
413379
436940
935323
100759
687410
330088
195950
335350
236415
557942
217837
252083
866770
154488
892848
113068
452678
953257
438648
461016
319529
280654
259546
649806
757946
266884
388134
530985
465017
885888
530125
778396
236795
465449
779155
824205
609503
789071
973521
659884
347014
191359
811967
127751
159813
704817
140820
512492
572041
393434
787474
791570
574088
947021
355343
332035
213906
643478
763020
578923
529367
207112
357321
580128
486527
950442
404335
996030
739515
377857
655915
900495
383183
381850
842213
442996
900633
796999
769454
472675
190434
556930
178212
664522
417918
433556
810523
445790
977034
487510
838679
420368
508589
109967
900496
895116
960410
304832
891148
613892
496656
461030
428354
779839
656846
270568
136802
471446
967567
806257
844121
158002
277154
922334
636490
595072
269857
360980
854828
246892
662457
693508
481226
171047
703476
381723
966163
577853
500522
771278
105712
897178
146276
434066
590984
703122
518601
627786
174570
486169
348010
832657
458138
525164
668958
908594
934202
838815
269576
702997
899673
745999
396507
380900
817046
999983
662624
697176
577837
977112
468456
583549
788257
514732
831581
293208
131821
350183
820994
120357
650319
982971
853015
922423
422102
435940
831018
270272
188723
914560
873269
988396
660560
269777
369298
391573
183727
845888
988750
661564
736967
457207
159080
525225
785905
890662
718433
817726
154812
453394
838084
619097
436366
605066
541521
672435
941006
286507
842707
943695
201068
715977
932093
675595
885755
215358
967168
969482
875212
955919
545014
612180
327093
518060
951371
926964
322689
583771
744692
377502
851131
496743
896599
201465
915775
352088
773900
770748
538595
616608
714445
553629
332586
646539
143191
132308
675863
110361
915757
551076
880246
374738
977222
121307
792798
842560
948271
115489
340298
606930
306957
191430
917639
117523
206861
833415
369611
880761
604165
722172
411336
318611
189769
557889
779116
232960
504163
368946
157287
419921
733988
851500
608625
711211
872807
401425
467738
735045
330880
708036
341977
537837
713432
173583
555360
820294
906999
738938
615022
425131
375077
926359
557708
464846
398215
336825
597807
802378
519737
569060
222301
253726
420561
644892
778903
293369
860283
246642
842381
191164
768644
184359
542967
396043
257942
912294
130304
978907
651233
645327
404039
840276
485653
861747
305124
783868
112539
716897
586247
532276
285958
622514
599968
606520
267408
378872
713855
941657
439480
556237
132823
208125
554562
489756
418135
626471
402051
448439
605379
867250
993766
823385
707528
393386
599099
912652
991220
525605
543516
577469
957881
729474
113950
471817
249961
195324
750689
777783
136983
190171
334021
983771
212262
702550
473528
530397
242988
775580
878837
662333
556797
786570
485719
178292
993923
898785
904910
985144
424391
448427
476580
296239
177903
490531
668056
241830
585855
418747
919613
622838
422884
167602
520576
449112
770152
894105
879510
913140
583652
672314
575474
140450
372851
875160
132709
280741
773946
937619
265887
198338
386048
642467
308543
377917
132999
876600
519747
532821
209314
353328
969625
446164
420930
490203
795276
105049
384309
588753
832155
781927
261068
321596
736343
447886
196757
769052
628627
784669
706673
708480
796973
992721
350949
105518
284605
297914
796084
618318
730735
905398
871646
614328
351563
206543
104532
960805
211592
302807
549560
943747
898700
624594
179311
635044
972480
190034
404098
515075
874704
924737
223556
585644
831425
474505
591162
116031
586386
387247
634349
231088
206612
419963
745416
372141
526506
663914
332948
638099
780687
782508
495813
679388
321069
489090
228400
293551
579125
446464
622592
453830
371202
746148
939474
116594
134621
444604
132625
621007
645817
580940
666061
666396
900903
411479
938537
341377
889359
185452
793442
584014
781926
289256
263403
102997
592313
305769
296548
171439
652233
733106
525269
837401
479255
378710
853995
427842
637280
800586
862815
283099
381528
528878
849495
196398
754323
701999
437775
643683
787452
231218
227698
569379
334441
305068
486342
826754
510837
682890
898193
977037
329963
337429
814439
709219
530105
668436
137062
167387
469023
813844
350486
664517
342723
113948
760916
911012
715947
112658
554696
417366
157843
596361
800712
306250
715395
287055
133005
140199
783912
845164
117237
113876
996559
745643
637061
526665
414080
588090
508018
697069
401935
672470
361588
644658
686418
936470
555671
316333
863094
924333
633699
920937
434661
348378
227188
964022
535434
174159
104223
319347
833289
935425
247189
829849
681069
784251
270482
909115
372342
592466
606186
674277
264938
781740
232902
851356
632177
602539
167690
495272
440839
615356
416211
689467
863734
457365
653490
313135
531525
571679
446448
364815
507106
593638
108632
102142
377890
193080
911258
564198
685546
431411
152442
850484
213152
285344
615808
659295
701849
597464
154568
956654
126787
384745
646122
804488
742111
213580
117624
187603
685259
464073
366384
106332
871677
288982
108475
249568
382062
919733
627732
881575
351145
680174
646026
378263
779484
175801
937558
481334
673266
906092
437989
700053
290839
898078
418508
846916
111659
436133
848485
610884
714172
214870
617217
585850
403853
625692
649384
599881
459392
277117
395423
624503
857291
855416
902766
636776
931217
754291
932076
518450
574350
284032
132471
765189
182111
450979
526072
107736
787112
374558
618621
415251
489429
235839
901101
707248
675497
464452
221096
948855
641569
516520
573359
412827
371937
390092
863569
217121
144384
795646
635572
532700
979679
668043
297891
975756
932988
637929
983493
634068
912488
516081
949319
315884
565886
764388
837098
241384
228841
958194
104206
684377
388681
577565
997204
574584
867657
860775
691706
826007
570388
241245
358708
464034
723254
470565
439792
656243
922461
337252
204278
834950
753333
153599
964800
319220
731953
801899
374570
860794
674060
378776
545172
962742
770307
456344
451293
551931
231086
143000
291905
615440
198211
464579
979475
821465
749111
333234
391676
671573
570486
495954
420490
237786
463519
385291
370972
195473
101157
645542
870234
589183
838284
329373
551926
522558
685717
903220
974489
730769
860186
266395
346211
958398
544940
239653
693830
294052
472887
899472
865625
857339
395428
286116
909091
758947
485373
280064
768387
486530
739572
638622
975714
491823
867995
441607
914381
467680
258794
888871
198450
932947
969232
358627
891346
514173
498280
499143
708226
785133
398617
487818
556439
608011
673935
465531
280925
159309
559561
949312
459806
213100
587935
349487
604923
369898
691094
519305
737578
763855
322143
836028
696803
291376
108623
588150
619516
420869
901259
241709
206004
299877
629527
576409
721854
303463
855907
902780
276739
415469
852093
636545
528570
353996
799998
947459
623894
491093
466766
361473
254949
688909
111468
851752
794252
120091
353869
327735
354927
169096
469444
460931
368973
912937
851306
990828
130368
707214
807575
307107
936650
659669
757618
379187
913665
557617
326647
451526
862676
693413
712999
931592
296290
638434
697311
904508
572491
951181
232244
827418
120278
515654
202316
303217
428592
953623
208012
372926
574804
829553
493999
511455
489224
165584
790642
316856
623201
117291
668383
399845
624670
295349
331438
734926
833783
842715
639435
406276
793897
685645
147661
728141
201300
249978
845325
443859
117568
867303
630751
592372
696858
124752
917794
100049
190336
708437
316905
627504
639694
885288
927349
264366
180639
172754
813258
828388
915469
452695
148631
623334
138341
196293
265442
153608
260237
924733
411433
277805
706004
942184
684143
316829
966936
601938
316878
971239
224343
533783
598744
764037
333039
440060
842369
327644
426780
655629
156033
342250
922290
118631
779550
960631
214924
858959
928205
289127
783693
253605
466932
403664
195791
965041
620493
976693
566981
837371
861899
691324
285122
460644
369328
432127
714670
211699
659771
141451
681294
629770
297668
603585
648401
891184
478183
677291
750144
406390
866418
447805
559995
247317
751469
569752
212360
371964
460413
679341
123302
322313
284632
308424
596924
553960
640551
311595
579625
214289
353047
260920
658026
550715
764505
220394
441900
156656
797686
106012
377012
578071
453817
837007
725389
119253
320727
837749
391217
681140
431057
328486
817419
615689
450876
414344
983615
991428
625940
563242
119684
878987
638128
591676
343669
402635
712071
685569
373257
509758
691581
650269
987829
959364
401243
627185
978618
621970
464935
283802
217077
709958
512288
934497
325648
863165
262808
223231
768560
788748
686473
702210
581702
324602
293888
825371
541203
905959
424908
814460
329684
930455
378696
317514
889821
679940
758666
868440
215877
223602
966208
332955
833561
478498
181419
973175
255630
344227
110373
924190
946942
696846
626401
528645
835415
820289
354018
290585
640215
678926
919012
869899
523348
297709
101381
413170
877649
760047
195577
993527
883649
161787
240449
631177
454251
235834
518320
609881
480061
528693
534072
427004
139507
974439
855650
788888
708696
123635
979473
348912
616527
898486
218813
139876
110163
220194
367013
801778
880241
462590
709272
677857
438343
849721
309036
792594
985555
641322
402476
379584
983981
750514
620554
123489
724955
390171
726343
347618
413806
705818
596530
844299
518271
715343
884176
528434
835537
251190
244180
629745
527746
853452
307604
780056
617141
430606
572651
516663
885894
789094
796247
869876
453575
416803
807332
992496
706974
533676
340115
934747
153461
836646
779047
571733
465956
663224
914133
215461
728380
158314
745206
170094
825733
866776
850150
442875
211349
336768
859538
997243
939828
569753
867121
307371
886556
588420
299868
507497
122097
453950
442245
175559
290597
135260
561258
570519
698484
475392
685980
340832
447673
345154
324892
273407
125897
989008
530248
237247
239743
389787
234491
179573
859540
915578
300910
660063
503999
500778
981527
526097
854728
423773
515622
959291
459033
976880
529812
971484
366239
129759
226283
713912
288879
365141
801285
314777
354150
331534
365990
407859
535288
500481
487432
308795
416061
688342
868859
734026
103088
850387
174090
771782
188127
589712
731075
461127
480559
174854
346578
746799
118579
386827
374678
307459
651968
175965
436202
820084
321465
702192
227944
756753
116640
529343
965549
346667
131652
748375
980694
134740
512729
154785
720489
514822
558464
451565
789915
939023
440385
136494
599789
372930
337287
874468
494355
889255
950433
830557
623306
185865
446716
751251
842619
463357
280595
722135
623990
226213
384477
604685
174920
711172
573437
795409
225995
945867
160941
829877
884891
501326
780337
484682
774256
117626
273117
268613
820847
137517
913136
444155
223382
273820
109373
879967
551143
289968
516069
175134
330147
800546
679820
405067
425685
167224
200477
551681
113092
261418
295525
811949
576710
975862
210598
264934
993488
383715
347513
814337
421232
174616
258493
544615
348436
267866
424583
799579
371800
754619
874714
515913
555166
468501
820981
880852
535725
835424
346500
462783
996843
542025
274733
487520
517888
385332
652454
511378
669047
899967
239682
990280
974584
312141
448862
236987
480007
687411
936567
665773
442031
811282
181687
811164
193750
816634
692017
629475
652060
852483
906224
562870
308475
180958
950390
640329
380256
516812
965673
949304
330746
205356
853551
219297
417497
302414
356285
711470
803791
292853
291210
245824
918101
286864
956988
111852
103499
562972
555293
569525
329422
375484
132396
537897
456442
896753
178227
736699
413566
143902
599970
644312
163224
453522
763610
394688
569902
933861
106159
287660
140681
211336
433484
958782
398200
304439
884600
401699
681377
353860
785191
824765
629344
817587
362663
899752
714341
354857
550418
941873
312725
150389
586187
289915
417877
263764
584603
801745
197626
590763
989406
152273
702099
336857
111056
914265
541297
809622
229931
136641
977448
915122
861407
520759
732711
138037
420512
361019
306860
870931
302894
433551
921320
703047
623467
253165
866811
122037
954910
878403
526766
944317
930676
142832
195142
855698
957097
636439
579287
187030
587046
556736
102153
362420
977495
648830
400458
311974
823816
521284
182906
940676
854836
918193
643724
392270
985324
424502
414307
940235
216872
841074
798520
961514
883906
893662
731179
841005
444068
310467
842001
845080
681169
758120
207502
572631
320918
421926
784605
958700
843210
781478
899377
698047
613638
543102
904283
598963
781570
318592
453165
898442
973632
165652
859957
857539
873280
591137
612511
317349
715570
368479
976396
310706
126601
183899
783337
261485
505825
481909
220186
349036
177354
119564
861050
604958
476632
765334
203922
258203
897892
471054
970611
871525
536706
830569
643032
409988
335673
169510
541303
865209
437990
517700
175916
378557
601599
773219
540042
921390
169095
574194
184394
246450
593758
945444
665374
884356
624745
683263
142560
436605
154318
113172
308131
504990
757707
851163
814978
907346
834640
270249
772556
272631
687949
848472
551188
203516
535658
905196
938872
604753
479391
123267
665169
887115
882677
330545
771472
421390
913808
727998
757995
882092
655136
966126
387083
412844
731257
116029
320191
565898
286278
906713
652495
788193
755186
117650
805675
290845
922846
744549
709564
316204
767816
374735
203320
564461
519246
788758
885851
433055
516757
643847
229114
171894
523940
516197
398704
255198
446192
532861
635062
632470
439575
201524
420665
108728
219174
226341
299573
142021
784856
823103
358225
466640
197839
375511
931101
617085
164270
816953
864106
494993
374767
907186
480853
798707
337351
779557
867872
683543
226385
416901
316015
565960
518426
550646
574688
637600
590953
688227
679622
375811
511332
851813
742451
523137
227326
587519
954189
205562
318439
732262
600556
593206
639450
981409
391914
790767
674934
173753
474311
715285
490655
690326
281247
823047
154939
669901
460648
559859
272096
954236
835670
597394
720017
492088
934497
761309
893573
802653
866871
212013
534917
381394
705219
988333
276771
911099
779101
851705
898819
253413
566991
389475
757706
662204
212523
726611
246073
487137
286471
418169
441375
122142
829529
161393
428196
764027
822702
321770
566682
603540
347749
915565
884935
952968
817865
161707
778035
596967
827378
676855
664346
308336
880296
336019
870541
992819
962631
116615
393923
249103
348750
735298
185212
992245
710657
427374
756273
447326
563111
236922
950867
810860
152488
749769
677796
870353
811476
455832
381287
552821
132688
859600
761157
912984
195620
631699
819770
158252
562280
127660
307356
724996
676925
306534
717242
387583
633908
387483
648876
197020
524405
599744
907881
490860
349514
585678
275180
974956
855476
556468
527778
802130
416069
288936
629081
425655
734602
362818
483908
210849
390478
605230
835846
967403
811764
467055
354988
359639
668504
817830
456660
106877
417575
278508
497737
581055
678152
586883
469978
533629
957317
811722
335760
287353
914624
864841
613009
649227
227660
996917
674043
518138
516114
423856
399509
241845
790911
568463
501484
373383
386294
858144
380260
617835
136653
777997
198891
714805
278847
482835
162401
236166
294558
398161
423519
209183
176969
936528
672377
304629
847412
346421
636734
277493
670277
936243
419338
375155
504707
820823
648538
791001
592934
928798
408837
543554
620762
421694
172326
713576
718495
234728
849742
827019
446855
187228
936202
523825
937723
522546
642420
699102
682933
279155
876596
353211
129365
209901
542333
448038
844690
104838
239040
437626
933637
461843
795146
468366
697503
867472
181943
415999
916166
845651
243019
363023
932880
993188
700814
870604
515735
343235
569707
198670
436357
360270
365847
465722
470172
722146
813761
314863
726985
866767
566455
574589
328612
361602
856921
926115
143042
852831
256082
959208
698483
399101
236198
545330
306256
837012
329901
721992
180249
713575
734628
516606
973845
914441
796294
357984
550555
610056
486814
277541
476825
867235
666096
619403
228839
523018
459485
185847
375850
615567
959021
888300
828635
195221
433631
134892
846199
663533
670850
926448
377109
319445
357021
264921
147854
153317
522906
598409
577339
823686
775950
868130
690922
356013
487534
733727
779031
760986
819574
968848
376554
692563
857149
119156
787784
204747
154049
547950
682246
638865
474400
873321
858311
645387
138244
820131
612670
475116
418541
190011
212769
108458
958141
803691
364471
359643
537420
957468
120630
270961
926317
311150
863524
697433
330307
565275
716147
298322
113227
312360
837187
401593
185683
609465
860946
137893
429597
473618
426975
748138
563629
539744
670562
435737
343436
935033
695380
694822
892503
716010
865784
732787
927161
643275
344188
171435
122518
960335
369757
135745
272696
206945
351304
272345
630377
212251
310238
959974
499835
637213
622080
877430
990923
292643
313169
334361
141644
822515
929183
848113
452493
708934
580901
379655
266177
739055
365056
288695
699391
634813
238406
786054
655724
489710
958399
286102
515927
182605
160044
915763
633784
596090
793194
624709
702699
106364
773036
744343
742846
616186
592457
195340
239088
987325
388961
405265
726381
654017
593960
339740
288831
732366
125795
758521
136043
898160
858590
551970
894731
832600
467734
528517
428691
174896
967192
131391
995225
740229
689701
738072
270382
282159
833412
409470
183451
222374
714735
809833
776391
222662
149574
879188
768994
989334
637711
805037
801461
496302
357009
696194
242869
638709
138678
571560
627571
919836
516917
622798
574032
206619
360871
744414
302745
194285
153886
386196
316659
682587
109996
907017
805250
159570
786206
574245
962870
337884
293250
764333
648152
464225
374494
791021
916900
327138
362582
544473
246975
693466
167272
721007
800085
428143
465422
102831
436394
433274
389028
567020
115863
399024
474038
735079
372561
174211
223291
249398
412096
416541
913731
874214
780766
202192
665237
697668
429330
841785
156108
490271
535252
223380
211279
335339
465489
490668
338170
801884
737908
541164
368905
667737
754155
656909
402817
126717
731120
440075
276115
143217
756616
103814
917432
451350
119972
496636
962984
449303
252388
119093
753540
687641
156439
864820
836946
435894
269455
989082
237779
907363
530248
420650
575102
284404
977559
877919
225087
708681
317995
315168
665864
888578
318982
497263
253895
338955
893899
130846
602224
146289
963904
355765
647896
120344
134552
484843
456238
304007
473926
507984
211372
818140
742600
686474
916510
720161
478360
141598
342809
610322
270733
908673
498901
489715
319904
566762
642636
127770
597608
158827
174059
561513
328559
635921
495823
363111
120765
766027
567119
408658
274012
592457
140765
830579
278932
871242
550741
571258
826806
707516
181581
997539
530156
494448
487256
750060
961210
943858
777831
472785
102687
765856
934298
331246
401779
344088
594357
336510
110117
975442
559134
198095
481866
599900
928674
574764
471143
393382
146024
297950
100899
227605
209457
531056
622054
596713
195083
583265
540572
872914
870017
457225
638772
718282
688471
854517
962371
196796
191028
886454
986204
650163
898515
382038
164030
741157
856802
449139
134540
902826
561055
949405
130433
670512
394428
652487
181192
489511
149719
535731
276393
919736
892956
815165
638020
495395
669683
514358
506157
674677
400813
406328
238807
213295
688366
302837
854452
545170
651976
802959
447997
126999
752365
392396
697511
960759
858849
778704
450271
822535
314436
626664
742272
121359
355796
294259
516754
839445
622583
922911
514124
837362
243207
566897
950658
831573
769735
805111
376744
335678
608071
638708
362677
360437
845070
874155
235163
703921
652860
585435
526457
781262
126066
182696
802621
295829
290922
319377
135275
813505
156255
463365
650869
299462
930263
601528
945002
613965
406640
235713
763609
828678
688387
126288
103082
533459
900443
238246
237381
467270
723681
663838
248533
663713
660500
865120
859542
851422
184498
894818
578895
154720
272150
229765
268148
116380
645259
213151
630345
951899
348865
393956
780578
851218
334210
697627
384678
148620
835873
522059
515890
473521
999863
578389
137235
660365
443510
896778
425754
441975
705563
904649
496695
791679
948380
578809
808060
593640
691961
438406
545541
854792
646328
240086
706011
880538
837713
904656
929158
587553
426716
359015
961074
340547
751370
998310
814878
108848
809055
240633
450823
428585
959249
761484
134231
907630
254260
842291
501272
760187
194665
946813
528946
740993
100866
234959
621533
752546
953581
464658
340100
380298
637640
301176
534811
302977
213453
349690
311825
836474
490324
576614
179026
449574
252065
213257
357205
406326
955549
758477
166514
150215
619257
595461
705174
534090
644386
240674
200603
597968
519299
440703
792232
156940
555845
327045
273883
583264
576735
399675
333705
881025
876289
412731
244566
942321
439955
501772
348648
309471
174216
329128
359686
607440
824589
878826
955496
382942
119502
156100
794876
538801
496803
587110
509707
866615
728121
683590
363846
304857
983265
597552
999849
773522
824249
244416
715844
264205
560154
878458
473676
548337
207587
647328
155778
846143
526156
111275
143052
545658
981340
837929
898425
392110
339006
408133
258726
967127
905689
522573
185951
802922
934091
999766
576445
758341
244184
206256
836513
704338
898680
224156
166642
920233
771485
222420
766377
211608
147661
723396
657266
129002
561326
469658
421113
714298
777791
493805
681426
597447
830344
681343
400370
764436
681111
790781
436745
739261
897037
187225
357566
709684
311381
424209
629919
982866
546629
396297
194475
508257
933659
665707
451225
408952
949331
686304
123251
641089
180111
618643
238538
824421
299988
538908
502825
795065
329691
839570
534327
140695
926795
791893
750380
152143
216103
380300
135011
576699
590563
143452
898922
438190
623126
350148
747142
572458
850419
770394
127515
930530
389038
266053
754952
502992
704961
171744
298058
848618
911314
646351
803280
752076
352212
467627
804220
382281
661893
753197
858980
166423
710615
671869
504613
247708
835984
251757
634133
686404
836117
661648
616935
225156
827701
285854
542115
446629
357599
740173
209215
182880
300492
826461
748923
552704
294089
467110
748951
855982
134274
521899
836371
744889
193769
340986
806564
929753
406709
440698
616158
242827
916312
147060
281949
657980
246881
724064
104610
504480
378205
127791
501326
578697
854252
250250
945367
148342
531326
694319
818290
565600
216219
568629
224457
223955
723581
931021
153709
130291
285686
669868
187084
115965
630894
369033
673945
777775
993098
592521
196222
371304
620313
597549
763967
388532
661765
709335
436875
107059
317621
169132
572659
347807
551727
697116
471762
275309
542104
439437
305600
641756
923271
306650
657721
554167
575684
245633
245909
568783
738155
342132
754053
272435
753647
518021
560967
415413
141323
811808
422472
272910
794907
809098
434683
346635
420181
720411
521945
776252
159850
641511
331975
897087
848162
803663
365221
337813
949296
511131
720562
601418
753263
474616
773853
506911
806603
248788
736290
761892
960596
972729
934802
755504
781828
369487
102141
115976
903864
438052
792228
963714
893529
124205
774769
655658
827868
139991
893471
691131
551122
614034
292551
304386
902616
880370
625263
623186
129159
361555
385079
989756
248251
233849
659227
930079
417302
575334
860021
321167
913386
652251
198849
720883
590422
873618
376542
332257
827575
270015
923388
378699
698015
215940
497051
514599
996311
122316
951751
125471
297837
250798
929193
446088
384647
588422
290134
615915
163757
964121
751048
891110
616373
849897
611994
120762
637482
888536
353019
465059
972517
276409
657724
584500
306315
154776
913065
216593
991057
864817
242065
202861
115616
985224
462915
314229
573647
567015
830144
637405
531138
581194
442482
961477
345058
954476
982240
796507
756979
335260
261567
729498
425635
819291
313999
631951
788033
227065
748544
693058
905848
804575
795919
921465
789801
258836
149661
363449
725851
793772
814820
170956
288933
171269
132435
533991
125746
114676
330499
782726
349936
406032
426191
675572
139290
640190
221490
741290
681221
870034
434349
501036
588577
230269
336468
378379
303071
386130
555794
842889
179903
284582
913845
368836
355851
946280
716793
381598
960956
861259
978290
224860
181258
404482
714398
134515
858638
835888
775805
453826
619889
210155
854862
208467
254390
191332
486846
457462
391428
856607
300352
471331
141190
214198
654133
397041
160480
284893
592605
935402
146153
484862
160263
141378
789344
688627
175893
561949
438482
851698
915775
958372
875819
770639
980805
130210
775937
381619
487672
167366
238227
601990
452663
279417
716189
106797
490424
690635
205656
896996
540004
165776
381859
600268
207154
985170
202862
283047
547120
541345
948711
376863
413684
824531
147503
394490
768707
737406
676109
256381
804772
814336
758371
257436
907719
388527
178199
312111
893128
283855
209108
433134
263597
404933
847368
370751
304070
950230
467764
665157
405542
416476
942020
719226
154974
903489
113718
823682
640896
689827
894029
359635
504165
566367
517071
325851
768861
509236
537962
661990
607057
561036
909090
770655
779936
756459
955372
984006
706691
423138
649164
926199
653580
591185
645427
622521
494675
659145
360170
949537
348973
168166
309173
667104
634533
640210
806922
317361
149447
344885
879352
570471
719888
788443
255093
499825
458870
210466
483832
979527
533604
946963
905727
101152
538149
551155
623673
846791
210301
797809
796329
373241
865975
105504
940345
414475
645714
747268
631837
609128
906120
511190
993565
539975
213600
248659
939800
572470
359125
337599
551998
706696
284563
371693
621814
636679
822848
159454
483471
933150
857263
279801
306392
723239
199271
160704
137715
658952
721939
583518
268081
542026
994708
261647
982001
122276
324272
921802
508712
583397
173368
874677
204060
357932
246371
725874
894611
969219
785328
292049
816336
556558
471850
122729
279798
485088
997399
231480
144041
633305
714998
226088
175332
623674
387735
157334
559916
612007
893102
968628
109371
880436
757272
213432
238369
903643
753272
946946
786830
538602
238996
603167
995160
524813
539863
188926
909901
537263
234372
867908
170569
763336
993996
159867
300977
381732
217201
760893
807705
924269
643489
731042
804706
400762
844474
857042
304407
597748
803989
905203
950316
856952
508371
859443
381766
948234
862335
205634
399464
996707
973542
470033
674011
881505
443866
874988
263238
561067
635883
884909
399303
279373
615952
204011
494101
374394
875019
612474
786108
679009
517678
650391
449928
926050
423801
645660
788251
286138
751294
187717
196812
638803
471716
770823
520309
815583
645813
597513
290617
195663
396389
589921
289002
826308
607898
683103
114669
482918
295579
714743
975893
713257
365135
425823
553274
688936
971483
341527
789040
636745
343210
885853
189515
714926
570643
523791
530510
216457
935270
635094
226086
331661
225016
415088
971935
646880
912158
986604
943764
121704
701348
919658
648927
966483
259448
202203
569386
144899
357696
358428
595610
600906
158248
685125
229799
628891
122883
574276
659315
958154
209371
785401
203782
248353
114457
175718
795233
926615
162323
738998
862285
763671
572623
511213
644121
732072
527382
127474
690937
785078
385902
286548
299951
444150
785639
429751
887008
808523
904027
546324
680644
927364
331726
784426
175718
260149
860144
784917
186765
922467
523916
863016
600105
910505
374231
244227
556544
801613
271701
247482
500659
471570
347996
614576
729686
133637
944327
616695
756126
762321
163020
436771
689686
308713
221198
679370
468862
981342
464288
469594
903810
888204
332611
417882
712677
606842
562109
269222
322423
647776
416705
637048
933312
578667
251625
663000
612304
195954
193662
282397
772241
170649
619168
375895
379362
740366
955265
748224
635675
419555
217819
453452
221726
364397
771334
834403
785205
247410
103627
107629
795187
334298
558643
642466
812965
710269
305467
339237
720189
313096
521634
492431
383745
140804
768326
663107
695136
637559
325298
330813
957114
357084
684265
178841
621481
369567
913245
406687
516977
830838
328283
226131
979102
786926
768598
706034
411162
974065
945271
131352
201128
380873
437750
484873
335643
120043
147981
930779
657602
373280
175559
614717
544330
673791
607525
165812
943358
434737
386465
374302
265576
528714
500434
244679
315642
269033
764679
540770
157065
709952
572123
258194
990825
823839
643067
240435
843882
605015
171215
415452
792261
160741
844135
336592
648498
451661
316370
505823
786398
602835
780125
865940
131551
280560
924585
261159
363559
689266
701929
420625
399219
188019
492785
304011
911858
949818
444446
669708
554834
429627
985160
347096
404334
829296
497654
952832
194925
714024
458656
881323
230827
152749
661231
176344
333309
585817
251469
596869
275084
853398
831460
488269
855384
324246
692280
681209
274065
950692
350918
642866
294287
250045
803928
598621
893308
301584
465421
988233
829574
824077
783523
874367
876826
444755
950711
124103
930573
202181
534938
119624
869546
280365
507894
724931
504611
114141
320107
592642
878800
571026
149475
173088
721071
853404
585675
528346
968954
951096
516580
798529
689141
214071
586864
479934
558826
537576
418003
403366
553724
766907
422991
423271
947272
744851
962168
365850
758992
282276
858493
551759
667268
821934
624847
302307
675339
124490
730653
644294
889552
161201
356791
578694
275272
843655
872595
734098
295198
204565
951431
662888
871473
288389
986159
818746
933240
862294
184598
606199
958537
857057
157960
539772
678992
596773
742079
268299
535229
386700
726559
424783
447901
983350
817443
623173
740972
604005
271238
850137
708571
136636
513026
580045
325025
413153
398792
172232
189414
397356
678432
961917
168380
650358
501691
661339
161098
243771
829638
596328
444437
556198
835077
792338
453516
652521
329478
108455
256528
500717
772558
865099
537353
285586
359111
762379
512705
571869
748577
516085
783192
340976
478004
851572
891334
879695
512912
866399
937432
342551
376694
381871
712716
211772
174210
166233
764293
403689
174688
834787
718372
847247
613853
255726
946799
872964
832071
373471
358801
494616
789556
141994
735592
267561
893566
626928
961222
406480
407294
898656
562997
683988
194494
275714
795760
268704
341947
474020
486359
330602
308809
118698
991815
822662
188391
852581
609594
834428
226053
868395
329045
829575
824355
964638
911103
717922
505533
872326
938368
812827
770983
501367
496816
865477
677081
206543
948148
832995
580563
348474
977563
789372
367173
969379
526002
455564
735927
949562
289993
861980
731924
433005
605522
556280
397644
516626
274203
803177
388954
126539
529971
973903
527906
840753
753348
118954
947296
701497
765915
527860
863937
743479
231200
145077
626825
571168
500641
362753
434697
604601
138700
166622
937606
644223
622902
249217
160850
711071
866360
363770
651576
396332
337675
179483
237086
991023
112404
998348
606487
778319
440175
384391
435766
485341
429469
962591
956509
830110
325346
391207
348678
364046
371795
200251
822235
808663
349468
883086
433702
129795
160823
985278
426127
398498
164763
477179
389522
991132
389494
809975
683418
729670
194368
119185
128978
523837
981777
899454
267914
221090
204628
430559
485136
476424
444776
221339
285088
608211
918391
618790
638006
979214
604070
878100
377714
582799
269246
581202
487898
558741
305145
171317
202378
399513
190503
231356
737316
172281
130811
819196
207337
235440
249756
506439
525830
594533
627778
624884
202745
546170
243676
740751
525386
661712
532818
717066
158478
702065
298269
546376
260807
503414
617693
277151
716893
708196
322473
454210
694443
353285
273408
801780
402691
337130
308221
742487
831663
749965
367372
848374
296137
425014
503093
635489
986726
935911
352556
145205
637977
464791
591581
712750
782172
209276
889901
499066
731438
212376
767243
339849
379627
854617
955595
596284
191748
177783
252738
837378
827749
520110
599719
937852
845125
102813
573342
831852
938725
739864
791024
490669
204656
382606
203421
886828
405848
907288
385896
951253
933630
967105
205069
227224
821723
160665
723508
827437
238449
876246
578782
880164
310324
178503
818017
155450
181316
305326
801268
934007
945190
592293
338644
963812
788866
442065
850642
108681
263320
150505
873900
196952
117611
978969
324176
753300
139636
861651
580738
192051
651864
159522
886181
862188
151991
704199
831604
147273
823491
632874
895247
682648
139134
233892
646461
828000
489923
497104
750648
653243
461575
624549
664161
479186
603520
802304
146453
557122
663956
541158
649173
229787
514646
535355
991976
566637
153521
823581
613910
790978
370422
509158
473627
409557
557016
120089
151524
946939
517194
802172
514150
878769
340689
178312
271923
758175
880616
232342
315298
458539
673500
778437
588327
188147
227759
494270
654784
195246
231818
182662
886224
502241
505786
359852
725764
962803
379941
691254
909743
711101
407394
423894
503838
648083
416173
675761
406259
296790
808103
535523
569296
481605
313961
157624
483718
441720
465860
138504
536966
597678
135132
423191
913885
540918
683043
639650
503722
876950
330906
327433
588053
552266
651327
991891
200350
967500
581619
420575
178258
303689
856098
647554
599260
170060
619144
982979
425746
985004
935449
862712
582683
970581
199870
496570
425466
696879
950186
829189
573830
195059
156623
975849
647325
621916
967741
661641
503384
463327
982216
495608
667017
838315
957128
266278
822341
576273
249258
248088
475244
184708
924766
871893
969255
938602
282430
394723
635482
232618
137879
123280
241643
194502
913095
788969
630384
794804
450611
947734
258132
346795
443343
825149
185111
314438
991428
907453
790711
154653
969507
179922
239362
808241
951816
122584
746844
234247
417307
296294
280831
455186
319574
422475
463654
146636
125411
908005
841440
389988
855740
999573
636783
213051
738689
635861
427489
730118
457281
132168
698738
426789
212090
752066
235031
977872
774650
881876
126087
105925
178171
306918
461111
311711
543359
738732
358347
482736
560704
199789
772725
330411
113329
323475
443462
752018
859336
684918
396104
316618
717086
994842
557374
743142
746909
606371
721016
521560
402214
747103
527485
394351
867987
802563
606062
325314
455262
778376
622016
915966
792131
394742
246378
719426
532184
503807
471445
391521
188726
681515
522106
719778
676358
893446
462921
423268
499818
997903
758795
802033
658973
200247
196385
440928
816776
616414
580208
272039
308757
202225
101972
914854
410934
162317
634281
843118
480090
919692
148606
482782
601209
570712
202561
277568
464159
479448
514803
777944
391319
187565
579978
864258
287812
590329
305187
918555
120710
785395
104561
329467
887621
920499
244322
298556
982816
692569
955640
376873
612263
104247
759655
213473
574960
776182
305007
853085
169597
633776
631030
460916
635307
124975
325176
737086
529271
530363
655642
549981
229726
660203
693415
931313
580703
751703
229870
477486
444274
185511
754359
870503
189758
427981
897942
578684
204164
116916
345737
273762
564659
790733
634678
199967
815709
773820
837053
344981
218151
406662
708928
347877
966866
402344
279191
461536
968014
323027
752989
412289
322504
421315
196759
412262
749297
994701
804913
853461
111618
150651
941189
576277
755350
489835
676245
571060
263656
427265
730007
381807
733928
352903
543650
614761
655247
722841
890263
623262
945868
643253
849517
182339
964569
946276
408568
713867
854944
213482
481295
866563
178099
422486
356807
833449
812321
933052
318477
889943
274285
948484
271752
908213
301388
629368
436941
770602
352211
327205
307831
212046
870459
971315
294386
835029
917592
602954
462863
686504
630402
844158
553068
622467
180611
809875
455917
892932
656895
674394
696843
831180
536846
782561
653360
652200
411930
990301
336769
664141
317507
544601
690154
101933
429883
798506
750928
261442
315427
213792
847946
845829
957951
401015
468297
952528
124858
738180
759428
681753
326542
456272
426900
763388
238834
894226
329555
550764
798494
566325
128873
929967
924892
719027
931901
354776
431500
682830
516218
646927
796623
364166
492757
668541
579147
775020
621070
604005
513201
380499
199725
739743
650737
440591
417098
789571
334818
646654
254303
947278
126946
283176
877247
951838
816169
809149
220581
161636
491980
636799
708563
202570
814931
115287
771111
308046
704273
306149
812051
217475
500614
825743
771185
151353
266335
188284
754890
415120
648904
823159
276365
589816
106336
153613
541655
736471
862762
576202
798107
268710
126969
420637
371280
841900
435924
956358
149947
140198
176474
775965
171640
577088
601709
756791
542407
682010
759041
211265
911096
407947
934424
187463
811729
854727
155042
353386
591199
917805
743554
303274
100482
770523
537877
371762
526391
873802
242087
576338
827966
318561
266270
813572
709616
681945
570364
165990
277923
329407
277255
102986
551320
125647
104415
363050
880374
159458
530402
385540
977263
273958
502780
891711
858447
940658
263474
384839
728427
319528
775144
470360
538089
941414
283934
161672
623361
668264
141629
715250
811637
232850
718236
362958
258497
722652
539975
952837
782110
884343
338379
673340
972267
655125
565052
830716
595784
642492
215556
238178
862020
804666
608539
314077
746082
792473
375749
283410
374704
331344
898660
186343
464195
616897
363267
622692
253516
803242
575531
935626
601553
727876
522933
573821
296968
987985
318504
792753
630479
434061
930931
406466
152694
453437
620543
798776
159877
810259
896152
434582
141604
794813
520925
505799
325678
784192
942458
479194
587436
431956
328788
188990
973798
751721
576777
270767
739708
795282
877486
284154
