143310
722385
504586
196004
175823
125131
808747
235701
749356
704900
570283
704926
499715
905174
124693
725393
689367
881117
118554
190770
313074
347342
193726
200839
999064
670504
371606
652739
379753
163060
750859
423063
785445
255446
519067
775234
194543
327815
824901
757865
932716
309151
462793
346398
214326
487486
885757
803694
368604
904311
894464
495644
251655
988191
596483
164686
572662
782055
717425
852415
845115
382251
189445
544527
537697
522478
233729
546207
750294
958630
304073
596977
267783
666866
757341
382109
968318
643099
185804
250889
461377
894235
560499
613032
796393
970948
591684
369056
753005
223076
135438
512087
505327
224883
870581
856991
647361
104311
403199
311622
876907
521238
722565
144691
102072
479907
426801
884356
936972
426571
135247
398351
234773
509712
825349
931166
480662
417035
214189
147634
540111
163593
473687
859405
288476
344269
716397
749804
262546
933562
875392
139455
454801
597959
184146
370839
891832
424913
255197
828806
665451
290444
141124
800224
614122
866473
645358
994784
283509
759547
956384
637587
823141
430073
496993
925583
588308
127357
589354
664821
874885
464748
704276
243653
876673
702388
514493
682472
941268
669690
511279
606720
774100
466369
320911
388223
332844
866269
296975
430319
625818
167326
967906
362926
411365
378866
202476
899674
320189
691831
478462
195075
156580
996704
338729
847219
613059
667188
529692
554328
336879
854938
975014
924945
321308
209893
313169
554152
976162
424110
884472
515947
491437
766345
692839
802802
145213
795316
616443
365402
487148
994905
374444
457694
905576
527139
304914
518637
194328
734606
972965
345173
503511
861947
270119
724820
971840
483288
278973
861969
721365
977411
377918
126769
743758
970757
829571
702937
766074
359982
882305
167189
268854
170716
524883
174432
597855
643763
507035
692183
292337
480001
937356
695848
255915
207476
420669
227756
504731
513609
989726
140063
491021
281611
166832
148746
166335
810369
665649
832410
170352
461922
813565
253173
532638
252416
241571
130495
796179
648606
636644
988516
942573
487968
598332
198490
595444
919001
240212
914141
346577
143905
954204
651565
239482
935002
614277
305818
745373
279928
952194
729691
641850
765760
882864
174489
918176
938401
118950
628323
587008
655595
530806
529583
143564
129139
542039
552974
862107
596217
381083
208685
554089
249254
674216
693571
184258
288495
899389
829631
468423
765550
473289
924239
531312
356155
998728
363455
208523
117680
805744
695532
587241
336552
139082
630805
279657
495087
997745
955730
991304
378829
978382
459360
528084
652599
152933
612342
841094
866288
355940
309518
631840
729229
233758
977118
899350
146454
340574
107875
978099
146320
703407
565341
296838
656455
110113
390461
151543
107859
346193
956813
386689
324576
416175
814773
877175
383074
341082
718271
249363
597022
841755
695169
326252
889480
672288
225604
849900
826829
233479
828000
787115
750852
307308
983953
321274
317421
374415
286783
239246
534574
157563
525935
759150
387704
254675
636327
670778
495757
268565
734108
906745
110321
429278
232999
813767
915533
272569
663668
742363
320014
491669
443445
884832
612943
341365
206107
744330
615780
306856
883577
964321
364419
323479
723472
652124
478155
359800
236869
787878
528365
870977
694625
452653
214223
741590
266421
943722
914159
744056
600052
148140
149692
943497
932972
662636
284863
953045
406967
714609
259902
204511
678931
438287
427991
402405
904377
720112
576171
141248
421957
918503
826191
116583
285123
854380
672139
451544
798103
500265
109567
398156
548405
159260
341654
395344
721896
440483
262356
942829
155094
336224
147342
734025
674512
475333
950396
578890
195446
526569
620138
517403
359039
360297
447953
544162
214678
934058
809672
912782
434325
819240
310939
796696
878500
466560
192042
514363
807043
268364
457193
862137
504589
504535
510130
179102
879868
460527
571958
889280
801062
106064
320651
974067
366361
582570
518230
481039
516629
241870
393822
850954
961110
518728
561618
753577
799254
567626
267941
606298
735990
625134
382403
240580
943636
706499
233648
737471
167027
705607
540719
782056
711671
761370
756124
891998
343941
188322
373038
760570
330192
580827
525492
291303
913521
987110
858846
712776
554737
126788
233041
290728
565888
515444
345275
509525
221944
478923
160964
202938
998496
601683
798960
624134
363054
469051
516133
520961
557373
703138
195498
787565
197932
534956
892834
111454
436033
751681
638196
890770
692435
771237
995465
172291
200649
254707
581816
236559
547596
556746
339497
546094
158430
952423
170229
335450
421476
500329
670377
878849
203468
765876
580382
301400
214799
387183
226820
550833
138866
765016
355570
645267
450220
265002
717558
550869
419709
213342
687429
867306
670088
840892
413401
642485
793317
397596
877935
214794
797925
462280
907609
815359
228157
487992
116760
342956
775176
157546
707755
728008
822562
963326
287242
272784
228329
904801
637619
548039
118144
325049
329312
602198
979908
642713
244684
773226
854275
936586
801986
652202
398867
709596
381528
440990
111556
398289
597912
700698
369801
305669
342673
192365
268996
529915
279115
311291
434717
730700
673296
366827
955750
902608
782992
935659
459288
841642
622852
313565
778229
424839
779733
991062
134436
161262
432053
959957
373517
929966
660656
643319
149602
903329
649650
232564
433246
742731
443855
681929
473432
931118
862723
343149
833727
645716
192775
293017
487359
715627
420548
265590
954432
200282
170619
988869
175510
502673
862793
362994
346606
523451
906313
310174
426781
469930
442738
673993
126628
700559
355924
500060
631678
132614
657176
379373
678330
749951
572390
165690
379546
806904
245246
333979
821152
315866
236815
896662
632505
999609
259657
879111
523061
979936
103252
763808
449867
445990
437803
476495
960515
607693
790522
506161
640307
447699
785534
232604
111617
271891
298294
391163
978795
357507
625143
799948
487339
761958
610577
119845
761568
770235
812922
198596
664138
816174
862405
927972
176131
214175
318434
136647
635834
922922
542808
190108
284588
242309
322712
296206
414200
434972
501335
392996
692479
126479
192945
993784
702404
617489
113630
377939
301691
740518
390502
865829
556693
252908
707768
546790
281049
926203
497404
816883
849126
854178
906991
133716
996488
143670
243888
410689
478642
645223
703686
985088
585669
710597
978873
288074
328087
992504
479979
529778
646989
770481
309575
117650
837355
917343
564440
118405
757513
961844
749254
520607
729990
570212
554323
726479
613882
612177
137169
906491
257401
654821
891580
743070
279386
870454
845110
507473
776925
325091
851218
423916
909538
974759
441566
746895
806069
819972
679266
563584
695784
342488
984191
425775
812700
452481
152255
340550
964658
103390
247042
136026
572178
138623
779097
751564
823043
538174
173004
599970
677231
924222
837852
586771
812948
279419
247633
619019
999391
740865
996569
695176
983353
980761
934917
710021
347209
901138
950571
225834
904529
111580
261860
476708
150203
854923
228273
873246
393099
301277
387183
884296
139467
225036
471068
766381
318421
532667
385401
317814
273534
295937
826956
170854
276699
675841
780875
437874
576980
645413
563708
395476
656993
639535
772184
621162
494459
814423
408376
701524
929667
695559
585822
883100
734562
870856
649482
952983
403525
848850
184764
491025
144788
911721
475845
235454
501529
170688
487294
978509
716101
951003
373987
287062
504505
960137
808224
812930
774562
216601
514456
618196
812161
914244
415263
546724
699067
964745
413674
102593
727562
498439
407584
686317
410161
783430
735737
811690
768084
223032
704166
484186
988001
978153
671248
406473
938292
479474
219405
626821
510041
547827
245018
322203
462072
560281
682893
161140
438993
996568
977699
980522
495008
299250
580806
719135
896646
316544
444792
664731
353542
148959
962884
255511
941079
634133
561984
879372
927573
681389
420160
437616
143183
479144
573785
505255
939425
170646
480362
292385
981180
372028
186874
390155
485244
667680
923256
381892
798190
368049
860589
965699
330974
823474
221211
186020
371575
597161
879358
299149
192518
299519
550731
235701
678663
938483
640957
532055
109130
935285
638407
904276
221280
725281
294432
606524
306929
217689
888416
105120
399704
749007
884785
544644
572482
105997
630665
758023
517125
510024
957173
609643
709544
421871
745344
388208
360355
300268
734230
283451
235554
372638
187728
356834
997919
382160
863359
304849
413815
665742
223936
627485
328716
108722
172131
715165
928685
702796
473189
445811
212821
430363
955454
736331
666201
700799
124541
926556
901068
672737
210009
950588
945375
297737
307424
857261
493864
984749
976077
721645
650492
200014
349132
879209
122702
421263
508341
951387
938025
881530
397199
150847
225861
352654
787179
792062
867420
725686
718619
768489
312390
742594
719078
257766
854298
840468
928993
262129
739184
905071
883774
389678
105086
146873
182854
127789
382102
591195
893142
320128
386692
290343
284942
512553
456963
886087
304616
324384
525740
837202
906839
738130
579797
539885
809862
434096
380354
652822
596225
119540
557895
393967
323184
476947
354806
320004
504736
636909
725165
311846
771003
111858
502189
955945
438378
859152
755999
642994
997503
195706
480197
818309
747802
873961
358195
471631
308058
552516
124455
718250
572056
582350
926183
709206
959297
280990
843176
378001
817899
482308
589847
502870
494166
906002
372782
832544
679121
128783
389506
676625
138455
683669
494936
786258
557631
667097
257890
679656
219614
282345
397907
691670
678661
324091
314843
637960
419047
158020
915961
150914
540328
419775
553784
848461
325778
826566
594972
904899
769315
798444
495492
807771
482115
804394
594030
939746
471492
665886
619403
591107
848232
831276
196744
526894
969333
411588
978820
388382
383574
808748
439296
737869
228524
893080
500297
368268
633613
909235
273169
402930
707681
582627
210702
189797
387022
704732
943509
758514
284585
476880
349622
946783
308157
446367
473679
277492
671921
366466
479840
955495
175216
733102
607331
217706
626183
107629
485975
259797
830831
573110
476693
538513
969703
587395
542276
356726
206094
485786
929206
390680
862666
278830
337464
984790
539163
625109
176249
211085
891576
556089
980546
880758
289192
587879
912430
729341
509474
398406
803104
254272
785482
279799
692785
669152
681160
235062
925878
787255
534815
855086
177936
311448
947882
329366
210205
487046
854476
286454
512097
660019
656509
492644
454744
759667
894489
367175
489009
317931
579548
206081
472203
365031
299846
978955
934184
881006
127984
774029
668262
562799
543082
660164
688214
490965
803497
798419
791977
657974
984874
304075
231960
641384
610686
586704
315019
505176
853879
617994
637073
433428
724075
923243
612426
837887
902199
460577
718895
930183
148573
301124
406950
591656
775255
995164
896587
578753
793584
688566
150694
692425
892641
196620
247777
503328
683324
462796
822471
451170
980790
373511
784599
618833
296755
310992
456721
198955
671569
989582
943105
720142
204674
350056
225765
879929
259187
122354
372649
866737
710920
423343
559164
517528
433929
620907
834823
117254
983703
657295
382390
878460
844772
166990
411260
141529
291948
767982
154450
777483
671531
997555
411593
776205
347612
537358
656135
506799
559712
842750
373538
184599
180060
746668
602128
513989
367576
436952
445209
265246
908213
727600
957672
752986
708556
368934
708481
900505
950882
762932
677989
536380
760488
989582
312587
922067
526942
782688
342833
900620
625440
616371
985220
705500
277006
501315
133457
458548
838267
478666
537760
660447
206267
495434
327400
814824
678334
935882
629296
543183
698815
307286
979563
373270
296870
292151
295338
637778
888806
538172
452365
514247
968509
437586
133714
245517
752867
981136
604065
505101
459804
955792
165549
480037
451227
306916
294862
129562
242799
824158
572745
755580
945411
466275
128851
156248
658427
324190
607992
547234
762362
960357
875447
644838
311911
823127
790355
964778
804265
308388
469881
178036
264181
449396
558073
529374
656312
666902
472902
799111
405027
859613
554692
264405
325889
583544
320653
798282
721700
828645
259483
398029
702970
134931
942867
914881
772025
647190
793626
490257
855578
263508
482259
933725
526871
940332
377066
183184
521201
749968
796262
826229
609582
264921
990634
835471
662431
225255
633755
384132
867866
793238
682161
570837
742136
538996
399685
428128
186187
193313
818385
855731
270787
214611
789457
697658
154944
166524
694809
576146
730458
491072
316342
340041
655993
220943
989478
318426
260164
537200
602558
128032
244406
198687
512835
800508
637683
812521
228637
723870
819800
860988
493568
990587
975599
283026
602213
944509
263516
297023
434622
893974
688095
564930
147982
258055
685874
137461
476481
760004
574662
893006
788036
633034
905659
214839
433543
457309
841326
562180
995145
661127
337135
488714
565681
226701
671740
981860
171211
749222
278884
505834
557163
780945
970764
605145
939001
570605
642606
329449
330611
131235
136422
932613
664269
942081
147453
997812
399391
888779
473959
308503
463873
625060
697217
929555
751761
282924
825382
822973
932146
104268
242774
489310
699179
213539
994455
638181
598111
551029
781597
742688
582264
818019
589268
160501
674068
550688
972279
887425
353434
360206
195930
717308
885266
793147
560830
637029
976072
386213
373969
908219
304447
516743
311497
903627
544248
219919
455775
142360
670948
237373
699014
167180
955393
288284
141647
543428
738972
113927
430854
992406
288099
526784
623681
173367
319933
184512
710396
296006
384692
898331
118192
589139
415075
243655
492767
859323
363575
848543
815650
848489
899882
428631
829635
769242
616915
785248
312671
269854
799176
643526
262262
987275
170311
699909
974608
304210
784422
598971
500216
983080
497303
432375
572220
812378
489996
878954
585669
753571
641464
315286
516028
541347
643917
259630
310591
174800
944879
523262
344654
658022
980754
420882
559264
965032
120793
533874
269243
719181
132846
583426
702262
444116
829767
274483
170461
319764
153438
656130
887302
694902
785382
403331
150217
429301
476927
360808
504101
421807
698036
662721
893795
678792
983604
453061
557791
918363
800901
727034
637545
747713
310461
339808
191830
140229
514291
262292
273960
481696
732388
161263
990564
517772
378560
140782
761039
755487
401590
179107
991261
913593
741828
885057
506352
639399
252085
964143
557763
952986
691178
195309
700701
815606
435117
792531
769801
763375
868789
943761
245072
515145
918990
149603
932917
297551
190386
693957
867005
405942
687030
858267
319536
428859
657291
725888
968259
809377
690032
439989
762364
295178
535299
377032
110785
784382
983530
694552
547758
852320
638315
606796
367466
471272
656400
214350
668824
660752
722273
535830
966694
409304
308064
286232
738164
779321
912120
620390
588699
516120
960379
265031
711298
409645
542063
636049
194029
525594
330602
555753
377916
782883
162551
559348
254157
632917
673699
736947
293670
309939
186744
260365
619244
394808
446597
357409
174130
272685
791765
576796
688805
666111
741827
314070
975757
283891
850119
169787
623452
994687
539506
901368
691538
516023
374683
845695
148941
862348
582643
256577
172289
583353
416943
691533
792127
677506
862908
780223
764157
654674
357020
366929
320786
912813
580999
210510
196706
345085
194263
720158
339774
633770
535493
845278
149794
724142
690974
112702
586492
187584
269279
572747
670937
500188
264281
463065
177696
941155
243289
755819
509796
414276
122750
644548
327090
517715
755059
337762
762801
849322
871886
916541
397059
407380
761820
360820
945489
366761
373522
445948
368311
542801
918695
939248
942990
996942
316280
934652
938098
373535
604438
447895
687811
627188
992443
828868
144905
661469
166631
721672
424759
938518
552180
721818
259865
227967
982638
205355
408694
356161
465269
677005
712929
383965
530220
569886
294874
746500
418505
232973
934001
922943
494834
535780
550133
401245
364649
509004
962714
431280
144643
301440
369799
596823
923259
443631
638756
905898
462952
947450
176027
828222
624456
788956
212188
154677
272809
407063
715143
591314
454002
649145
514258
762803
184926
964391
978014
449575
387362
854695
694822
432005
156137
878587
842794
979396
322219
395517
799261
685172
342968
875288
513395
781390
578211
539549
836067
751020
760578
465177
256301
214582
114324
670560
791351
113216
548918
769366
376758
836281
624062
971580
182253
680199
850168
839014
659596
172389
234532
372825
671527
391467
248114
184923
172858
640292
538438
822892
305279
299018
202036
461581
327566
216360
132142
118918
143543
495026
788284
420301
331308
412347
391882
327528
906513
156017
980508
566110
142372
129007
838935
713899
420474
901016
712788
407299
455275
251228
144158
660554
450246
246194
122136
677812
276521
968243
696730
320064
463271
398981
554331
608545
625294
760179
750039
531808
816196
730548
997919
858569
759556
750821
486435
993996
565804
199225
315262
921079
264419
273386
581635
614665
419581
517737
206444
510068
399948
717140
730132
763219
116122
198430
371765
641416
858609
935771
173226
674806
666320
985111
447342
339843
649899
833778
247807
215705
846969
377035
950750
111389
550422
446352
540020
783969
864090
560430
294038
264039
277571
838136
841224
207659
936566
126956
663041
795176
962727
650233
469983
629049
549311
731292
782858
199212
479037
844631
228883
239973
221668
179634
165328
586056
525987
519314
370026
304044
979744
564064
382049
171282
402201
223274
192907
338768
250230
755948
947910
212959
320149
417894
655974
769460
963152
352799
782638
356156
197432
825487
496129
319100
819088
561457
719122
259042
980771
989148
463086
874482
553213
659101
945764
769380
782375
952637
922114
932605
708587
870025
959530
842702
201886
615505
526129
165040
868305
308769
421196
879703
948222
731292
112770
767311
292750
731892
926353
187489
721041
303406
961971
188221
862507
821703
857601
644883
774341
693682
491456
396895
563708
450987
239598
665594
880459
665728
644600
662731
788463
879763
542435
736686
611056
469171
503999
803806
201064
344319
805261
736071
461692
767234
824292
324200
588938
595860
783050
277246
289543
274507
574142
753251
539460
627706
332812
333886
293435
877413
896617
895864
757177
353019
632552
368234
722190
950517
986006
823254
294837
791269
559326
656529
472470
297585
794696
875374
793445
577747
152621
896954
666220
540729
650206
119647
168437
883019
353534
361872
674399
250152
171704
431577
503172
704256
613777
139329
654774
513750
776550
763577
305020
249843
334074
591456
447429
128771
466831
154841
520484
519453
951796
100671
874148
602003
120318
942585
398989
373852
218425
887354
437971
290129
232898
755109
894385
746675
794438
463126
174393
570989
140670
293379
720833
374744
784836
982228
317481
251668
137070
651931
585087
988866
652602
459237
504837
672921
315789
717792
860739
434214
605148
298711
624343
738046
953820
432695
398689
662226
709787
473082
147182
750458
666461
768015
939168
365264
750244
170617
516933
787315
722548
915986
690148
289118
375224
194986
776005
591014
812779
636745
839194
331894
749423
377505
883906
703244
710200
282596
279437
333955
569644
326620
898379
150073
908601
751514
415337
658847
822131
746236
360129
458647
662224
864243
647765
937448
959230
423771
442429
685976
874482
281625
831836
623906
559130
715743
241118
183297
812306
420555
417252
381951
561141
229598
345990
469744
881113
661328
942557
617211
407565
302687
975858
969789
980896
537590
821205
940127
775327
177601
540070
649811
359226
371907
187684
732322
901617
328802
815620
713924
563324
146839
909841
938431
276438
255833
408176
971517
731127
350734
588729
952658
467387
564589
836415
448285
102180
657621
302379
691474
735222
656416
341286
908415
842289
342936
640738
743907
485705
370325
371798
949029
331131
281641
887461
421535
437474
209605
393053
168602
374305
881782
121261
741693
446372
771642
103945
362519
429264
220290
953993
978453
776706
209246
800835
532963
366148
355540
190837
751853
539832
462636
614849
770963
644277
416278
192499
895717
525883
485552
878285
800188
367335
813512
455848
627674
585156
373759
890193
914420
494050
758153
806840
184723
781365
607676
617686
961479
777183
622490
713334
317016
985126
328184
987979
629404
644462
994444
525122
984311
479997
403408
784501
661298
216921
154316
288973
616043
428076
993132
530465
736092
665252
251272
820815
360584
672915
352469
322065
450099
874959
935399
667115
860086
263584
569061
403457
722013
563506
742545
706325
943503
959919
404793
604802
990806
373076
707742
606851
701152
700875
137317
351211
366129
202555
172027
626713
775470
338462
848778
139536
213422
698144
706651
887474
861729
189679
290932
497709
653185
933477
118001
510655
807363
336761
929424
798171
609837
637167
405023
224956
338043
356306
476167
518138
458861
462160
144853
148299
700623
807597
187835
814045
505743
794487
701521
281439
798132
806419
679148
451319
653864
611115
861974
461228
847876
791399
259400
371680
428567
564423
496636
580577
820729
786769
998715
193558
248931
957534
241857
849554
765133
243658
577566
270877
938145
279088
366282
736279
899474
859396
101565
553339
470512
777505
828533
232356
568906
987934
504036
811439
466324
900673
305983
201021
687443
218666
208545
750340
176201
350402
599895
755300
494060
177463
926177
346173
270517
206426
896418
169992
965822
811949
537297
436336
589455
365832
568692
972327
267733
886694
697734
548023
787368
903717
649044
388779
122384
757589
139120
112552
921957
552982
767852
329985
630445
607997
576158
714928
714423
386543
698887
680247
198493
236185
930549
687948
415983
413208
574243
497682
299903
271978
945706
901238
175696
594751
290018
112047
266308
243104
124599
188266
696086
792451
418251
240498
400449
808375
855427
114874
194919
468281
609087
207378
518432
539637
709293
834416
766811
283537
246065
966714
455515
191772
781919
445177
600490
885903
457224
680764
129009
481823
769030
639061
188242
101249
693526
488691
723590
462920
417531
732476
831201
926618
839854
349634
380222
549148
998016
147034
646651
244083
927715
102167
249821
623601
447345
664277
509506
804569
259008
452481
200360
842005
991542
288602
843254
685069
591259
566845
961955
908791
299322
793157
749376
953143
142793
129600
416258
954775
990599
962910
198859
832281
965077
262647
455884
326389
740890
865390
944925
899899
317872
959251
741905
223381
247854
499126
722417
653079
879937
684373
561871
993226
477532
311249
946370
434291
254815
362629
389067
245415
325540
401893
891663
204585
478506
347548
344940
219397
126905
289866
933262
344777
163084
589134
382124
310938
988260
104542
777984
782165
688916
253822
775392
980414
465071
721763
414706
533852
898358
617739
593234
137866
919632
484898
156417
312105
646412
401357
345469
673317
505190
278732
832060
568274
681833
214185
693179
584060
132694
471164
366226
635576
624986
141619
615991
904024
677348
844663
437877
489674
376369
845077
527540
209969
329976
583957
422074
790354
799280
667543
463672
304471
760242
209699
772746
442076
237851
379892
840102
270545
751056
206330
806121
290009
161915
336079
194034
653230
994708
445878
142905
371078
204922
484411
481047
348865
882334
803122
139220
681615
384632
416859
886087
144875
526558
572800
400917
578375
852692
154987
748920
517715
261317
469008
707724
237198
619053
715725
704394
613762
975569
747299
884841
180492
145677
279855
429357
928011
982977
468578
609628
281577
785437
409682
240418
225962
882482
455302
704338
649141
510289
367225
166857
585572
736234
688547
722770
269254
404273
427166
783017
379843
988431
581825
460336
948075
761680
703659
876087
658625
172238
399682
840202
771641
709364
980620
811570
505813
349889
515909
968920
760178
783134
135778
345751
433335
638292
882488
602590
942565
223621
299574
236376
212053
781399
510678
160129
457046
214338
850183
115672
286577
249866
855874
872184
773197
750462
683755
279011
100352
113631
247933
674497
796766
197677
920248
144068
735969
802737
560624
592502
840324
760198
728878
952378
455564
239557
926473
812611
353895
690623
828283
454438
840490
598125
326624
613688
262554
910379
706665
176872
837977
854598
751369
634744
866242
585585
592778
602212
302289
153404
108681
142615
727568
737559
908959
997099
877116
749399
809711
144979
440024
551961
499417
194481
964052
640007
622135
140573
464354
328801
131412
302332
997366
782781
751042
777575
282333
343821
293754
484623
311191
302436
441204
852726
939995
350164
849826
731079
913529
573504
776058
353554
939431
189442
362001
817451
729450
884136
858024
193805
126905
803402
396137
124272
500151
147180
715813
682484
304967
909567
981073
430125
212004
422278
282852
152001
586408
132679
697046
499939
520149
387071
753493
459581
476513
929461
190999
205964
813598
862990
213735
754469
666393
423838
692707
166545
384984
408521
662996
503918
318090
644070
834043
430094
966349
116896
396061
466724
963540
993107
866663
483690
380179
534124
757237
756693
463586
762203
776623
191151
625194
804325
845621
205554
142130
538329
272100
427115
846851
835096
831033
164942
393133
665077
409002
273449
595939
705064
640174
559480
698172
506838
857136
892318
940962
528340
562978
318515
290544
253568
409667
729704
957893
255289
835259
100025
693618
921325
341106
454436
756422
986105
519378
963521
651183
742347
236972
247123
447412
777146
620569
959550
197951
391672
851869
138915
820012
414848
357430
924523
482383
581063
654228
440277
736352
489488
354268
343938
410814
509340
698374
981202
495446
131720
944725
146630
774067
995663
207719
221480
772810
642254
994996
870761
933926
846867
823642
753940
175682
995039
678464
558065
576103
246659
812309
226423
550114
980543
470361
774894
489885
982701
756098
885331
114422
614790
845928
702455
610454
867613
737901
297231
509869
732899
981958
443796
493733
719568
111703
569415
714608
604133
941447
204678
750793
667723
331101
300908
562233
615428
975802
952118
598131
645867
751417
612553
260658
511312
315010
685078
378926
952911
796275
702761
599777
778235
146559
993510
497804
972227
476893
126379
576362
418341
231057
327156
900030
376125
442030
462264
891553
331799
328350
489685
877667
893733
916205
952291
405046
145182
551337
597938
912059
347613
300701
511838
939814
261226
505349
351585
233454
882242
377964
709816
214550
422988
850938
928546
699113
292969
304778
504633
438735
447094
894319
316403
340828
810525
182661
559840
855707
633998
157779
767767
881612
272446
193572
735393
433672
598922
986979
481093
395131
364944
190910
423648
601898
855815
352195
214978
962750
556973
619612
401486
904067
427898
617889
158862
238424
700551
618702
908097
248516
590448
589831
944094
676860
683404
679489
924499
196293
666469
405593
405390
845379
496503
729038
361245
266285
895200
476223
229037
452174
995835
530523
270209
423734
962379
329071
476124
576897
761740
298188
725413
266155
701986
669509
843015
299357
348999
681481
395650
829434
987074
615006
588780
397545
344046
850025
563830
239247
326250
692867
505387
236052
137358
675596
473753
999737
818634
849877
576635
494341
962032
302049
660496
664019
785524
417478
863376
948489
998960
172993
777924
900001
687999
280672
297547
846011
130698
761378
899224
270914
368212
404613
406967
405570
894175
780720
319274
626776
544564
795909
121118
506597
911925
595580
984582
611416
827025
847959
559907
825986
834918
251798
639954
436885
432470
837502
282897
377135
512847
996088
548049
781059
314668
768982
100597
122810
549703
233837
649587
908234
843713
584671
328798
669605
180253
313382
281022
821244
975307
740929
647231
724193
806694
287186
161079
153131
938654
257942
430266
451502
167997
878316
146529
382665
647299
961091
405476
110970
108895
869029
833170
852608
453701
161969
522214
447920
289317
617203
269165
178592
358133
730362
802785
978793
831515
777830
131926
770170
935772
462192
135640
103771
254475
996134
300402
715741
957226
519844
640677
966121
388874
473848
732697
656542
449783
254912
104463
639101
772115
187595
631659
944215
817957
434445
836975
563439
212276
868901
247577
962014
245061
283217
879751
399536
193318
180155
115278
964510
513965
655955
844598
802840
943769
577296
459383
307520
646175
377812
760587
332257
465407
392247
190439
197332
726692
927415
660771
752934
796317
808348
628915
941378
905531
422634
254882
912815
416755
184126
877326
830720
654048
721926
633561
597818
213189
906910
805338
673330
284724
565926
905588
650131
772139
996027
747463
498832
837409
322202
165733
547694
944516
608615
403039
764015
931249
557921
676831
261971
642048
468125
992691
296097
190052
626254
707881
217207
447131
427187
790538
631855
807079
696127
195954
579220
606121
843417
892018
357498
979585
957752
805192
924103
480334
208232
688119
325550
580120
278917
487521
136135
647042
480213
332232
651060
920433
854079
768268
367566
281267
558807
899421
988347
168901
995375
567568
588988
752760
459587
846486
732346
331306
651679
570416
625606
673878
172502
851156
253999
351420
338678
290134
812428
718892
436332
463490
553292
290412
231759
820858
385646
604532
634247
373994
587399
543589
755528
176388
210316
129082
922875
756629
274355
574555
327046
799961
162400
313515
651119
316399
478901
889797
506533
291330
522656
756831
654820
889915
947244
700545
624740
332891
305078
258988
520851
706443
616544
190346
782832
726860
133394
705708
397456
307749
194230
624503
107712
256631
751984
658831
386996
230886
462595
707496
422216
799218
464328
891003
603100
411573
591549
227841
558430
710594
300796
893247
417038
817340
897559
199871
458167
930954
719545
755624
238704
727742
294094
246416
798339
946078
719213
185336
990930
995775
792832
413147
708960
257162
218117
312061
482701
623633
439902
855098
334228
554664
662312
565232
372005
473839
579070
644139
404794
212582
313730
457464
840324
507824
517847
638664
367869
151027
637967
358800
146803
430800
585913
669729
501928
617997
881790
798596
241631
235660
567661
475859
690324
229974
855057
876296
603813
434128
434402
822573
546711
648132
280039
301002
969922
697886
753633
337792
748913
391601
510558
709683
722401
910437
379413
138297
528435
175171
836893
670066
310831
404555
959891
815121
448495
814950
691418
866275
163045
125821
688849
523722
673953
782854
724725
643876
480741
478359
795634
143622
683926
306193
667271
406328
216632
860650
358591
645067
935821
195485
229101
246653
414006
188993
961775
762502
903943
567160
628778
880955
506948
231594
404678
994867
914449
943369
552711
309157
421729
348346
352779
105656
468506
834016
325951
499104
694668
498508
958137
630490
593994
187239
691110
821966
276233
652886
584469
994142
134013
127214
875098
540961
258809
279778
535830
173259
137114
988541
382416
372810
250854
549162
292432
619360
383179
518383
118465
977847
916892
976603
522305
424853
977808
213416
246820
254042
680268
645256
162152
714281
672470
937250
169210
831279
130995
605040
818504
168110
507548
200922
440920
658402
650084
633352
191730
847229
965702
124161
739044
796561
100765
261350
135381
892540
374766
196167
146583
869000
741423
208735
583282
327861
959952
566458
973106
904913
985464
705578
886989
493013
806500
241876
965382
370551
775229
157113
131747
654898
181274
770791
365426
996005
932141
314773
888546
220874
410940
849095
989874
966330
871797
487124
208158
745716
953582
181265
650630
939048
700809
451587
346028
507310
593463
311411
691827
282659
282490
723575
837557
277731
494367
116950
187703
340476
331723
890215
461350
642664
653277
451226
522961
525075
752316
631119
184758
705899
626350
649355
558914
327161
100943
804943
648437
594406
930320
340266
777066
126778
877807
528590
304509
372175
545541
306178
526617
691230
196394
887968
247861
749671
253161
670822
188714
905477
215908
273472
525343
656225
822827
984258
797352
823770
703168
445790
332144
547455
600022
109211
488199
477830
451767
692708
663972
811274
812852
190590
502506
909246
892524
564333
572885
145686
149123
661599
865129
265031
835071
390474
735222
571866
288699
532575
309603
805833
878366
541747
267255
392355
550958
655455
770186
816692
262130
348125
627967
974983
352681
944439
798196
245207
508774
371082
204859
557897
932681
969989
636894
681720
274430
372118
253587
377095
804693
463190
182929
683060
818904
350184
975416
369863
819605
659569
100522
981736
821660
628490
956720
174342
572930
754917
233515
981704
126001
338375
453568
872648
222331
990463
554369
396761
362582
621922
673856
167276
899079
670751
750337
717984
920935
639720
901813
740542
213256
902336
636245
934916
444793
592966
109259
917723
261850
242775
813395
201817
395116
266964
974466
517447
257428
442802
814208
520010
878691
402031
501253
691737
972782
165557
409722
807684
705277
225502
462193
732499
941804
998438
667416
386598
505371
590641
218289
667222
647382
931684
769039
942498
112615
657472
373912
184010
914241
188121
604020
706899
404118
919239
398637
376901
984796
622325
998552
604040
661793
460746
336540
603599
373152
903956
890197
778523
494599
922452
445746
955947
854137
128753
898447
780719
600191
272360
864729
428399
274448
382716
135299
492532
301957
347902
769434
286754
870227
681953
790795
532022
142700
127336
949587
415852
845259
839785
108343
253825
676205
454089
209773
530343
396808
108221
225029
810966
194548
989758
239366
282962
372476
188632
675494
574433
436534
358895
675153
220729
854814
465949
652751
897515
407252
602339
227334
252512
356091
235677
406337
932296
503733
430076
376607
714507
438298
415602
525474
446812
405362
578807
543740
591804
667439
133201
166238
917939
306063
655357
138669
160878
935273
691420
872359
256492
207726
999694
409004
377784
149338
629307
224047
467037
959383
414620
181546
311648
730223
520986
572426
135586
999793
930132
627390
581199
963334
607594
499140
269398
176918
451775
244242
112192
957162
116603
268684
164889
930263
491654
356639
979601
934927
480687
446640
808278
709273
442152
119927
439497
863138
506320
389049
776899
436453
916439
358099
399788
438000
671205
483152
514919
122982
627395
441077
980144
557964
523728
958999
488228
915382
229606
467830
764277
610293
728436
572556
319567
170589
592483
573031
933728
912769
862080
624594
349224
692487
882693
562978
130488
467866
860097
459373
404814
487493
714417
384959
945457
238146
257925
347652
967494
387531
715482
731772
811790
357886
304329
945324
428475
710779
518356
276170
623549
380437
800764
872773
972924
597425
349719
917379
965291
209817
290719
370106
511276
905136
569031
370700
957248
640922
618352
924744
928454
247801
656517
740245
505687
860847
599536
748129
571627
117893
924299
195177
312297
639031
881917
285222
150423
231637
116568
929680
255420
221254
213753
666696
126391
682784
937396
983640
237673
469715
908385
166128
617516
478869
720340
123205
339717
319877
771334
725310
251737
609600
734454
464034
248632
616372
563222
213021
661975
579791
142702
817395
701045
256455
398058
641402
753205
249421
539009
890879
619136
361361
870973
236653
740231
591314
259858
893914
725158
845158
619226
876895
454760
353681
340930
517358
784019
718118
630380
359961
211876
587048
991322
726887
743504
389381
368291
410676
538802
721266
301556
971904
982628
986496
208558
722860
577811
282383
530741
216936
941507
149968
993831
396268
317615
248728
727593
915600
780813
271940
275562
892689
758988
266885
619578
416459
470232
801835
641102
823000
523102
756624
794905
419697
743121
817430
956523
234900
999813
487266
351836
941321
451200
259635
251557
668816
322329
793116
498383
103143
879022
673946
809799
638011
754797
343344
868437
225031
145180
423506
948031
482248
180131
656904
715912
823253
474335
672436
958153
474149
159703
223956
329437
510904
383591
394960
993686
519887
102043
492070
436996
881065
979982
246796
433044
734781
490140
301482
773778
449286
538954
635776
745501
619085
292681
461414
442339
667016
133851
314459
955131
193555
438416
198536
518425
635973
493496
512112
155861
495540
818148
492858
290572
798132
553620
623616
446880
943761
739064
134625
393048
278019
670401
138550
797105
777049
499964
153411
444066
447782
367871
313165
541337
620253
411701
959762
256227
805197
385841
226055
214704
203990
532879
405277
902122
986499
842859
262969
844227
581925
297594
151243
759944
867996
103759
471016
645046
417690
524428
903078
765472
706265
216244
306810
326519
527945
180539
396712
247110
466380
522767
275780
484336
955646
495023
386460
856113
337884
463395
700341
733775
660990
751584
407686
528987
755344
778703
987999
173035
217098
805044
838507
823363
835255
959283
963848
363201
953788
360561
424277
334135
783329
514024
718471
652942
909047
918897
509056
160898
382294
123365
708639
943284
774949
116327
386238
444260
708996
288204
517295
826094
993248
269769
563424
828504
143019
527273
105673
996807
787834
343916
330943
485130
757940
863381
138074
580955
696245
461096
555819
978539
484461
264460
835790
173378
194753
135995
517638
803749
324199
848900
543810
231415
118670
107235
873885
161690
534508
793524
972463
236309
137442
303408
621440
709348
980755
659514
204270
677001
934576
660090
569508
419039
738516
405299
492417
833269
441295
824021
637019
579460
672922
180830
710875
691593
102031
498728
667249
536539
292253
639713
586814
243661
757087
208255
766976
737843
681735
871246
414846
616313
445303
884354
849318
183820
203620
341736
917089
544915
979723
468075
938342
652647
548905
649218
344241
464902
961912
911490
901441
168133
551204
402223
311794
222259
510478
892736
860102
192215
763984
188915
622494
123254
887235
471813
207075
990856
627515
938130
449738
607239
406207
388081
259887
769078
851266
418094
233982
813179
329585
949389
881312
694756
351613
107074
817015
676058
899810
591084
768273
577761
680000
304734
601016
567236
676547
622057
472059
304063
560188
821798
811302
780361
209880
885156
463407
961146
303251
511355
688293
446803
374711
569606
141560
626325
576680
772541
216350
476492
363626
798589
954253
857592
103324
469236
338796
679871
991293
710855
797900
465449
532654
523169
245811
556501
408326
523184
431614
611578
934539
119908
958381
309252
589515
913907
749543
980161
600415
865893
456654
778007
664483
324875
635601
581773
694111
788363
261645
599372
499219
873511
964821
845840
396681
124599
316308
705008
547784
647922
230553
482324
581797
102901
691576
171313
916808
355086
151475
431190
220980
422096
209198
699429
560937
658765
281203
169015
361095
356814
668387
760315
144292
547175
520122
440974
571775
650396
959948
933525
298319
190502
415850
780116
193403
921393
765395
924177
276480
730837
269334
311427
966899
292498
824822
441803
851264
106027
510818
126326
276807
993172
700607
321100
454314
220730
576040
926089
771126
535989
859615
883412
540457
189433
577495
547826
110827
256858
385970
201273
887695
555304
412700
768561
747802
237524
210365
513033
157517
535149
539360
248290
442288
239968
383356
796603
274665
859396
636659
859757
309352
410242
743170
749809
499675
234633
297636
424468
391491
583606
525741
193153
952876
752408
861714
700680
803898
886045
127680
775381
421195
567040
923671
763484
620975
307029
474054
795640
980391
110714
569364
289745
420956
312536
853520
734597
361135
151158
159066
652626
548730
498774
745779
501608
165149
521460
116255
783013
407506
143935
558395
642667
524942
482067
320118
959883
603062
694172
669490
497421
704887
238855
601132
939809
365357
454653
674408
626492
419777
647440
279119
868508
960180
838864
284083
125330
274291
300338
808343
495763
258239
280705
952397
597147
662773
272516
470997
179802
780655
140488
491189
399509
193310
992321
339319
458667
446976
827693
985160
766753
475135
178246
549228
349282
831077
733311
288579
919334
847615
910888
415099
919821
191595
367497
516969
668334
453979
887967
748136
234635
842421
239327
534144
935731
231649
687430
394400
492591
515124
293527
259346
804225
285739
622540
153509
930782
355853
342088
850118
117435
166943
265218
937256
258538
446681
454227
826872
800660
256161
575010
849262
998582
628303
383407
848281
673918
884803
242682
166511
399929
350175
239823
118121
535914
762363
985595
466698
932182
241650
230783
949618
308594
396001
886875
467132
656648
255069
294006
457309
411230
682982
306572
323780
225252
503946
172062
799170
388750
228710
779647
602645
478885
833436
534733
828765
509767
520329
209430
355916
661980
340213
305535
870574
550180
106378
251673
206829
175413
445679
478105
400610
942627
598643
624390
167880
102590
610418
781017
305307
739128
560665
807952
131980
308069
256652
774711
631802
676982
884142
887718
252929
138322
193255
123504
502469
113599
189143
609298
189012
534823
901369
489622
391417
500014
927978
459298
502604
538397
154282
707911
191492
528913
429831
137438
736982
586483
812150
368785
177432
610259
256505
330361
562547
263726
267831
965016
191291
356975
488282
280303
705764
389652
583892
997181
789666
511871
370446
206238
950269
424728
728115
955727
853642
971912
993166
504591
472363
719283
773377
549795
243509
843848
780157
706056
921540
947988
671074
112832
218930
973322
207101
824694
362975
690993
735843
152643
202866
106290
258881
967101
344985
800962
836795
198628
772876
829962
603219
245240
463212
290563
695035
606721
948377
389159
226745
869918
251115
797819
796716
370045
771142
903818
194741
948083
594812
744550
914692
611644
750840
173574
492712
995825
788503
329509
108420
561380
973437
525606
706620
436651
716169
401656
857338
578514
690816
984083
362399
755897
695869
159117
125943
380978
962935
134650
329063
471714
779200
243756
897325
444008
231297
390038
439834
919800
619547
362221
481181
592986
787827
187802
929637
417963
403424
700942
896477
908206
685027
258878
664104
380897
317995
690048
661876
194897
638664
804905
480577
417866
862627
291869
761874
993924
581908
115675
827691
201456
377896
308873
608408
979689
310641
452012
397654
528032
152956
294132
436239
651949
453010
100345
932846
584971
604359
508689
593834
243024
227561
888378
474856
990189
180248
150697
898080
662156
980338
725773
677579
272201
848612
285988
251892
159255
551967
549546
501253
604923
743678
837492
256873
110656
751803
103686
509593
270129
426342
103429
327120
553903
891807
701976
458059
972055
666640
356141
548179
560945
981914
225759
733146
830527
325713
885038
803748
777680
348551
305002
296570
992230
956461
367409
916852
708265
371096
340412
878395
611404
343841
205516
979273
149615
721458
437334
935637
302065
693475
397783
763010
589356
437508
496158
333850
663221
295163
137600
354869
543715
256568
551439
449912
213030
818849
280731
821296
103912
521143
613658
615316
678951
633140
594590
642532
268565
845890
578170
470631
453332
789919
233642
942688
227428
543766
276540
790650
652896
228106
959485
196612
384674
424891
460490
497705
157707
641221
232968
161619
162365
660592
590901
655282
293733
999458
297816
462298
845349
775986
832929
298683
565907
880538
241372
693335
338271
331878
397952
891167
459984
271404
901745
658625
596296
362236
970296
654003
817423
117231
629589
793755
677823
220491
449038
871556
219950
646854
247821
965300
336808
894717
177950
716681
689222
319322
323983
927493
465167
621936
732628
739117
707306
548340
397743
303603
724543
368040
771573
541967
385271
401163
335723
877060
521654
684762
748617
555571
245583
810405
520872
482391
705123
512788
199073
394346
646076
423057
321840
111244
858959
868434
750362
566266
416776
962071
683836
141320
244079
455410
497253
443316
756573
646943
320378
192194
245672
882961
647765
391255
693367
982603
773647
398491
495392
786686
606803
141470
209744
742610
966679
882669
611045
717042
448937
841787
593081
946739
797073
737160
402150
294328
994442
972689
841271
314821
164884
900909
111750
626616
292165
705117
609220
879778
917575
104614
666466
524379
960049
690176
266990
926729
572847
692002
557739
835750
533790
150821
782490
330865
701947
184641
439159
696390
157331
194397
911212
136181
995306
922962
662797
201438
542046
272019
981217
373588
190599
561650
797968
964614
251827
878924
891344
638640
570927
363050
474391
918684
327837
256882
163516
929784
255489
502675
626176
226786
511038
451355
262968
506345
288284
739731
521749
644296
825716
502967
917885
916315
964617
715854
794896
130412
594779
600208
669052
979673
863258
143445
898358
191097
214293
961874
934847
369783
378516
561024
496569
789554
826345
573503
209866
114630
313236
631615
572893
952918
948549
490779
783201
913167
206634
578098
943579
615379
178307
612633
509019
855532
570044
407378
860595
684337
283219
795443
954120
561735
270435
364657
265256
996780
752126
375122
925377
879328
820704
498271
832248
769254
889050
615450
596388
909650
107515
539969
438996
185823
966568
848016
855321
536613
169361
715917
134917
352581
425327
903004
728282
595762
267662
893539
592544
833754
182628
431888
713084
817298
830159
459299
586553
719210
974749
182943
542827
982264
536878
881823
982053
417413
643806
751341
767992
713168
467259
802909
879715
706553
705914
607998
302316
787542
415504
708826
621298
412099
140715
248349
229398
870874
607648
715952
504051
496364
712861
860844
392595
163706
656635
288616
395085
300442
939957
163078
827576
321184
779953
707292
927737
399835
229258
230054
187378
458728
838881
622642
770827
793562
684957
814192
578404
292606
444111
896421
602936
156973
757267
895532
134645
413903
184149
429730
528311
938072
406774
355889
259257
100694
877147
186995
400529
920371
317050
401874
379101
969897
838482
963894
763460
523441
778087
255831
630013
222199
152254
232951
193138
723487
942449
141749
951356
940564
385445
479668
878637
692219
649523
137896
606880
526672
138857
821375
447044
355907
223250
640111
239771
875699
604007
817198
399141
296061
973029
929154
332227
939249
976071
425365
662737
832487
467115
614094
773052
666526
993763
565657
272713
643287
603553
779593
983925
642410
600969
430971
812284
638186
885048
866021
513886
489056
683220
813027
599084
570217
656148
831311
509467
546187
170643
172206
378675
451724
686300
151729
118252
594030
531352
290965
151285
948871
970558
135211
505248
485494
380148
317533
123681
265198
997521
451533
568220
680742
178527
167305
250960
734676
898616
574394
194830
883226
646600
473505
334951
246867
439200
353203
740898
870552
458134
706149
819424
342659
741360
238640
728154
121510
456173
665801
286708
367661
931301
754928
948404
109829
736200
113331
658471
548783
587725
753301
432010
148292
140774
666962
295160
479974
834131
850024
264494
206233
556174
897884
448892
297535
136525
991012
233011
406665
570781
419719
674326
502083
988614
536697
511912
724815
550029
170385
273599
951720
737652
519576
100014
778426
100505
295174
172368
748602
959164
336862
854835
515339
148713
303729
712874
999204
208708
845886
405870
679489
179572
894162
181573
168187
430861
507452
706968
794856
491803
794534
746577
229456
314111
746591
821849
314616
855731
894217
963218
814896
145046
818055
330236
193759
935750
857077
192964
958424
616930
412800
551881
610468
306964
633454
678656
637825
954872
299591
432682
446676
994125
993225
490099
222203
739818
311949
436819
509516
206167
314005
324414
251213
946026
468616
258938
795743
239660
265869
754168
756590
578669
306050
367060
785633
753471
859682
337425
622310
973239
584073
882953
967366
577300
373053
189570
231085
585002
440356
640601
605135
568327
778981
670314
514354
247599
743218
224064
387259
909087
878232
957816
487758
998249
324877
273392
665687
998525
424784
287998
971765
908857
170952
853098
486158
357971
942669
617243
756939
296992
171812
362075
765319
850793
846355
193640
998392
589575
317704
299619
498663
109903
257436
886421
108153
482313
973780
587806
394805
398565
775805
366571
221389
760723
219671
521514
118696
976306
952723
775635
187265
124536
951677
766550
875330
798033
860190
787689
387609
991860
987308
700239
101764
244745
586661
923883
541024
474408
511690
835829
686939
201462
202402
722295
862186
236039
243810
794848
126312
196534
570484
213577
221071
522162
880127
910367
234163
654284
698057
435738
646145
685367
135978
561875
744078
536606
485759
285104
911014
811416
934899
511921
826844
951267
234217
602997
187307
378027
397846
213619
474561
782297
241162
509598
218426
121290
419966
352589
675574
931990
688328
235686
531324
724306
697562
275403
174879
997287
374473
899860
722670
309374
411782
549516
174608
459965
966479
261916
737992
364327
289501
126520
960590
344630
450085
179017
365920
770051
431607
855461
702042
933901
991147
233367
572174
602676
322737
647054
599965
511176
546915
322636
634516
772663
686118
709125
232629
652599
785007
870621
830892
888474
811107
791483
233105
261193
870500
412992
845211
216074
268454
461220
963941
173568
508554
536117
676245
731291
997137
190177
242468
458019
326779
690951
230683
826864
400077
363312
479464
185085
147900
224323
887525
772973
915806
120632
934167
700273
433624
779379
730314
516044
154566
694256
589612
563120
144340
179824
208378
141478
183967
350847
499497
324713
855764
544146
151578
255842
807458
445008
254893
769324
569331
142419
542299
399104
163051
390433
999377
410641
983778
643658
826685
138345
337916
330265
601466
296222
324055
709844
337701
321989
874657
651164
546702
730422
109278
598280
800230
816736
943288
955123
500028
426586
997543
942327
725690
974560
332761
639034
299169
316540
282694
125855
354885
520610
270086
770317
716832
408108
480163
868499
630097
354821
433631
176800
899210
442909
589046
699441
173612
446301
654566
573640
772887
566076
429934
412544
454603
662695
951578
653772
793201
234273
593594
962053
568849
677646
732371
199649
985754
212535
882114
615852
381323
229712
606618
280534
486587
195665
793941
560200
455932
362474
947806
142786
828550
377742
455330
197121
854403
406910
664859
561572
455149
172420
523626
837965
750067
255998
851580
649788
282500
733695
265642
563823
777374
686226
658323
263962
695858
452265
638128
151791
714740
585936
194578
457257
777644
549908
554378
546014
770784
133205
107587
139901
205625
531213
791832
769658
601178
643413
419448
783678
291075
499056
261468
968449
999248
819791
232413
695107
272057
770541
746899
800763
270444
841477
258022
948088
305352
626366
408070
890103
573537
329623
843970
593129
674803
635803
362788
275982
279217
596202
873626
470292
909224
135095
438743
908474
854886
485122
603582
940909
255664
350482
655640
340075
105926
727628
288164
225245
353995
510200
115349
827533
739824
773285
420663
414628
409089
597417
504576
588306
107587
378203
872564
916811
413298
311308
825286
182151
610396
428870
937026
766061
593318
592667
106137
513211
320296
208267
552422
488258
532434
481737
229758
272259
255023
464387
500853
564112
961804
905429
966384
883357
283633
838949
800170
510897
964224
625457
593048
574621
868293
530075
254649
375579
936709
174752
702756
170972
196986
255179
559230
629420
636916
602954
715645
791939
967341
216499
356052
843113
121929
236403
726471
305562
975352
526642
716459
939577
966066
223474
428166
748326
567515
582815
123906
504225
571534
726662
489164
668520
795807
862360
297941
432724
465316
913586
224664
432658
130086
394682
189738
965980
531085
816210
185509
420405
256819
715934
359983
136852
839408
602115
785179
320890
998897
723051
639082
570432
363681
128247
238953
159489
890607
436894
492214
355924
264447
530844
602549
208499
739493
606253
174480
270579
336430
259989
590984
407216
875923
764934
444068
629298
367050
143214
850188
365948
766266
489271
836380
943913
431484
889299
103403
322093
326194
409583
491983
490641
754394
908498
599140
493888
514753
587586
578433
665149
747575
169419
972365
537465
748319
416435
980729
929335
459649
744885
209251
139882
234157
859597
983795
479608
748898
901165
701701
889058
224715
107651
379701
879109
830116
792807
286964
258836
294361
765398
823985
855902
748783
796352
307335
411069
126754
288065
340405
400369
932950
363622
440252
981074
223221
338014
460683
872119
153146
976350
761178
191828
897967
954845
884903
728084
661620
171869
886920
855981
751233
710907
625850
413983
421226
833185
725052
447980
121252
879423
748349
868168
243047
102568
849243
366268
254549
223893
152354
307695
200244
813532
399523
912178
682345
284428
640263
257932
270263
441151
113914
921496
152059
553730
335480
387251
386917
874498
649197
322135
753922
311513
190304
810935
314082
853514
991169
468631
891373
143524
590292
905584
771023
803782
817763
367335
988210
458027
525267
172440
799178
453147
993936
765203
906877
243383
966420
293795
931847
615618
429896
599736
827132
520201
410673
955180
287682
315809
337778
179056
359334
828070
898606
944323
631853
716370
225625
534030
988364
650892
606470
787543
104040
514373
466714
824883
657756
433135
118680
503570
862720
362542
103308
689853
696709
327947
559000
884391
543756
796778
877414
717056
624849
776021
661380
170670
406359
787005
604700
394724
351864
125138
996233
269870
539511
462948
994754
111235
710050
927400
514805
572771
289943
432079
176591
886653
660026
635591
685011
203784
432370
562426
820840
871185
252415
396188
855821
558774
997159
374489
767464
349025
399627
763698
518895
753104
226648
427616
764339
750664
355017
193112
323436
544961
439157
313993
431615
999184
849584
116627
116935
195921
493020
751741
881072
559401
147930
736895
932141
959056
111385
699606
222048
324978
463305
554909
978082
503919
882526
656389
254584
237544
663467
391986
596471
102625
519945
842052
915775
369530
772646
932710
379417
179633
684453
174457
639034
646349
811352
571176
519372
736703
184749
641420
961681
462020
110297
853730
865940
892823
510120
934490
944333
173588
240444
454772
990179
660389
296825
905955
843886
969471
752633
137270
149105
437087
211727
688139
897402
837045
173282
416776
487715
258031
872162
363363
620052
882459
217095
399959
689249
541181
248416
547550
614770
388860
902322
518916
863216
199148
424872
621069
982586
991471
658339
131692
342525
684033
633798
239929
521079
621046
470671
822761
693044
256800
186125
227063
953226
303220
527022
642476
744402
589404
103993
273139
792231
906315
606021
655448
105465
844859
190484
902017
836332
748823
933709
178858
432857
481474
318787
767903
102522
603424
504631
695566
760225
590756
822629
627418
707943
263618
183861
452346
753022
187855
539451
545254
994170
145473
114669
913601
890332
205153
815619
640631
767943
663296
719490
114767
144771
852243
696636
961258
455669
201268
656825
129861
692025
393421
657279
399969
557039
741140
666281
224029
742961
119699
583249
737133
979137
511885
564701
783436
531004
294288
424069
298948
857584
143560
313716
816321
895803
910352
777581
265439
111622
434407
209266
617613
641795
680511
831548
198835
421653
497830
236830
978580
431495
634046
629680
410633
145932
194383
194070
576936
388671
518139
775885
160222
561699
903567
876543
371470
727886
654125
450875
653474
902499
560142
271088
544295
240654
102637
557096
476273
414433
607893
454855
745928
241940
984535
156562
287872
992884
164599
764808
381556
582738
454660
355744
958404
272194
232289
243841
900081
700380
594716
553556
516846
154859
638611
875107
295514
555214
432205
585753
869648
940098
940608
529543
182039
925145
586106
283877
918030
650705
948685
213554
147410
317313
383264
919780
489507
429519
163622
389589
129901
658339
757112
460713
627164
395724
335822
736644
850938
668027
322399
634553
522092
263008
164098
518097
102120
564170
701974
834117
128842
564626
861637
176252
781939
244902
909999
185414
574422
973621
388969
518289
545927
146082
879002
173093
355772
214825
723703
120678
696818
946102
655231
218911
123078
633295
550974
939163
197466
252949
773281
226308
717576
634919
216527
413482
693788
126527
498896
268211
914114
787866
686500
460043
747914
479469
447102
917653
594295
170806
938331
291114
930875
507529
323992
953953
954791
688932
893117
152258
841882
580366
192533
473425
129252
223026
700873
723040
163519
113737
805217
977633
801603
491718
351643
463484
785154
612711
381138
379450
683518
233436
484530
528360
554932
622488
482314
509724
311422
289398
475948
967270
769764
482447
354662
712983
605473
955535
436024
582958
969272
241243
560593
684842
546927
726202
148328
332082
338915
343432
525498
836399
390835
823995
364760
845767
446484
747074
269458
571872
850438
559372
539143
534170
941820
707771
247154
461260
663308
497144
944219
632581
552353
418779
231391
913247
144982
279719
159296
297863
437117
584795
134263
641918
408791
399023
401652
669241
960063
571110
155081
810503
130484
508190
258640
886270
215963
405794
347531
779271
716904
205717
325819
269259
524496
457210
182507
483445
550895
155769
681308
888013
640564
715572
443898
863321
114596
745551
446530
888626
230628
501611
699130
175078
909801
857770
961348
125765
177531
308881
719002
794435
414598
944822
877660
753061
402033
874133
236507
852929
929903
817815
654909
484434
447354
998807
261723
461951
658325
608253
350578
788954
923830
863674
864032
833632
635411
825382
773364
626908
948229
406333
335310
276794
351156
212972
929855
567156
901071
980328
420086
830975
712111
888961
315411
159466
801735
391100
435383
460062
899353
599927
162983
823184
463602
927015
570783
912979
666364
258114
453854
528560
564448
689165
619321
729570
716103
463143
296727
531141
443473
530779
362118
155585
419741
491495
215051
221478
782595
464401
495506
595915
964328
558489
333066
341898
399471
803849
254878
965836
875930
522699
408363
440379
211865
927684
983915
741934
390829
280644
273076
648268
711423
449160
617819
131166
754621
646836
166610
451183
111238
562116
947098
975567
934571
280165
317466
334043
897981
386310
213846
773912
809009
522210
128258
834840
363861
112174
490741
654690
206784
577784
216925
818208
926944
734744
763340
595533
381582
829950
946716
392820
306033
807782
368388
240605
987947
499820
474648
799895
700097
588495
487774
509107
924671
429998
257915
288533
356139
648656
757190
462923
140407
874115
195098
967352
608861
858438
562886
804409
602355
423569
197230
808388
231352
379585
862959
133267
693371
337609
833162
393469
740070
234904
716543
578708
564902
788424
767241
735007
351047
524432
197932
391455
312515
293030
358808
735342
965435
735660
539752
567791
159230
636982
376181
204549
830533
239141
237816
523906
390716
884944
731341
944752
933814
447885
523461
412684
236310
204670
147692
401324
629102
159590
692779
755583
266587
951587
490926
232023
601214
930678
699814
574410
481628
889961
678959
226128
943069
816775
564000
333786
615687
295343
192506
549502
557194
615967
862186
607471
634603
823845
908795
177673
883435
601575
833256
150023
467129
324184
282046
968343
168829
795827
456720
550457
685789
135681
590552
628859
766422
154553
776612
382110
349896
869118
745579
807091
399052
521732
414563
933656
345578
237325
111330
229015
738900
758552
193004
206030
982736
375051
988339
965532
170879
445060
515990
670634
480741
920508
213461
161131
975062
890073
357207
324959
673158
102787
946016
972210
438486
274546
819833
684064
411871
745129
727045
150772
503683
820050
170768
400386
195102
159108
365919
179947
504169
695876
664547
798876
616385
778008
773973
591448
668082
131182
816408
341241
133969
676391
227419
386421
850938
861218
970486
262810
606349
697532
227549
923998
517583
298317
324385
526651
357426
590305
520564
675561
200148
185113
388404
716533
863121
162379
307983
445171
193561
938357
600378
141496
614749
641763
427918
379654
502983
312371
542465
923298
909903
670014
761263
341454
782297
985648
768105
953689
489920
202637
543217
590068
287750
831622
306603
964837
807967
428552
410009
815494
280876
824354
770956
795625
466118
112841
175281
783067
325212
531712
706366
149083
115693
467630
304503
797990
367246
886574
751681
671132
989211
208865
261202
190928
940487
381771
155767
662421
710323
379742
391882
891199
204097
162840
600791
570216
989646
590038
353284
228826
935716
873617
191875
865375
255214
396378
663367
436426
196919
329015
107560
186132
437880
268762
277060
292335
464499
246793
768722
988788
526536
160606
793954
544599
137412
308712
928781
127059
798751
282067
255885
648434
969650
347760
513811
138831
558104
991144
475258
655024
234126
482818
655122
572006
651580
746148
678307
930045
892942
447031
918834
333445
421603
712789
778044
459015
921501
706827
486074
634219
802860
555926
196621
686477
717652
610432
725308
275758
601577
200567
744748
735703
583385
399871
221676
148932
146020
713950
978977
852928
974947
811778
186374
396551
524568
778385
669532
360037
399179
155607
808222
116006
525499
904843
616449
243153
515276
341758
332877
930819
442326
977625
580489
839677
291463
702166
802576
337483
330083
781554
190413
305031
593334
190753
601582
931868
783104
271115
205872
182284
240688
828061
112256
580154
732905
628705
723307
162149
784430
870150
906934
140723
847776
487425
880400
139240
103558
682977
290689
333641
378499
295068
538672
785799
385822
954220
631634
168927
139302
651473
165178
193956
479535
991399
674110
212441
534072
397418
188556
318503
267569
995491
359226
929311
482917
153593
882517
486475
650537
173208
634082
929036
368276
172755
628802
568064
940941
260437
550958
980243
811910
530102
174200
205412
521502
662277
317854
869540
873661
320376
188044
141232
315868
447270
884509
612751
414830
680994
999226
965367
754202
633309
894404
936444
620030
437173
418476
560972
597610
869434
455182
323488
399537
443349
428900
735005
105627
560720
518513
879288
781097
606557
834486
910931
867794
718997
523684
282625
313958
436877
247993
968160
884153
956363
818571
418150
393537
237048
793089
805113
920448
248272
942567
319986
591621
285435
868958
597248
746155
387472
390504
441219
807995
224991
266118
675790
757954
603768
772381
971912
940645
834340
854039
738765
790704
672612
156917
998207
723626
763972
717288
644076
912244
659856
778028
417833
845291
560953
829047
505414
848425
219552
760599
570388
258510
926717
160145
916464
530486
832527
802344
385099
580834
656384
937830
285506
242963
908713
283714
866590
672686
901002
510667
584932
474826
288696
902765
234084
749650
645779
639498
512042
765332
314065
896396
923842
240783
956542
754273
585236
703036
556618
870335
283871
213004
722132
469377
355967
630847
567058
136524
303534
382027
547191
702432
756853
649854
519164
804904
313471
164945
444403
639479
744243
658468
449843
668086
713218
406386
336326
298455
923388
792945
982756
121226
819915
704889
490604
989848
249703
871628
126374
453238
253656
487531
155671
824476
137386
574836
629381
264823
553747
887750
718269
297991
460186
168113
780043
173405
388465
116370
285826
225820
723281
182549
247046
543197
701404
551616
533047
851108
423245
559421
218313
490868
946952
273984
315345
898305
662786
758692
977094
216534
646443
695364
328491
920595
677443
108535
994000
879874
938871
193793
105695
662153
276342
252742
205352
877747
704358
638399
642822
941570
111787
761135
432439
872705
849085
647784
684977
511873
320443
576039
542373
780852
271404
684831
701449
762814
693366
609416
642689
632238
703210
648385
294393
793518
715093
313711
585232
419452
766076
228055
361023
691829
803156
693462
564535
652243
255213
163480
978082
389622
639519
434422
170476
724889
119254
685891
487704
712621
295308
944360
258826
812484
506712
367185
606004
221806
580896
105203
455224
260939
147225
630214
852768
850381
237643
417305
416591
306823
394751
394674
596445
934270
729097
666921
659160
662317
266779
960831
374939
462088
905192
447732
188539
325871
714917
608509
447677
209781
613713
716867
370720
574904
347082
223490
425286
484726
454761
655844
691549
749512
950518
287995
597749
593582
768883
256910
255901
935662
217742
444806
311717
936900
706504
400257
262772
421423
908766
524415
445170
436446
241284
715890
911350
402332
753346
250604
787058
122074
806448
392574
771586
670933
580570
283302
264517
263420
440213
334384
113049
471921
593156
238733
322789
299662
452956
485561
535051
361723
823943
880221
612136
879193
510078
437453
281526
177392
588057
882551
199466
394506
275126
785019
965440
755696
968321
143924
833082
408535
378308
760098
694423
785430
898831
917212
985092
351788
316740
520144
527477
140684
314332
139614
919877
724411
477068
115371
801803
879091
897922
901269
273599
173049
600255
153006
742712
568578
196930
575795
791079
389204
249860
485503
174635
148692
402716
973694
400480
619457
407805
741924
574107
622138
695504
407952
260516
172573
423323
962319
865631
235212
777555
953196
308261
291778
106203
864939
760356
117099
354702
551436
320269
504562
850906
308870
553255
253623
282565
767701
687046
504337
509626
175121
126476
205132
483073
286992
191671
720362
163278
957302
769540
754799
910499
891767
946577
830668
756708
620900
847767
111411
986303
168037
515973
837210
290874
883194
904799
387405
650897
505813
791742
974489
580934
818218
179622
877973
919176
185260
512302
896420
142563
281843
565187
867029
173611
511765
697698
744285
946632
459433
755696
932936
441436
185637
770147
632310
968831
588913
919716
533695
994726
625425
508186
489627
443645
501774
367601
276788
587034
779903
173210
543564
875712
638397
324560
949324
964128
836224
693610
824727
209624
363274
757664
551061
448911
441778
997337
331709
930692
831020
679371
839385
456447
187558
329014
714058
503298
596615
890846
904299
290486
878022
361830
166199
430386
500356
929489
308482
336581
537067
133210
446206
714307
704841
811233
977184
146620
808571
308894
891278
553559
888265
730665
823972
889789
873645
538031
307055
470261
342844
211355
574713
134834
387151
554879
465220
787507
398335
673702
938054
835402
620879
298227
549710
325721
109461
526895
286307
731999
649756
177587
285559
451988
722218
109532
255745
595864
461529
462800
880091
704373
488121
368772
739207
689238
823651
118395
476746
221987
606063
328767
871356
140909
526995
335033
366630
536456
675895
552938
182422
239618
544491
281947
591606
180676
205445
661317
590506
566974
124118
384564
185315
426205
567302
738488
115444
390954
756883
406156
426908
276914
634924
212231
317823
161920
361230
498420
512342
851091
865324
594765
990709
409816
776712
496283
404458
882158
157601
808930
449133
995685
193495
448414
421891
660798
186904
351302
865718
757753
657458
206593
934667
206349
318824
166458
268269
494021
564878
680612
345113
430203
275378
335824
653985
866056
646073
958443
748215
703674
767374
111316
699360
774835
459730
935218
349600
546634
200487
215320
218355
757945
321913
153023
864295
454704
133447
946530
848725
598325
541109
107805
928528
716487
257595
582514
496511
803668
454924
244727
507344
136265
256043
120671
811101
529740
869855
160702
890340
970342
189988
108696
642255
411902
975685
420517
680572
109133
367048
443264
607459
722124
451069
449954
352578
608665
932469
749089
326300
301360
893817
733644
337626
963826
668282
962693
493567
538138
123396
383909
422448
127351
306571
964703
353219
282257
385221
933791
291391
566235
291022
798850
288360
556057
162771
540939
978688
995240
290029
304990
210568
997812
852600
448194
961640
520883
324854
369174
872988
262216
567049
295437
289567
773621
260141
542786
955878
459328
390544
161236
839529
581566
774052
941856
137625
836824
396762
930279
746031
500757
235270
856599
498571
987871
218760
374178
422721
443614
557318
295710
605831
124369
491147
795398
711956
565254
252152
581801
838548
542696
643038
678079
124264
331057
533902
975854
167882
830664
820100
813914
331422
955371
584480
643959
857209
703241
832103
279931
146856
389423
475642
652687
327758
866789
362053
853680
432045
514205
435482
184560
870867
892486
762639
809097
223545
296542
784952
205393
941172
605054
919307
186562
474392
503789
730521
331602
207031
562626
511533
167853
766015
887175
634507
907739
667932
810526
761420
913943
324732
110869
998503
109566
817322
675110
818664
940867
785618
517583
146261
726792
122638
879535
813354
410996
297291
457842
642598
318288
834434
968098
300107
600450
769240
834614
422156
437173
645141
997542
265083
783839
922378
263588
793406
739701
752664
612071
594535
538283
129655
554762
265076
966259
348264
892396
291222
545555
350240
747787
677809
184675
715886
877917
599092
399093
712532
835214
650233
271641
832758
815316
955480
669103
892870
662853
408805
645535
188891
903340
997785
132513
372069
176828
912738
620334
969225
203961
979855
233432
851748
657666
318107
481601
535584
731165
780695
162083
566381
430929
333724
313106
160212
203172
882209
867049
679991
291015
512585
768883
108322
510371
715362
294357
501166
628101
814691
470392
646028
794548
603824
497778
452215
735897
793345
801765
467064
488007
863848
847411
732902
197574
160518
793115
214712
942727
660165
794703
147709
986716
563587
969996
411055
278950
264354
812221
721017
893012
282614
367047
687561
700404
678791
953742
436302
472137
755508
717332
860145
619357
564744
507014
630897
625262
300130
745609
481956
774261
540314
443631
760979
917867
327594
986000
110785
491949
798222
731802
298928
894802
912815
886489
509173
591607
754198
759441
877711
509707
476775
651823
943030
941519
158838
487895
480749
358969
233505
776671
947196
587785
134270
622142
505654
361864
608143
430405
667779
320332
976173
866707
129101
888990
667163
538274
394564
421362
297717
272276
745035
674492
824099
688067
529978
882938
175963
824693
155874
223434
515332
917036
711220
549602
539180
130841
811466
961289
375212
393213
281623
351386
259921
310724
154343
827085
748999
448908
248448
946716
535150
807450
535175
359251
409484
879119
156156
485447
617780
125996
522847
133113
856998
148034
496681
396179
178875
222114
357470
368053
515327
539093
619440
675249
663783
587749
416301
412783
850623
478715
273466
385775
286166
622607
558992
595650
415694
529114
895063
933474
555110
417912
880553
412109
465946
377235
622255
458788
499349
879725
726841
828643
332785
260248
417859
896568
747998
734160
223319
598622
126842
310751
884397
313009
833359
357356
722625
249054
786470
531656
996494
255547
849568
877048
481623
229481
168250
103879
502235
481565
797570
229078
310209
944321
389326
628068
754856
951290
276195
878175
463880
303038
188928
348278
430013
836253
519601
966604
899273
306072
498261
895768
461620
261796
686783
843243
391278
755033
761088
707479
236599
558659
836557
446809
502981
139851
888843
257838
905107
979005
949980
368988
282044
952874
531233
526023
789128
950834
406594
602368
256907
804856
498137
532493
966652
184921
289703
271897
753920
950791
879377
890519
423417
629901
251295
826398
583718
140140
898203
488827
119146
762150
757815
215156
715025
289049
555145
418120
153850
861739
920488
224724
580562
332592
657217
461182
331479
846921
633079
985399
711679
426423
789885
135098
956325
941181
775462
454010
895287
587632
842837
828399
349783
514620
857521
878774
617635
412667
296895
671486
188373
131350
796210
668936
363942
367394
130119
509387
128282
577164
408753
739962
817554
198640
775060
687846
953787
550523
141857
849075
138157
798661
677475
301906
313282
448963
180682
830917
761630
377577
416370
763969
