322894
126547
346872
500802
393942
290957
910190
422224
682088
318944
976152
499643
331550
751213
187490
285338
215704
143313
948379
167827
841974
539821
283699
155257
888784
364381
800141
650415
555925
130478
328352
778819
157026
575224
279622
364934
680148
103779
601124
362237
236690
577278
761880
468240
242458
763336
567545
272128
806649
515925
253921
562591
955747
437621
531814
844532
702002
331956
408915
171894
362435
551233
764679
333427
940423
858268
598361
620572
862047
113452
882809
912703
590730
558656
294911
647155
235959
762456
819283
856575
192348
887171
419167
148096
324793
850981
806595
840761
996904
129477
912656
273306
580710
677336
506733
521134
449571
919060
141708
311620
846478
838483
224324
437210
311107
419235
898331
361032
995657
631581
217608
188007
518753
450741
150069
743546
215690
856664
498275
212595
886141
324898
385901
380818
816200
706600
801953
265773
539627
757627
477393
386106
510077
515683
637282
635150
748885
449580
896183
658509
981162
927757
746516
499916
378500
796586
157430
494190
567217
469671
520751
367326
694569
720618
648144
510770
427219
364064
676543
780812
121692
967902
980884
531770
397553
618168
166921
960404
967748
877070
618914
862877
804829
279398
362795
997295
889950
334191
405452
457168
703862
826203
638460
312398
460788
286606
723168
701973
550670
399713
482786
486329
281582
463671
832065
579135
895805
812952
539540
863555
690024
158456
726433
408820
251820
903194
406116
141771
151352
711568
498939
669180
451738
137401
881578
812526
237973
604748
514500
602609
818427
811252
902904
100010
274924
734970
493112
170731
547924
846618
848252
151915
819040
488652
460735
970860
305814
680817
112632
357166
392386
425538
840313
658090
376905
721892
384583
514878
240607
799083
931453
959034
524302
834359
873011
699226
569330
280090
683923
931220
126709
446142
983135
845750
748761
357837
816611
954575
938654
829244
225708
245007
254783
966021
717063
531688
601881
101647
860532
742488
714696
705952
615490
238999
540312
488502
752192
923609
582558
350082
768796
609267
696225
665899
455018
358953
923736
185597
227495
776358
914841
353203
921365
983590
233192
638430
429245
735073
640077
203744
391528
354775
809696
907018
407740
263976
309487
159933
187586
792045
410016
856382
401314
920207
522282
670298
279161
359986
755895
406656
136345
584703
573825
957710
482260
707017
510107
811505
356057
964151
829215
647586
232893
638913
468571
540633
802889
678059
600567
804441
470105
910583
574790
685385
744757
911039
269651
923918
271026
925546
244541
307371
424217
718366
179048
806477
339351
503122
531950
595408
467274
361166
156961
600167
814045
525533
140801
616935
203593
641368
335343
487664
465918
810134
987016
124642
635140
256668
948560
806166
996180
193102
927503
420398
811469
920517
226877
150821
423640
658827
560195
790914
833959
617157
391082
648006
956656
431884
178908
974215
887218
414252
375846
267104
138353
362863
291746
673493
433497
154274
393626
429679
161342
321130
664043
786777
241648
704886
837598
565289
277680
311761
270170
111641
742884
561253
573613
699541
807103
652521
673757
608288
966773
949603
689358
919092
226434
881105
506552
473897
849345
800178
717542
910687
121309
381587
697466
176924
900439
449031
556179
178121
660792
726349
103728
317643
201569
577341
917184
908672
229863
504908
430928
110604
368479
120287
843662
408879
901392
350216
782776
664704
150395
500320
575393
985670
695873
186826
162595
596313
535857
532740
588400
110617
259090
506094
328260
360660
897401
159412
183299
941231
478286
514227
865801
746765
534515
709464
969610
349874
959680
752388
828545
924042
166675
403939
909713
762548
490765
886274
272828
840588
419015
761229
765171
492071
267324
993432
666697
978692
966810
749997
919924
445097
178191
785726
105830
526672
495191
975440
690513
368839
641795
519059
292882
708470
736964
116562
384985
141696
902836
557814
882284
321852
319044
647457
627889
400334
554856
294588
379027
435633
944585
212918
780730
936742
898644
700526
377382
307803
589934
967895
576642
145696
400921
683490
754167
137886
700052
139153
179582
602889
596967
875832
738707
729977
437256
366597
130313
806078
561185
323306
241712
419737
436225
836409
270447
248836
450902
547829
456639
940836
515725
933281
986533
730612
616772
654667
768498
230791
607786
762046
733680
204755
551845
386354
748698
803068
652952
692977
609147
128104
916284
664826
447842
266476
415202
532255
329278
766104
980084
685918
620908
409776
533166
521408
140389
963905
176076
722853
194697
683862
484900
828378
702583
936745
214733
451283
653780
681651
144261
262929
709756
874511
741721
971564
954953
156924
503820
284233
736994
397871
784117
357903
707647
317284
779311
662002
281190
769353
384856
375888
453217
769756
118233
969766
620468
146932
335016
274250
728584
379278
351145
352307
167756
906832
237838
936676
963756
641658
134876
614717
853495
818993
872621
561143
136278
565899
223146
231435
335254
421968
507323
602437
191725
439522
572204
626159
486454
807221
714375
215039
100466
879486
381312
982187
786319
519150
918864
750076
974774
953740
364795
828270
686700
151383
303380
722979
531248
340492
854414
766502
662460
275704
282906
754185
615226
669077
294312
101681
390265
908687
130687
390731
788175
411999
286885
488461
745116
119717
238539
719891
887423
417300
462129
574125
382649
665509
297105
813897
906002
965485
494367
568463
241190
677273
236616
670382
346351
344894
672063
636616
253582
616716
841313
855723
842682
942165
344186
587799
961882
396691
221657
849306
627957
583786
423432
824572
249297
534503
638470
969265
499989
946803
537729
555145
624078
588311
225528
784395
833205
711558
421013
900754
328275
176293
756478
170958
118459
914630
572723
980341
225288
694381
743615
667211
278168
981013
491784
427465
515518
944221
396731
829473
891025
748427
298586
515104
336739
424114
213467
983911
949638
534480
884666
277915
524739
555111
262839
543199
383709
735563
437507
508997
429945
181123
990175
522079
976103
481960
849545
491622
426182
160243
235062
231175
722636
433648
560245
873342
671729
673712
857254
621368
122159
655887
713249
546899
210999
790055
904064
494708
439585
341572
817672
769530
336662
807848
291610
312766
203775
955121
618354
443924
929331
667382
575099
565934
101032
135345
439277
586727
623024
210498
122062
645183
766385
649278
106049
877385
439334
910113
286060
778919
165653
917698
462416
316281
639513
567992
443013
743289
437081
875333
187214
280379
542716
576279
746313
457714
525590
999557
944441
148615
210056
880470
607765
790408
529749
613814
581760
783049
437895
767820
561969
503548
599486
838351
633795
239000
406344
976808
882289
657391
852142
883469
837770
394859
459749
498051
752574
885340
497609
610982
847921
521631
491453
455687
312040
921202
969502
793800
704252
321364
475588
180188
724912
975074
832505
358708
128041
152817
249483
910331
710208
101626
707767
461946
310451
167518
859997
876991
866824
271573
487975
714746
693204
879428
170435
905245
714598
953903
613012
332817
275268
988600
326972
814146
877641
159478
986820
905683
212295
236304
729981
822504
151896
437749
284451
362347
505267
958414
239340
372092
229988
541281
900805
823192
334676
971240
642404
949274
839110
255418
196059
928344
157985
423031
742491
849593
482509
643278
755277
508771
779582
399225
331276
745444
736974
429693
921757
156209
388108
161098
342267
432062
516345
243073
255255
751022
128280
711626
700297
867390
867044
796356
795735
838995
133354
452193
688589
429830
995471
357833
838601
689020
657058
169878
348431
394034
413537
270190
450243
615611
245254
606476
947673
661600
749550
116895
412623
777830
728521
926886
559188
509532
637210
268890
348529
670564
535050
851084
100395
530522
208919
838996
133510
765977
822840
381941
160012
150344
552131
424221
665955
697386
930698
527595
358987
594215
458457
585576
372046
186979
512463
745200
510478
149674
828057
672973
720239
363108
524058
634600
793630
632977
473598
741106
398956
210405
123049
372934
260750
489146
611122
826705
100499
541821
268268
273452
136037
626725
759028
322049
627670
271493
881216
138149
235133
709274
711122
855372
972382
149148
403940
679979
682125
777538
421087
895047
801909
358102
181949
962659
661214
693071
703332
661714
148859
871600
749132
998861
498326
508162
234877
939962
593621
116094
978112
728754
639334
603201
498094
611717
652349
802034
291698
248442
493539
526751
957455
295449
698819
953370
258110
360034
560408
861442
835714
609267
647009
584848
522095
959301
906976
656973
899264
500598
587033
877377
143319
226369
394546
541413
652052
860861
343448
843750
109304
650953
284468
880726
846403
797253
834097
918479
971254
308473
779922
806969
731706
340898
305784
253803
300200
212761
724742
199465
527325
225742
890809
570645
266077
199322
112059
818130
960183
269474
575847
883454
820427
760316
764181
580797
557570
512245
499277
528825
720718
193166
249762
452426
434064
369512
520195
548230
396240
158904
647696
823565
284646
452472
308177
450724
551794
234203
268855
425944
403677
744702
309399
138071
418985
887546
532835
790522
399793
932112
233314
934477
939245
297042
386904
373310
566555
721065
735507
862795
779969
383204
600327
964616
649642
808505
415341
115403
942708
498162
441347
260352
156831
564713
298423
389783
452260
645224
180306
752053
491304
227586
686532
430550
424629
887402
617826
891184
608469
353334
667946
388439
550504
268274
353056
114113
976779
582363
129516
919488
894491
384830
993806
951323
849543
206197
341107
301804
751421
335379
867824
242726
462965
468323
573276
787594
355726
105070
592745
778161
358404
260692
166602
808909
428967
333624
736988
319713
729954
766505
153169
624446
965301
146976
489736
814845
253173
644809
930615
904595
880188
712406
961287
343155
180730
534565
130750
350423
453601
537462
128585
712005
698154
109153
434881
127122
256744
171871
260802
800664
752342
313971
425111
717644
360947
728814
446456
428087
373624
377072
246649
253814
903445
207937
410935
984175
556468
355651
248565
910069
793113
191117
536042
491269
200270
870923
432357
270980
856760
593159
971644
609103
721096
310723
326748
896010
939537
587170
324098
313162
864243
470747
380942
681655
492650
691877
665831
949119
861495
728363
859189
654609
819480
395232
959844
833716
180123
392203
104698
936883
799328
890308
459954
520426
201032
600668
330403
140570
187840
468467
267699
866049
839214
462607
547705
245831
968451
127503
194951
829947
755866
868107
484557
575347
177306
358369
323031
257429
650572
327729
108280
363867
218038
468234
698259
233037
882868
928662
187573
970708
397130
269238
750724
150311
631846
298430
296143
514264
239900
391094
344212
895766
259202
642735
385081
250475
901104
608112
407904
465643
749807
416184
729511
781811
698384
427771
914848
581254
356435
916388
465929
567531
185627
216655
617843
631439
329051
813986
145704
468951
119047
303882
278685
192216
760584
563766
342691
575655
985844
564561
941299
735652
794712
584777
517464
493097
912548
346280
888317
182950
262669
268214
564448
262262
384869
182292
793702
527886
810244
753372
896838
743257
957255
175524
835473
717840
553256
992130
207462
539101
556693
148762
188720
351406
633539
520150
658469
460055
680396
460754
456971
843065
628968
921419
919294
913837
103712
712997
441724
727922
380336
252529
471181
251558
242019
220621
783364
695275
212753
890827
148343
583412
939589
237063
834818
487096
657214
407254
761117
337611
768008
218089
994643
396977
139510
913938
224781
957187
540902
480472
685111
735204
633001
970258
886763
775021
190880
670128
384263
217599
560956
432607
701011
414513
569670
449796
801609
140851
757051
562727
292429
439026
680816
287073
736004
634292
114978
860785
591481
469846
341258
190559
119017
788226
160818
905780
563248
165664
575910
847511
283264
950832
194085
884275
365346
663756
334073
166956
618573
905090
543649
811002
344117
138433
912041
894087
672725
840985
754874
178173
224798
910098
268732
243816
698325
243516
149597
175540
309181
539473
837018
492445
490307
931103
290687
755653
508826
438726
736576
127401
343817
194192
752369
501901
232625
664412
395989
719317
505398
150864
711456
544163
874929
794155
687979
487221
937671
651542
476728
246853
191017
313747
553264
495290
158817
743952
164910
567644
182679
715452
509011
426497
809645
261381
828398
856236
825793
138354
489520
245159
189219
200978
603288
878114
895133
291268
279302
746771
756776
656030
893625
761759
783743
360856
257050
756527
104809
235927
324172
101455
851379
647149
341918
661025
808530
984282
431229
548291
122637
820749
607416
125822
835693
210705
903936
644793
401973
183240
391566
972715
653236
199158
734476
436981
460014
805492
107475
378790
941419
245613
380245
792800
792762
622163
367792
601293
606446
699021
963550
629083
433738
570967
654906
183398
595638
472809
728192
811577
470015
119759
784294
123253
218917
518771
374200
578931
324264
381675
857721
265685
527288
237967
872451
320051
674096
240244
735310
280543
753232
612828
723593
100937
997761
292466
184335
593401
665275
812527
404979
135292
746252
189274
972510
865169
522011
346711
358068
660242
542352
215790
739893
969640
267724
612345
203658
755786
666555
752934
850296
333754
365763
573890
334691
277492
766356
332993
770893
345598
959486
175873
380890
705740
179114
353401
570910
515091
514078
828978
175334
956430
858735
815227
840037
940425
427573
943695
696212
908095
610597
460475
241850
790326
934365
390508
967818
614688
537467
738712
860287
496954
728552
155144
202695
721632
322512
673606
236724
736590
416551
312059
606988
189253
941252
447026
943644
282793
304689
553824
190889
815286
914299
246705
519579
848666
451179
487399
377321
888646
226112
237609
385602
768630
206720
488297
490263
429232
975869
626988
979788
306388
753013
586777
395641
608232
847770
339287
791025
152460
793111
795880
781712
621377
942586
301292
470044
393766
602657
661332
196380
642736
712907
481982
411367
819627
784245
801631
248860
674082
342586
228650
880470
909565
629393
190078
517798
477164
343331
222791
443590
950408
918671
139269
571787
775224
254528
855797
982957
757185
517130
179338
399922
230039
475286
625256
949666
259532
340854
112494
747580
497406
155110
628051
406972
684503
632096
738736
161669
875427
775493
419225
739803
694166
458495
311591
383357
613023
981354
366315
370209
498486
445653
584098
542491
734905
209355
406124
808404
450209
418618
555985
847615
473728
998003
168554
972198
630100
721256
947833
419494
496751
367059
159298
104884
725554
284855
388241
252544
266211
654557
522754
578663
914176
920818
121155
649083
944139
427279
457488
394349
659864
827439
155931
947558
825443
138451
919757
369510
759707
867591
689005
256459
148618
662269
261343
774172
847125
549585
926717
927302
118109
363438
505966
932285
198223
527121
495335
142363
768366
852823
350678
342197
594230
406609
203723
419674
445060
123481
603151
118734
805039
206123
275194
767623
768392
350503
541796
529484
714054
382480
370753
732163
559884
776719
664450
658107
217807
159786
614436
800140
826576
865114
142338
420807
185690
246061
654447
530750
183509
257599
549485
802514
363722
638645
570138
946081
803114
925900
475566
517170
222348
660286
249334
682232
437006
813784
254307
468780
787537
768743
268921
614114
633859
225225
848887
719549
371287
503335
164267
368762
574901
527718
985242
752589
980329
555381
698671
783444
395248
988204
300615
517596
648491
449950
199830
985497
177701
268103
368244
865238
936846
537165
393319
484672
662391
242207
118189
847644
559509
182456
130373
948376
524140
115616
700966
504470
484963
399639
201881
780211
387844
316463
297809
850301
666413
311605
749765
658080
479708
118011
523320
330521
555176
730605
715194
131534
786779
733383
879178
346289
729805
823517
294666
253946
839133
809598
572382
324097
209238
588229
918275
411048
804692
216085
175316
385072
341656
825082
943153
721364
843093
380440
865851
312236
111046
581046
257737
797825
314430
136916
958080
944235
774400
252747
112148
613534
962346
498496
751598
985550
986726
669874
310566
791419
699925
385882
176493
855547
210965
119647
490878
868024
314053
356730
994227
325099
837777
251965
122926
966173
202847
981006
910410
877247
147721
836524
490783
924033
335022
156348
823550
235715
640188
134117
841100
340114
420000
917593
195662
444931
851206
586540
312957
165260
843270
307185
304326
595014
459150
327252
561189
561997
222225
385566
439246
183912
136057
743995
921911
371079
714309
745463
420760
354498
693546
261862
508578
113547
993421
518206
458479
758595
918712
585402
823855
675949
792587
942147
270965
165704
183366
646120
541667
305592
931686
794879
303470
967743
452841
139349
252790
167151
784812
573550
335615
478359
649378
744193
405873
642801
176366
678318
401397
995078
263721
139219
671029
870274
981367
755960
849944
164734
402081
391612
284292
333768
100459
401729
215478
453300
441078
368268
434418
139857
755785
670033
518216
319130
328194
738055
861931
404560
416374
177295
313606
580095
130481
884635
364336
111849
640596
214281
990548
856643
505894
188808
190412
506353
490537
219856
773619
831615
402091
208038
871472
157877
692038
303655
290973
920232
941711
966871
238759
272052
144167
452365
752148
174648
337001
930450
100463
791563
144733
904978
648207
550627
993786
652585
870946
484324
772442
644566
229906
174534
666571
915344
146377
358610
219000
337350
278843
974677
304222
417602
246731
262356
769968
812845
250970
920935
743296
165400
626466
701995
970378
274674
252623
964165
741226
937535
362456
427635
496069
492362
502169
162641
407707
462512
421251
440673
613828
514060
329318
732017
831662
476049
894373
515597
202861
145344
350500
760123
210744
876966
462120
995088
965606
528709
959254
706833
380212
235677
134469
776281
628039
450604
838922
849712
727082
174140
204353
340912
588200
433671
972929
333829
723686
781269
663393
826547
740579
913893
500637
765290
704826
862757
760379
670433
305434
633601
291234
585646
769278
239669
361928
311285
504240
114817
974963
231323
102923
179317
386201
591123
512988
273097
738918
236675
954366
316278
877188
608913
230172
377827
374204
748964
154551
948549
333365
273951
582151
438565
759597
265397
578234
935491
476682
896440
950308
451646
941730
953231
530964
241898
458321
857918
414996
111207
908560
283329
327485
785749
792242
371624
977542
980412
120589
946060
928963
353954
220012
511115
606485
879610
676512
998686
815102
967160
895127
679378
332774
750824
546576
763738
892723
904898
535623
307720
916105
444184
405015
157557
229935
197259
429181
121444
177672
449771
967504
920601
617691
187518
431718
224178
881094
922196
222865
610163
803324
931958
203508
136099
682784
650085
713803
575508
468950
249427
697194
299022
593612
102210
356579
637513
113435
685761
658957
105074
949498
540429
925675
567190
541913
271360
605334
336974
107524
728199
847137
810848
574125
864612
846947
256910
428664
474717
646384
797614
624144
343579
910602
217757
259755
181148
669236
187157
680875
242161
192231
630374
682590
931872
197566
138470
203234
616866
375444
210758
345067
136548
835572
733158
901160
596486
890068
329825
971203
450419
941405
595348
607964
852008
627072
767719
847123
296309
768842
527999
352436
861073
158375
935026
792947
169907
973496
810147
686773
262907
834871
845806
299456
670444
578965
200617
180897
383000
430443
152101
733419
285815
561415
341384
137825
188488
923070
884948
298764
691913
326914
551200
466954
385289
400194
173868
369162
287657
884015
955936
450565
718887
715709
650021
303298
294676
664604
384195
577676
995047
350262
225063
280864
811677
466447
232655
900166
303484
931569
112897
895398
258484
478063
362353
457740
778257
436221
726902
965915
234203
596805
330447
767056
312516
880468
970354
507192
545073
268516
898834
454088
518778
123898
548918
330456
404312
595539
144589
607796
441075
157486
417161
513525
535550
593480
871265
227774
929701
512135
107656
977870
108941
338103
744927
321457
132538
629248
642615
491578
797764
455417
759632
316543
393281
222517
460966
611559
718056
505555
133323
973097
477008
450484
486623
826524
943965
271856
868264
787633
683991
875921
765505
692932
127991
510433
828356
974495
139683
384938
380040
751413
740355
139673
967957
947603
176156
342890
559163
794212
748445
592486
681276
139420
942971
167900
865944
800903
339756
734210
588537
923747
524098
354043
530647
466055
678443
272970
440551
632092
557908
720591
383506
212231
674230
265430
973800
750386
508320
532964
458565
170733
939417
139842
210153
796355
207743
890064
597259
361465
538241
999762
199180
876305
267773
543793
342361
846216
716763
682913
392275
188638
317471
675781
214835
891702
841212
188636
642089
263499
535567
914621
334232
388951
954463
358352
185307
976172
248417
596532
251605
600624
596295
350785
476930
678034
794578
719291
438217
425308
316171
730492
427912
447609
320241
456714
339312
975419
545350
795367
238919
894883
709989
387118
283835
578420
645470
283108
468559
707853
693606
620164
308478
203869
870949
685408
781903
579494
318666
220122
818768
448804
764580
160648
796413
984821
517362
949691
960241
876678
659025
113128
771563
282982
400246
869364
761402
945716
966439
229962
653570
660046
750127
776014
763915
535043
375389
545820
928504
594055
579908
661239
856825
344489
721887
567205
243278
239250
516897
117486
115930
175924
130614
701459
272872
430860
570824
934274
290543
537264
978202
844113
197312
642296
534094
861227
991306
809483
321014
833777
317506
800922
495017
174332
959378
216906
641538
202657
356156
972401
134109
372086
962291
164724
973545
235164
409550
458337
983404
600094
809567
875574
358174
906879
517871
792269
682074
423144
601753
903088
256922
819259
617978
651940
807558
491323
768846
363063
507946
938968
249431
542055
225022
211724
606779
112534
260854
916330
470871
244260
430391
280440
119835
688565
101286
451672
394801
597326
688783
896555
500416
845705
629781
932360
411612
351306
423684
994424
528335
831630
933394
677767
287652
972382
703457
794432
984916
864311
624729
369755
922537
869086
464161
856338
557652
465447
221978
852454
962774
810761
662976
377157
570433
206724
223484
882046
371997
461134
876471
800332
206731
723832
392066
394383
696215
995523
188816
595099
859836
627511
864854
696340
496598
329016
552680
868217
608429
674658
634638
485170
485420
211581
762327
869819
318305
799777
751866
590302
260912
542305
304602
367643
180104
596668
662027
690286
592193
664809
285386
365996
206288
150241
962336
516852
379257
515017
385070
801652
103642
919708
286824
403028
131290
949151
272849
263562
662896
838681
667830
823808
294953
872432
105419
375058
383068
581412
965344
789227
160188
250731
155224
266476
214938
931526
683329
408161
446545
882365
209814
450187
716041
396638
753216
661297
259757
840031
824859
822653
678713
492691
560428
873667
279090
479813
162692
476124
961225
128037
265352
121415
192734
320576
201857
221638
252104
699152
529799
512615
581519
639613
776768
297561
850218
443951
858858
109976
283983
597685
746595
776663
904342
307024
650331
997398
686838
713023
473524
562030
655026
638876
583445
747760
773419
599269
783364
839489
298422
313164
266071
693907
852777
942839
891468
702996
300758
664294
626938
398707
175946
373534
175371
980288
494525
725702
891653
995329
352692
365178
557360
907718
818021
954772
569445
505407
554042
352810
258863
752464
565974
424934
446373
332719
281740
251808
849681
396464
730068
476621
695172
806014
664121
770543
700269
158647
410213
505890
967942
662905
771068
525304
570625
503056
480077
140071
822429
934119
392882
981292
600550
772822
320193
946923
105542
415900
112699
769190
712364
656733
245812
407537
376715
723899
178082
976984
696513
488295
482875
664456
151201
167911
189761
535792
484933
483804
575864
307364
417924
782712
202623
832441
555535
422817
693331
561078
738717
706030
330269
365048
362765
390047
672586
639480
927912
664634
530431
624426
966895
827273
202850
932062
809150
206577
467856
294084
590382
857686
415414
822272
640399
518038
654714
195935
754821
348047
570979
407505
954077
715214
672553
230809
919227
259106
684255
847141
823740
214688
385534
790636
855927
402350
636666
665078
508928
104523
773128
999310
862209
102510
821583
416575
434514
476299
512510
189336
638312
897456
410807
592390
526637
897326
637166
445866
156434
321422
206974
880174
350076
406474
584778
119970
708825
135411
599014
217754
139934
372144
217065
816109
374654
852614
232685
623134
242880
559161
626436
781192
370584
937243
287550
797222
834570
824716
157055
804970
960104
264029
685146
224148
484469
183891
244118
193295
133268
743133
311049
173202
929243
342080
803277
217864
108662
849928
740998
251542
409090
367435
932735
679675
304679
220286
390864
953215
858968
447919
758187
819073
611948
357300
943221
910383
355157
101307
103680
388425
658406
228695
375593
587650
384742
178871
705514
393404
928799
446513
544946
251856
627914
477682
745497
832593
511934
950327
699775
370903
398247
457963
189978
824161
629229
947165
734546
884386
862438
652192
186778
520845
780887
462371
108496
979595
541242
714010
373000
384008
974489
731913
449831
602404
123562
109295
348964
535497
959623
862706
806400
357871
234636
810344
182034
763866
671477
730546
562219
533916
382739
648998
954762
163627
111370
877224
957189
466579
505202
330190
664553
479692
876069
114385
896063
899632
937646
158994
435130
897270
921700
155497
255142
970303
779808
251142
734170
451286
881688
296390
799168
178394
759354
753931
155988
684691
631157
113178
151271
950325
343368
629790
430018
219439
644176
240048
933037
495789
213009
282134
393060
948675
337631
462168
918979
931405
613311
653150
382692
408966
763507
995827
487361
436828
663725
543349
121520
208849
556527
986756
159175
713861
616548
403160
747266
174691
543208
680304
570480
656217
862438
863540
518860
114037
325709
437840
945442
839020
904957
242102
161954
668465
151896
549315
919259
715621
906630
940780
824471
377124
927537
797612
904951
544086
200773
652219
618777
643982
246490
189258
214166
922895
866764
633026
850898
192475
884833
710307
845461
789791
766375
907415
372223
818271
370697
291483
533894
191294
232264
272332
468418
973768
969944
287337
517855
170719
839556
950599
628667
900012
953823
656799
736874
820589
203793
501739
827030
988626
212048
672492
778418
878423
493875
150642
696696
678538
342125
144557
769833
388356
316889
152218
362125
286834
339555
693946
271519
993077
644546
800186
807057
598371
370953
457898
332927
474746
859638
159958
463373
971686
732450
155758
850110
140292
120366
460773
718831
276457
505330
402631
564813
636185
454849
740904
823020
608371
434852
908505
515415
979398
622659
322473
491736
893612
680372
638629
368359
540011
698587
645698
425664
345005
701456
189741
385297
721822
550515
918094
898279
869811
320726
377060
505998
589542
117965
242985
111880
452817
151491
527295
346183
674150
663735
651885
567763
344108
290516
750088
698085
803069
395787
937715
148075
911209
127457
347339
546998
491938
265434
359245
361751
486161
550271
767749
889669
568236
910734
901549
835020
876191
342811
995169
464309
906546
561021
932072
164621
665503
596128
676672
468574
805881
614388
430615
631058
641846
677954
178057
133785
843389
351268
309502
243517
801539
977251
133187
283743
801952
848702
118764
678145
191514
927899
142455
998061
488921
888493
162683
968391
484622
739356
436966
204471
353745
681547
735529
809557
359503
727552
757309
202893
978821
966811
260376
694327
858030
293563
878070
659983
956231
810800
338129
147746
738700
294550
959773
141589
183045
122458
109981
481633
675780
360913
500070
843491
942460
235600
567016
215930
777119
324326
232789
755941
205104
393165
450269
963134
500694
242307
623119
456926
953107
775214
418639
605775
969765
378413
647364
966776
400871
571311
448410
890617
746190
762447
734110
602617
898047
301127
718548
675167
439419
851337
345075
544523
244504
609311
421625
559164
665584
944744
916091
618692
633925
334731
224468
517657
613144
685798
484434
827982
171076
746811
632566
731232
509259
366677
333851
321273
481770
866365
810407
735155
631669
155483
279680
690139
578760
515271
249305
244345
460016
165397
677004
907907
314094
801472
425566
741204
401238
810000
483153
386280
470778
115721
117514
880037
296364
351365
201312
592101
131697
911719
327257
663366
881168
420903
353507
373896
836174
502812
518241
210157
482175
109212
118066
610235
724651
443632
265406
125890
167599
648560
412170
538378
578247
343650
332382
688577
595015
433694
280679
626712
259380
507937
204046
954515
742806
457553
328412
578982
860365
660619
689139
256507
669832
621171
766742
394484
878769
932148
334340
946369
494675
560476
398714
972922
804127
631096
575467
313109
878757
756146
753788
138138
178050
857834
992653
820857
229354
235032
399840
989719
709618
902945
160193
379451
524118
740901
587901
316854
587016
736207
177190
981692
210650
475904
868581
914777
107002
444049
141854
799725
200197
795642
837863
192213
567443
744484
913070
696797
793482
226877
600483
503101
129824
660676
782552
467908
315544
284420
684762
802560
834593
675919
784253
945244
151824
566802
773988
972791
910851
815842
772517
925014
525451
524348
117229
992894
182799
930299
603658
876281
971143
204142
379384
100968
678784
975902
382842
894328
174290
881570
610856
908883
557490
395110
854128
523281
861912
628118
496073
686731
357927
182558
611746
783379
606906
542941
690240
689705
473242
293900
479953
444386
312008
759337
359320
804759
649207
556128
613054
723497
437699
223911
632381
809156
432988
400477
332438
208867
842561
642477
795598
200489
725035
321312
883868
245908
764253
488076
835613
151462
681976
315568
409814
807950
888871
669134
612710
538079
139229
225766
175543
390895
263643
707925
200052
596631
922368
346456
619465
764930
802899
415064
865419
527936
550342
663255
673844
314597
151332
423425
366059
647274
552959
675874
369191
355797
258975
881902
793877
298205
921634
869420
589100
999243
491312
603118
509842
327647
763540
129308
992577
566440
444372
771964
908342
808681
349186
496154
123279
314484
819579
303304
775724
286505
793144
144916
542302
866086
840784
250146
164292
676385
933533
567358
675630
338812
984442
185473
566460
747983
214781
559038
314424
473119
244969
222768
281801
494155
618922
219046
708639
352468
336317
484364
452939
129462
443247
895241
895548
284032
959354
873806
860418
892888
355131
536049
231701
339574
535488
698161
987557
650269
171167
215949
937354
316136
252683
219157
710292
771605
252169
332898
938039
488486
631229
390979
431915
974476
200187
327464
258509
159542
115238
932893
952430
370369
382909
184133
609944
818397
696260
511468
382633
767427
541383
319989
983564
694066
353112
607823
465672
505281
754687
317678
807734
385917
608657
239650
360394
708845
467114
432870
768387
396318
365764
634785
666688
648674
632884
190599
381038
329145
516033
663672
910539
957417
883661
894104
651484
150740
415894
931123
556021
170582
248802
277722
456500
671426
417372
630860
294238
698453
877696
876591
994771
157428
511377
575426
620068
958227
579991
901106
287374
996025
564779
197914
867409
362407
905984
518894
327113
321879
363984
697101
306427
426753
874823
576893
998179
292197
207755
206384
890650
985451
982975
799388
142880
408320
374816
576914
366548
854807
478022
467888
764799
856767
565802
632209
133142
385753
965070
360255
521598
329055
957356
728026
655808
832181
304920
567954
938344
326641
674338
828995
226060
571281
542350
182906
879601
817166
659821
246150
585941
137844
528005
264707
894611
907773
796917
927753
293528
761988
201976
715126
991043
159333
357119
560819
805480
562040
128774
743825
702647
703113
486787
828707
274395
929138
911614
967962
660271
571436
128079
160179
523246
556084
324887
417858
463859
121805
259579
571353
697759
275521
286480
688803
334854
457566
163589
140336
833572
192364
698127
536220
709443
184916
364929
797804
114055
190510
765767
588292
575912
707812
648472
999158
263898
787325
330983
541723
809130
404528
113077
420856
580049
213523
923625
728870
571089
987215
769206
404662
179580
381300
754849
702989
466216
119779
500794
394237
124255
180528
882530
600167
788340
444969
599326
866204
232295
830309
407928
855391
234839
421005
190214
628854
534529
113840
357725
919584
101056
940897
324248
994601
322199
979097
697591
688415
912842
112352
982653
851063
192880
779150
451231
795187
138086
864523
661392
184347
694833
969321
853704
743638
304293
943918
286460
652788
957758
544185
572374
872781
485084
796622
867383
707283
689686
564976
309665
602529
491294
206285
453593
584175
885435
718790
379363
837487
583314
854721
835800
192114
738009
689505
749719
942303
547390
936179
595092
505150
480365
981432
291898
779415
778055
159282
486699
381708
538224
696365
798203
929519
802650
165763
427661
602053
784553
620990
353507
281834
475712
189309
287915
127689
778814
937634
969992
326206
787780
479051
645322
268146
460485
837220
947562
152507
810468
348228
348182
348694
944593
146386
192180
661211
212150
519841
263265
810669
140832
516772
992504
430510
606081
194386
458199
298863
132021
342158
439035
819801
635176
984357
901913
909627
735544
763442
876100
546013
111672
224283
708673
870231
184636
800853
531443
210752
320695
608674
921421
275493
939413
827892
519970
459461
922278
792135
658324
868265
134295
997359
688067
583437
895683
503948
493065
631228
267391
369166
991208
279063
407416
699882
963261
492052
500737
494705
602804
635398
917346
438192
724858
856760
266086
244829
316222
102331
936964
788513
870597
885225
785873
472631
468663
595524
876579
861728
226753
143972
144862
217962
237001
452278
817845
200263
758296
232549
508935
275067
767947
340248
613259
492806
197009
693311
637635
327197
695643
488567
115711
566241
373793
801585
852838
742457
397110
729419
518152
437829
687357
563014
469758
824358
829258
287604
838588
501521
334119
261490
676588
102067
501738
203815
408840
512713
797126
946475
739910
492770
349009
755622
872977
622803
471174
725817
279227
682250
369203
697379
934045
956560
174361
403804
780919
817585
505374
533474
233074
739493
608930
723628
741561
110669
827443
964367
437348
624571
910843
177260
931307
173820
746848
804286
696623
131989
444070
789816
714239
713273
401162
562251
669834
389489
866056
364720
207076
285397
712161
254116
924891
321092
877744
580419
245728
705189
544787
583076
243727
369597
660336
175035
443417
321151
793287
954006
353140
237358
657789
881345
764597
958952
443598
434432
348442
309655
613119
369484
495052
325281
523600
333910
546373
315312
814329
692101
920501
273083
189145
978194
542681
749481
153230
800064
884599
846518
668038
237740
897842
325828
119087
662441
198747
462685
910839
447190
586306
523959
630640
895324
663206
968207
143202
209581
283520
771497
715648
117988
944581
804793
996182
401229
468242
963378
115260
352842
723863
683298
404548
621707
823093
337601
198115
921840
700286
108955
282997
200559
446881
727604
909850
110088
695812
953052
219669
793298
724550
749284
725252
583098
468044
635401
884327
750252
598780
813554
917060
236611
496853
321610
758318
233913
559211
856433
155755
173465
779354
252718
187990
226236
880322
997840
236325
490101
864859
269960
283400
589411
833210
822618
172510
301256
458020
870804
951508
870767
684359
868570
107379
995178
104147
679663
229093
563358
450063
198814
550789
143384
265498
638780
269621
145822
636621
319912
449889
501482
403838
633290
904859
237050
369875
891335
352272
727896
762140
303781
512630
360466
986317
433975
269612
990464
927604
398705
467790
377668
411485
832545
421052
576983
471326
504639
622805
107949
724551
972695
423397
942356
519952
328257
179407
703793
133559
431679
431690
709666
549426
758286
970132
449711
192262
239745
354142
119867
452416
635898
311501
763901
468445
546520
254852
839771
951159
691623
761686
589678
578285
185084
532035
912203
327307
525408
615998
274833
771053
861654
884499
234446
619942
768598
584157
626170
822310
838300
560004
274727
474199
685471
852595
756610
231992
921413
596383
997118
613037
358070
586797
191324
357121
932798
103528
498394
372173
619526
587193
143227
395148
471693
277673
915090
240293
761831
455227
876569
514098
829197
965262
802263
514670
817858
558875
560628
653238
969224
557747
266277
241261
958510
271567
412348
891309
275095
724709
263483
708588
311903
220676
103737
683597
398350
832793
737856
974147
201987
614426
402212
845151
579689
118442
359822
311515
491283
734416
864753
460508
292165
944996
515736
164642
216564
828084
955952
391660
552794
133402
914214
678664
168045
831917
362262
466395
578677
914084
354509
594630
442477
570687
439782
836132
589129
699604
147648
980413
347988
826368
354888
540153
771365
770624
518761
887930
512676
474714
193557
965470
422083
921737
558101
404094
667621
734329
770489
246299
648414
938964
740929
904857
509652
180713
740991
912747
694283
702605
893161
856237
442940
162017
310357
214307
746607
729119
916203
259284
117800
923726
138722
439883
759430
596823
743977
427052
331154
428433
487317
793534
281364
228247
698393
604982
222926
439385
517731
731176
955956
324859
587414
398898
300842
711738
427171
947450
440858
257341
206735
458658
181068
245457
712508
840498
656247
370452
181517
887401
612852
568834
594902
794216
611047
293296
399200
647940
546647
730897
379117
502605
869722
780497
715469
170566
492236
142641
118017
833094
299982
224752
205720
295016
284176
818228
949480
754389
188681
130998
555757
701533
599832
150660
409717
124846
343957
622883
672786
704570
353781
865869
207176
223504
646368
736611
294070
952570
779252
312087
699632
893200
350806
805352
188217
448948
537547
137698
203338
626228
982661
659095
241729
496460
709755
551446
521307
867678
174330
194094
572250
342077
959964
593392
465581
520299
330005
573618
386836
923223
699671
986468
816425
864443
705787
818608
313392
243335
770273
330696
683530
752935
889791
825259
163363
513514
290672
584670
295159
365002
678764
767409
521045
552695
274769
800592
972994
418740
374211
359832
341964
887849
260267
972355
752293
866055
704931
879652
923356
475205
210349
606887
142107
914107
346113
205470
427622
536785
690140
622781
715753
282872
304158
236799
735567
478927
851358
622529
711633
225570
796327
953597
927385
956594
839920
679680
736616
544852
473299
659974
920057
583648
180828
876130
497756
340908
981601
739344
777693
585708
276093
407414
682546
480251
544213
332081
773144
395572
854610
484778
435109
650938
352342
276461
521499
106229
770107
258117
551081
243407
732057
385105
641022
812885
261237
138779
153794
156805
692090
745454
642513
868183
152869
239027
262401
511048
471108
849511
720587
325719
334290
969662
790623
500598
246124
312123
506828
916232
470240
871875
973605
116264
256982
614628
829150
332185
567374
796910
388990
259465
456331
845469
127649
509200
984496
204016
834215
455605
953527
554803
595290
201784
524466
299880
602382
584556
512004
923176
500789
796210
795053
388362
812475
866001
902990
555592
198187
470365
266469
487177
629830
622801
246613
571445
945967
145077
675461
780183
414648
542955
248953
909939
644739
587385
209820
161089
171943
535790
898231
486698
332002
607251
775060
958443
473253
678052
514036
571440
962383
594471
872583
592215
217273
933163
977626
977207
978240
567055
671357
392889
110011
820311
216795
568717
407697
240582
543772
393606
676372
442004
780305
822340
949256
469332
780784
336476
961350
208787
721883
923735
703259
508433
429917
734498
441597
407544
625672
333804
788565
297031
540660
712543
117343
657455
281261
339006
798037
638999
632613
388377
981003
412919
210718
844226
782251
891503
994669
743603
100291
716553
581305
617516
224987
911222
265982
480551
232733
791654
628321
921299
988685
168982
633843
919994
726438
729070
259002
438442
368070
791615
726819
263040
118501
837538
107268
800752
643008
101938
458322
557265
632457
853593
988748
671410
764816
254731
965927
897550
860351
594250
818850
763004
663232
366660
682999
303637
995730
755967
556046
363801
547583
282866
526841
566084
934370
448075
280804
491345
363979
553092
862577
896436
406687
851326
481814
985469
920023
447742
883020
780375
941992
615837
457346
605226
882497
140347
722829
792194
796314
278876
155996
257865
375709
496804
637915
224046
844879
818719
615392
122826
285779
477970
833228
592466
243263
315043
491902
163287
662786
374924
757628
604779
890761
214976
123972
687226
169289
746802
479421
779569
839644
449384
937434
215354
846188
489317
253367
605034
308037
768759
541826
407782
160696
375056
814214
303959
590099
306118
281212
166852
581042
938840
585598
385770
153817
609570
886962
223106
270339
366385
816642
923950
629735
668043
139305
475924
157361
292672
894924
365399
875397
436752
587147
850059
625774
401363
154019
215874
607481
335231
196693
102490
188039
682291
302226
241856
205828
103156
278929
376168
283507
909537
214085
813242
577581
253390
203133
634943
360029
912023
814308
149393
348776
401456
899453
874550
616785
867438
904391
138233
116637
101085
140723
204676
597342
256916
260498
703170
260072
353393
893304
443579
262931
107390
170788
740513
174747
273921
289423
434776
185945
103732
398135
348688
405188
211555
137205
921974
978994
855562
960207
909597
770613
914897
928239
367956
985779
188738
971127
159818
356098
864432
417363
432995
871823
488151
173509
946570
576038
276898
295313
575949
280630
507414
824637
499785
618970
861843
335726
511931
631372
209900
421529
401987
938763
349769
669943
924543
352473
555037
984361
608571
419471
315691
941567
205261
703842
929042
965797
279881
205942
261111
755831
386572
582491
494435
700323
201462
270245
936049
613393
801618
145951
934922
203606
984714
198658
687515
823225
451132
242554
807587
959703
475991
123280
901271
581252
641088
744281
461016
734936
850223
536093
404734
150762
118585
799169
751086
220048
883381
687136
647407
685000
647053
582331
702572
545735
594955
390088
368961
946087
446608
176549
905792
822599
113795
721030
317818
568850
465312
678834
303787
229502
214928
522487
280265
233514
235623
845317
353562
119005
446420
814935
617971
993474
397267
234510
539210
892223
524599
722137
752277
785173
712652
658070
607774
726448
293068
825592
209265
658380
504428
327018
701849
533322
749505
796080
666836
885128
641398
834364
818100
987818
649301
350038
895259
860534
484549
348436
666724
909148
970573
419003
608288
683227
891039
216063
323642
184108
855622
346873
656455
274017
573891
358305
707339
323397
154386
374177
122492
695784
122508
754558
597569
671809
104598
406796
446311
489147
569198
113036
312262
539773
432039
820550
136967
237046
850580
274575
321154
706203
521448
877609
880220
995339
235915
501526
232703
290301
775703
169161
800051
798212
823720
311588
383988
742284
618384
730299
231432
187583
743336
357660
541322
989341
992176
578289
140354
842757
752864
361509
548961
188279
153085
343148
183619
289001
744675
316322
393268
434345
299450
107287
146524
123171
318875
430513
765455
837259
974778
810853
924842
632081
982479
380132
535390
974656
858421
575744
817415
525253
837253
280343
613532
890339
523492
611118
993306
182134
741406
300541
516479
940856
307828
563004
964027
526703
807483
643449
363963
782262
368269
202773
328311
350749
482905
763701
325407
255293
339446
142823
594512
990666
323166
208046
794972
660624
633130
702245
742758
374537
902786
173205
315395
210616
550175
193389
637319
357659
736839
815249
953887
919074
831988
196165
269825
228860
859866
495232
298119
113280
452021
792632
917912
589153
814644
712885
249779
447775
415131
806503
722312
231884
879708
851673
342500
343850
945063
793786
601509
595869
523002
469364
514944
268957
479495
598735
397817
339363
993967
509902
266609
359955
302535
184522
849109
117180
797407
912854
464955
126505
633324
101235
172355
427000
852908
414856
670850
711938
122609
272361
307808
459577
555691
636719
628534
935186
235455
840317
188516
143390
350220
355125
403345
552756
439647
166421
483902
151021
893241
762824
991491
526567
764059
163848
853567
530934
392670
524418
242874
329245
610745
364648
688822
980402
901367
317357
829556
950789
157675
832038
994179
321861
187165
311491
774617
440778
291879
172487
405766
999086
835311
311224
525654
513337
375072
293188
944271
581708
631573
101112
810953
156285
365761
499776
950654
181095
631099
780211
131885
602740
612250
126065
824602
613381
251523
513186
868126
443402
585673
273893
442489
334951
485117
782110
748288
674156
889264
692561
169831
520838
693673
794751
491090
873400
294528
441745
954496
739594
135923
986381
342335
648173
926413
980903
175522
177937
408057
943648
435305
893730
131508
691760
228683
430591
387837
876971
918713
277103
483499
988545
611907
991139
783297
102998
864540
891791
444743
819037
545352
394632
719386
701654
942806
645800
682558
932294
637703
990615
875943
886974
798313
907451
578735
840962
252009
780539
631900
170724
957642
929366
159270
483516
920506
756533
486515
785047
562291
745224
518052
107645
139858
237439
709299
896630
697205
391858
828925
248875
296441
618835
135850
908720
440253
528551
749683
592262
309091
295550
662986
180700
224917
636222
564217
145424
392756
950732
744438
855048
609923
176457
862693
563747
227862
485959
460378
739033
777817
203270
887908
888224
722105
837724
796945
162359
366276
460595
568588
489334
656146
231575
570034
695029
681764
134252
654420
888486
984984
312825
743535
508875
389282
520195
972622
517144
906154
346968
170144
597939
450238
958052
400130
172345
795777
197077
148670
976019
471638
617258
465354
941750
662800
935389
636781
258531
969641
205168
147018
868593
417993
704520
291435
707275
138682
264058
138386
944837
511026
122496
456743
861265
980548
756873
847576
690292
767916
810212
666312
239556
341438
945633
995272
818204
881023
632054
976735
764631
651188
937719
633225
969181
642240
824660
590423
680923
902685
542775
539727
413712
565271
896470
188944
459786
567310
850486
150079
249194
574666
630358
302716
816104
575992
297989
548275
457016
744010
525011
221648
395199
462731
668840
364382
918938
493501
768771
599862
310153
311548
139590
623866
690785
850026
626776
150573
331303
391230
114618
480497
865896
644976
597179
595967
220969
795169
144243
491951
539180
483220
527566
748345
845951
196407
926693
678856
503874
695466
278719
714028
820980
232275
251861
511766
896267
692603
476305
227572
897799
490924
522035
763696
135901
119216
359664
170837
814385
403907
476754
267532
701093
904320
915877
461012
914693
842572
139869
332535
452005
318589
860529
272986
364830
926356
598718
261099
532926
975024
388671
430727
379915
810706
194424
415816
829922
368055
400619
558274
585928
691340
725806
287023
509627
555651
648035
424322
312190
687904
570823
578161
820459
345319
751147
185291
271676
263832
346390
618568
238857
635061
949295
432738
359734
957686
748555
103624
325742
963140
561898
811670
654481
201672
912659
164110
571289
560695
402398
783479
162567
787187
275607
883026
132507
926754
968317
218149
104553
228674
736717
157377
763735
686014
490115
937436
643701
152637
941060
783409
115779
502959
509046
584226
518597
421707
562302
989886
796368
864700
687332
858935
565854
776905
655929
598361
703660
538213
630476
622180
666888
367195
679557
344590
867175
169673
282027
510877
222311
223088
208253
152056
540014
617299
550248
872577
852972
112552
776431
649342
791218
377730
422244
357074
154637
892139
769401
672263
430354
399879
294444
997242
667074
874001
255799
534250
857641
437827
859093
893918
474881
881312
859940
828861
498612
410189
701440
351586
422741
391838
814894
213961
669568
151105
385001
724205
943245
154403
396470
373600
368248
504880
284809
935322
292849
354574
383539
150491
606367
156599
858375
981249
937911
718316
724077
350491
128506
339484
516043
365214
631322
330938
393141
300892
296009
678142
839063
239255
646511
149500
426821
914760
554381
611630
850083
747230
780171
147590
711687
386539
118155
570063
367789
956067
202346
905833
220525
230852
245318
636568
410032
776641
781472
703173
891499
977481
381316
644529
216738
927828
694030
457525
842589
162378
969156
606639
723574
663294
568195
349228
949833
586351
733257
231590
456385
835603
137424
576910
880421
282742
127445
290455
873349
808917
893628
678815
786399
188912
237312
817103
930706
745308
274630
773296
807686
157753
293902
445227
721047
676064
694455
670881
262416
427713
716437
532767
263317
753861
923643
957704
850570
951088
248160
637886
760006
955755
316703
460372
144668
454015
191443
975374
199324
366073
662637
820976
337792
770505
266204
872805
446570
774625
457653
522952
202339
174092
955719
279622
827953
879363
237327
592490
744418
385488
230378
504425
255210
361047
778764
299878
715062
870207
189219
728352
150247
751856
463295
388039
522362
543465
174811
782899
318091
532464
305852
334396
520522
175539
514018
262443
868868
565311
754933
613288
850799
799277
931679
919975
160325
710444
219854
689353
580652
309073
417706
630899
874895
694967
832904
397259
238433
821681
180159
370490
268113
299977
604886
688635
375516
118905
851078
244386
584217
519979
671640
348983
319257
603320
268960
379583
313766
302780
968936
708384
425820
300610
253251
300716
809543
900121
597975
947977
721804
592100
232434
889917
792078
737321
492519
981560
670192
257565
225947
168376
677544
797587
417360
810767
400909
500286
104317
528641
617032
973254
237026
942852
187831
390277
157536
811340
290400
655511
759318
912204
161579
805719
716088
767623
543041
208608
749184
213234
366173
789098
195577
857683
500652
426903
668452
715527
827189
672769
244169
358188
559990
295162
215008
647821
585439
272544
459163
689805
742021
132448
515976
803600
752133
232065
485190
295175
340674
234376
322376
520813
837440
417953
378498
338093
744856
946950
953621
486012
533686
111757
658166
993677
306919
773174
555465
706325
945718
828594
396131
687741
775009
812108
405308
527143
944173
790499
722319
198814
838841
858661
533594
676282
276615
812092
828341
835437
673009
781963
235416
206696
707687
793582
200374
914606
566758
655840
534898
426443
484435
831030
928150
259445
557105
333460
686589
501279
937925
322875
514060
690733
181537
947654
367016
272118
673713
195358
921521
346723
791288
156938
453419
498976
850520
467760
327549
331245
123601
762448
657689
422002
507445
499806
495414
964550
647232
995969
379796
499124
318845
707822
189858
314348
655477
370840
400432
243157
380165
321954
403846
171454
292858
757266
484396
957344
138993
625911
288591
162594
302326
760246
398562
709771
260053
793976
674322
721252
789946
954119
220377
922757
661942
310236
237106
231387
581076
451504
288510
861241
673458
592357
846661
780282
263590
245024
737628
302583
770936
926219
279143
973262
600432
577705
683035
674451
285649
271324
395704
889561
139410
516082
812320
615319
640284
863392
660672
135327
314898
849182
810535
802322
355506
657197
582606
519096
802222
320235
721679
487125
160421
900822
460388
660853
392495
957389
335305
578144
142681
544976
467706
182091
961058
193993
697410
515309
957386
272049
550636
272285
121233
361172
888573
376739
918370
471180
709802
634559
605381
431482
935650
665802
246272
310005
240622
538767
181362
389894
930877
224043
834870
398584
306134
709895
492578
817511
225205
363931
989560
589807
536216
924759
850980
338756
215466
683317
623903
825268
231843
229285
170717
167494
709054
316989
377499
763642
669722
458861
153537
600600
496870
802373
899185
703005
512269
305730
434483
551440
569661
338010
141249
919843
176737
892229
258600
206169
489513
696469
931437
621356
825755
916120
688850
448776
233111
880315
212419
802833
253144
179923
403435
650014
882296
216587
266986
308533
336283
601469
759973
805944
753446
715188
639754
830183
607418
712320
936352
910897
408791
781756
532254
148513
697877
221105
497289
744954
915387
523674
461755
168532
603597
679156
718546
485895
795743
885533
694428
945992
400969
368368
751937
154416
983557
305658
798565
504942
917978
734918
415841
326770
430641
848095
375283
128520
883167
772572
687440
798555
210214
149196
781053
713811
728352
499600
113673
438062
299100
622067
384055
600070
890436
949958
654486
787960
255617
453053
206869
173597
101938
436676
400367
346546
198739
589617
289032
981906
276156
876472
694428
386370
925669
475482
100183
567988
789048
113856
906051
988149
549890
204073
588220
440327
154033
156673
142254
309650
423692
163089
297213
339597
499766
597581
586143
598505
101165
775175
494378
277321
565614
188807
563692
491284
478255
563875
873239
181270
491697
693257
169420
941587
797330
571606
295881
851363
542246
252101
974980
779904
315191
272194
933467
714957
683741
519611
227429
684906
208753
621807
862228
674368
624580
425921
979618
102836
803762
852858
998071
209426
546116
981458
964980
257414
467031
174828
108778
909277
326930
983758
603149
456087
255954
536617
171045
753661
870195
298474
438569
978948
734247
214764
653317
358828
454651
632937
275630
258414
399762
273702
281806
759845
255161
246787
917259
622193
321616
926037
445437
462512
823763
862552
818599
893683
399171
803610
647345
269367
916050
899880
248316
650298
114645
715600
909126
469296
262504
184757
541676
562266
358459
723483
236078
427587
784236
153338
949780
919818
893342
309184
296297
717106
171738
114897
524756
470909
818507
986067
554242
734558
885949
616524
298823
814560
332125
207950
283858
494629
292707
639500
870862
465133
276950
106941
792720
961187
160280
742501
794972
867588
865651
991270
498661
937389
920133
923417
408299
738642
823451
776507
387167
623367
393033
585991
437929
625158
607907
535753
933754
714581
175254
804617
179715
352205
725524
872435
227359
699770
528903
922331
567359
394555
913602
966020
245912
833737
803404
468177
486346
626857
244686
687479
250225
537719
187437
502120
976843
609311
937873
910598
323893
113129
629182
403608
279300
268674
190010
406659
868444
532879
328991
349771
741400
156561
315792
887312
804264
933163
355491
204577
473987
500177
706022
538178
937896
707426
940299
828706
316738
878173
739306
540631
805268
282455
758205
984568
451129
848215
305194
233541
295061
534186
483312
936461
504713
613070
823775
222944
546234
179267
241487
920221
493410
761475
458401
345273
468902
398701
173980
599606
190841
727252
140238
810076
909708
712409
794645
274804
474591
999840
408345
669652
447993
705623
606115
766672
318695
343857
803582
678895
337090
945069
599118
730500
620511
871485
975773
989414
184153
963719
589021
188960
690973
543226
899036
514648
255636
693683
603418
630228
607490
825730
213847
869449
531354
633928
636122
664015
877785
353671
342912
214876
212707
755996
759342
733218
627482
649082
636599
625601
612803
225622
714561
217743
582814
613599
632391
738450
221249
149776
282645
642705
875506
310459
512155
406862
844387
962243
884843
636140
315915
227756
664982
342588
797718
424326
975806
339167
973408
612407
864768
500178
651995
493297
617921
234810
920862
164279
787226
142112
214056
883838
598783
989562
194298
110939
310391
852651
887148
195236
488792
203064
236958
967741
445652
934677
392068
335425
273845
365477
847832
952580
679622
413794
445878
297544
548604
366741
361824
249798
408853
475880
133637
907636
379409
141901
832541
589801
808518
719690
599003
211278
736720
735961
179020
996338
584605
471088
331764
758451
650531
993563
711032
330154
407358
970876
441665
855963
337618
703489
919727
560437
993335
953364
382040
372745
909231
214582
862546
717750
748238
375516
829028
484959
111479
822014
395264
510050
293103
627028
268502
757601
534558
793500
987755
841917
764377
429421
611847
101996
946876
531575
476399
940212
398906
758439
312959
308138
786987
989471
839854
535226
364989
668884
834151
290434
490899
143382
700484
597969
670411
782953
355571
204970
576454
257293
860853
254799
500681
472701
170761
447558
904276
547161
301738
303183
219567
428663
425287
906555
418135
265143
355748
597090
834027
103867
787524
238893
147249
401976
650828
631626
184930
906399
650563
575350
977659
511417
730149
392307
884119
714877
739865
702362
262039
855569
819512
381606
284233
244800
202128
516335
409943
457877
113426
157937
461744
714917
210797
422959
930859
761625
954586
115790
581992
605150
505106
473618
930533
149223
765925
728619
764100
419757
430983
840105
275328
164462
135678
459561
309262
237807
789862
533172
595684
803289
505075
871394
432173
615872
294354
363033
291465
162907
292789
687423
582023
697895
161042
512558
747118
826967
241178
425185
160691
486127
265291
336019
550589
300970
609547
759852
438777
399410
206991
848427
116666
612066
633788
448839
227940
828142
625838
333371
805016
818627
920794
387040
516524
895802
799598
177609
636736
940777
502795
697427
426905
582052
933447
877495
783022
456961
551314
135766
670337
658305
798159
687004
184338
431948
949809
226244
174058
575649
459615
879074
308243
294376
266115
638733
190179
879680
716343
726915
734424
133105
424344
975295
615157
271758
766757
312147
542685
318072
261879
213023
790343
960039
713993
874682
305954
577770
914892
380012
967385
374509
173053
275629
568885
339169
814363
659065
132816
530707
299947
767240
477778
624291
742536
906901
710015
509295
219049
252701
641333
294895
279691
345644
254935
893684
220327
374855
471455
949185
654868
438841
323695
727921
528437
706547
881056
342801
279579
913872
687474
479526
595079
165253
917784
337617
972154
541766
660878
105171
694468
302212
300066
874159
547856
368967
681810
582149
557788
153267
531336
212657
406074
668997
754545
834511
375545
549568
991278
469090
463442
678753
848617
872487
657972
680368
124071
544094
222135
684949
463231
730569
887162
577263
518695
348985
760196
200507
745101
317985
167740
276438
344609
473814
759401
999154
222293
948913
548723
127538
418004
826131
706292
180588
698620
278231
760956
722691
636291
797058
321608
999522
527628
122737
576786
860290
371722
250949
960797
116824
468935
128538
207228
713544
416318
866630
626665
452577
815544
989354
480116
147515
729453
100375
228104
428074
278606
803026
964731
814898
514051
286340
728387
941680
223043
219141
715937
494766
370090
676735
425556
652991
619239
446751
280502
935557
227348
721133
302102
856858
710489
682218
904373
439943
682593
132478
681983
775165
749471
560681
504030
263523
660988
146385
119170
784031
265526
735107
192764
449582
411843
432287
916540
845048
779038
197043
694573
906386
732143
896675
763245
356599
578894
667619
696542
175454
614064
292492
764585
363536
667139
268617
441025
328128
315002
460196
926126
394494
195304
118891
658042
421114
451178
574583
180129
144183
585593
774702
950569
317737
671378
627781
574336
164239
209368
184845
153659
723432
377337
818245
900934
858442
900828
341960
186572
129797
616122
926664
424291
625393
859521
982333
860473
224667
470884
940602
268850
956477
715306
133387
274215
300651
661168
662517
278857
770536
747362
332516
493969
938665
964727
308870
797108
865556
464797
797646
895353
980919
638277
233611
520279
497800
129912
380753
622467
500796
321357
791317
371240
850629
824704
545455
965246
399840
121939
244104
170377
769301
476621
478313
621933
355315
687183
333008
220873
965946
130656
930192
860833
582899
163805
381113
980699
107683
575833
603167
422445
711156
308452
693685
561786
947122
153107
440999
346963
175046
585104
417341
758313
875691
795654
380247
231007
396804
527221
351880
362752
471843
196040
223586
954743
173811
418665
935443
181494
894498
452578
503939
519621
661030
197625
895373
608153
250732
336374
855117
239744
821478
272459
898057
697170
882079
192271
828177
278884
619492
994024
455602
991336
104031
493154
860046
177842
725786
795490
173302
620285
248069
577241
139908
809099
588832
849247
331220
653530
185622
186338
793274
907100
272763
605298
518237
968808
611535
346416
161659
231028
254407
517262
136331
258438
824382
810343
250246
550169
605835
323548
984421
667870
800789
938295
390937
303588
787543
622157
771084
873166
622461
478325
780267
709190
983623
298506
677999
595159
458888
653624
640153
527261
170887
590451
599665
809236
400795
749911
359406
820596
973459
343828
402434
688215
282124
693371
891803
969668
229495
662888
842835
751956
141214
537069
375113
938803
649541
867078
447929
108430
520703
902048
449657
505557
406466
949322
314794
621228
699234
574200
441825
672694
731995
744259
360910
914119
351597
166680
797754
481092
643534
554556
147015
684748
991626
422128
537518
641168
289207
885447
563565
623877
787497
913222
129435
107930
776512
258195
629158
475747
646361
970984
148443
378357
629210
323319
206444
794774
390000
904198
275867
933534
458756
322883
532250
364349
558977
969768
819483
662151
769183
297015
286029
470647
124205
229430
478577
800717
301591
107737
276465
847952
892687
238874
226311
435864
376160
246721
230639
666160
150920
320473
513661
423642
457322
859877
601957
916299
743613
421442
578451
512797
532423
678446
797410
556628
721842
189954
357346
923433
197691
447778
771387
904344
586652
811664
254176
862812
958385
384815
442939
923271
519254
770567
260881
876576
630445
762838
792877
288025
998246
285295
700822
530671
777708
412199
901265
499551
502154
258613
336952
513811
520357
108340
418157
920975
733970
572333
697755
606322
771114
140695
443560
290370
725228
604441
980912
355675
367281
773790
543700
279494
873052
158490
710165
650761
384655
525398
150313
786809
597977
387265
214588
118335
309571
446711
939310
857507
833010
637066
377796
604125
591728
721357
708461
316957
325799
689375
486598
507046
377132
844265
686541
164151
816721
310673
714912
201377
736071
679192
802153
334049
880423
916741
266350
103962
363453
205662
861469
196464
656694
239267
614555
248423
774590
236984
379347
100390
740325
679911
421403
931423
524177
921910
995575
340899
232584
710488
356243
782622
389681
158397
116672
184072
889104
196989
188034
166524
302651
949503
176954
773311
102737
605475
835701
777327
742459
215049
691684
396751
794960
927053
328176
233105
848964
323752
474004
981548
848206
644213
678137
151855
616576
608776
235927
505681
705765
323961
486171
908416
187431
563125
595694
190169
168602
431396
781462
811061
546445
387113
207814
255373
314167
349956
388478
163132
573708
676448
958647
335881
320663
550751
387736
837239
159528
523663
256888
765293
661590
643059
587676
749022
206186
183372
753157
188754
514768
448586
813781
875180
649666
835561
944519
863833
185518
246964
840932
573192
823412
713546
809074
958041
264298
196811
709248
323827
534441
866136
903086
109998
423162
490764
759020
443314
488102
426144
532068
902870
774731
345851
692017
424398
181413
550503
202198
266932
697467
857096
654090
434847
570643
463165
392889
648908
473943
102138
786701
822350
782240
603754
832348
205404
994518
505336
548718
482621
831480
894753
299459
520178
240605
805442
758542
322018
355947
860741
402916
953414
631804
957007
388262
116415
334139
595118
665323
708082
511222
365991
530433
293464
869745
276749
312834
778231
682085
675518
174819
513566
570272
288244
933745
624843
993687
606254
846862
263601
380962
163745
130982
912767
934718
419245
929182
268859
828329
508472
876941
339552
774463
321342
446982
644209
498091
573782
336407
180177
249302
411227
507709
633540
599471
355421
258385
593159
861676
919213
756760
242639
896924
787743
969372
831644
120955
898555
100504
763250
407028
791411
102803
995457
926719
363752
553634
338777
837534
790041
332920
900802
201269
740630
534344
700741
910017
606695
207867
771694
439875
778594
828300
336800
480304
711639
168445
415225
610196
982914
178476
831190
774327
181279
740615
615013
445031
294250
853791
196533
984291
186712
997335
999527
827342
531680
614235
651327
138376
722102
423022
478251
500697
165289
629018
794967
776929
697463
210193
301092
594345
288669
946248
282639
283915
600830
797652
628946
795080
651444
725479
693339
738157
722816
606833
479466
168463
221069
130794
120806
843171
367783
413023
257836
347038
942041
952803
937933
553472
162998
152992
147818
265633
913207
330457
449548
514038
942075
892461
309120
593521
531907
816425
245645
168690
423259
625111
237154
544328
569872
171926
301466
751621
484949
373268
998659
340958
240039
850560
708396
217003
903552
670180
382636
816760
814603
732185
330800
756679
624647
453886
350201
156555
270312
409812
225246
507537
848890
276366
951865
418763
348292
167298
170385
647207
440567
983010
802131
580606
833571
510528
611575
737125
994674
894211
467852
809278
540363
698652
565959
165011
966504
730126
135533
150783
953905
174745
558320
802796
351111
424152
221560
513369
491451
205911
160577
745984
188922
776675
240557
836460
287204
752132
573586
195846
560310
941438
905124
100675
554058
385050
165686
520563
929143
115185
485313
883049
189930
943633
685846
441041
367787
721372
768376
673204
827283
828954
333155
830171
605630
473712
666632
706800
139811
240219
802646
600121
995624
621738
600796
463649
906788
580449
798178
749898
595634
283492
632948
685565
227127
232761
940572
408880
854133
622916
982084
595383
451871
315240
425556
871467
602918
992188
492234
642729
146375
208848
156817
955965
730586
657614
419615
551341
238064
131760
301241
647664
229219
748155
247196
270312
794883
101736
579192
562983
624652
475243
158368
890489
604449
483924
761957
121334
390079
168158
578029
436454
277006
634846
392420
821558
292461
626001
372901
344491
571728
488108
892156
700947
150230
953318
871259
759079
955054
364418
322064
579707
653627
380432
470197
258077
678322
146121
279411
968401
214280
757440
318823
305252
306253
611243
126812
412681
151212
313679
657172
622940
615753
463295
237854
579949
416615
109114
339030
371670
287498
561094
765344
841125
755492
149508
999202
347781
195630
192580
316183
223876
763986
535006
343094
970239
960216
283872
382921
925394
497551
854060
548335
927270
317356
686189
507221
547937
609269
660217
733574
796767
135278
412885
637893
790770
462393
551062
138552
558023
557608
268701
595865
321595
703708
838960
205801
577891
122833
402689
503286
434351
256750
865587
275588
388072
465743
682809
749976
975012
256993
397517
685746
292271
710402
237606
983041
172796
602634
935559
544786
160243
204262
140652
295804
721936
879612
315571
213794
816412
618260
617080
164730
688976
482668
340318
891015
848411
837094
640992
737390
994087
938509
337103
286360
562878
474709
269402
635674
977343
118929
180461
951552
223191
135080
247357
759093
828658
462928
872887
645071
895155
489968
623767
584132
786602
864086
475148
548980
701181
930106
200337
695269
868616
437440
881629
345461
726115
964998
881136
703459
983927
875563
568978
121085
824609
630301
780178
653269
993229
567032
212307
802351
870966
736075
386485
657569
600162
761633
120516
215310
605707
220853
810579
388290
558293
606176
633752
284409
571175
428855
801834
469069
304419
370813
404120
129030
901114
184299
596265
808310
565297
708572
610663
436264
444648
811114
993833
858776
486714
114350
974086
992421
235203
698633
380713
607462
304810
914465
791871
689951
343321
507672
972986
461706
692451
377107
404702
593566
375372
900967
315843
840669
523507
740472
276934
782121
551587
184734
640899
938302
199084
528952
930724
248253
227586
311438
669681
346362
139870
375519
850279
297157
783191
823266
658864
475643
200374
963566
883175
475746
778501
199019
316416
302009
839492
493350
984130
305046
578084
538996
243349
591134
967949
988040
653353
109502
213445
323035
355865
253316
512520
206145
450473
295712
929412
923303
585321
943752
800837
468497
419500
579339
481483
635916
695314
320976
943233
679445
439988
435284
218443
583338
840385
100359
571379
493739
109861
684824
630741
279692
752106
143262
299804
116547
252941
229217
939850
738262
986935
740688
206761
406436
233994
588244
856319
829308
723186
713519
422721
163175
148804
455130
560479
803155
455489
945824
210862
379316
630650
741603
559009
296723
698831
758813
313270
765738
801996
253122
504002
702898
807776
524729
109336
941771
926939
779621
685046
564092
493141
107768
627267
455911
462898
101714
259068
732353
947538
283896
925636
492155
839465
484646
688879
538297
157426
902149
218003
773388
969237
622005
476287
777015
960700
399589
632753
887640
993176
317800
451733
486318
239535
892966
756196
516399
894680
829230
248754
756186
113127
988356
248342
852592
473003
751187
304856
444395
653338
422859
131750
536542
858830
422003
227524
733497
635559
760277
621138
628736
892044
886837
929021
945545
693771
685218
461945
502418
428415
524665
258605
355508
513022
320914
122067
799991
972101
326923
158353
539406
563749
190103
975949
336546
426073
117440
970044
961632
777718
505149
590369
583729
391988
519391
529275
899725
118576
805186
402144
360957
329853
474716
616465
656841
695630
638532
456834
581698
779422
429153
121106
343172
519257
911021
493684
759296
928461
463729
720929
620146
868879
225265
203876
174834
644657
547117
974559
577199
266271
376704
752123
410090
665386
368589
966931
361017
821088
337732
842716
600511
666886
777788
757649
100110
688810
251334
759406
617272
529030
394302
151386
397910
519567
169228
472744
978190
530312
361270
555391
696583
637974
307515
106674
303362
490070
887571
478345
225125
139271
235028
639602
706157
912816
311218
620233
515593
376519
293606
132867
805549
587908
998218
117426
107476
167447
490170
985667
597759
751440
455025
294343
303381
576506
214983
420709
880542
102556
799055
105669
141827
848049
645271
661950
760867
856490
282184
276461
233010
389756
223294
852525
877664
221513
869951
799106
288961
274088
698740
700686
925528
153766
895030
142876
544238
923979
463586
424782
926535
176608
344417
882328
924657
803654
544279
599491
660145
640429
689919
707121
930185
813213
473613
721816
848693
343565
520924
951620
517653
219665
652307
357148
187398
461304
400025
631636
385285
677577
870384
311821
668151
128768
108117
592809
832423
466362
106268
406535
106793
696187
113658
850944
509401
401237
486728
272061
644803
907652
223682
976422
941283
689956
333572
128682
151261
547563
574285
436546
225141
444670
562334
793292
473439
484417
300068
305863
850779
306336
526364
857572
816489
540022
622484
325892
841260
109213
411919
400030
830831
535602
376453
772115
225559
610025
800798
190786
971554
375084
441299
196696
633720
903633
803954
921125
302017
917989
140955
152797
138292
567320
824336
854782
921308
446821
180675
676535
370000
406560
976565
200832
756128
266986
872947
795653
690977
587712
886440
662533
862796
327740
673195
410484
145340
477151
331610
347357
395141
286532
400154
433433
753852
224491
202182
675161
485278
196823
265664
755278
503384
156196
770076
259513
323182
643025
955167
914160
230738
841608
576694
907501
983314
249890
231952
942620
541007
377528
289978
750114
564060
504098
997514
231879
542556
199697
721007
841800
296521
886671
511046
613871
942867
281123
773384
180017
738114
728552
994177
782819
484127
484838
604287
467442
