548694
736239
324029
903668
113768
427973
567749
491795
746038
565264
623674
288595
578928
258648
944361
775449
959285
455408
303287
902154
636532
976671
896137
288613
705225
804281
971432
103319
289120
575720
384728
651780
311960
608757
469415
239695
936731
937165
545456
682770
416396
983096
785331
895324
241746
729693
584740
201032
999068
788027
917152
549567
764700
813290
738180
383892
617572
709614
387211
720658
285335
585905
286406
411262
194664
655821
550957
945361
506953
996413
628132
823350
979510
327430
718675
135223
871089
303417
236256
870158
905410
967374
419726
670111
780666
971873
867969
312205
681488
169148
846830
780789
655053
947202
192052
663683
516990
556975
609045
923944
553389
151144
747295
446867
292540
379937
482090
163631
497320
532312
847755
402732
499688
181449
886809
194321
153323
754780
320492
734811
737894
167323
429567
392948
928491
521620
870598
445483
978595
479644
369428
445952
444755
930689
792819
637295
224593
188876
700926
621914
535155
548683
838612
934843
630132
725422
943130
683455
394169
263623
332233
946029
244913
575766
338979
173405
997386
123544
518888
889949
503188
702282
335902
847943
632972
942687
399206
757566
131564
100133
293447
566719
462782
132060
415529
992914
671448
272626
590336
879584
436250
736535
825614
495129
312303
978559
482500
223656
102104
815355
113606
419259
517638
349508
181169
964577
206162
480375
636110
237727
394475
829557
618412
757257
775583
847908
664139
360998
120535
168442
240583
370751
804978
880164
765880
931247
858724
248382
154904
774795
877703
982476
194055
395342
245951
189190
273886
352114
569566
809996
403807
864041
553520
922219
535265
243070
684094
199405
504069
704630
267848
558618
975381
886792
352749
655229
732006
211475
717577
700876
800236
595281
683353
808257
804589
829305
897447
978476
181420
467014
788473
399193
245022
255961
321413
680288
399031
819474
779693
717066
524105
861507
189652
413453
748300
442401
968682
394273
467842
686260
995150
268079
281542
678504
976336
986132
421776
873785
878575
417162
254766
667049
716355
399789
736976
851735
894043
136009
671210
673737
753075
195316
535246
756693
508769
197513
199096
477453
491787
566938
977679
486938
648984
173189
979408
625321
973287
401186
413073
851863
632314
481806
432879
348671
695561
169857
200407
589605
205866
771617
177309
772907
780899
526521
443568
289669
624035
542664
581088
929788
109603
472735
330693
572553
545924
224068
111842
433178
525254
424915
285042
971535
720687
531887
320207
416249
601744
420614
819820
621576
106198
897130
308451
787097
423652
652019
976766
861653
108650
471822
791442
932218
844557
936101
504773
304448
160171
516615
637626
499391
755496
736634
470927
476185
182488
691134
706400
684233
925714
440188
219776
931912
337319
342193
719010
574937
808178
609744
436592
816828
981566
142001
749048
740090
978103
253822
858504
138275
670437
410097
451632
425934
146732
822560
716085
143186
427661
422487
727419
353377
762675
761162
199256
913960
917321
818267
488898
725501
341978
739456
542330
323545
781458
205345
877601
759562
359167
736106
711803
843570
146204
977401
183472
106902
713928
799557
150088
141591
136011
691474
308934
712652
366603
408190
540579
283925
140424
929478
909426
382402
668935
365724
519913
364360
385035
397515
123923
558169
947587
649692
401740
907757
541061
485212
914659
254990
198737
964748
296581
148714
570189
505515
761367
836792
727672
301947
120718
682062
145392
844111
964465
628294
123802
484379
892654
408837
695861
830544
867006
557415
394203
182714
465174
835264
481892
379834
990255
580629
258549
286837
629344
728738
606319
304678
479497
247958
420591
500216
830020
465984
258294
794486
994278
196062
192833
800899
504899
702660
631444
285873
260076
925648
282553
625250
760913
664445
905085
751169
159042
977600
851973
602352
620306
458293
720996
999803
606251
141588
500020
350238
421538
572280
144726
415817
668342
151525
130684
987208
754185
662128
187048
914261
587777
283567
453479
262658
848012
272531
913827
821020
250132
679767
337339
770438
138061
958335
770243
558278
999924
184230
808517
335429
570477
767209
565213
152786
732700
595897
139995
486886
258026
141009
315114
659770
324576
668593
822428
986555
755090
650222
807576
819189
329991
958882
589628
282018
917218
273838
654263
831109
272035
376747
166540
656478
143957
631753
709264
776657
227651
663226
177510
299643
618201
306590
859413
842778
789150
595808
743300
544241
159998
464843
363431
389989
423726
767026
485973
254912
854830
140237
986021
940831
416984
152562
597310
374907
598281
220542
965530
725932
697734
957006
839542
315936
263598
698956
972680
952748
294766
715981
410956
354764
180826
674388
558719
418518
355381
858658
573430
210212
898896
559453
965010
229847
525981
476287
418721
938229
596829
298218
578128
294564
255226
417671
424467
418824
116629
397148
285539
225361
113131
596495
394091
107923
270884
766776
340407
440231
625435
813838
464410
438298
287258
429421
568146
627205
805708
800833
565435
402539
999051
143565
511069
254278
461236
835536
487068
391831
232686
672607
431158
159783
183070
725249
981671
267920
405992
322079
608152
931428
135918
972562
369727
323176
401984
751839
764348
207693
552673
329784
424198
465692
287315
749234
619970
648552
584771
921005
854349
631423
507579
285509
605172
590649
824724
586844
758570
230718
808924
366723
162147
758808
339286
345840
895951
555236
911646
660300
576895
464320
890084
815060
743978
177401
564295
363950
639919
963032
198922
494269
508423
606501
593744
113596
197152
418470
600441
769688
463154
323332
136412
525301
982140
289664
685107
792058
658866
596754
452359
235762
875041
256411
864788
619020
247778
343050
796936
787697
306084
895858
195933
628473
416327
603644
642069
513479
922114
156477
283168
385269
293775
233546
724536
189883
337176
323610
881941
896042
820365
334302
945770
609373
404679
810560
228394
552457
153611
839297
254121
273661
649122
264020
802134
965449
767664
444205
392895
603745
414648
490029
802980
608424
623575
441483
698307
860751
665094
580249
670760
399426
728517
616532
908799
133197
341059
951159
585654
394670
790457
739775
568332
353547
817762
370467
318997
585427
628638
611893
189174
857253
101923
806120
465678
539465
247605
977951
314183
812699
558201
884944
212126
200686
415443
934891
233883
656502
800017
633504
951172
504442
287246
433471
757989
105009
617905
976986
504403
160510
588880
593577
917763
504770
313664
297408
944235
461269
275360
258419
187935
733562
957329
214027
748214
372773
148919
882097
929275
762903
429568
794415
267346
616815
141853
925335
535790
659758
816288
940193
634235
319136
447737
551999
723906
661402
749408
582108
122672
924768
654493
210608
572297
611824
324635
320512
884597
287521
116577
727840
950424
446145
522256
217771
876926
478075
957072
412718
137835
773361
352912
586036
906463
700650
138036
630370
362053
701410
126445
298691
626180
680939
323265
112444
292764
547901
246923
991327
649388
177466
719168
599813
437577
155391
631550
314505
533467
502589
541189
485268
189917
794101
971304
996381
408718
109341
540718
670771
624718
567164
783429
164865
248104
106695
177309
440868
468562
238198
432196
117951
315664
965331
531730
653242
120723
977246
781713
554190
393802
322903
853424
483720
117005
824729
480102
425724
748037
834786
910461
372756
401951
607857
437621
550055
614553
428896
804889
897081
567095
151053
828999
696725
116385
360730
263934
137108
251944
945647
505265
545746
268551
272656
843432
199523
997386
237501
439213
659390
972288
263641
846112
374240
771499
283734
738262
300019
526596
543152
197101
907657
508171
926100
604384
524556
200798
682284
475631
266708
627933
794862
626420
710450
967518
383820
723939
878871
521321
977118
538262
407576
240761
384375
681817
826226
482075
334046
940211
822638
691164
951278
730296
199337
791346
248647
623893
806110
830932
913490
972818
372832
708353
513205
983282
675873
797025
621189
468711
232314
598308
906974
539890
653035
205316
135674
393228
501358
369720
333440
323997
960885
198686
868259
974188
890032
116908
598082
696143
761806
511574
582928
134639
133894
996133
931887
623733
707126
553077
992445
839440
151387
813386
379331
618388
918702
415006
911617
334027
598692
159024
471990
559578
257710
340251
447733
147743
271125
945816
743886
846897
371357
240781
881536
319217
236916
813424
842951
758008
280469
835397
597449
331856
648784
790746
764210
481453
119719
675828
715481
618412
734853
187472
991956
892563
341689
439691
940307
426780
299474
598160
273678
484797
738942
969180
704014
789824
696572
546966
461799
877041
382364
959248
122864
931148
663961
787074
412603
683681
462904
942050
302094
111724
943488
208017
904287
285179
547708
758561
611959
747182
270689
699604
231980
823597
668785
835995
613422
365358
296928
975221
242400
579293
848436
179230
424408
512398
866305
650977
110046
243176
593028
226106
254900
536518
334124
973153
635663
781832
645682
161589
442982
816371
761193
574962
639969
429980
324924
167358
609304
435819
956545
751705
915112
804982
830935
253487
231347
611207
804465
155360
754383
311460
281466
823249
747978
515590
796404
297608
297424
356053
359198
554372
172425
120392
129335
626360
364338
268226
693718
873643
604045
650264
539315
433124
369213
284217
586611
414526
709391
305043
469886
463775
516504
651353
200992
178449
166944
811362
376058
278334
167416
549222
732706
239841
483580
676008
680167
661885
758200
373886
535529
276212
838116
888810
523302
207330
986993
923879
435822
696385
228924
805709
974127
645428
457063
175120
637843
437973
886482
827867
530274
953898
377090
262981
107706
674637
752955
687873
336523
511156
875725
686018
687368
713842
574829
124637
735138
561823
948517
170961
172176
177442
876670
146304
636836
247700
221424
188646
499640
921872
916514
929914
875771
207571
192896
797443
782208
845852
485317
118732
270975
361043
704750
772310
888851
193546
796947
623990
569336
745465
694951
641512
736873
485589
687816
373710
633289
723206
462357
132930
645079
292838
876810
434817
400409
969707
232261
182619
729526
531544
115317
900501
706553
634034
672812
595405
727580
383727
219396
210883
129193
728313
752395
766067
213903
354178
953743
661159
891350
330067
608055
450396
522905
484867
699179
823315
454575
745406
819900
998067
276951
835217
898569
797470
383218
485349
392876
924765
683042
512272
135649
626201
240587
702011
306235
268456
870155
259980
829615
761507
490047
437672
125870
826919
822539
725050
650235
191081
470457
470136
103115
561375
219320
815650
358846
502539
214966
565689
341271
798008
977961
376920
424211
132515
978931
630446
214938
849088
704392
944553
524562
108407
296192
550432
835326
932697
189449
399528
937744
473873
683630
940859
849214
802950
756511
208061
219456
871477
673750
460727
669487
565679
651614
993698
512160
630546
538111
627098
393601
242505
485619
732129
164878
681811
196529
900204
614510
285978
299733
552255
573817
883363
493116
423032
600280
163594
445060
633703
935071
932776
908396
604559
498456
560011
512224
824583
104525
864302
451682
312092
920773
751267
944222
985651
433080
954717
799822
861556
154662
999555
413812
628480
796885
720894
951512
311132
784488
310539
844835
719561
243317
753233
238087
555739
227211
564278
380323
231736
428581
645972
443829
263321
397240
302018
248973
644286
256736
948795
505843
225364
862317
819656
753844
659203
454517
619324
784301
152973
829863
629138
686500
973180
296338
824587
442887
423549
302832
637176
555286
545379
283149
813081
708700
494356
929065
771639
138643
999767
720435
544487
225132
582753
278110
878977
155923
546593
412268
840225
599566
242132
383330
286067
129280
579668
924621
472167
903217
141420
109344
372470
586800
206460
999517
209467
514782
928583
881107
553425
928351
601543
911878
967450
998263
103955
846428
968152
550549
172663
722344
964081
314795
105675
164116
258041
499309
902703
544174
316494
944123
467485
502930
530924
573945
502449
640392
902693
344999
435466
456119
187318
937009
281965
154769
849239
199886
815163
817393
564401
887826
453704
528484
116588
373346
506566
274630
772655
409270
718804
989149
353394
186290
492081
698285
574201
808496
252644
476895
153496
588110
746981
154780
439086
842912
209549
288327
942798
838678
919686
507201
726505
373391
849651
743094
646737
356218
831690
333360
665488
550495
322510
832848
550752
628557
531134
938919
351020
683778
415816
404517
185855
162798
459297
524942
819676
482813
627235
762475
321492
546922
183643
861964
734279
933294
605059
381018
203479
436750
614378
682933
801211
750854
515783
265930
293379
860883
204851
544399
458629
520667
762882
544484
497431
136147
883392
231074
518960
510628
893549
654418
957550
977193
516383
605797
824454
935408
886815
841900
286125
415160
524834
987337
979980
854583
167234
187326
715468
272085
631726
988063
606718
308575
532548
918115
258688
415942
149190
677648
826570
942740
246034
698088
833900
576383
303886
572321
511793
104668
328188
697918
333794
753023
599222
227741
521573
666457
315068
151008
752508
760760
139072
359228
969335
485587
277344
228025
801529
240501
719639
542066
183242
779639
154121
831108
356024
271973
317396
767817
190607
545585
379702
424401
212575
878925
552143
548114
459349
681177
599123
211858
441938
638195
385052
325240
123783
476363
367231
739278
616864
900837
195312
614072
680477
163399
445181
850467
335373
576543
618285
425980
122129
811954
750382
148670
604846
216492
596785
964195
797669
195909
990019
153574
648070
375073
378814
585820
751436
646046
239065
368301
460850
334377
796339
141328
397777
241521
891796
547116
632030
424048
873096
654160
149969
537445
616796
654815
567903
213582
532977
365573
223457
522998
419147
771528
712037
611928
357349
377440
171941
410380
559707
532791
644758
356047
488085
856501
497568
293848
403618
129599
617897
190681
597725
581832
628127
214523
236649
196031
242071
669626
375571
365529
192625
608684
137058
718628
220613
308373
996068
292554
618753
555776
639311
177478
811823
127398
933979
223358
321246
251564
166924
753109
342246
578615
334943
870373
693138
385558
880370
749176
955184
255942
114706
961776
764627
965729
680405
799206
188069
676475
905727
706822
232252
545039
698267
858042
486403
546213
981400
621616
697778
148325
288692
853990
626941
437601
638330
234046
723159
518701
883222
592311
588610
897928
554088
267204
777624
234494
966410
865693
724935
872138
486483
771154
331145
184751
629197
717548
544930
610598
253131
242709
658924
441824
910665
199832
693391
548996
333878
416552
881664
131068
908863
384241
842962
376918
551445
620588
425378
517856
486282
150315
303962
872765
821469
535107
957516
364633
166622
502448
875231
319754
559123
448122
575544
383756
547954
268936
746718
695799
499454
628383
726867
322284
912624
569830
599202
378036
190419
838547
795893
576702
802828
913821
363434
538264
448929
320952
802897
429517
637366
678129
563237
110456
126253
138782
308178
488173
221685
954897
183973
535105
583281
724806
757390
409873
294638
270559
687909
299023
923072
397769
689691
725901
311591
953126
264166
574486
188045
967063
904004
725411
559160
381208
649833
499379
333957
858012
887552
455642
812910
885492
804713
310158
610299
476070
533997
718903
560596
135874
917927
483669
347609
607619
209572
559201
474712
287704
947653
562757
168735
765624
202135
627895
146834
751969
127275
380791
523948
914827
650399
250825
714286
369079
374949
238553
745150
808947
857456
305747
844821
689350
603382
106397
210937
626920
479564
585649
814625
427219
148408
883360
106810
250543
511256
153644
816478
452497
348401
254393
281291
812766
405218
895578
181847
680168
134132
826997
403082
805554
946710
161870
494906
550093
168267
519809
990980
547832
105459
805606
789017
967832
602933
795827
132343
928155
849472
762787
380653
111840
917181
561944
824607
236366
371489
820420
816534
405621
647418
219617
125143
508095
281487
434015
872154
263721
853824
863135
711553
773249
582708
500571
741083
185642
296399
687392
113798
959837
450180
394451
971678
367362
856396
710252
503729
227886
530673
234230
447474
992057
267814
472617
414119
363267
720598
286274
526988
574423
963376
152508
347673
546085
553079
902722
631728
663445
590115
645526
537249
854262
853944
508928
135591
624307
133147
539320
666159
563820
587517
113634
469844
755331
400217
783963
932564
120816
970238
459554
509205
933615
512062
670845
393667
879108
573568
925395
542554
977650
484889
893769
831913
338834
402699
867504
863141
349812
320792
529301
727599
808309
456902
197444
477607
757119
881408
410172
691902
765613
683692
201108
613195
109722
771953
906862
888830
259489
746225
345351
237140
231115
239121
883019
469949
455786
750524
333091
705599
885282
762392
433199
607558
133261
444609
985165
790381
326018
309305
396250
905597
806963
411324
432759
816685
997244
339623
705516
256734
899814
864833
307840
130930
917921
104826
500879
373708
755350
647936
893273
554600
324295
326473
162159
357557
585049
961291
961904
811067
184563
358155
630632
891526
583445
963391
708213
580690
216981
327696
651390
116796
106497
773196
147726
924418
778022
462571
298127
447340
110508
191402
901940
248770
331841
964099
506327
816890
925391
468232
541925
923920
640353
172558
815448
223799
949915
437628
618456
166898
665324
183813
997659
585787
857010
959352
510206
635033
335890
708334
982373
260365
713702
798280
409135
859509
762381
815462
590367
601739
197661
946258
525661
651980
932782
255076
775779
882698
592704
308202
863562
171995
392016
861223
657783
249027
734542
167990
698026
970432
690290
594367
230798
317959
392648
453899
991435
155030
269362
581803
570736
280989
528062
910363
832969
460845
165440
522716
257510
658144
644884
121074
644105
936900
796263
301889
999893
444772
283846
697921
415205
788102
292289
459970
106063
584937
813869
911464
553934
897198
493268
124671
178188
835296
935034
825124
210108
914440
261807
367618
572585
806691
302658
216691
743593
912887
332547
657453
357660
430359
355375
586832
218462
461630
946802
138491
946568
760672
949955
414469
571837
357190
439140
563992
192487
288141
389117
216561
202582
464890
398146
589133
271582
600804
619790
829141
427659
766303
486596
685319
196663
741971
272152
315126
117569
132921
353617
964137
707560
217540
378607
279398
474730
631713
743390
481184
733820
946473
597745
750368
411364
895891
253468
496913
410663
773258
326055
738322
539563
626617
337608
550192
282556
509761
679284
300125
542682
932902
178229
250243
964408
370802
343608
439139
902515
986998
820323
550302
847439
418070
300671
172770
227928
454139
569683
452557
141364
709705
190880
494893
250289
342455
945086
432845
666182
624371
632970
208865
471240
625165
273075
435649
895967
430649
774789
798483
417648
509079
262752
179054
741115
463423
251825
869044
731528
635474
235568
772893
345180
240415
267787
495470
482870
126840
742281
149053
651212
289219
171884
936418
814384
258925
286035
710353
589574
960824
422803
821189
383870
585556
900243
124987
862945
152069
807997
594475
601510
943565
281335
846690
183981
363088
256127
566851
389929
898409
529870
855107
187629
601755
791526
815979
760680
977561
526333
350256
852352
849137
171446
150190
348660
971689
175177
211606
937725
797140
620047
539236
654672
801382
299893
738654
164472
369987
219472
454401
182363
563309
223475
183958
165065
828967
899937
825745
720496
426272
989967
486815
189376
161414
537005
438036
947070
526148
463608
798762
323289
983656
251965
877962
785039
365824
530583
763477
635811
564021
131845
718174
127331
255320
802132
192396
984288
616037
832108
618751
942309
736042
105567
945651
711423
542573
297654
658494
882687
575228
371223
205978
558885
437154
897906
257892
702978
342456
921369
252757
806477
953215
784897
747775
208536
500997
754137
106791
117035
500212
625542
873310
236256
545076
818962
847679
901615
930582
420140
784303
505811
691363
804247
964697
128518
616120
222590
645462
858576
957925
712185
579021
911141
497084
326797
933644
898081
894900
854401
915116
395114
479945
788427
531370
838987
521356
379050
740603
451939
699190
524907
857750
304520
243122
736414
247004
759242
772970
792466
617820
730897
504653
110808
642039
815703
337605
489650
713785
146472
344053
542868
441586
637964
245262
872956
476952
666618
252007
217556
118558
765163
556429
790274
969683
699551
526690
216688
458795
299661
823121
890581
844524
241741
901389
400531
957444
152961
790181
585196
199433
134235
942030
541020
672199
187293
327943
963117
753911
393917
180674
686435
159081
637104
390676
942731
250622
731332
159420
609417
930994
796507
499999
689485
938248
315355
990016
809659
368316
780199
308822
381716
728400
250853
822736
314567
338146
150680
277685
906023
358563
272326
506425
417645
723396
711068
360377
874018
442401
333763
397403
287362
130272
711368
876848
882486
926724
866865
606113
209007
647065
814935
490723
289433
965789
227426
504000
217902
192073
595651
937892
450636
767977
358284
768281
491374
969352
942624
279360
411755
276389
576763
513083
220627
288132
389932
103114
128823
256799
609227
237831
717830
338130
628554
907263
303920
755981
325230
335788
848054
820882
187647
212657
588860
445932
880939
894201
329251
823564
173562
554972
913919
564291
968056
134547
666389
357989
951627
695213
428754
474821
747010
146586
712951
289531
867815
916871
859478
193047
166627
621499
913929
254274
734157
416756
514172
615097
310958
743424
352628
298486
298397
266549
676743
180420
215062
343134
438410
166690
852313
767164
541512
513290
727716
254464
702821
595533
985302
562301
602546
151930
997766
516476
220170
731924
833232
634343
260988
958157
377768
513617
170610
490131
594132
747354
570552
709194
904454
908962
689851
670734
590093
231364
184025
231777
299794
700812
641276
285097
263114
243823
250993
174848
660299
371164
806772
407498
905507
967761
279622
283276
395345
350233
673407
889477
997587
157926
512638
816008
966888
202490
486743
470949
247820
570768
602726
447615
185547
244003
546678
262628
387826
697672
337476
862091
968836
144249
183556
788310
925976
363179
885552
321322
613412
472926
210800
524966
530853
537405
340975
497742
639895
727718
782657
787716
212453
299350
149298
298000
357319
595976
460628
559111
293649
698104
421203
176452
656320
504760
864762
582297
681905
750315
803620
295318
137209
828386
720284
568062
279758
875225
879770
819654
602944
662429
521337
629363
861779
570635
741329
133066
980577
115925
592177
188194
714029
913381
178612
284316
332108
857341
766614
914013
521623
484201
123298
558832
226554
743582
126895
406313
618808
906666
139934
135719
569096
561271
579048
344842
945872
320378
377908
840416
336303
784052
928610
864299
611400
107224
962581
843508
864565
643162
671488
386189
127364
694786
845022
167885
352335
871917
388164
785109
778584
428098
734794
261647
803335
313843
420456
749208
448187
612330
589625
598457
396383
432203
376723
907783
439427
253271
665258
217959
796434
336747
504148
737764
845499
263137
805649
111801
949021
193814
796910
641572
521912
445671
717186
239214
573480
137643
888422
921668
563939
392015
434092
860323
724218
624781
682073
977611
778052
347333
195571
574487
498046
513685
312253
343547
590789
931868
269314
539811
939649
966225
995349
375528
411897
712536
514743
799344
664145
317132
721013
228086
609147
969071
988409
247332
593853
584449
224944
285872
831782
234481
674326
243796
562133
886579
401309
966888
732414
570623
420666
672064
536849
416016
861559
762713
128554
376303
562058
692699
593435
197038
734751
116550
980075
637127
263882
487895
221578
302793
673767
867326
351240
348094
111123
727339
148640
412432
694228
695021
883056
114895
281052
333872
430912
142612
996585
373432
332881
472610
880097
740283
483614
614850
756833
377656
251978
834681
765551
373556
137475
353286
240884
302682
515346
252007
930021
477953
564440
624251
172975
447497
639146
354027
595335
884024
310606
591922
257457
543487
878498
137556
283771
276080
652406
854570
553736
718350
689253
319289
991907
640694
486541
232792
843376
901887
298765
687365
379841
677171
311617
452816
938634
764729
620810
533971
562721
831416
939859
720178
288870
818358
671700
386608
994438
238073
241179
548176
856424
744398
681431
848332
385094
167973
895090
142437
883826
107822
729802
263669
684994
855385
530451
623629
620116
151262
157601
996803
796644
997460
716982
985515
729786
302650
372124
638191
440723
427269
186368
211114
171669
681765
873412
370729
663704
682469
413166
547532
690292
956935
711201
375287
726287
241653
898916
260370
206882
870484
257174
903526
781911
874157
889042
511698
990773
175133
149891
345463
502403
150225
456578
488038
645957
329991
758767
309662
912461
985899
757194
602754
856801
382362
792007
583090
437982
604890
743460
544864
389341
900635
362357
171254
688759
165367
582952
679533
240500
546809
838962
556869
511001
295541
944907
156959
439499
703675
366621
265927
689576
937782
682647
460344
234111
474655
943434
572093
893511
686896
930923
282854
501498
293282
354108
190258
358649
751026
683757
413115
211803
436686
869985
622804
632228
814893
679763
885693
432536
860350
151621
122113
712099
734268
396423
846211
122890
339859
332271
916401
840721
263196
113222
342220
370444
367330
346444
629093
932323
844167
942208
144127
280854
726160
580897
727048
541055
174627
612742
873591
934977
578329
809670
561044
312598
206094
407256
249454
359919
639527
979822
200641
716689
993044
442861
987133
274342
603271
530193
120632
361405
386369
978724
542260
112530
559622
269309
553585
634249
696018
341143
483193
274348
964779
944237
400913
170875
265460
550367
430794
718954
444156
445402
435644
351168
702229
336745
525510
305502
766938
546142
566907
153308
524867
923133
165839
898455
106410
533390
532705
702428
688500
829864
876776
653280
688069
191656
638121
853529
555990
968916
572484
900146
328285
822095
251315
930514
158841
590791
149983
825779
136934
616891
879088
475767
453991
858893
288189
460401
306250
720894
976795
894750
464726
853573
548032
152796
859195
186154
906325
415186
969036
392777
315334
211288
214873
380615
141804
273714
871407
191787
999493
822307
622644
792548
298076
976636
565408
486265
351004
771659
121127
327801
580376
399819
181375
942374
452615
940570
942495
272907
269724
825498
565684
485058
936787
680557
765673
978591
854271
637081
170379
767732
459390
606990
474247
571432
583627
939656
871663
834631
625282
806756
162433
205659
206576
157774
148035
473157
912311
990530
646065
182036
816029
211750
481060
752817
706274
246734
645375
474512
697782
629721
242245
971138
236712
530459
542571
720339
470116
328201
468937
995398
948924
445337
115024
969466
503111
163059
442625
329389
967555
988690
411425
697552
114407
792485
364336
720681
853186
909712
195195
550969
539434
251406
522108
676146
681865
878645
310452
965947
120813
679389
961346
969737
124727
976371
939205
441805
953396
295797
671194
920953
284488
896586
532472
212861
603038
796808
833543
456225
706521
842704
821160
245956
908076
257235
736068
503909
949846
860486
469857
970660
539877
345171
854364
478570
235509
707536
734341
102872
903333
319503
923825
101788
216090
456298
214650
633094
167074
862159
989320
773595
618830
724447
833518
440873
881683
569587
844782
745496
430075
228607
716157
783918
473778
484489
176455
523253
105992
724763
526125
909326
944266
363918
825080
974322
634182
853696
607417
701256
715856
510704
474853
248653
235153
222338
589527
930802
605891
434310
676299
849932
562917
306424
633851
850661
690913
624273
287881
610871
349037
714007
520198
207270
977925
259246
181593
526074
112943
602976
227332
642766
113682
516151
791419
248835
638489
380947
993603
244381
629224
669903
994314
106108
876327
542132
770736
481207
980371
958617
992079
243375
672625
426244
350645
564517
499456
346204
990592
512400
849181
131891
969132
862863
548042
760552
925664
186532
955466
919268
244879
498657
589172
153160
504765
379467
595293
189468
674640
489631
148087
580686
633007
720712
820897
883652
199197
320354
143824
103756
646720
893005
135647
615853
669835
583689
290373
595500
584187
159806
514769
643032
558463
917907
696193
877194
211341
205453
966663
699948
595084
114751
280635
228092
649429
915498
925711
748626
149820
969535
752382
610506
776507
701995
226361
446343
285685
330700
941843
683838
390506
370579
326872
762935
202453
837031
640130
313795
942484
606794
827709
451535
535511
922310
493594
184942
837810
333272
747534
887630
216774
413884
498137
893281
115880
538464
253591
215532
683130
195435
799370
973636
379980
940208
650538
482433
691206
290670
610194
547657
711430
351870
899193
246943
274182
306754
331885
111993
540026
893385
813589
656800
307270
225693
464048
323151
578124
617639
438683
261255
627040
152020
148859
820986
992229
699397
217386
683436
804033
727581
145061
515465
893417
944254
662408
167600
251009
808259
993558
605001
701645
807148
175768
908916
846808
539816
146034
424933
971421
484717
500154
512428
536737
462979
333415
442933
162378
450801
940336
866411
992348
985397
295843
885767
843618
858251
953367
908593
666511
860893
427561
368158
668042
503329
191041
428817
857111
237075
667716
742499
535758
981837
254928
972495
444817
488343
329396
421161
753110
183699
201540
659426
983062
397383
545194
826681
255636
412528
649241
736113
273422
976802
918237
755431
480132
923244
998214
251210
160320
665932
893709
596078
647770
148638
482541
906553
450947
711937
327716
118024
709602
429256
677450
692665
640605
136611
433313
710207
363106
982554
446322
450494
873323
278526
205926
353456
201772
118108
418632
262092
684040
312342
672137
245777
274946
154679
152331
539859
680582
294013
557883
390185
623269
149301
896816
177842
185912
330130
788049
449018
226651
234372
713479
999974
326865
819405
267397
428637
751479
586029
504695
349486
712337
176833
495263
801249
145478
461561
341109
726060
655574
712958
930211
192811
762259
740994
270653
762138
885090
958702
125123
111742
107042
738602
925682
333907
471975
193080
576510
223455
593075
981205
472942
305413
972005
782171
106663
117484
243733
261738
657511
799308
874697
501689
806085
636957
242685
976738
313062
127776
849407
338186
953484
856449
976788
879167
104323
362730
886214
580833
486186
479290
476006
859128
598670
448012
555266
519299
379462
699000
681038
850939
412275
555736
352630
218361
106660
409281
109066
233689
351023
858473
471875
304508
628890
362630
997642
547179
625361
883857
128014
925513
277114
417986
698608
775784
679964
253875
295085
873392
852875
790089
724333
179117
259792
890929
211444
180418
300211
220510
314107
465200
892950
599948
583675
435807
862579
581318
882986
401907
379142
824966
327421
556256
242953
926029
332042
736883
993870
441093
610277
760713
231183
334611
839830
390975
139507
951275
471393
339718
985751
599467
618884
792668
199416
202560
142442
875961
597844
925429
277869
876986
750396
419256
433244
807316
259252
665286
544200
253124
106380
968443
913837
151529
217021
753668
442504
256528
618910
727863
410212
518629
327331
929097
225264
426748
131658
267707
302710
629503
193137
394546
420456
757499
713802
753700
478782
873055
332953
836949
126180
253299
805393
853983
304828
922415
607652
561298
178944
140530
289163
489157
473125
430460
418255
598389
757208
363879
680062
873885
807348
687165
268432
227806
358632
796200
795472
737414
669256
128427
488330
609402
281726
293725
463386
486555
130107
885005
861819
209051
839501
150983
512174
312627
481444
744395
724982
152619
922241
405046
840470
729590
906177
922868
771362
264810
719070
566836
816191
302293
595263
304522
811696
690955
498247
189049
177511
528354
974054
939331
551372
813556
904280
963546
940149
299691
621909
665133
266277
544151
884145
106748
187708
790323
929617
859071
869100
562654
339874
685292
764947
749103
889814
490610
440059
302029
579660
431537
644349
553715
284835
195722
281239
189116
973235
221389
302774
595145
700488
469051
953262
584634
475799
140971
288925
319383
814008
158026
696003
153883
743318
460952
802986
547099
765528
157013
749128
345189
488550
393479
712871
673385
403167
808076
676467
290369
929465
879241
785514
629955
348293
652743
128556
638059
607681
317481
771408
421690
289473
467413
389540
846757
742331
106493
393858
507860
163506
956952
753050
552056
350432
379888
225442
567566
187965
715876
757935
931396
595118
457417
561352
757378
110161
503875
309404
617842
635322
980812
853499
738762
362192
157006
585520
104524
163499
793344
512385
227006
750298
179402
679062
914696
459290
718471
482263
461221
348314
240200
392618
843432
511583
767937
514777
521744
185779
724181
953553
721101
618961
721019
459864
881153
778025
859351
885678
841524
652696
312030
882496
402995
391432
475526
231659
664688
107964
613922
939875
356278
668088
246460
199711
993637
914397
528455
429349
100177
252637
382903
635245
685564
917888
909075
480685
695914
768427
366364
451405
335091
492360
333903
552052
697758
623395
683711
276413
631359
211601
216289
887637
693655
362749
901314
687294
191114
429770
116644
105257
496374
399547
554468
181939
231402
463545
562624
741282
145939
742954
106654
381030
149281
340557
833083
747039
777918
516795
923452
409278
628396
953707
296916
236019
316458
198232
823313
321538
441968
839957
326795
838342
153471
781264
834248
284873
158776
310839
926155
204715
867760
932809
485746
917041
187334
232796
664082
779218
649591
587535
188498
191955
541244
299380
327974
671668
311578
151288
893206
653547
805211
133968
405856
858682
815232
240105
143556
787974
364911
883677
892690
232672
730453
292403
149714
731753
425199
627762
510973
888756
129265
513437
894677
484475
712817
136618
156144
924396
101872
863316
577944
807083
811250
883800
665766
540450
937872
623288
328425
216750
420932
221116
349422
151387
413519
313102
697106
652684
754831
122046
541442
784096
535483
436120
268572
248302
472739
238682
172699
474611
915964
564609
281696
727215
362376
761428
267666
214215
384718
496092
330965
619616
531174
494353
584969
758660
707456
282077
411345
376254
304123
852787
160351
653573
202875
242889
801875
489580
295537
788540
864191
211502
353150
959853
752683
615526
721283
834316
729742
919967
244375
874673
539584
675549
369028
124555
348176
890450
220598
659522
266705
338687
426276
327056
892260
443117
383911
608102
832697
579448
396643
610856
604916
563759
570710
357600
179287
205960
105883
722995
939893
250258
511635
393445
739774
780663
331966
987950
671114
452564
561439
837819
605217
801682
978841
497479
244800
276719
105582
891464
756167
316192
502321
361084
779951
886997
532651
773204
906924
538534
410166
846818
602759
821802
154230
342534
602466
386196
330485
187548
652726
705891
925367
257945
507574
818176
569390
566340
994895
488938
457805
665030
705130
774092
840080
399049
661091
372732
172254
568016
725233
482421
328801
327993
304224
383032
484493
720656
583194
714978
808204
235922
334836
647539
307833
742410
465716
691189
308752
374578
994093
580523
939608
699225
354617
693656
912240
915708
966388
984494
397691
605588
380882
626492
747547
499072
909524
232041
219730
406686
760986
841900
542608
995822
489440
664407
738234
769122
355597
860952
957667
349691
355442
811242
862882
524025
504899
689089
439734
471289
673585
651391
890843
868433
277885
638392
367507
101376
684399
401203
408062
445386
243104
764636
441210
546511
343010
993410
315634
598607
768329
187268
762265
123772
898511
539114
461764
403411
228205
801498
688666
715756
366857
579511
498156
458708
131870
679629
460084
716269
980832
682113
975622
137904
360716
416833
584415
603727
324210
714015
116301
992539
715250
778566
930277
613762
231648
392042
917173
273819
107508
519807
803541
374365
913284
301698
647039
945154
881328
107124
575390
862161
603203
464979
814031
863920
781812
312413
467648
919988
926429
483949
912528
641680
176483
756773
169409
222097
962781
900548
395916
970289
420356
199458
258621
333641
315122
805660
192762
196451
726751
582119
872579
243921
947098
600577
107842
642878
812991
389456
562867
653387
687372
475397
209034
677821
146137
278443
799918
108919
178992
109801
893175
499349
123225
965762
646956
338347
685390
653685
348765
412142
235805
221345
470029
182904
721922
477872
725782
448880
681294
202617
102268
282633
491980
211302
860454
538117
389745
574339
547036
382704
584140
354178
696019
521331
319942
342976
759679
905332
896661
108445
231441
946432
143756
601470
129338
679644
893308
669086
128526
574604
685669
944759
671203
177650
156063
531659
615767
359774
105999
976770
642478
504106
330949
338498
925437
550891
495441
599083
456224
306069
521494
587665
252503
565250
103103
195807
158862
896411
678859
101354
471016
364530
946113
956186
442180
916142
487846
957948
275918
407811
934719
732362
725883
179635
970861
651322
630527
380269
250406
900717
586338
671901
402350
738841
151118
405453
834648
123946
215831
513509
939265
500814
778039
799346
457001
134186
715489
844847
992134
805373
166625
840820
537737
792509
834422
422565
443832
378916
702834
508204
193600
289173
994071
495950
841981
959156
715369
676630
897068
745167
104106
836335
245982
696111
635682
602983
730298
265138
361797
636399
970512
428422
391187
422216
220932
225610
744781
478730
504526
447616
800901
598126
636789
794973
908043
392737
668096
537379
969368
565166
282547
887440
401502
428529
497519
851150
845478
227818
116289
207276
678183
900767
535699
883336
322984
570597
108947
967765
863294
427439
329348
664196
839532
780104
459170
661542
172842
941233
198922
956176
506400
295436
843618
807902
537931
341138
659053
383411
382922
589308
404653
875071
404043
754318
758409
627027
324917
767356
508760
188212
108763
738108
666374
848295
432179
939510
423804
505022
880744
522726
461199
387145
632128
218784
195048
170061
373888
668067
367438
656810
171343
672091
445849
389352
340377
204259
830345
565294
785581
339106
567472
794344
891181
147813
556606
323361
987323
880410
728383
868069
317104
103550
255215
763198
222334
264230
833259
496223
746263
114664
966999
731572
600722
412849
120925
841099
431074
851271
320360
216657
104344
701798
824967
895525
749611
295541
132854
736935
175952
675203
518971
307022
678753
674187
970221
715054
752383
717447
125244
498647
646078
992243
144187
246801
319060
165112
901866
650134
830349
136193
680757
834694
737991
505726
730220
487603
701267
677040
138505
691185
352245
557477
812174
844964
145631
696362
560019
798014
413810
499229
210628
959888
405440
168781
120656
624500
233894
836488
188601
964243
872681
769359
712904
524639
189052
443126
826208
704285
934132
864714
395471
286378
336158
121612
945309
381789
717974
419295
993769
945751
818525
204398
905640
223966
273180
840263
662432
321040
590718
664999
199250
463401
348325
812155
888040
437377
169248
714250
141663
103381
492931
351101
203726
729089
286679
149036
924844
904654
382297
918614
850406
200823
936978
670013
238755
210159
424243
715153
345165
914962
380154
444416
292330
628479
170538
994336
879823
239786
622553
835452
157133
115485
100520
260859
658540
287200
223861
583385
191855
506159
502000
856227
520948
438980
526241
659704
463105
764451
374858
622237
679414
568978
880619
871744
111425
951157
780047
891248
104910
402602
726701
162043
418087
641188
236869
890594
828388
360730
473980
834209
680855
789947
690437
201805
228928
130645
675475
505999
795096
864299
128237
474511
433279
908856
260222
444704
773980
940270
249919
778890
342873
790586
754900
574926
431775
891769
465521
174130
166466
753468
908339
747322
543416
598777
763093
586310
543389
438569
906275
338486
302869
848479
626964
550114
671302
701152
894818
445284
641423
958703
138141
798262
749291
793041
287156
995032
684811
566643
169164
665244
320112
977503
412567
677494
490248
989626
177771
933637
428196
984047
186090
545031
832527
627020
995146
503830
328174
803931
849114
783563
676602
801222
495793
425894
594264
682949
420927
193043
249593
404057
758287
383672
381562
984820
875132
685776
888413
952904
533380
230576
936952
619470
675607
683446
160458
584720
187277
388632
302619
850358
172196
879221
651581
567989
219082
159812
164905
453975
252855
228465
758033
825108
512137
953561
723895
387270
639338
612309
254141
172719
742885
105060
606155
332460
688506
666613
817180
775784
869211
933765
540109
941408
812987
191691
423364
846035
251503
488270
300012
318325
530701
872011
957399
942838
825573
681296
244075
464912
293606
398217
451597
936492
403277
871718
182919
905750
452299
900099
681535
321511
833866
135611
176886
560820
227302
414217
406857
292771
716453
520835
425062
247155
392847
382463
189994
132387
877725
248035
497299
171332
460218
762862
921790
677462
548547
104710
583213
900846
818776
178715
136325
566609
214326
213211
127430
255594
441394
348253
362331
157848
683054
601360
305003
889867
797789
308963
922254
675515
370965
333520
746847
731183
910348
582605
322612
458897
501281
719791
273710
320058
798506
310035
786667
826798
337213
728064
896358
678607
890283
172657
736456
487305
587983
855425
377173
385773
164390
299429
961288
435355
446915
622102
980504
357265
204708
303118
716162
605990
922909
889872
740014
635383
113875
526683
376148
351088
168714
186474
929695
958997
259131
580118
446303
747114
435545
637443
132888
499935
750838
908142
749256
197754
530245
729761
455019
548920
846845
985147
968876
683722
875021
708891
233072
802862
235575
509220
153951
304289
595694
897612
177254
668791
477732
437523
329872
813277
974966
362760
313213
725805
184869
876435
737526
615115
520163
192546
978001
367010
177695
946878
864698
866682
655770
997770
669545
791346
420957
637462
909601
830618
535075
900821
413376
912807
338346
643249
726085
227279
819975
853264
767051
904845
729700
504578
433927
249865
511090
411929
430841
588785
358808
209506
369434
828544
121243
938979
533857
356166
576442
443460
186785
111519
258248
500162
924326
410560
957377
564379
537840
777353
417644
218858
682199
147346
537402
930092
211177
948492
342022
542018
451245
514796
565490
720679
343342
586733
573626
777199
842899
964034
134626
843651
889519
206841
343814
727813
517401
215158
292193
869207
892511
609837
988065
488678
571149
439434
418771
682326
301894
660794
138311
653139
989556
603801
287785
246865
104501
675377
838031
847401
553379
872657
691053
442899
979498
848833
984678
410867
877957
276872
280075
770469
700676
182108
259148
185792
521542
577920
682085
723436
152681
634362
290542
956203
152131
392294
203070
156632
967671
941101
817999
521051
727725
423019
777917
621191
185819
762596
932058
963776
853435
126100
734247
554112
208208
807361
553870
543717
385282
235956
181120
351929
684285
371663
308134
736416
663957
411204
793048
545595
266272
525015
880613
893997
848034
658531
429155
847820
421128
361214
811597
274564
387315
459811
642642
409489
267174
196514
853206
466422
246436
934327
718352
830721
219957
840452
481104
697880
251657
188120
243476
331895
613135
124090
139859
375136
596587
469015
222957
917716
644195
848521
106247
845476
308333
648890
254967
389473
659370
922139
755896
719772
770433
388215
464461
890390
228668
845565
502237
294291
933685
559680
526186
460787
497736
566045
735924
994324
849026
772847
826007
493223
621369
832254
252666
743669
395111
407633
947108
954481
243740
703005
588221
914173
991220
952682
718531
133855
712214
220769
328146
645901
680449
754332
920654
992152
234345
656579
986477
983371
343394
812485
390561
778729
558706
543228
436365
853818
764827
383475
722266
822533
986480
310488
736708
891668
177137
455240
925523
789352
489975
253671
349220
984391
821969
183841
976544
870280
654387
876988
767619
897781
603440
158181
676511
162147
515375
926843
829931
194170
310319
552199
916703
210766
676653
567378
102435
753791
836584
841925
457110
326561
909562
620296
224919
645498
704137
115430
515780
272491
892418
283400
170273
495859
255547
660751
471972
584889
587595
301905
679059
797914
668070
509729
908680
344724
977108
825082
912481
813693
580974
283558
954220
404503
803854
179140
950001
421959
108536
465782
508416
900954
563148
578690
310780
718696
153408
596719
303586
641003
798624
796611
352884
466695
306341
175531
625385
197416
814579
537868
825076
309520
721426
693263
614023
439248
686370
564026
675173
694906
843774
183590
595862
406924
576246
720608
939586
629654
317328
157139
184624
929918
853750
437508
310580
974057
513040
835966
985440
241586
373835
810517
451107
909227
503781
965130
348476
190152
443123
837615
785059
200865
921206
294888
421755
411419
829462
361342
941074
146792
332447
125699
890676
186198
377174
201258
974221
704180
851190
959662
845766
138992
770180
296874
948219
187929
175972
210663
192047
519095
862244
791072
533926
697417
985960
855681
108838
729390
130990
949912
690148
363437
889577
580825
449635
266752
596049
337824
870932
447240
297487
630666
400198
881634
741506
262385
969563
817478
373048
161611
250541
235293
852684
684467
746677
752611
454116
755515
482002
485106
619394
172151
748544
508972
566943
112146
589691
162993
349970
374590
424200
547458
905256
638364
429093
560730
800749
312623
378209
173798
374234
442716
223058
140885
941150
869735
707463
395267
539217
103432
780373
158612
989549
442884
481550
556493
455031
971241
533452
705001
259799
771618
252460
979021
409984
495519
539752
124700
708142
731928
198499
896343
174645
235523
937228
929761
919224
558658
238995
458442
562091
919369
431020
465607
276220
812570
836066
631251
783813
283485
336254
857578
955104
402680
836600
279055
798200
376354
217721
506343
108283
230186
402687
996893
365709
253883
926656
198900
626507
165652
471308
188599
898987
802328
468172
175209
614900
304239
620426
312680
487725
856680
170259
356796
173328
906859
449817
871528
283214
567538
377872
205463
697725
594526
202358
877400
662375
129015
976301
288883
108633
447610
291449
907621
249940
659621
896796
678806
863861
517223
891486
265553
287871
961745
436315
361199
782571
700098
232728
879752
267637
424566
985215
779328
833058
187574
656730
495434
130555
546998
684318
139189
808574
875767
860776
872480
535389
757573
551287
313217
188763
442774
392736
376634
318486
729051
637833
101059
429150
684527
880811
510754
923060
779993
290083
756119
867568
760779
251555
812089
221744
835873
765244
930319
711641
626021
802800
160997
297561
354089
374215
386325
610829
666951
576925
829316
309970
128726
744341
553086
713253
539119
963840
550280
319113
167891
306401
186682
742636
457956
812738
864381
293830
577983
794701
819437
204006
511468
880434
315533
679523
168616
515824
290354
649534
992750
933636
859504
935442
591944
326557
562662
131064
204365
112944
350177
186222
319345
350826
828858
677301
163565
607206
785097
641548
315874
604535
659520
727343
398936
875054
406867
467553
304845
511187
117088
297596
444824
790558
147005
850734
931081
609668
881798
135447
622612
231977
221669
755923
396769
864494
433225
460334
471701
132289
915848
687576
550790
489336
328886
849726
278357
635753
231246
483202
960907
162300
594765
319698
766824
641770
170434
697907
251439
952232
647320
688017
998175
682956
443941
394945
547451
691132
669245
833118
723421
585095
434661
188178
888397
663547
937905
166755
213268
983117
549957
174176
145419
144723
307840
812243
686494
378274
424117
751899
244474
971438
353884
242650
654395
697825
451562
115813
388959
120808
848931
926346
519869
283594
114526
408267
761107
866397
475022
874375
849515
838946
862517
808900
883669
984324
535111
484130
362599
859228
149997
421039
744633
403881
477656
312995
915672
829218
328808
304632
763992
991706
144946
283863
275301
973437
506096
850374
839835
881119
638717
603317
634032
415201
326185
517702
399526
761296
815799
576092
534491
865796
897131
193092
183644
374788
406087
999316
117973
634896
217916
781966
626603
262862
879795
715870
150266
385892
566245
890101
180978
118929
407385
715010
434131
633570
146680
733657
308833
862479
223716
657291
642242
934814
750383
639852
309603
970436
639169
241543
605333
671051
923509
145903
747879
803305
675739
798145
103164
155952
688247
184143
174881
909599
799153
509012
457136
759799
156637
665970
622279
194319
237228
178488
129134
801577
718340
252704
772014
271477
394247
291315
842528
231723
251184
504375
848994
826924
302521
852158
882876
804735
850267
957757
714335
649422
380737
171472
409222
351340
651408
845468
359625
702602
837922
388760
504180
470230
541464
190162
641707
749677
381477
398202
881400
532661
802577
730395
359586
919065
496520
156429
723801
346789
928153
352103
810177
222857
423575
133366
474197
888950
878834
733822
505519
630724
936548
909700
100955
391979
999862
556628
141657
295306
854830
923057
641933
571375
567419
901520
490441
963940
871915
214243
310730
800069
466346
120908
922926
703887
154274
311090
506804
847075
858879
912324
477800
795428
735991
392721
187409
649820
849349
229066
845126
704180
966090
487060
189522
533510
302547
493929
411417
174464
608172
622147
874533
888484
557021
711427
506339
525262
922517
827109
372338
781397
739434
664104
490793
389392
956825
578202
939212
806175
621234
784339
424322
587325
185367
427811
934802
387914
821740
260186
376344
343880
782334
164845
232365
253322
776272
552670
678584
698790
379781
864888
394155
933181
442959
784948
322575
399785
277117
261788
119927
798351
860094
358216
299644
945461
686027
234447
247342
421734
394633
523687
665614
990933
588532
711946
158223
278771
264617
650773
791527
458364
515663
185683
391547
772588
784597
528088
172375
961714
603842
106268
760067
463937
364484
959711
323365
864477
108125
470708
286213
316724
894395
765793
307659
396894
477740
279848
575665
556324
830621
367193
914688
260251
366843
220202
932840
151441
648290
919181
113157
252134
839415
687190
530037
117867
646902
753403
882344
568993
224112
982523
785717
932473
748318
907342
243334
226059
187191
632965
682383
831779
814124
511039
992030
180968
631241
838837
146376
193499
671985
159533
259599
511402
660689
689636
529269
307592
443040
325580
776585
481118
308105
476269
413592
870389
383613
470892
910414
384770
103858
592799
216550
817983
917804
122548
898951
463012
861385
859293
556511
533372
918826
630076
944774
579516
319714
474044
701074
576720
613590
391626
957839
821695
767896
285398
692085
965475
656291
602501
350246
660149
109267
466797
392099
841037
403311
291052
304050
264697
150346
674528
698069
883139
304605
556810
376622
438285
844820
891663
915006
458412
283290
786812
194074
865152
972210
700126
744594
542468
302628
994841
116585
225861
375605
408684
880864
678916
513702
184915
757579
564049
673409
369616
361155
878015
826426
551743
316301
585214
443407
145274
943626
540664
832086
137701
319783
718264
737827
964378
260733
854421
873186
277318
894248
162758
586003
775113
655640
999705
773995
413220
477721
447405
682836
652842
239387
423230
118553
369655
908444
461960
328895
852071
816590
160983
803738
950340
693213
455533
828685
853946
223921
701872
945231
118171
678596
445201
707250
334237
358873
395212
647457
650561
656584
244261
303404
795971
567491
321957
979592
475936
597884
308489
241974
328441
283438
945712
278782
876651
315212
107468
644564
439134
623306
589796
457305
301903
934997
978521
536140
293872
373735
997564
844433
930319
241826
961803
640257
623283
197728
619851
913185
695612
742306
155160
924053
925744
914838
116803
802396
230052
124271
446961
483152
647578
850724
754423
763447
785722
732945
213555
893560
106681
211120
651960
850966
266912
527731
491225
704161
625459
925042
617347
235038
667349
586473
973057
507060
415278
989860
309457
545330
928098
570384
842448
489643
421109
596872
253091
120799
329819
366646
828325
250466
391732
394253
915399
558644
821984
406625
262806
361410
245634
694119
496448
726949
280593
469506
234010
595872
373334
357433
955168
301433
827817
797618
605042
162894
394491
758133
183693
538276
938746
825984
602709
330479
220238
518109
703090
942222
738700
779862
303633
884334
473983
614047
611284
568542
897520
659260
164415
184821
916693
933550
386254
744511
645135
805262
721371
853592
563396
805064
391870
416109
631050
894579
646589
751288
412689
349680
607478
151390
129543
725077
849690
417492
253092
374941
886035
150613
934201
864416
235434
850895
711933
435654
509373
357069
240917
230746
210663
618279
849776
416499
934389
480827
225045
494945
146083
451700
744625
567527
417056
688134
292605
266747
919593
359663
455654
805629
410276
389856
584012
459676
240752
295947
795330
564091
466982
850213
694837
577645
382460
544615
808110
316850
839408
847121
711795
799457
298822
370387
366985
529844
872487
473557
696591
792081
733220
966211
511677
957463
356068
995690
417140
410786
205604
126438
874878
572586
790617
483682
964198
173078
928297
772309
303894
681673
619432
829655
481131
732220
200043
748117
262066
972531
135641
772623
678579
768861
738836
190258
726325
908870
185949
957432
319658
291553
983870
108503
678105
774488
492185
642304
761533
420484
328581
965427
102158
761979
795084
397255
494200
809093
959338
570232
695591
994979
256823
374172
763842
895659
464430
404134
718496
464345
361567
938154
569864
259404
946657
247970
847859
438844
704241
609393
673294
932822
488787
589418
694802
197838
886673
102969
906932
846013
487168
516490
754959
643991
790662
518802
453617
169059
736903
172114
447370
912436
924235
917234
985807
870893
979171
833667
223704
683413
357027
796998
530202
659780
300383
138971
757619
187058
955905
664552
847037
443074
995008
601997
987065
785672
934766
354649
768697
585636
426764
216069
498073
351000
947269
397847
135860
840407
145481
259565
437787
402508
870529
867989
962289
170914
820926
633875
171938
776833
212394
918975
219908
207403
434939
120941
807041
369706
375590
575740
769308
616320
605775
181349
781286
467011
479196
817147
307420
524678
890678
645207
741152
761208
427164
617408
746088
248091
251284
818026
838890
363678
650968
958799
385048
985908
893706
192090
269581
183263
667830
938890
699584
187572
120240
394837
554584
499436
211985
675970
838080
102664
235144
579234
677839
562308
110609
423928
624366
261894
155922
377223
439538
706890
336023
724586
692799
143696
816677
776347
226960
398474
715238
740510
486047
735478
135348
854597
148881
161300
530568
800928
977929
665712
380163
655769
141988
304738
893664
580320
466632
949586
857543
806171
656477
107534
444724
263244
965195
261402
939591
192156
473843
568796
746632
773856
218241
781981
628454
267122
843281
972988
882016
821211
552667
262180
390948
508621
380885
284613
988941
747517
148166
760452
467655
618609
681952
812380
781853
647148
887748
635411
653271
361592
204208
399904
135449
322449
181886
577869
403538
839133
550858
285555
660346
103527
361702
951294
512148
642587
149874
415057
304071
198040
989475
671727
716649
671428
398074
412470
232543
199789
947881
785814
461382
966056
185720
410797
202472
181572
888667
419976
920706
353492
519498
495019
270985
781200
446314
683134
337754
410154
912157
455791
508194
901633
941484
138810
573062
339559
451280
619571
353315
313129
405387
628663
279186
491107
939460
295624
486645
742094
615601
407352
909553
135100
802371
180539
730266
162652
677639
881986
472806
589797
337778
794966
405397
279264
833777
878459
432789
199024
498032
686104
412153
717385
314768
505305
122459
168196
700930
509104
724256
230498
730423
633810
265598
446761
628316
809830
423380
305956
691817
796186
795754
843561
505120
201152
122826
252864
893578
369582
351888
305577
955686
664042
836928
184422
169348
859387
252618
684244
282458
790840
814742
912881
424652
894306
359644
952968
618103
683024
172891
309921
393177
868645
153484
712263
883764
990275
865127
691309
359858
217017
810852
229512
781059
647781
313934
764373
421135
380518
362585
603593
171359
177328
516476
409977
885601
690086
276912
503705
287077
349804
627593
494220
132416
595043
206485
830146
585319
885578
521456
759144
102596
246275
888656
697621
708022
116557
375962
129158
397075
638547
632752
468434
629841
963194
692378
515443
567247
869290
833115
754324
219095
460709
162511
251512
955752
182962
981658
455038
968541
417082
214183
885103
477323
102840
582726
185347
933362
772654
128471
330438
411202
575189
612839
941043
538384
305218
370454
919597
174509
203570
673922
207571
564279
650400
273049
520032
733362
254708
875070
615870
485756
903220
500975
863080
820026
897667
862393
753390
670322
890864
983828
895490
466055
510634
836534
818405
715852
206989
738004
704328
224525
325893
811899
688804
876293
984948
122803
523623
153623
811840
139494
453346
715061
454435
230393
535088
352103
992786
202445
836391
797617
186275
731882
177639
510875
568418
896045
226729
589373
548016
745023
713899
773909
556923
316670
564170
455838
339474
901759
423427
965280
941253
776773
680342
309656
821132
129397
475725
727885
145809
312118
525504
146050
944000
603143
556925
426385
413155
683654
829725
861171
342644
457591
549048
799567
674261
927184
169372
827701
828944
406766
706948
684164
183540
387291
893820
818639
330655
369547
546525
376464
581665
972029
422514
439632
489140
793405
766018
716261
477061
509710
491400
719705
867301
854414
433240
455529
781599
416578
197198
610544
723344
804146
294709
720851
105405
188531
539491
250026
372044
899982
526490
853709
872013
762970
207308
275120
556376
787292
805347
847403
297003
296748
481076
978270
151163
728282
433801
746728
958826
530999
357273
596138
249112
465949
230956
254517
468446
584413
404543
740490
484396
744999
508166
270376
421936
615474
445496
792279
402768
164811
639683
599771
361559
934725
578043
326689
576974
825810
887383
535802
270776
244658
945906
419888
524573
176863
574406
893019
661276
792915
633510
145673
537916
141677
316050
773818
571117
575512
566098
873885
640323
205783
387624
815849
954474
779633
956504
531450
605444
843888
881218
690186
988546
827125
110075
427086
817954
498447
320106
479231
291364
853616
524904
643246
809259
654920
417065
380378
230434
883164
168230
770757
902913
455854
500573
771354
235488
457078
216771
654898
300968
911955
259051
203481
653047
269127
530568
471002
581540
750674
850233
686870
518258
289105
244083
327518
844025
561149
521862
974459
358280
590093
659184
175160
859913
973723
846514
995402
430803
877252
564267
545737
789208
723319
649218
442257
806412
993752
813259
387953
744428
663494
888790
176653
766565
132874
318137
610591
594023
740000
499018
766269
244060
972168
841429
103974
945892
601911
913342
376696
479164
477611
822433
182339
114897
385619
524596
735275
379372
337857
123229
937766
815317
825985
928385
581883
858860
246524
106441
366850
800490
505459
133121
944550
477628
788516
948524
337488
304394
775834
614184
597524
167412
350585
679864
182309
550170
204461
731550
743508
356284
668745
595242
985567
494732
523628
481417
353593
584118
487859
620443
384609
893318
567530
243126
284914
356048
105618
522402
474408
781452
950552
971933
848864
215104
565764
845139
579240
584191
576690
322750
754442
245436
817992
740010
640168
255587
221429
893761
739706
609288
428172
938281
416573
895702
181409
515453
165717
187027
937855
540126
868479
802375
426026
631310
831445
805756
476450
410687
389948
867106
547403
144391
112543
279362
784402
566678
434949
819797
374406
988621
343052
702578
926904
659625
512248
108314
989045
577965
109307
840867
932057
791752
643243
272050
423063
388656
977806
713479
699343
367756
580586
246747
326113
593129
426109
924481
159808
675024
744279
434215
663647
901297
950759
590552
474890
463008
512832
463936
854940
436105
304804
786998
227858
762014
873015
464887
150671
850822
178367
750014
132545
658953
810727
272625
166049
236837
197107
139824
811861
755353
388005
389475
656651
252731
793993
131542
615740
306826
409444
470681
556897
614249
171646
684755
290230
858627
963608
340901
623417
141976
904881
569928
614895
715609
742553
594911
766412
753627
548701
492240
508981
836706
781716
979598
989437
575710
925107
519144
696503
334552
803791
253401
762767
789404
752123
952997
648032
715732
207865
185416
757709
112747
655345
286571
728356
311865
695448
408735
965492
244150
800976
388440
894822
582693
282006
798227
158404
207114
317372
668873
355632
935130
822275
932366
638501
574399
799330
286534
290132
907196
285917
861807
919943
841262
962345
562267
967093
657794
871002
932587
715911
671979
234994
610734
168639
417000
408962
141010
438080
540301
709883
607679
389398
532159
454012
927899
920524
253343
128400
210658
160540
314317
886431
894450
969545
848777
456718
936640
420539
241687
783194
136451
813667
918188
561151
796272
249156
784080
837282
501202
238348
547167
922847
527746
979326
376860
455646
899852
530204
484046
924476
504710
612330
810908
399161
581876
573653
669845
432483
808158
725499
129644
844609
453133
947833
319727
249406
110956
103808
986689
426124
242156
533857
348973
669902
427150
625833
939514
240969
970003
337528
165446
474715
763824
790321
687842
259667
277941
271655
592151
986099
897154
621795
744675
350288
483595
964402
499694
408517
882177
400350
734642
938299
834207
897581
608203
175325
523415
461684
316294
407386
613178
295707
696067
377003
986028
297876
536671
177936
469531
128823
978001
280652
564584
636643
444906
862146
515012
758567
270664
397190
158918
819272
335491
807092
716854
757660
882417
154237
133311
198712
461623
646490
394419
971656
923493
294414
269533
460165
286316
553031
402954
264318
733683
781505
800961
992556
643652
229941
751124
728282
527131
810042
547556
676588
617135
178377
434249
499553
232614
381527
512232
508203
928017
806651
393826
765477
915032
563360
139610
201349
930357
356530
279634
578007
138036
894561
570564
595654
124503
321689
237904
465601
945698
599426
142190
562834
677803
390406
876354
724384
671933
388587
146554
513917
109205
440381
279395
838203
817707
319005
853519
748065
489502
133154
240039
527538
841681
710604
937159
866185
846259
175064
331787
791958
674490
287943
354794
352294
578349
145115
890644
164249
347668
937199
578166
356873
291547
671528
195078
923220
804499
862563
585252
294002
895717
725291
635507
737399
435896
572667
517551
196123
647731
663304
888081
322222
851248
156842
488482
343564
201957
293094
407814
449625
230294
799946
620465
335807
385441
629509
259028
189942
492073
744280
297910
301757
383538
833417
853122
633401
406085
370675
729524
867782
847945
617606
103971
699194
588415
492454
942759
690372
599514
264540
953964
643774
878452
488396
879581
263895
117906
952575
267803
423945
610822
465713
539668
894360
299132
392791
527762
519183
577432
171253
386967
425379
688860
304904
124574
277276
611324
881299
781614
210839
959805
649545
754613
838259
137942
634195
102155
969813
586771
269958
307725
111560
549637
747393
905921
748769
954151
347650
181920
531584
418904
382853
856963
107765
587757
795504
199007
199083
590770
794587
309922
464543
358100
964536
302803
310008
512698
218924
193789
913436
302848
401514
924996
752485
962874
830918
415222
917026
178570
497142
362577
411440
693961
133508
333171
281719
742978
432178
294768
333749
140732
418657
698292
398832
383194
815061
522807
709858
933985
616596
623295
236834
832076
548293
889320
708917
293178
218509
539910
285714
615651
802488
597154
223579
835996
830325
319264
578975
176470
514033
726690
217203
832690
338950
430001
129851
154012
852808
739709
987998
383371
363006
138799
129415
725265
842085
738332
918443
960594
278244
204159
490212
980732
701313
613791
730695
531640
833056
309671
608110
261056
850327
639279
907712
189278
969281
937563
243291
736056
677273
145256
933394
854245
184055
962809
579511
926141
615108
411922
800702
793352
516081
290916
688051
131361
718673
418747
563001
551730
542384
985078
626752
392713
624358
534465
481991
507606
472029
625282
157630
963269
584504
991024
731481
668560
867800
224960
508668
482909
536882
223337
276263
952963
414253
864314
984324
132928
197029
461293
498624
639413
446372
939343
932126
884696
473809
328085
392304
759805
767333
449934
723075
351839
354925
368523
834365
136692
493483
257000
519601
930365
380337
609830
797295
608557
388112
695587
555451
485141
970846
868041
124555
331185
807385
870648
215882
281196
198734
422152
941001
866067
686052
578043
131873
854943
846566
866238
891635
254017
123239
411238
998348
317543
921068
709611
826100
309181
405199
381552
608288
290012
249594
546810
521197
956980
417459
551045
152143
430159
873198
907110
210193
473217
399120
242067
328162
245687
922271
219798
313670
859477
531036
312020
177021
366072
921631
903121
575253
240797
198640
997508
430809
262200
544319
765972
133147
775744
317018
185290
205904
104183
992400
230063
477401
305487
286096
705563
451175
208369
825361
578811
967846
270365
790831
958833
536437
626429
775921
925656
681192
874561
923165
112002
136762
467485
691940
169910
243230
822925
169166
263100
827108
975533
307130
218476
281021
493226
824039
546162
601595
563368
124975
483408
733733
729772
356208
184137
270169
132130
109794
851361
820657
932960
777330
771386
314412
383237
755262
371609
206163
824428
448675
933272
713928
655805
965714
808916
962998
703721
355079
564594
267090
294020
861969
814789
837759
132144
898926
107929
164275
822686
773256
798898
669613
464553
570285
797992
747791
325548
169602
853954
963943
432243
701193
591838
902015
666909
400755
865014
370631
655835
343575
451687
763821
119511
180443
515547
151656
893335
523476
215931
716022
210700
914829
299603
575253
399082
997595
323045
624630
981163
990966
502540
413407
692160
994379
229389
273036
395135
994403
543667
864936
337980
809320
628759
357491
889763
144307
409147
697065
481750
439044
413089
506416
267841
526658
981669
566923
524254
218682
191554
419384
209649
594095
646757
715775
502441
776147
888812
797576
770551
346446
662514
922497
155768
205240
279990
859497
249547
503103
556564
545263
842148
783619
951679
109990
310278
847316
576913
648498
965998
582433
967882
989613
990494
614640
705389
492936
390788
594202
290514
975306
754615
766994
897804
810383
872234
177795
583847
935747
580899
140412
481012
337014
737997
346658
347004
948275
193975
737883
596774
973939
234283
478623
877519
224779
993264
496876
531681
298019
905044
636161
273326
659660
403156
171132
470044
189357
248927
867858
125106
643792
908270
420084
794772
560235
666742
141777
508511
674684
693626
919252
562590
827910
311842
354077
866655
305107
750953
398337
503127
655998
848465
590419
315660
251622
661551
599670
340980
724445
381495
280052
282204
289767
600136
976977
663968
180845
932720
172480
669495
540314
905698
232087
368225
217542
400130
148847
336615
151084
361150
653708
621048
209616
244129
750674
275205
719646
350346
430151
444092
631841
610203
540263
735574
124306
517241
313509
205151
449962
299956
774647
890276
205655
820700
172468
237163
220831
135281
387745
185881
396432
855419
706929
420014
999548
457605
595219
633162
621917
925370
977254
167725
449540
517518
717266
473846
848725
930775
492964
212655
230732
267612
916897
250354
902278
989366
387517
937075
938613
589228
122957
249012
444649
643852
569027
358164
915423
978212
891326
537341
817550
782548
519033
267091
214033
236300
640938
962759
167076
133903
175415
211775
215481
992312
362129
931725
895645
563612
868801
748226
152842
805724
897238
411457
363543
466266
669621
278968
444480
474915
630275
262031
257464
149309
343088
371497
285609
797992
248223
266652
745861
237604
378427
861342
143884
640556
707034
853495
204169
489802
601722
170977
295527
498962
482434
473037
865228
966022
652005
223675
440938
196247
299672
598402
245557
542761
783865
431166
254720
932089
597818
900582
983659
790211
675891
127544
430768
382927
881040
448904
772729
482763
519881
882223
881725
902316
355261
660921
782305
821232
698562
223244
917479
898235
721646
977002
354963
419478
408170
423649
265534
819954
324232
249195
610167
900124
190705
854901
197018
971745
303806
869747
368476
637654
665937
164168
453937
835164
639055
236243
570363
337619
359487
487844
149821
895099
378813
404784
314578
686983
642399
394079
420905
866632
543274
845038
680723
547945
613906
777741
519692
817713
561455
702134
369334
227394
766302
723271
962558
405359
859514
532923
556944
219002
834733
606765
114102
213547
825515
242646
714497
467915
536725
949368
334548
893965
708373
829237
441912
322280
606979
775570
953959
168436
391671
323294
209796
971939
946565
172355
291265
806080
519244
748209
839048
267944
354975
767116
295458
180491
909763
823921
462373
360455
773290
610887
168388
395630
440126
424266
617910
947105
113803
485837
929507
405474
623097
139304
291380
569664
125626
482646
289711
458836
230856
942726
626781
399798
709843
736205
394255
533573
560127
756628
794029
247384
367517
776383
543014
707643
114616
974890
568715
128419
374694
498224
347859
897792
537528
539239
381423
563154
835851
485100
921991
966708
427827
462739
366507
137672
198945
660762
571245
573038
331358
279241
720422
598875
869590
177403
220485
884206
152294
689200
826591
426989
187425
174451
238748
624954
527657
520171
102075
363509
905271
838032
244184
247066
300772
510691
284738
313683
985420
669949
786721
316779
763157
507144
729620
632748
498513
850105
516956
464774
539306
257514
791763
626732
331966
844477
165653
673589
278615
981693
937098
183887
819727
181284
244919
120500
505941
343623
248150
405328
913573
934871
622107
676731
355983
351728
223446
754496
115800
554368
219271
555107
711883
825000
995805
857815
669478
161459
531405
848093
143153
382470
845947
776846
377720
904832
711313
697628
248457
859463
102957
162031
794335
539031
652728
964284
704725
690140
718782
720526
158476
752019
275634
770359
490987
185406
542141
160466
246865
973546
822526
203984
269983
582440
880831
461670
401239
592145
159299
549696
365575
976221
525693
159911
429219
992387
124197
133946
682529
656945
668438
741005
408965
758038
425331
799952
843444
867472
774385
904275
754985
510878
922225
838934
907284
717023
300605
308524
309169
273870
672187
488710
164059
197881
548622
493278
190270
486785
441190
686765
143731
109629
341737
366662
681633
581034
980581
525078
448507
668933
429354
117459
993777
351581
770359
901062
968604
884931
123553
191741
158802
695740
494417
136827
793622
943039
530106
797858
343791
871296
398590
301488
794892
640327
568151
476526
221362
462699
815571
483835
131633
244926
415260
125411
410473
185620
840439
293045
884517
863992
298752
857286
473700
693169
894113
181289
550176
424220
879147
793967
209484
277738
995456
818342
732031
477574
294869
767359
840273
924406
165161
785872
983299
480421
725249
393773
480007
565689
500784
364526
343648
613502
221813
717348
220639
929892
798637
584781
354114
591751
292715
377564
683455
202138
195907
415487
579712
304742
996812
333952
229150
161974
933790
212450
542395
659040
420189
836369
138696
734940
114862
382345
262409
236675
913659
297014
166568
626264
781795
