334648
218016
974511
526178
715438
990615
536051
944891
570329
654760
941705
718247
697876
103680
652039
724292
460042
225046
958447
296412
263743
693388
311274
460054
769764
361915
287680
966778
342449
813944
662541
491064
845927
551019
831208
475332
541635
367261
420224
925930
922021
361930
644179
619898
279577
210185
344191
639619
249197
302639
749997
326906
809994
875237
600926
493725
151119
788607
374470
307534
516518
937011
698598
276412
488031
443774
651744
843633
711035
971969
769564
547023
247866
327710
166922
427443
437895
325079
881028
501059
441684
631026
727965
165645
420230
328893
559370
471349
117501
833841
592850
447985
684819
205415
624398
986817
549189
276143
830451
260225
162079
513982
707248
309946
741693
688136
637389
993554
827181
432385
494614
182833
877377
222581
248478
297609
451474
621815
582924
382941
369623
989740
730926
954442
195157
269291
855226
644346
445435
685678
718538
507514
199662
339753
717460
755321
841856
268817
748876
669038
515168
243492
665837
392546
280039
728282
504121
545479
350098
901012
828420
533687
890753
473313
402096
985910
642605
257324
544224
902006
756968
262763
409521
770596
416482
940948
525918
258339
123732
274796
741344
538900
418288
407182
745412
598327
135465
163501
143807
299529
964513
786193
647182
769233
173473
949279
755145
630044
120570
213336
532051
777538
376099
755539
548136
606547
610454
974054
764887
634186
248851
506232
987052
481105
813414
646431
893398
762846
709932
937205
962375
674446
637365
609559
443681
710839
472805
112793
340884
493375
226129
686902
270914
416194
442442
633016
836707
952896
607072
601595
501049
669889
107828
488102
964961
735209
948499
858360
498056
658433
709533
374398
246846
346899
797923
504493
871704
270729
517286
126556
664104
557381
713458
748985
787541
155901
382002
624250
922763
803040
139812
423813
472931
147641
811915
351859
696816
674381
210220
194873
332815
819753
383237
479662
980619
181162
798121
766290
351891
229375
792846
915996
686756
506305
578948
388265
476172
860950
826481
398936
577958
866293
722749
864855
827900
448631
216715
524717
123014
326935
533556
269795
960655
816794
563423
941275
811922
361546
621532
163814
490921
414380
893776
991643
734651
472725
379909
210825
247643
120357
423727
725601
800617
146478
590457
542484
409075
707172
881168
346055
848073
414725
515851
808729
145486
979274
663971
857408
340821
285505
835189
645708
513851
728966
637353
248503
115659
917262
273294
263302
851586
597022
802869
652204
557466
307293
194689
780507
828431
975857
126564
676505
304550
456381
399202
264002
349622
963173
121412
504410
162645
770567
150119
576496
499534
687472
638966
429159
518702
812260
506427
370289
323249
223263
836459
780715
430556
931148
561224
258988
820973
501754
835494
125524
772101
148663
203492
121724
925802
138870
526134
988448
809437
576254
478911
222939
177693
931843
552098
596395
744105
872492
866684
881320
995755
703144
662037
426313
548260
137228
585301
369234
452948
334762
308724
225050
383425
412216
246774
309229
451087
586875
211644
174491
977095
504521
297430
154789
436366
663495
651185
994437
535988
431836
875758
531744
948947
451762
858057
497208
488990
357326
680408
841938
592088
803098
880954
789480
129281
127730
912675
394334
614605
124320
468826
591701
442807
580222
560456
779173
243718
211642
773611
679706
457445
563337
211452
406393
915099
969509
717567
318057
240802
311942
973961
732891
115041
854917
436338
958287
796613
349014
352623
325185
287300
635415
730852
630107
215638
291309
323248
359357
316918
910825
939063
674363
474163
964481
894722
303230
847958
526256
521287
988760
738198
409215
721652
667205
178099
971956
625493
874712
320971
878116
199898
422237
513532
830750
866311
543137
936026
189560
802494
252945
100386
655524
741274
474550
620007
635997
591746
467966
162254
926999
456727
714418
336215
992346
381624
414315
964303
907117
202994
199242
699201
216859
521479
212734
947609
301757
655871
883636
391317
372332
950547
391704
927857
691822
680220
461831
241786
271967
829797
218006
198967
200491
832424
349148
192838
214049
577429
971108
935133
680424
170351
634335
797283
505796
661035
658859
707554
316908
456463
998871
503206
407011
304542
431064
912800
884762
792895
154587
970695
536659
272594
983628
637151
918984
332778
729989
947000
810207
615064
882134
404598
685415
516470
115848
105179
177506
588674
626699
308380
859103
539537
711587
266115
744080
956617
992881
542809
663480
961435
513506
200140
147996
497135
737291
966980
643879
381248
913981
368054
896312
796116
672652
495695
226553
602467
414840
304060
105108
941539
512440
864211
481077
137994
944292
225158
994612
937175
581934
658093
898611
995440
758233
946607
406542
409492
827554
950422
604706
741537
318477
414985
451620
805095
724646
578174
407563
139487
782234
412671
981026
208641
190849
376071
246636
135143
415195
241249
972318
897129
799342
784896
806536
471542
731504
213080
695000
473025
977468
213673
214563
295946
442625
566184
915007
167272
958324
236538
120726
740559
463175
915718
763166
554025
291790
909802
589168
606986
151052
475453
418082
764360
260350
224620
149870
805820
251666
658836
278846
229135
686476
307376
339047
129102
687526
254055
110340
645851
304559
945031
300377
667735
860751
963543
221761
152542
787313
624895
573494
752331
914314
891577
430659
174665
930163
480529
794451
181830
953331
887263
310965
639808
108606
463978
582876
696132
531999
507183
255950
736559
452215
370293
404295
312967
247804
440022
279476
935117
878883
666936
687449
793198
558514
118109
781829
402644
412604
490247
484474
279903
377511
609405
733677
386118
973383
316555
896216
505384
637704
152168
155910
989919
422461
460205
216854
484231
714193
396330
419349
507043
877232
920765
300242
349714
938874
896037
652358
265446
386285
950799
445349
577762
560205
179027
863880
447556
309548
674064
766906
847252
640198
822816
751139
876625
196988
867993
360858
725147
178290
680207
232191
955522
600973
432433
305237
453815
328471
771562
619261
528722
722362
964610
106485
282568
957603
784332
630124
267153
458397
310997
114406
998595
133814
765545
875221
144768
547505
150046
769915
625795
644220
902106
495285
245194
248506
614488
512975
390943
386051
946202
819665
108414
824779
740117
290983
782384
524450
735073
949537
882847
946071
877909
795409
893851
557422
584597
938620
104928
548610
622502
544690
192831
524610
939975
338025
587082
554464
664967
878026
840516
611170
611658
848930
435951
351776
953879
218336
776226
688954
981839
573040
548992
859749
282416
356810
331138
680980
295431
336067
229591
817934
694723
322422
256511
634699
474413
743593
103130
139381
535586
757612
564518
147246
520510
900469
312988
474390
932771
989215
977310
828577
476222
440269
602293
572605
697080
833432
253586
892511
169500
383177
624412
678189
519565
694889
312889
893978
352450
229985
847326
788036
801564
411845
749248
322075
226281
962237
610431
973018
865419
501709
801596
341642
841978
403890
728213
539059
237323
881799
345538
220789
178943
783916
798978
598508
478807
925833
406454
731257
969785
253781
433260
771350
479592
182510
907391
519839
144748
517823
492858
910167
919532
208421
165776
675478
512311
793990
214538
563601
589756
374042
598356
668700
157960
311302
181175
450733
151102
487629
181991
120888
555376
515251
706204
934968
597761
613596
454808
556475
945386
761632
466643
864919
870053
446386
540398
296332
240377
568903
673899
730133
842945
272256
312800
814871
397524
393976
265605
448627
781605
347596
469515
336983
676814
989686
185918
188542
603283
540727
645018
548670
216326
925627
327557
986380
285980
681921
196679
340323
164791
770578
970457
907737
856800
197224
722609
254326
491200
802181
602953
186773
149778
886434
337722
640558
876121
423640
643067
393372
778333
202052
842042
894660
941645
983565
795007
227627
579454
891686
467950
644245
662265
352374
465949
519066
449599
188560
587358
754765
804707
190312
841538
854485
976747
179261
409011
766835
416868
952078
160208
195202
968096
816217
903828
909742
799783
698836
137370
379238
504489
419287
837450
980720
671661
303400
499788
935226
305926
901112
689993
110634
991425
445498
779086
882139
438726
188098
562941
755594
954142
623150
764762
836205
439368
668592
745948
153118
281395
697285
346323
599851
116573
183774
580572
602200
301140
894326
537428
507067
795440
141388
517701
786866
486886
296788
582972
739578
298852
145914
409139
166961
669064
173903
817132
922398
656461
563082
889483
751822
174334
235807
351674
190907
233547
832247
693107
434687
726574
144502
841754
522015
185890
273423
222848
486743
384177
705820
226322
496996
665701
535462
477923
248732
523331
295057
985097
179793
672105
874581
831615
746439
110389
997256
837346
157902
829504
444420
492589
556079
488923
248311
892061
488779
421734
928875
789488
705911
634697
915811
116874
214365
365240
494798
363097
788571
689855
262161
782330
361961
136743
527912
108401
961097
525169
759713
119000
268640
118100
425556
638686
420989
573867
530748
809769
895601
459624
599258
515479
908287
429036
532354
936618
608242
841118
213683
310780
530974
375844
993110
706901
412588
434990
629268
287652
774125
388982
306653
942766
321048
632209
495419
642038
206077
840133
451808
915644
213724
865032
345090
122013
208036
691410
872597
716278
532529
986280
841025
877469
362126
748102
584371
588680
183093
213640
776332
857219
416588
896951
713952
637637
529161
209372
193642
549204
949505
459416
378815
163230
324449
623906
999208
346451
315317
785773
876696
661813
772054
717722
539283
948146
465825
123656
450793
548919
151262
227127
320105
381817
124079
848023
833420
467207
871361
927062
830377
734833
386479
209194
712029
524894
647066
711239
685312
776349
497013
562009
438163
183034
279732
791413
131182
645557
815069
481975
108443
780297
523068
242514
976080
461114
990537
723467
742287
775865
564496
572665
510699
764941
595825
222730
203803
242892
747935
789115
833208
244949
351125
185338
241949
530857
876751
187097
990380
605787
483039
912790
300052
820073
155305
276133
281188
959809
813567
923475
735675
378064
410108
246376
956972
905933
283072
160776
962792
931007
849891
796001
989922
201017
795305
231872
545840
672058
232936
450187
277846
615975
362978
391864
436049
418284
481964
531204
292060
295532
454680
841701
487562
764788
902043
444535
584689
185116
505311
547482
116124
269169
257450
920012
284152
952755
965851
729992
624814
198788
180181
716627
628729
357125
108492
964778
675409
490456
495983
781435
599954
764630
623138
987517
443385
525182
346019
928074
610299
665297
389523
540389
834466
546973
460403
118620
413696
426255
662578
938510
439009
656725
569104
967738
913851
491563
932517
503227
795985
342468
284664
395941
921064
721768
297425
364450
246951
457410
206492
671216
122708
496015
125573
857175
856955
485976
789761
270652
726197
452340
123129
165207
923032
506200
132946
836884
897763
879429
340112
607715
221898
438742
817622
956928
160511
115048
235346
221429
386425
341838
792645
409133
651819
818218
180275
422741
218161
870036
593393
758324
236344
530489
823531
973342
936689
770443
810227
748419
649874
964305
356135
685738
403049
173759
642668
377526
102773
778014
498955
389198
933818
205568
612298
499604
837752
692573
822346
955914
476577
329706
714239
526887
760195
451738
500230
610851
222182
310458
359271
772056
274764
529373
457796
491779
517098
914430
769306
433837
606411
268262
637002
540230
287796
249301
939834
125550
755840
676147
981464
232418
905854
609670
573271
580016
961408
973501
104835
997557
197926
364106
683580
372691
707445
955342
678436
224544
869773
361709
472348
476185
443938
109351
830381
631734
172618
770217
657284
742424
360331
552715
788809
266186
162387
362081
660169
937761
335584
665004
935319
433510
843076
618901
620167
550523
574244
212571
589033
357985
474280
875347
734170
818218
798664
564553
449954
871282
248737
107239
527674
509068
559955
316484
589221
536308
578565
163357
474070
814149
728361
323357
161627
571438
756224
681794
935927
244435
794365
438928
502420
182613
314276
150558
900831
112942
529077
350786
798190
591780
358026
325865
100849
731947
542349
504036
268256
934881
567393
556292
662997
209721
779649
724624
595126
535874
320386
445020
680310
928717
783948
996696
111331
912191
147255
912163
925133
576332
262950
637290
168113
434942
777122
982928
980855
233438
400931
249112
168320
782291
705405
731318
892012
399021
455943
401105
748862
590295
746126
429173
519014
530075
339836
530345
442267
387092
442509
281367
777390
519426
732624
759470
768334
509747
656365
749191
643185
957296
812269
711506
739588
431641
442825
545568
730663
712734
760639
479526
303031
506766
722665
722045
850808
962501
166357
207042
263560
422833
302376
940951
756225
935000
700422
524560
444748
356788
273752
987933
228051
899988
613406
781606
331630
956231
241141
962293
582933
901780
355786
699930
408548
978451
335942
173323
854920
402299
280365
118481
725132
396707
873398
395324
331708
487787
819885
676456
658541
907603
578357
786593
807592
191764
482166
139224
961962
623307
915483
544896
525088
271271
244827
747602
163689
480769
820925
832575
697034
915257
851057
336134
311965
724456
631458
457640
126211
451344
134097
684752
272915
612454
471346
894473
618185
853512
933697
580148
390786
763148
125045
815875
848385
183838
477444
826040
478573
298371
658617
175608
127595
509675
411742
253526
148098
943201
611166
174309
308512
559230
673028
395393
985650
144375
289868
603836
811854
223566
183985
202641
800680
122996
832482
649066
120800
309928
475108
499373
422265
133726
574982
363826
457367
800690
431318
419431
657858
942485
407707
866371
415682
980735
261765
315299
939076
451633
819136
664897
489166
817087
681505
203813
754050
513988
666846
774850
637882
141955
274225
874113
989646
663173
237940
360980
463864
569259
594377
121724
425711
902084
802061
655359
796786
877792
870658
649830
243393
603761
314728
632559
420850
810199
650338
988866
238155
317185
763717
776037
273106
937942
564118
176719
515082
702058
437699
878947
185284
846043
814637
424961
662094
616699
980320
458882
494492
764946
922678
637885
368708
151373
184411
603524
861573
648716
592391
999728
865901
356110
689732
139009
208019
253851
215728
537068
769876
467394
416016
855160
313438
144620
194089
875532
575285
174410
248381
969777
753322
171060
521630
122032
222434
520007
539522
897973
168724
131915
897702
848592
301991
587435
887601
323976
655253
917295
761044
425130
384690
991026
194257
512094
135647
288346
301594
610932
276723
363941
494677
930045
348968
830273
866043
385368
264247
405567
283342
246938
351448
181045
995530
553439
582446
797098
691381
151666
628360
452427
476796
913051
443454
571054
339112
393068
759400
540706
817966
936123
718614
226610
866170
967582
956883
732214
352951
221132
951747
536293
282036
303196
531304
277567
756635
927716
888631
448018
979383
516992
714411
456180
344010
971831
927234
583123
278866
600602
937795
996833
450692
656410
223444
316863
623993
994294
863044
790910
129393
814792
327204
311429
931955
672474
402962
688591
600192
291594
950575
579576
708586
578953
849722
952597
550786
690924
449687
643618
291527
301449
640452
642219
857860
677863
773049
395820
672158
550060
100698
701551
278819
327902
826946
210775
814343
229909
799367
414536
421503
663909
808078
944055
156830
657801
810619
607616
348726
260307
251235
454219
461757
705654
996439
233584
383518
683455
443370
869642
233516
444068
485160
412335
585937
312107
437077
400281
442016
150411
628783
677485
714320
436862
621541
771150
994663
432162
292733
257357
506435
357935
611576
782158
877555
521982
915742
175040
119404
273080
944682
166886
531114
429843
393188
117052
555916
730265
331299
897932
780676
860082
489384
494997
210911
110926
180115
119542
357054
286814
276899
677456
458715
788475
459615
336271
224425
289325
411311
243829
462405
355994
310716
893519
599803
603904
824538
969685
334170
969803
867618
114847
743853
270969
423810
854764
195862
417891
874306
452916
518672
965171
130373
877387
667614
403955
213660
792039
593280
524971
849834
869651
694932
160551
677137
208702
578421
415642
178389
726557
385447
859973
655370
129301
130944
979181
798031
226806
311039
672339
493688
729711
637511
438028
607100
305126
655949
634726
911131
249230
159698
760967
932847
668596
735484
609985
691265
313907
839594
683620
940464
225042
543594
595836
168309
488504
488984
866340
529276
613989
452646
836931
343702
990158
188926
764768
209251
744875
399495
120384
808071
373159
781351
740919
855722
516836
264871
546988
644709
104466
144575
499141
143474
588169
908943
211783
890640
311894
892090
333883
825883
344737
170815
983551
334896
259741
662286
358114
818582
961781
378498
626654
248908
973815
281540
104631
404618
446412
465585
949328
364844
510160
448470
322285
912295
271380
434068
716902
483274
326159
950786
309158
570897
121602
206677
719759
195310
768963
977873
827858
644712
270338
454514
793620
244154
550020
712217
548773
896432
991768
412068
175244
415895
674504
397529
328191
845884
645563
945094
243125
785689
809847
452283
270553
745415
472926
890312
840725
241891
782153
668585
786603
866457
937065
494190
110613
487086
206408
473352
297486
198177
699386
286696
514072
373891
584225
656229
133742
229789
515290
276867
829444
325138
543116
999997
970554
916043
804277
725246
971900
586431
307798
758504
452889
244864
166661
377468
545917
273069
664786
657369
285212
364173
844065
613250
552030
428291
269480
585772
472046
684771
762639
301492
823875
219723
215456
794430
135767
919733
433644
921633
420131
641442
594104
686987
700273
660765
964455
246191
833834
543209
803560
933012
807382
561592
546263
359414
803849
629709
759152
275896
314481
435759
391354
952323
555482
420777
660720
505215
340511
994364
426849
660643
635808
920953
347631
250048
581719
226053
396239
329520
583228
113766
262533
390612
575358
622762
563992
293174
252472
323145
469070
380920
572870
674391
333244
128353
909134
893964
447534
249646
802296
774383
724255
438105
609303
885852
588153
191023
925872
798358
334509
509101
726090
411008
799713
215415
933770
277672
408589
186244
414784
691625
467164
887654
279983
700408
916008
189118
508339
363543
338765
310636
951893
963020
562707
561197
762840
964826
566187
688713
763185
800696
197815
489276
211706
811495
518657
145477
989167
827246
145687
403952
518873
512851
291608
698856
127226
121583
787975
535566
299092
940706
660168
250986
817693
222877
712184
580534
187704
192338
269248
764856
893034
367064
168099
918706
178560
586757
878150
981693
414004
923837
385647
746843
350656
491221
445701
377882
512804
147643
727414
711896
988349
387584
862883
720009
424427
489034
300545
512131
581372
383759
190954
388373
564789
259054
221047
557315
745811
913163
539010
973781
837001
738623
720626
187658
229845
166328
379507
556615
127937
106922
268512
930252
308472
945361
650262
632899
348362
764773
958997
743700
148534
149952
132075
527289
222972
167088
984605
868783
980251
437582
842566
731219
176206
563193
732844
220017
543487
112352
676632
571424
933239
845144
415643
241713
704473
965905
688578
952835
730680
561542
696537
693180
525461
642578
220470
648433
709666
119042
517218
603884
456624
273751
249070
446796
650910
881914
566813
194398
808232
157412
579788
741473
816523
895431
797152
520997
775303
485731
473833
419950
861240
170371
113131
386702
712949
147568
935135
336582
980575
366320
754432
351167
540071
903503
697963
190982
785418
178744
199346
593652
236156
593100
249092
952679
402498
946244
473677
177803
345942
761477
497753
207183
831848
424851
407851
458765
386385
342988
609313
366961
523274
363747
618128
963346
267251
230059
968294
866635
308803
981607
374254
358925
488674
523346
311606
791173
383557
599249
868976
629500
360727
280696
650649
106543
519513
958501
379274
719864
215456
888587
986826
638730
252335
518921
516043
333552
562946
398305
114155
771749
293879
388409
130676
682553
811756
256248
473727
195314
669463
256670
638780
930191
351333
203397
850700
770846
161899
229975
404678
191321
118563
305471
644017
184865
724392
160062
332383
201306
372333
346538
873055
566212
548914
817697
162732
360671
887911
536460
369951
557376
607096
822698
401534
858429
926095
252235
543243
901960
382210
847921
993281
314739
153393
637299
313570
691751
611327
545954
793057
797626
792492
580080
363839
341407
311744
426572
516044
199657
776998
699962
570999
384095
522661
872533
242526
362723
938734
599735
264684
234911
447657
257966
449650
415016
709231
663221
920733
320560
209176
627758
932152
815634
121805
295993
971008
333549
536531
401019
433206
227496
914947
818171
511591
351575
690705
568083
614298
629440
981784
778982
764351
343408
850914
127969
658424
560147
691190
493125
694673
714332
120884
626826
443933
142689
736785
328908
290204
187283
629928
537377
314779
544876
355549
640337
796452
946255
122387
324717
489662
104173
103701
167981
347581
854615
195950
819972
328729
701106
313098
923402
415439
247948
464196
759372
204603
200982
988281
394807
202232
532176
746150
417011
891018
101701
871314
601437
861922
893702
826155
351585
811841
829856
419566
159423
598438
429482
793361
827168
130589
920425
664537
446028
168374
128734
119368
186943
143683
921615
395717
245915
367758
141868
476892
258777
143569
262174
674181
905491
155877
500337
171044
781684
244160
404576
755073
742598
734059
548436
483733
764648
468862
148272
124644
451203
177006
957977
452112
134655
793559
747829
194536
161318
703664
571429
234061
661199
733603
808242
566692
703446
308580
551702
485131
452740
856278
154171
109306
590338
602607
493039
268954
885436
541311
207564
250606
532284
165542
602718
480905
859101
264515
575442
834385
868179
960837
968446
529379
694441
776690
910037
311854
899236
461740
610951
265944
318020
665122
275250
722324
181697
582255
805244
881099
937533
912808
131706
469818
978350
634424
764689
751418
798939
340132
585804
581085
300970
468218
110466
809377
244909
920503
935197
958111
296211
546149
224056
428197
125239
313272
964487
120902
795528
769733
902001
733062
682542
933707
116847
574860
482098
781536
326279
195005
935635
726050
676090
150572
194269
600522
773916
253144
434993
709114
211256
631204
169231
249279
959401
108436
462551
837855
129338
172046
607589
845305
719074
204099
692979
649887
678959
175078
345391
819204
184049
281027
459221
760140
245565
553490
274629
919481
620600
609622
542563
731857
240827
611794
795102
114195
620230
171620
852051
563534
157633
373607
322806
776707
477706
915785
426596
970631
904829
671987
789837
988879
766980
163025
662986
912545
530482
837615
745994
151083
447239
288558
696906
502032
800352
492009
430194
334549
477596
282246
712049
535229
469819
934855
311937
847526
850641
552499
818158
755471
224487
521962
658317
805433
498954
321304
717980
929436
158921
463975
980519
420126
566499
677427
736124
366852
983402
166319
515367
460999
262531
141383
896228
632351
976238
122133
393844
740846
574632
212003
410284
613086
547932
968602
418520
946886
289907
950466
876323
262794
328408
770809
496886
794907
448237
233012
975725
345607
299331
491093
706606
461863
532476
602836
908180
422681
538935
302025
163528
113568
327994
387779
626654
775926
356382
859141
636779
460255
809608
427069
623050
138018
197880
119937
832925
460083
166915
722618
705690
366247
213712
326264
642076
560155
743066
550257
882836
282002
752282
860331
295570
980276
248111
736191
670170
418459
595333
220916
778714
404942
547986
315731
356926
559832
249635
103819
833881
316550
726437
453539
496763
754115
679803
138840
314271
422870
589097
111075
604872
255346
785372
714408
149590
847449
450600
719760
265909
859899
754642
858589
178809
302629
988287
435735
676427
237923
353520
510310
368439
979957
777815
765203
648040
457619
804043
862311
694455
307108
787352
213294
376420
486691
827702
426010
334141
192270
959736
414016
952169
714380
272607
944944
830975
260895
380681
421370
312784
548167
745646
581223
442092
523462
346427
990132
795047
964437
766410
489503
185512
467730
602797
375898
854421
430500
701909
188564
436736
575612
502580
388907
203959
675187
333852
934935
750048
528499
270272
962832
890633
915918
458023
332726
439381
618416
322859
234429
582854
903235
623932
582332
370966
226730
858231
225389
471196
474107
313953
807933
863685
630499
110807
967645
219654
258625
816547
869702
601091
986819
746502
491725
902738
204526
724451
342120
722942
861276
390515
219764
764512
828413
616062
949445
955143
474294
174835
340306
762367
302754
962205
626054
833253
973012
507666
952907
145605
324214
736577
646696
311034
483080
138422
127739
501572
676839
283825
224515
452082
574340
258245
130561
402754
774308
980006
271864
162569
968807
426136
738903
271562
388343
364958
918782
275322
686590
785656
320927
910804
522234
781589
135805
819280
733977
163544
320853
410817
261335
359335
762899
735675
517580
793461
952395
205855
687434
138226
182391
656243
464362
821294
741771
666671
100219
574520
755960
686809
360178
890853
597614
696378
672444
547385
515660
406422
524895
650479
631206
686230
909814
308072
335872
341362
915499
202234
447217
602935
240460
443574
259179
518788
264869
814916
999426
265088
389438
755387
765863
563582
646241
363478
259961
232652
724829
589587
539075
249725
240068
984247
749921
963848
292320
899759
305211
207821
101994
566395
624722
156420
909969
697867
575209
174840
512784
488602
253894
716188
243990
919758
279771
790231
197203
439733
922884
822033
929320
375926
885724
983354
274140
549613
947204
380426
449373
252416
488247
451368
632777
926935
507788
542748
624803
896963
531554
951554
385566
599414
667743
443522
519173
847515
147721
530343
201215
884571
266343
130536
260498
152068
927857
348604
515647
875062
629030
865021
941444
931244
230356
574223
858180
552110
930937
396951
449075
376458
348506
648607
875872
916249
906096
309013
677731
953817
739356
778946
838389
819665
723449
912853
785699
651307
261458
301348
440336
790488
166370
381781
635699
296726
769970
493881
748836
614874
704798
111878
891332
953304
574452
681172
783520
480549
804151
461253
434367
457474
154166
272757
277140
691581
999576
962839
342889
261035
264188
597191
865489
244524
792939
501190
355216
562910
809037
104054
991751
513836
929897
797050
381107
504350
478223
164628
798865
282375
439847
147199
639849
494014
233922
816989
999561
233499
693796
342452
308500
771950
753609
173991
916475
546549
489147
271692
923426
298185
189712
915178
625987
119611
712229
907094
437927
190454
971722
150760
286795
325537
197959
740611
633517
331882
471567
633079
379347
165364
789497
587848
837315
543108
575805
667757
989657
964952
839449
913084
177104
929162
742229
617057
862739
454460
524152
300667
458880
409841
265393
645675
635378
363353
300253
182862
509201
671821
715942
788548
737185
505440
290363
488467
948548
766168
156225
852173
645087
809641
679224
722191
738804
421455
339249
515510
775915
677367
630143
234796
987209
795537
694437
536554
972856
894691
533383
482058
480479
249326
184573
131631
654766
288903
520099
517282
955071
490290
369456
600160
299932
862646
236318
852702
284102
389534
368213
960017
966901
898357
108780
868077
607861
617184
318599
580718
425842
751982
876742
806321
901308
875281
837952
470041
164185
272018
801289
933223
576275
984711
447350
690173
847359
583668
542877
131462
787168
725056
905446
754071
537380
914226
536115
959207
531411
754714
539926
771219
420663
416669
577541
235938
205918
329461
605980
270103
415445
407270
203327
805686
391983
464643
495861
153309
948312
852704
184771
735481
491727
990217
403519
843074
904445
753601
802282
349823
508316
342210
935009
742946
572845
426517
878884
678763
569944
484865
762833
799356
706102
780126
605043
912051
244771
914870
965360
107050
767575
150132
656497
173270
954316
873983
916344
772728
627585
718627
122552
135902
960837
871527
778848
447650
298046
571700
940379
767990
956565
703213
567347
576634
397307
172392
488686
542078
901228
368013
463094
668805
332112
119592
656041
286429
893575
572386
959157
521161
291014
895675
471030
165819
767204
163845
427435
965250
635545
367815
733241
506078
884995
214556
896678
282303
200914
299332
638347
102143
567345
101442
670948
799457
934999
240956
899852
828576
713342
859010
263704
818323
668653
548700
798108
435858
612546
225544
315075
162058
493359
948316
482102
292321
976838
378782
388590
177753
578114
926937
179897
145460
842345
664811
758884
777346
805768
658737
519889
433077
431715
683593
251401
100369
146261
949509
436227
658807
175054
651302
634831
482380
513585
116935
674701
404391
395717
877258
482144
873831
804196
562041
833257
646543
140820
592142
337856
846588
164847
757745
279666
496562
355305
345034
410897
401566
294544
747124
874339
283565
312393
509172
665945
639944
526107
254613
858301
735790
131872
340447
609622
750035
716454
442880
310545
757274
848989
548401
603863
913836
306147
697496
324365
561452
942530
635262
776985
151041
296353
651325
334606
422712
974463
814517
876622
414537
883097
734925
150328
828935
975372
573916
578971
691827
830763
703482
363069
679753
251884
780898
507556
458031
478395
731921
833450
334892
367184
610436
385934
563537
175728
534506
800215
150193
262991
676838
464730
146089
411764
515059
788990
387137
902941
281929
892931
733705
885411
256001
327425
137297
850865
734981
409294
243228
466903
156711
478120
648053
581113
678020
125557
656842
126494
825772
621001
289485
502612
985731
249540
728342
414757
938530
929446
317700
220460
822378
865371
919838
892345
192798
957135
743211
827779
280396
800405
208650
251074
278527
670669
732187
770513
610193
302996
797007
349932
823997
900458
666510
723696
149999
394854
952419
902496
324301
270120
122957
960645
949458
856761
852991
142257
813897
510169
784002
908260
310576
806618
159335
403069
477289
791522
173583
901448
908485
784557
251381
732483
685016
817892
370146
648982
212747
322567
551479
437048
406653
488402
397694
356112
345165
164652
312335
973028
488787
996338
881289
613329
802957
854590
916398
194213
560080
903948
995661
468566
602472
247044
115016
201455
878902
385163
750437
991649
607730
301917
342664
914383
690320
554324
184463
935485
618976
396798
822480
921729
307103
703771
535060
924027
472328
451459
118241
932408
269374
927869
400975
771846
988879
415992
873302
867782
615121
537706
773398
222852
739624
116063
951201
343911
570387
135665
193363
103330
346430
915843
925059
553533
533581
460120
477561
905910
725546
409769
838319
894920
251605
153262
580734
154451
469254
454037
836199
984375
891743
609598
121194
545334
625661
886361
703211
110015
922027
796574
113345
182424
626385
938404
549923
159967
312492
927485
965877
938038
251221
718164
746925
316792
771426
327660
371243
154647
595663
207443
952988
401374
717041
888148
846708
256669
774510
549921
266684
610504
260462
193995
692928
786847
946365
242853
760781
258858
984304
640625
110863
149492
358790
757789
366284
944182
985449
551493
912795
581114
658936
779750
882488
289944
667899
643163
446613
442411
107051
527263
866881
181480
535224
473777
868327
481590
530596
629109
554415
514901
269736
565278
478359
442492
323068
744643
300642
222485
296137
213438
703599
769039
893189
500054
958983
475055
957183
319563
731432
964235
746826
598315
959681
196017
972092
828009
577607
416655
371086
945988
831556
454788
511268
223882
711246
648302
868525
911888
770787
978628
939293
474387
661634
746449
788407
620618
221505
745592
840181
766904
623794
500974
365220
583476
510957
251279
325452
988564
567934
510504
934554
313457
865292
359789
437339
490506
908091
219831
316361
678880
112426
255655
967233
674060
816070
669608
208645
937576
329167
862792
704481
852961
363767
883667
350404
688690
948912
489822
677255
430813
900327
525776
644270
679586
785565
895575
984058
607624
929372
300421
286505
941798
456076
167705
529825
272148
737313
638470
123691
966480
501263
642138
733408
678996
439772
897778
367687
388685
387602
944942
633464
201896
384686
191701
695448
984217
987276
679508
591842
830615
879929
692313
772414
249972
760019
302240
422120
497333
840710
359777
463815
255940
901915
111190
834936
255654
908969
202624
458305
296572
961532
991769
312434
260185
183471
821848
244404
984713
501357
650212
815329
295253
342527
501710
445226
102547
703950
681312
413846
458627
855056
777661
528533
756972
788852
363470
826593
611788
380060
284899
722326
341594
276670
934760
501779
360141
670575
560149
344856
171934
210363
974151
281153
452890
475863
540345
369403
993779
135625
683249
366374
890681
374878
794907
561620
163731
158379
388214
675519
438439
573114
397846
593999
749784
246573
995779
923891
817148
469895
182714
803048
580258
156867
898168
847114
446696
438514
216518
440476
474139
799768
706850
364821
988612
501759
826442
966309
560138
214657
555795
812543
601737
767607
406544
351522
914180
316290
189381
645295
686185
272095
362311
180411
242928
260480
927525
589624
598994
144045
930101
887100
757779
550918
251922
746392
952677
892330
712702
426782
920954
268498
239327
522692
936105
459837
688181
764252
676127
691528
323514
276279
863623
585825
356690
920518
746305
284217
424109
259267
242228
268177
146368
900007
719096
212256
560366
585740
104588
187035
912523
925542
269499
965816
362201
119571
425654
950382
783823
101782
641911
107338
278061
419502
507130
448718
253987
253436
632935
578096
412703
775163
660240
373037
589137
379337
485294
963469
865077
489882
150505
777601
329391
233970
657384
591592
253541
983038
455942
851330
898786
911819
772634
990814
245288
279765
439533
399275
347168
972468
791338
573837
661598
451579
846875
250736
730916
332170
128172
509960
636018
178677
201529
779375
312647
758913
370968
380154
741953
640876
231485
554706
552697
904119
545521
697985
183886
885054
911227
431054
771489
702566
904891
433088
154146
665733
497790
699028
811869
525962
208989
447888
518605
310518
227264
731252
883398
412199
925372
539318
953075
156858
994024
419739
960978
539547
931691
958830
338568
842919
303851
110059
545486
122709
357113
513598
688443
754904
212627
500313
194833
235582
762168
613439
360067
803398
258658
243466
215598
184032
682784
982640
240890
676809
402380
115835
130323
334072
974665
368892
990957
278517
292917
536444
301227
550030
864008
803636
218901
976635
217916
313735
212219
880084
827174
386252
683484
899798
529718
713048
983830
126469
695689
138688
617244
912036
154523
647568
160075
943155
830426
151034
135639
123344
501444
250832
487340
365454
954468
606242
256056
172386
733943
282241
866436
475084
568493
549921
374883
912177
262971
358715
938646
772626
311369
555892
684663
279858
203461
744739
223014
933887
709739
172620
871197
211184
323452
358538
390604
191888
778746
460627
178240
512690
642868
944676
887774
125329
408565
262659
937506
485502
435340
876154
258129
560675
432047
842793
740533
449474
501499
863548
297328
125205
936168
982491
150355
173587
341030
440960
265475
933743
715553
257681
360400
358422
116325
248176
383751
424890
324801
235225
810392
574107
111380
882487
134783
357393
639247
775316
620833
954712
552831
818161
979917
402966
800653
130274
476554
955649
385200
555995
803359
100754
627643
163761
273142
643968
225903
470860
882824
450704
606085
693217
838777
531431
489671
787526
788824
128920
476809
409658
983632
929641
141786
963551
246574
756405
907791
623128
712055
292992
993090
515416
207712
534700
493143
380854
178669
619046
751714
961493
883716
357800
568677
722494
789231
958348
510021
492022
987268
800796
715646
884868
730438
757432
762386
877013
427804
670178
414108
139861
777136
321165
469243
884848
755865
862386
179669
748500
395399
831384
709994
279116
103151
192638
901610
706349
150988
325598
112338
952222
126395
727985
837091
670800
399384
513444
461780
727189
997588
775888
681016
774725
911020
964225
573540
580852
740578
653210
329354
135978
398561
939348
315094
315678
131988
130671
835993
996941
356269
848332
949164
296630
490284
700223
781396
703634
127634
243177
430824
125224
833032
925806
799949
744053
890032
287457
324906
630611
840667
468226
580555
153195
321542
795649
368873
353530
826320
118834
264438
996555
867166
127569
207153
271417
727792
888549
875051
669393
131728
219843
694617
778726
145650
408533
436746
849649
595990
575618
394227
350624
943845
874783
403819
265388
584399
586659
432884
324687
605493
597322
321243
386626
624891
428396
558043
266651
230913
347061
836044
176607
466904
530662
855333
426521
753161
292080
190137
349153
767698
398330
599777
625510
187080
817563
790898
671480
404223
223783
896167
823682
635071
131377
210309
259964
373740
582318
340581
504653
829379
176626
581260
296285
521254
350560
536772
274416
456606
626909
437535
138271
925239
937313
663782
112321
754877
454681
597767
973066
492431
493935
796749
127503
525312
821024
287467
713018
403343
442014
217672
232723
518640
612898
342974
853860
777424
779746
942243
234031
320622
379779
186269
159829
317093
750051
172150
885936
118699
669917
772969
511130
977818
483685
452600
417097
304710
554033
130117
522019
896048
161755
568709
328655
588620
725649
182517
366045
419363
124761
414043
639985
404540
500312
699814
535600
250364
685930
335503
183029
269814
108474
508126
247633
406125
860726
478697
610836
414760
508814
946821
310809
484535
515531
539465
973155
155148
535948
253168
474511
560709
567211
928462
779215
967523
542244
228782
131854
228175
378252
128849
311956
386726
536975
373555
606817
397702
752252
217654
712463
175033
978442
837238
559569
407940
290670
446691
463088
726618
599859
837599
201294
167071
680029
794476
948560
222274
923258
894380
264415
301511
923230
476371
502203
460206
663893
109022
671875
416146
140642
384339
405146
933050
135544
778681
340992
326215
225373
618046
952833
725233
369613
154129
706270
949642
848605
568798
171917
685830
463179
336332
801308
300376
626670
217478
660583
290564
140466
246425
520676
181109
530764
825822
928125
480274
518470
269118
706489
643844
787165
573290
283044
156779
541385
803280
106422
303957
372079
992304
889787
649225
242603
605062
849601
683239
722541
424151
873803
763007
570576
308447
758082
915306
134270
686209
395582
552741
769293
916037
110552
556459
489328
293596
527204
930713
910842
447592
148637
282923
353863
852391
832148
496467
457454
681750
179707
993961
919868
867477
756970
490445
175925
429019
319719
124161
929194
615301
490868
698489
445305
415386
168915
748600
522948
510086
593280
433792
857678
641918
616715
211543
494310
362830
521976
765730
858546
601683
759693
778415
383127
430630
182828
459052
759649
402547
397180
688845
831814
702014
301301
277120
117402
284182
925720
540350
694268
432968
874142
551948
974886
404824
577457
469197
667654
999433
234928
526202
515083
808587
218584
798211
239218
301412
171230
898868
517925
468410
501680
349740
170426
616947
440827
187828
801129
280514
542144
495399
613482
416288
861313
588369
721112
438771
871532
302734
352171
920427
728936
767254
729015
761486
565466
868234
962899
636697
681069
480825
919073
996715
644532
903465
527629
899325
905259
328759
179840
447405
638124
607289
677659
499438
109625
312738
752175
795124
515472
104347
629518
158375
771602
358534
819862
251035
140735
696728
701698
635770
991519
534739
546452
636052
438205
974081
449344
343466
302842
443151
604837
754932
950440
196463
254372
874031
409201
820513
669156
824674
824861
298675
797015
510430
471176
530844
661465
425877
227573
277131
961648
219094
711870
508101
669112
150076
396150
118458
307508
598992
461609
726311
267891
326016
822774
422263
200048
231977
242778
683171
870617
881605
795812
581599
392036
266989
112445
867467
592867
240018
144599
468482
273078
756469
790549
842191
720512
186700
774615
928020
599658
150191
654333
767550
290173
391074
103780
304187
523051
246558
887358
307635
942129
597138
789235
334166
764127
801680
201635
270961
941698
160200
553409
128744
816670
343960
784901
537183
430660
473483
379170
844285
523674
847469
525802
627813
238545
529582
832000
575562
590107
633326
783198
532237
230465
572434
680370
808558
374115
695971
893486
229780
756171
446896
172490
486808
690856
857391
837957
935483
330875
217129
693735
668515
964598
219538
296329
117110
649120
942296
592673
239228
489589
375872
585432
534020
762272
265803
256545
950353
861774
150032
994099
531912
496929
166591
918721
101752
923982
756679
937235
254859
787774
544937
737340
666340
664475
933670
683450
313597
789933
276124
366791
279523
465962
766189
627509
228235
845958
784054
178589
707733
834087
172690
153613
331017
239281
886300
246735
977229
642980
997937
146055
344722
542875
783396
911062
207352
631033
594513
334915
420967
684604
515672
514456
150567
281863
141966
278803
127822
826020
357392
649522
574074
344048
617101
719057
397295
503402
865793
374526
960348
863731
420581
305071
320573
117944
130100
341891
648977
624614
576806
883910
223185
906445
312333
273752
102275
268265
452555
944062
908252
623914
507551
482327
781928
124653
201386
179225
442021
881145
453751
402371
658843
688298
521408
879416
706243
551509
221309
269187
990089
612081
153099
213275
432493
365432
387027
434768
447664
653549
378832
355917
191430
786383
738244
873358
725003
753596
952583
167025
634742
320301
469396
207552
908600
890805
986969
528810
356281
122245
697997
346371
548292
751096
459646
880786
930495
660639
315555
378160
314189
508353
548043
405619
294738
286288
192945
833707
853851
145529
900732
402560
279797
284096
510113
102364
174902
411049
531174
345149
433294
229172
591520
881586
794235
951166
676339
638697
611806
891895
830823
739962
400249
378867
959547
508953
479121
152493
342661
332973
111989
243395
635534
291786
341457
145648
294150
330325
370663
639290
575474
703957
682428
166995
499510
476664
932127
175851
929327
457900
881712
760151
197863
195928
952984
157412
604882
432107
123871
761509
665080
135860
818870
214581
241612
160328
174195
349728
390653
444858
889018
866127
962781
571448
847088
376259
862078
779216
366076
705373
237118
247789
465525
248947
343717
332477
220325
762565
664584
244197
524076
243631
194023
342947
272179
335636
317242
346374
585364
607895
605199
474384
474024
567981
859798
235079
844240
721877
914296
210317
341217
965380
358106
706743
128294
515790
853186
162586
278356
517771
306783
616398
575368
400806
773312
747547
550408
990554
907888
135774
598450
513088
424124
886440
981069
283923
121521
739277
819766
849783
849594
160985
729130
121668
681694
757424
451424
534881
820010
543746
866618
940759
160146
355953
255533
747424
917467
705941
737979
825356
655681
250396
252411
979805
950803
147447
177695
972324
786724
811428
736074
550286
872413
465205
485920
468074
136596
751310
816921
856607
295057
683540
797367
269169
853459
866866
830559
770927
572809
568539
510250
228491
632902
662661
122264
583706
710109
199959
469997
410800
911387
206072
775052
697767
485243
260973
165842
521839
826249
882763
378447
935273
480270
989781
204443
333731
856648
848969
918624
343424
417509
428876
471916
950411
991537
408146
448084
615613
508105
818081
926414
333460
924153
615433
845193
409397
690373
911036
745203
516623
707766
123651
451897
102004
113433
470307
249701
784048
319277
168326
127473
550752
411168
413355
415131
402707
721501
763215
832286
143574
581298
672667
291000
419418
288102
136194
642782
878475
861196
387986
395099
568964
411637
660963
484934
339037
131271
548601
937051
264514
616927
964524
715266
928096
291847
130398
244770
913348
793614
891022
870888
288879
563691
161889
608297
751793
198084
251080
544235
959280
539066
753300
442211
764670
414264
741111
103708
359501
289713
940759
524015
720607
819250
153249
562670
111098
183647
707440
838413
791227
598463
709302
980106
976120
771192
502371
727914
783242
653451
186116
656489
192519
839417
912667
857189
253682
567745
774863
427150
757459
629589
851165
478067
448840
818380
940737
373905
815994
562144
212319
607222
974573
735587
501296
950695
420746
903667
592576
203989
471085
678693
674445
477570
518111
501079
248726
585759
968824
923589
912909
726284
467145
678042
118318
729952
496423
873021
103858
226384
349132
130143
733607
323707
765730
148870
274403
186478
866503
766979
204433
337589
359639
692844
715160
777750
193924
777852
277477
162750
615409
104353
703000
982554
596361
635285
626473
906751
422273
630331
133136
671406
574440
680709
895113
254138
729579
983482
340616
596083
664428
359015
747639
924068
951860
376766
615785
959750
154619
793262
936466
670028
711582
639468
566550
307944
188720
193024
214696
510993
637322
247833
182400
125729
828542
891479
279867
472089
874962
434449
882138
539392
693465
629778
463461
559292
820510
979246
519043
875130
686476
455511
459125
398059
908945
839641
519969
997665
932666
634666
422625
483955
696465
505026
509684
438974
396506
689552
725029
185436
124002
607169
624828
631433
150914
902255
190726
871425
881502
609770
660522
481945
879247
119648
693970
788193
859290
213941
785859
705923
662573
122451
103845
273005
527477
513529
611979
737950
117048
337010
823386
955016
758145
362181
586450
809059
264437
677177
680485
959905
200914
341008
441852
980161
274623
949788
768355
947879
163730
468181
653803
726303
490632
571614
899308
832076
985143
425255
570027
102193
576231
307380
871175
334377
569561
457626
143437
647964
948769
637889
607870
149684
878897
949722
943811
967486
899512
712167
915366
877208
994314
483136
517479
398914
954750
330754
230991
853861
656009
614984
770020
146207
736330
641196
380584
305892
998822
337988
853856
947593
789843
375693
911243
582707
239383
855056
550195
138896
481190
465562
830070
475506
762665
347550
774420
631382
492271
819377
485244
148281
434362
255265
108455
170693
710427
303005
290551
709251
540993
958373
570811
244803
334067
396021
727511
473450
251078
277707
426312
632269
557235
256384
921741
233867
417900
610128
765250
810171
429506
250495
772419
763868
319727
780874
748527
930154
983879
939078
553372
438840
897452
938149
583643
231520
334172
311155
604971
485250
402828
845249
931485
774030
101634
767193
907897
333501
377322
587114
143673
706828
651576
730058
384663
871303
510933
133191
715424
408780
972269
268798
747620
783688
120914
331264
829175
355086
456386
348113
654303
673180
193363
585789
447211
108964
266950
269076
342465
544272
756190
300104
251102
407767
930163
449731
193037
355063
482923
722428
663843
369159
891226
411464
152849
826106
556695
795990
181194
827047
144104
735497
500228
237467
235253
761406
246431
402203
844448
402862
760442
514605
602967
825510
736339
447097
275242
743342
702160
572131
465771
279971
841291
270964
591435
808106
997071
962096
604097
178266
703110
648201
727729
117306
699634
776948
692678
760032
993118
537127
162895
753561
865698
579828
579072
602038
840891
668280
345382
457019
240413
711153
636990
981704
882118
142392
703777
879190
104490
307875
871422
621566
770042
513118
638872
469677
290067
331551
143676
283186
682644
206572
850713
548344
600366
343752
150383
355225
912033
309731
712244
966412
920885
349235
862083
716970
391627
565861
510127
310083
687702
295516
745616
457745
708634
384489
741388
898701
616041
785065
995854
298686
805603
760534
747030
319936
104288
711380
575161
830287
921111
287406
796700
755963
450607
658784
472934
656201
138612
883061
866284
726314
178578
611901
998025
701178
810357
739414
599881
340365
438446
509702
453017
244050
184203
200049
377953
188491
725395
853114
832744
646507
140522
629445
316438
405095
202196
689372
961296
240808
486401
741548
781088
478945
267416
779114
180125
977773
432496
593972
318139
770942
103675
671157
828959
187878
685172
206913
190336
324534
960027
923080
871041
914515
466493
101446
319612
568689
690819
280909
623464
177221
836423
404553
556166
103841
997634
550257
981614
430131
144230
213721
201074
147905
784878
930033
149750
384017
136947
154052
608551
910941
891098
393559
825457
357592
395006
959035
740248
985825
153912
277679
977012
890335
496198
447145
894176
493833
897403
875792
823964
941633
989513
839005
903505
688358
683005
867221
972375
719953
921273
494893
544861
812372
788452
370319
983931
183459
243322
724180
983250
297234
901859
874229
187570
398058
235342
981747
705858
132746
771506
443789
888345
674986
282795
705817
277311
865801
573039
163653
499721
408279
558546
944582
134619
346999
228868
118551
344425
372190
656697
241642
569424
472523
115873
570961
684547
251215
466675
390406
197927
238182
734196
900238
727134
830957
606057
904445
696759
993062
968098
196481
315309
440611
955029
349928
687610
183899
282445
846001
370055
839142
987644
839480
311666
917483
324408
810179
982664
691083
200587
994557
743231
748749
894796
470366
579707
414820
288778
276468
321850
170843
286915
537159
511454
241946
787087
113031
239811
969532
772999
509866
722641
674610
263313
848273
592094
487721
658453
488725
992770
673006
483283
649968
421756
292046
934300
901464
520833
223079
991898
742683
207888
192780
279843
533308
248692
880896
460306
388503
850429
233306
712336
487037
807916
875649
335311
313977
277338
893764
616668
184075
566772
999951
734044
888528
205964
668345
703959
626797
705391
609824
283447
813279
702605
463290
346589
851297
344187
620861
153768
108583
754167
766104
495620
476050
555720
730931
690027
647024
538663
306696
731100
105436
220614
379111
807930
240544
947456
425857
681308
652848
935681
864755
380095
552253
328047
540650
317518
486200
161512
371286
408750
729645
951356
718336
205696
507077
363235
709689
154103
801898
830351
699169
721300
864931
978280
443197
105476
839703
769054
686784
406519
618703
551541
600580
984922
693554
141231
302441
993720
116709
573727
316437
746354
525084
934774
852050
846128
298010
475706
814197
999908
306058
427333
721209
170990
405614
978372
990431
159284
747428
591183
465803
280098
142725
966383
265021
650245
921580
381429
557932
938289
769122
774370
684644
294208
709145
450661
954302
907155
826367
768500
821030
946391
195834
456206
931347
415414
434579
921780
388664
995973
512964
668434
190038
469655
634818
355060
933866
470366
550455
405765
322622
319578
180136
907267
427752
703247
271895
382055
610403
912229
964521
345400
772587
974321
701606
703936
303702
136187
539683
592367
946126
866613
260802
136166
250235
709586
305192
184102
179953
755647
489867
402576
975225
483970
223810
402979
187218
309671
599000
611588
221901
563523
856988
808455
451811
558596
512392
655514
508749
866041
247882
454876
732655
408684
405008
796856
932236
610200
794924
112191
365848
284792
328733
255041
582728
366509
471986
669947
576180
970986
195502
612048
448476
952490
334470
800288
425053
746862
455803
747768
612904
517651
116612
259526
740301
421620
956382
672538
845787
751307
684729
211636
850065
827428
280643
346761
107904
652629
916708
584085
537583
926176
110100
886059
878667
344570
600314
217688
905398
956117
865456
432269
387735
882068
505761
128037
217656
376110
700576
963443
127418
299272
989045
791449
126702
269690
138211
134606
736285
868885
532657
273869
795062
456723
973895
587697
615259
574210
705385
434624
444295
484808
766893
732030
280844
186621
760068
398500
462731
460645
275910
404115
659917
178922
195566
600585
348612
147743
635192
898864
830595
981815
986699
539624
438540
960595
127322
867765
534807
646673
302391
879102
945448
883250
611133
226293
969872
285168
438759
346570
645813
528635
650686
219698
607557
660218
720283
770136
707961
269442
669001
452523
251259
655701
892148
503765
530264
919470
285497
879037
480111
487888
758140
425560
285106
283240
465819
168945
382375
718544
415515
928188
247180
966201
961852
754737
540386
682137
524874
248349
765545
107842
514838
830770
577510
406987
334536
921740
326459
434000
800778
620536
821888
472885
860062
920960
656125
325882
989905
852466
944426
405422
780656
105573
285590
656475
760310
725977
252579
199152
788292
918125
120960
303131
748896
598470
610119
897399
520211
750544
331400
234956
371081
967254
607841
231144
888216
263968
370992
792088
116435
315419
197511
711057
320992
383102
281500
895268
923045
434079
908386
711338
266171
929347
914469
829034
441784
438555
726434
775962
189100
871800
910918
374147
753021
518761
505291
555204
596695
776283
347294
527096
905668
358771
152121
140627
641873
333621
935896
478885
581666
844283
190224
747838
687597
918660
576873
129383
357216
217274
805345
360283
903040
716264
634430
570028
148992
139723
125234
645687
729972
286494
172785
549608
545265
138872
590235
101106
286459
440098
479991
768125
284383
570216
429930
871980
402843
906803
815329
660059
938043
620675
834308
755050
250907
468740
325080
299899
422429
264280
759553
152402
450774
746304
515976
896039
785176
106213
897145
971635
446311
377138
653727
544660
761320
983658
330608
164164
804428
145938
638189
742473
580580
472499
411490
645453
841239
636570
845352
177635
800850
518872
144003
165591
265177
559980
961631
864319
566193
858777
749921
826470
149882
403650
285098
725168
387309
515706
789332
191738
475610
341489
748177
870156
713988
159669
515610
469194
610205
274930
546829
325023
693802
590832
390614
772946
150813
266212
637266
530972
938956
301155
271410
988838
604805
456508
714008
892114
872214
417307
897818
261791
658796
559963
131949
286751
533598
547559
655945
143804
636455
116741
282793
244225
607574
487374
917171
572353
653586
468404
103327
592543
669559
188703
495349
274365
545211
123324
980445
331392
440631
792231
493183
913394
352195
439098
200146
785793
800624
756092
743563
437080
772833
840323
581305
294374
327698
412443
766728
881284
780848
684021
387795
364374
772724
783144
452706
231902
806468
433152
463294
161066
139350
770443
974460
305511
123509
174608
991304
824133
744666
648835
175180
431466
489159
570452
625841
716857
882895
306536
512108
577710
890557
799903
842085
577248
497014
294792
623116
303483
541910
986410
278516
581261
670820
252977
786772
694329
241551
692044
518463
886217
340880
507610
317685
644005
978062
757492
360863
860958
964028
686937
438670
768552
486842
194722
259767
883856
389514
782883
101307
831424
683260
279823
326652
354081
432800
113426
948411
488318
619436
380841
374536
860316
702417
506187
504322
680480
263680
679151
455406
141675
366089
708042
724193
666897
802764
883960
550755
192279
666844
466028
837669
350105
645851
164323
518153
892617
177749
380531
380936
697185
661372
569439
471468
277757
975626
789756
858237
153274
382874
313644
194949
562929
835652
733109
229828
638417
617070
594549
644662
197882
960577
482333
361953
520395
546656
780106
326979
538371
160638
607916
149523
635977
177356
520991
813734
966948
224714
585938
934188
507588
713549
943104
970517
549202
676214
114312
187621
293285
608861
646249
305133
483405
128583
567087
903800
575239
261160
230781
927576
235765
652663
977099
771742
643985
412057
499443
610934
536771
985381
459090
858325
612897
402195
742810
162101
978409
757122
163688
185661
279951
709937
390795
663356
652487
771848
567158
227727
933008
611905
155305
168774
264569
946370
754482
722520
358429
253926
333455
795200
153275
606511
567493
666172
908706
310304
642239
801082
881392
619893
886744
161344
329832
191506
724701
882319
863354
205826
924012
710329
631697
893283
779104
710232
839655
447553
432753
198085
515446
580174
807251
482687
186687
288711
962825
995393
499015
605066
710443
294375
224960
597188
355719
368758
602660
894386
165044
379981
914178
989057
990310
459842
796307
683381
170075
635963
130936
502828
648014
546382
983003
369233
929069
983656
557944
891895
893016
870926
410928
603460
165302
449855
114615
334987
718613
617275
143341
783658
897256
957519
686682
801534
331329
482990
484916
401404
932920
515852
804233
494901
876200
701203
764134
719236
598826
236046
525099
491843
920938
749993
995304
900206
199849
109920
235194
732429
541162
192501
430054
352385
963987
116737
153920
295317
413693
538837
596721
260580
868655
314921
655482
744857
830090
333583
378060
428917
383595
803159
820761
304534
553154
730032
118707
566969
739952
167868
299399
195081
260369
629453
447467
224357
646190
501387
419674
873850
854190
916396
134431
722847
145284
603879
381671
875375
751429
659731
304293
135025
376858
939020
253526
743978
669053
186199
310948
322973
254067
510348
332020
414437
953767
679487
538794
599959
994841
772435
387776
849032
602798
336173
571880
648082
754019
767517
437424
505449
341216
555684
454440
618074
494705
521932
276019
977725
608132
486967
214665
762199
811281
446685
176637
765050
126174
529398
278976
121016
301834
480718
784014
804632
716891
269862
452715
470911
937379
790140
876360
278596
345825
244768
710636
654496
666700
886655
632222
274833
287590
746887
937033
912837
193574
113671
591854
133714
543069
770830
968695
658869
251549
752710
463502
782407
836538
816218
253319
773919
520325
943646
866481
766150
188415
491085
334613
755115
291707
866836
843915
479297
527690
780949
306102
535230
708586
797956
568944
165623
568788
451606
724492
634303
118284
187996
416711
854822
904214
483997
542708
338506
427644
409191
918622
430025
800276
253236
999106
991983
120073
843022
385248
461730
537938
591350
896960
246526
389307
465906
312149
772061
731478
936641
320332
749762
124638
637043
604586
842818
121041
147295
995290
362651
370452
913913
606642
984694
167151
605750
890645
101190
362739
275894
462920
800678
681210
359882
947204
884483
639754
173320
570512
371233
109962
790844
934962
948566
427888
539549
705351
362896
500810
700643
539513
685229
528523
146157
669924
595674
565873
560570
596865
828612
650430
873751
543257
245607
233634
404428
130092
687354
477748
600604
958588
401677
391449
893551
264210
633303
347067
783527
896199
661843
398137
349680
347073
826661
309803
916998
336302
775676
391535
833167
518255
855932
706920
875479
101540
754520
279908
131632
441876
657657
546202
314431
873300
751617
121949
137511
384922
369016
821038
195088
844825
133143
444768
191900
859804
654571
922864
196107
344214
228366
843241
676436
984298
550162
551916
985839
218649
731824
931437
560525
303448
477641
774956
176749
229259
710871
128226
428147
893853
849265
523236
738680
882408
781970
744546
656179
436543
667411
752286
594723
709743
509494
271160
694043
873622
723076
593849
992272
454902
439253
466764
572316
816894
155688
649066
860120
766559
677292
202234
660414
440524
625470
399095
236899
407442
143642
793078
657951
625019
459332
166641
334763
868826
337802
842772
742450
960878
350588
648689
329747
689842
115454
802064
420703
171142
365097
194790
837702
942389
297025
498117
296881
822495
711178
433780
143904
668786
226860
615821
293806
500158
682463
442535
282951
920265
199275
925401
795110
449863
574091
938824
139706
589546
654855
460410
574654
919952
555200
412357
862342
666191
724440
159224
488688
349585
406971
446558
918371
447797
962380
212178
847955
644844
468680
130907
479076
567955
870275
188153
917818
358333
126978
871491
761845
681833
245868
336501
515752
615034
562824
292062
281227
201232
265252
583881
450817
572223
930439
369190
920020
806786
395334
681942
365597
764014
626816
744673
245936
411058
746793
977721
669391
773771
849213
431238
369572
909047
581705
785324
524082
958495
891352
619275
159728
156606
203157
424512
628829
947563
693702
462817
754350
903002
144760
119949
580984
585542
678588
726920
896600
425382
704642
479959
199155
467822
725163
382693
376870
306869
981983
714919
179331
873337
334195
239060
929943
351319
563572
472739
298883
171241
835556
953233
974243
794283
973182
555228
293792
651772
196116
190394
977154
800758
570353
990275
182548
209483
286935
459418
416352
182886
988303
495683
956223
322500
548709
800133
573819
926247
272873
772702
911454
922396
725936
799665
630646
613086
354894
824438
178825
451010
828798
155980
165736
313118
960222
248284
422601
161124
521668
652919
244010
509973
962569
114200
732473
425245
814333
220259
351494
901173
806927
176915
737536
446830
876580
368183
959916
231476
106588
138742
496452
749353
108689
476154
962471
882877
538404
299040
944001
960073
851959
101979
384013
728495
116179
930452
153742
830513
150712
319202
731687
857639
396117
383190
304470
272699
651373
178354
318141
571927
131062
628559
321281
139751
918680
197720
922628
457085
396760
780597
331125
162686
782576
615138
791182
798755
459557
758890
543235
510269
978092
188889
281875
288176
472079
400312
374841
123453
392632
592982
509347
423694
135509
730628
463446
868155
828348
300041
325241
225109
894604
470333
201762
591147
899437
892944
389904
358996
651835
747105
683231
543894
835995
779073
732070
308075
179386
920878
245495
385984
513861
654842
709678
463336
299437
173125
331492
127787
287133
470700
166862
181738
754999
268624
672886
654437
975534
876756
827399
541336
623862
510632
985230
373824
203672
631268
495866
197024
552147
555327
483008
879974
210170
192687
343312
323573
265813
488770
265326
366912
773436
332189
362616
528436
414779
935502
182875
390315
726225
824240
831651
264055
248839
730849
451845
352511
362118
847711
449535
728231
403039
832543
608206
427175
925231
765484
650749
105011
168222
816075
285889
841658
962230
548505
370096
377011
397975
366937
581292
124201
191178
326910
202222
340018
957759
554068
506495
233844
401780
856031
776041
704820
688575
384249
945961
527773
963699
510677
446750
131922
326754
632639
787547
202951
181146
971609
393928
479121
338547
789186
417288
343691
116098
519511
497675
887823
973579
904171
935634
289326
674169
711676
808112
276711
909891
754075
704485
873592
264753
151236
819480
405473
597842
520994
508425
678988
492604
716319
972075
645117
505507
389364
802775
435571
808875
300451
323395
696421
118589
259030
885748
692758
784673
693861
869470
694565
361903
487922
482124
440623
453124
215572
746096
950966
636566
168488
629955
943137
784808
602031
588255
204282
805362
391031
539853
614238
505449
763248
224627
524038
836245
110376
130764
620919
618203
900234
315485
794073
302123
611576
234697
655247
727148
880793
606215
277681
863248
150137
220819
648057
566135
623041
752339
371498
828038
292193
799702
333488
869407
924329
671493
705653
848671
616223
240539
380842
516458
369991
174916
632547
881567
223579
287795
608716
918338
707976
700363
781587
758114
735149
429645
324250
358191
995950
509714
100196
202110
309417
247651
971518
233748
733110
591138
896385
349334
731678
277228
679758
101670
266110
312306
883237
389689
500101
405920
308029
208079
920249
989616
780159
655399
333229
918375
827556
243146
428090
741719
345257
637507
889370
230742
685221
622481
721880
581608
785781
367525
672802
465540
369195
838913
677846
166399
142569
991913
386285
350598
113959
306536
254182
708084
775901
401377
626460
517425
544523
954550
259145
703746
506025
962481
834488
105213
584963
470336
500787
284711
737861
173591
650251
921023
826470
242064
987422
783005
233978
287675
133605
161904
408177
201753
769988
998044
503130
396450
515470
861619
264967
674615
565367
584958
637097
399856
504138
136027
770192
904925
320738
422021
892482
784955
343045
632919
927019
330468
415926
974964
432109
363497
136869
740286
465250
806857
738332
782346
117274
167769
643966
196208
742385
123300
595132
293449
337123
999270
243443
107316
904197
378147
429337
710646
977069
586348
343567
904089
816817
573459
879054
162893
836956
829889
717146
216173
550714
455479
898519
481954
437214
456452
578162
179600
393719
173296
287016
630842
172567
344425
552124
890730
536538
795428
515344
513608
381777
672877
417699
112561
246337
210720
175455
897259
854576
792601
113433
405291
162047
825918
787245
499261
196337
279375
492828
490056
352671
593810
120899
339204
838235
486990
143902
288740
282419
559246
702349
564196
146090
934014
576758
292427
958700
566179
189687
813277
272747
117086
218569
334794
843004
819781
648021
939341
999156
140850
343365
265794
548626
278230
418964
300828
665220
462866
489569
847639
836078
191919
325803
882168
939899
716527
988561
898600
282707
992214
711879
455454
109301
744414
604214
766271
564196
252236
705614
477319
293087
862945
557079
655679
141176
876044
856508
706397
338911
346078
468003
988956
351963
693806
785091
291863
410334
687620
190464
593041
679835
716309
862461
603103
460725
466676
369375
838887
618913
888955
316208
725966
751901
773287
381646
793078
563298
238155
413442
716176
398199
781445
705133
650162
475253
404191
755991
785587
991811
846456
292596
585614
476732
969023
188718
837457
435701
372059
590312
868580
261016
720486
508513
826883
407740
790159
533928
871039
842281
847370
587216
154447
628817
206316
704610
918036
510507
374568
617590
416286
221025
810186
901900
511724
693177
904584
349182
128879
190610
753460
811425
351626
473947
319939
992476
781688
924064
526405
566694
680312
287743
967876
734760
816560
174193
353337
648563
498666
627905
266154
728918
662897
890307
630819
174622
583485
449370
337770
526330
539981
991231
337756
705573
379145
557695
698050
974799
481760
138423
541494
162074
326166
509371
710800
956692
497530
964137
605256
896197
592043
685376
539082
168907
575684
169903
243529
159170
433239
481300
585500
787186
386498
737222
492761
665643
294918
104778
554410
590645
957166
995904
566685
197299
419243
277486
967957
816773
241624
573214
626937
647633
172558
166021
716541
648242
149890
774036
621379
397095
169303
120846
184283
455801
758069
577044
935411
866953
495788
489822
457599
452956
399693
924284
464221
718936
115737
432180
449677
257361
819360
976614
718961
891918
956601
349469
540162
920457
123506
975507
317554
192810
996353
401837
462577
668389
792847
311955
535344
202602
615743
806909
469524
915437
731195
833746
548340
660898
265927
898017
818260
985287
788599
451188
877207
745201
700657
331336
579626
638129
220810
797180
644905
217164
199018
107484
699520
805831
233405
234865
908433
749149
941774
377959
664587
586936
211706
212928
247836
291599
924912
880062
276887
713512
245217
968060
372680
845874
213363
852306
397970
334173
649487
942876
451338
662471
864326
964824
382269
997731
199690
290704
746881
955430
482629
325435
456334
508301
438364
604170
699900
277243
398199
790753
890755
543416
758815
177402
303257
872178
929709
601227
206353
493163
458070
471657
969601
322397
436482
351871
234096
450138
456541
880977
319535
753136
206414
675869
261438
458744
194006
775304
549953
492205
566059
440709
849587
238841
518111
152845
111020
361787
568039
131339
754951
840075
416962
638519
162474
667410
804356
296570
117549
260899
991513
337085
828001
111894
912954
903406
384604
106962
678711
834557
413133
158737
189233
262722
297578
607345
229533
222565
783098
611538
167870
452016
451615
484833
990535
428055
152244
794893
624625
983759
869758
530105
320845
697760
455966
147766
601167
740570
968693
193846
575129
295794
252583
578328
458516
364128
185674
502015
400659
782739
113555
468529
234756
379136
853362
225293
707191
819573
834152
331817
803333
703911
675888
938144
401672
131855
899876
816806
772426
782537
824618
261522
978331
891167
739850
350814
255296
739491
752829
555955
522231
680350
838451
570953
959486
605780
696246
666678
425354
530399
812461
142654
234311
402317
894764
449950
434172
708608
180723
120565
491146
905341
196053
383444
710475
749870
634258
865772
403328
301054
335694
825559
795371
174146
396513
754858
593893
906726
335504
833213
351092
147966
875868
485404
450283
684599
749320
698422
307174
744009
718987
612286
563317
729007
895730
273793
478878
443955
953531
782206
645010
203193
521732
440382
191305
732211
109207
685198
638938
344711
518413
890031
306644
308248
289402
570893
892847
852688
269316
113989
510664
802270
626275
887947
531278
522007
161741
824122
865962
929239
606329
424939
132433
128062
679287
223738
674239
688495
808937
227145
933206
241317
931142
153817
449565
134511
624711
256379
887199
707993
270368
311830
510264
796644
199778
855508
232618
175485
679631
998580
104725
199927
337487
951123
227989
916774
174863
716195
605270
797766
843340
452444
939083
774483
506261
302615
808994
130973
458994
610160
738967
543329
821990
163198
339974
835734
918707
472592
911219
512305
385139
915945
612233
622626
867069
654188
539402
855898
370384
958638
567631
213725
411083
420681
802174
817345
623296
611169
762284
896257
135296
501252
353553
857286
564451
593527
693021
397125
880085
518208
809430
179191
348120
421664
615784
129156
975853
155187
885055
346238
927791
366653
373930
338876
687335
176105
970187
224598
601241
732472
120856
636537
147692
374409
407791
526109
781902
914778
823234
575954
432987
546631
655146
681107
868296
270931
710264
758116
240084
509286
918320
981841
775939
206217
320718
463275
282323
204872
501840
697530
837345
522696
248034
885037
711072
555825
411147
406941
384571
148348
882896
717558
508945
452009
312633
377242
536906
836863
949324
676990
260116
781612
572798
936055
887829
793517
313298
984118
898389
715138
681649
649701
151801
829684
448705
676839
299476
673818
983781
584047
722166
866678
215573
231113
318688
428206
422321
755594
179036
285613
346551
339152
967225
819349
189174
855055
526833
316438
753141
339190
845542
434791
802857
897344
178442
251564
574184
291885
825382
557966
689898
461516
338611
805471
506595
557299
147644
742882
226860
226680
928495
387377
379798
809687
120694
468973
664744
547527
599377
331852
700683
444921
580609
503542
342266
573018
569072
730416
764903
308421
202350
454802
669937
440961
174241
176533
898261
221885
819416
939087
262532
661878
326466
456296
471567
347160
739235
950277
708653
338614
282130
323304
683535
762739
640812
839767
335758
123851
484150
914627
332272
586500
369431
902210
927462
357638
892709
739690
393489
626092
678778
469987
287972
819210
826284
573505
980336
479486
523783
602957
718100
705913
740227
315602
382619
381040
969335
618378
318857
453487
446972
551129
939987
716403
453340
781416
888007
260017
521107
281498
786109
113853
651485
888047
747029
391736
461553
727367
771223
799302
244291
403290
419182
884518
618893
701802
179525
588229
234147
398382
855682
581119
849511
709637
211490
216819
491054
999497
290802
826128
194962
976911
839981
660414
778926
587011
952150
154446
228345
723374
853749
372636
126666
272932
171121
559525
788700
250646
961720
922847
462994
817404
417934
312507
441008
529424
343292
832062
442888
534094
572157
451817
424972
412139
112232
117865
813117
964382
172312
941462
601724
926061
228066
542356
112960
299187
101882
801661
363800
877568
638475
726794
608939
956409
853267
949947
399800
196560
695977
656655
544620
268135
108473
783559
494241
934670
801424
307359
813019
873736
162788
414744
713764
290854
771066
726725
404008
772948
442353
667808
564484
980828
394603
173424
851205
161838
123373
164972
172364
633316
721627
616985
801451
644066
400545
295693
492703
201970
417018
305724
889673
479807
