620468
517404
584627
391536
244130
888635
978450
500449
470410
542935
395245
678980
530326
246451
740818
467665
225389
813182
100982
760983
430168
716399
405050
644679
826059
797754
660616
243078
103479
464256
536851
537913
881660
121480
743415
939757
824081
721867
440207
294493
178769
735452
873473
609095
795869
614292
976760
921259
341441
891708
682243
671610
608109
901259
230256
434169
612980
790872
491213
616459
169095
928065
968339
950756
863511
711755
890514
687593
347589
330722
882086
340325
966175
755560
849420
762045
283819
740148
683305
525261
631857
279515
110838
153933
180776
155060
488102
693756
759899
793282
224183
828994
721348
192523
779751
584860
718244
670266
186420
879800
814955
968507
220126
781131
638034
883512
457143
735820
623661
954415
175048
169486
233931
185886
223419
228673
240946
525488
822430
900845
318771
946613
643807
940119
953102
423559
438946
671347
907792
439332
465114
722748
407840
585240
417846
859841
468754
774989
509628
906381
643371
584676
975867
691269
670562
113254
819942
725474
538742
556339
540287
757513
502953
184095
611599
456056
421620
864511
941370
329413
303844
406485
866127
525651
805692
283974
299459
188413
872930
709087
994794
516302
293764
884629
121538
778292
897883
755447
417733
350592
311787
858020
108106
714741
856081
533671
984763
191669
398183
840100
421082
515993
160553
287211
855610
780211
385151
155070
868624
258082
764157
863419
588351
871887
662015
609889
650180
559899
279303
967914
810491
491091
739901
732563
119799
509950
266235
918528
601619
478384
758630
836667
808344
733149
937844
663955
513361
322997
719026
381986
395045
397150
159372
883396
269039
721388
407253
733185
195254
586556
615066
905746
891613
354969
552276
911412
764919
632478
829942
280505
924828
502539
931138
733173
235689
868984
397130
563016
105948
930122
758968
400993
241239
732306
198357
410278
453695
505610
957430
548950
906132
572497
368663
711713
741432
734905
623126
506352
367384
367035
600823
292214
769574
531963
839353
819229
314914
150450
296212
320862
980572
955180
535821
135779
687488
634178
360023
955149
953754
317454
418066
773854
789952
600695
485568
531385
335602
922660
851704
516952
289697
366494
623132
873237
712423
462487
692468
927337
426903
802646
162166
321443
671794
597988
357222
273249
232167
617245
228399
999888
834700
460432
773743
538619
961127
173278
883970
210696
995938
649641
541615
199602
916136
978713
972840
628560
355167
579275
555899
682071
381922
618065
903514
953716
130020
260737
226966
176154
777982
269332
176043
526649
629764
763752
879234
504858
837030
763206
529521
746935
412848
971136
846538
242951
949850
819379
771512
305019
398655
241378
801056
594543
673409
704571
462227
703430
779274
589193
779584
557257
672491
769593
897873
302256
533346
777108
621081
284343
454281
150603
931278
767130
935705
691783
824047
799522
425129
509526
918507
723784
650904
719564
232295
238281
338102
594522
755677
117377
997681
449228
488601
670174
132788
386475
786396
566134
977549
321444
664443
431832
286013
509688
112929
221719
201473
836976
921242
526602
346504
753716
164354
811374
473282
296649
863621
711384
705137
533265
642728
616785
882493
131330
286960
915281
331771
887323
395382
309321
122734
959825
555119
308748
383481
568048
430467
484954
318992
265676
825522
479462
919393
889876
204803
306642
100492
882391
831992
619595
415657
474721
236382
212118
506051
337308
127400
651788
224632
336749
861110
161333
296575
330196
370081
494022
712211
700548
878976
931203
780191
704500
324632
699585
508343
343401
820193
422802
225793
652186
942397
455417
126909
178780
567535
446926
330055
594935
912681
454687
745650
773792
429986
856192
103989
700067
350215
716200
400617
229193
561370
180809
747659
699968
694360
169969
857336
514554
492771
897095
166741
435170
352513
107616
427916
820048
368509
657971
328951
281191
926625
974601
868949
356612
830794
786904
956680
181011
417072
271264
224170
792408
266039
785795
492378
860399
855764
263681
288920
348537
160777
269627
597673
413291
277244
839555
147306
459719
411494
376257
554876
252086
264826
423826
508698
995620
210731
379345
990597
527803
464575
128734
320213
630614
814529
626557
404980
670295
790238
507866
832798
851015
677494
344438
178273
854738
997959
225580
228424
409454
501837
683300
561540
580629
107127
884205
490217
131824
177517
480815
473594
456059
509550
607773
900639
324080
148297
305621
808341
838535
713487
641140
603517
390982
799544
681791
159687
797505
721337
202077
206960
137141
785377
582467
617771
706470
380639
107989
652261
372122
402770
939821
728181
812320
547595
628822
950367
595892
834443
758709
348394
461897
313817
765877
666846
927327
361635
640499
724833
982972
742577
745760
120115
441921
242194
551852
962358
522833
559841
614620
794955
862611
554442
523138
588899
916003
965926
539267
511896
800370
211943
674256
176234
339726
440134
657046
267055
701770
297547
805854
598709
940124
551615
618824
296012
607775
984642
258371
130609
544484
772991
739531
321063
241400
176636
809962
157404
142563
263196
483266
756899
375139
971488
747099
528832
411624
404147
609853
927360
601694
415708
526070
455785
781290
958861
565763
389066
857470
724135
333642
401956
411093
887139
623019
466460
963775
346948
437830
920304
510144
821097
591170
699249
792586
252236
142048
118177
556383
651901
859503
972043
967610
299541
341795
748901
172369
721525
951933
929839
445661
285576
331796
670720
172716
768781
137181
950457
929695
475012
784728
353806
210076
289865
953056
816628
442102
909070
834806
898485
560973
694310
784496
528584
807817
940257
191452
880186
661783
143386
810027
921410
328963
141824
592132
315645
724572
543279
266104
654268
832257
864798
822041
942333
154665
775098
672929
496767
684169
507736
309219
159109
116013
993715
587693
823831
847940
593111
704018
509724
636498
514046
431136
779427
469837
837234
995072
108376
380514
175143
576610
126739
939942
398652
883038
994607
987716
555968
405341
585853
963704
614560
644962
893684
522243
146623
631482
370184
639734
335501
693874
190199
663514
938976
869626
947317
690177
778666
869659
884658
853809
360236
911397
707718
658889
794436
616292
560572
350406
921633
960391
228077
450161
605355
121762
786370
651978
567210
156555
205679
716678
664395
295879
380193
517339
979471
241477
207517
758138
925102
992175
525915
285339
903573
233634
758194
611977
663893
232734
862383
499493
193126
904426
849654
698481
840155
636025
264426
407366
606546
284072
124045
184909
393917
318204
602248
373389
373647
709765
131529
298750
615908
471410
398056
433448
519010
970216
945425
182904
202951
721775
582398
296078
540169
346019
808525
380325
796011
886918
687691
402558
170991
625703
487467
378874
843907
903681
652263
131522
527414
597758
244238
143323
969168
542294
476771
402146
512512
336164
485050
529429
871905
881414
639473
412075
141401
448000
692400
837412
248885
294059
239971
233842
819762
541405
512716
577636
445087
978945
523124
786467
576705
667363
829790
459840
209658
220529
761986
536136
370659
247038
965566
242565
942418
519006
554641
983819
780972
247042
821232
929857
355067
875170
977665
988795
416576
490382
480399
675629
469329
903523
462098
860000
570887
205855
319841
594512
240350
981828
944614
511009
142833
910181
653575
985251
343155
122183
883038
124128
183191
704271
953986
438259
579442
931652
427055
809984
336002
721420
399581
619297
624945
761679
479298
109799
781500
613105
604311
921851
594934
548927
432861
637767
373075
900402
536986
616230
922585
420025
640359
919743
938262
508312
358003
431672
353931
599024
241657
503899
320446
541238
123197
759357
216884
416461
769156
898385
929567
373469
820237
524502
736362
167065
976236
109438
881434
513223
539635
717986
747214
993960
637730
685477
502273
895733
117150
670170
408725
172774
174071
629171
527978
111234
302495
644863
427696
971651
543249
271230
345121
277453
609698
895449
258484
585935
904888
139919
913124
358490
757906
574305
352451
395637
259784
754724
205338
190900
424895
514063
263674
412932
957200
691653
424167
259696
250483
665829
231348
693732
837059
390436
785151
360724
285886
943635
846660
104741
983555
673751
363231
655428
162024
615682
951065
321808
284373
156404
326674
523235
484433
490349
836167
441634
995968
260335
515296
246452
740130
560611
754150
577190
851047
539302
837915
950899
396904
598542
955641
294426
186260
232839
849854
248284
662488
800921
384058
846861
771291
610733
284063
255726
915048
120232
511326
824983
194533
840589
971435
834664
401201
639552
325821
252249
992820
977702
117115
389725
490211
886722
584152
576472
119563
347973
638722
596017
962860
836747
442879
734153
447481
540909
803845
276496
561141
229138
101480
569640
969727
886881
404305
370929
526434
544093
437144
433221
521796
454260
722946
825974
340983
221065
402447
360546
383005
855135
770529
345866
691883
127376
980019
953330
568285
697831
229827
129427
740936
145273
513033
710664
932154
731305
895560
458589
275399
332705
705776
611161
686965
428724
437136
927949
463755
653549
202462
746760
508686
872992
906593
114536
814334
800579
967867
382620
498412
111661
326013
239349
156935
739046
763979
989089
470352
659540
361646
559717
892246
967422
170880
493178
310113
421982
335094
587835
975532
437557
248562
398185
224516
155156
326687
938850
855736
208521
235437
354149
220183
461450
407464
191084
200497
985409
180174
484816
644951
355786
944533
451164
237176
929379
844342
361255
351363
179438
849090
326896
430961
997653
539047
469443
966775
765734
322260
822512
874256
457697
990627
908405
733113
312058
999489
833610
297469
993629
232393
842420
263383
176928
207551
400559
106308
865859
575780
271637
945297
424872
412499
290225
336492
851546
573634
303268
531248
795894
939747
319471
167558
930375
141843
800671
242435
141333
548249
439904
948928
680642
196291
212312
671536
217808
426837
591811
983667
902618
763448
842932
241457
989914
133158
391915
755427
520759
595183
286676
230620
534931
420113
212145
379274
461956
912816
521709
417255
375032
775579
280151
869641
785836
392463
541178
903644
633267
946955
887312
449852
624371
730245
591309
614286
677370
883224
369714
112096
392374
470357
242716
741272
790470
354861
120547
166394
181645
456222
483649
370643
231802
663800
240285
831604
870230
595430
735249
417464
456352
536528
767316
980723
180741
358626
508976
672077
155817
778691
684173
448191
249049
740855
189464
853485
995717
123977
919879
991328
480199
317496
361972
525967
795262
416224
357572
579459
825620
906787
896923
281973
443317
664240
176664
524058
836832
585640
196136
892649
364332
694275
254808
427347
435131
258238
280834
344815
196182
114680
336144
576381
246142
512083
916315
941405
742273
187854
520865
567894
994642
417790
663833
351926
895996
740497
775984
732830
326139
786086
539446
504437
394328
608220
831785
729459
680425
926585
888241
776607
941265
224386
266955
187409
550435
183271
942780
206675
271126
463646
674569
179735
695402
252370
431661
591400
892867
121612
238197
219007
721664
591609
623445
115993
199831
369197
659418
780256
295783
547660
470830
151015
586013
637785
238424
950414
635023
181205
157091
720115
458818
645626
799850
154221
797996
231512
559587
690865
253124
611750
723838
874788
203361
261250
804747
303192
530447
464166
897414
726230
911827
282211
777246
497841
819996
829636
362222
368986
824808
419313
989101
197593
964940
788952
165780
762937
920464
625368
367769
987554
237119
991608
862343
254446
252859
581057
371604
683307
945224
269019
323504
771018
365196
914716
182826
185194
744354
445048
454180
483129
764362
443283
580722
729303
146202
646502
406207
966667
271871
673977
954222
322957
579552
730533
477403
646377
311591
662974
243651
170782
745959
467156
841800
111157
295839
924626
110317
940193
369676
378463
337289
948004
635712
818011
591274
681915
464515
897481
648583
550352
485425
516772
687275
878943
161272
978645
525322
286830
641620
668973
357612
387580
950095
113380
398737
245936
851972
323020
100096
221649
601484
337386
983619
237197
969363
574894
819112
433879
386343
381662
798198
685734
712401
485474
564679
773673
378086
903967
874469
919706
572941
232083
221254
437004
159429
433957
496906
911401
656978
497002
947017
258463
648354
930637
395660
617719
505533
128740
865564
705842
410402
663763
391577
122804
963204
856256
796478
341291
760224
584914
174965
247133
716997
210185
498103
690392
544142
895009
601795
115087
305978
548813
273550
854333
479451
483177
386019
798950
511917
251584
504793
822319
729314
796371
759090
692519
566594
469535
847776
326820
954449
836707
387919
671448
946892
786022
275807
405002
681032
777602
420089
800976
326416
507606
655310
619834
890783
855295
418785
402701
106881
737545
138987
650161
447883
798077
256647
914477
267613
104424
155264
136030
755098
443183
621444
615957
143172
797251
920959
638170
574855
255016
439148
715237
662622
994458
335072
553406
763721
567824
770073
770602
219336
723026
334730
567219
435071
491377
481697
516650
409767
536962
552680
164866
794111
174125
594790
837284
871377
515750
475455
360199
584732
814603
975436
247355
723029
224476
614727
486751
606266
298767
171320
725602
921794
320016
206788
270832
711393
588485
687482
121161
939413
240164
999993
647492
228255
594784
484777
999632
924500
774198
359832
509234
502769
249236
570555
225799
373712
999249
526516
879978
298017
511802
519547
133778
731818
626335
304610
443212
128787
806059
378339
882167
946223
292299
529660
988444
787083
828403
988078
625551
602602
261877
948751
105372
411113
433273
145137
598791
432523
485619
392736
544507
897421
812283
578285
543206
352585
696862
800384
295339
502922
178725
177507
363112
284990
521133
351557
972074
349537
253602
511592
852139
415480
460344
771478
640559
793617
816615
239352
140108
216202
446054
584615
113624
172305
976866
556831
424890
673729
271182
534195
990617
349907
525668
267696
534898
946801
433220
420939
296339
500788
832531
962445
730234
206842
647890
370795
814425
464506
424113
854533
494674
770167
439149
508299
842472
416017
879096
181330
903712
150279
529491
808297
314153
955160
889959
663017
901962
323180
983956
112269
723969
730454
974714
454204
751262
622605
638965
565688
901077
877044
334189
395753
647213
673338
718018
403652
903321
511081
398948
721001
561360
742406
529299
775513
697567
419259
352497
513496
556406
250420
525765
194342
794840
414446
462512
546103
937051
101479
925758
752096
792489
259948
961815
353669
747252
679834
571288
650575
190916
870236
285543
566242
526609
714842
255723
224177
948067
508220
637674
418440
658641
977405
512782
453482
391853
789261
813552
242871
704706
739311
894967
497196
813225
856783
750866
560478
450584
322155
125020
455466
106358
310563
921709
532968
839371
177433
571111
701406
499619
122752
119847
158261
100159
446596
425710
392012
235858
239263
534883
840564
792540
343818
337761
605766
114568
902593
980210
379119
224749
919197
734585
231108
143727
570261
578042
883099
561660
149154
498472
961280
171907
518319
933507
172066
778881
273184
378044
914739
326413
812927
669270
118954
970711
820998
538686
985280
723592
432864
364400
848342
352062
912951
893416
309755
483214
471459
192855
944874
520613
505293
820121
506486
837579
753630
578552
616461
840780
856596
445168
167195
583491
114439
100115
468169
835437
538802
453450
472997
785632
631816
321340
951660
544769
128723
261416
841949
500182
268238
786824
834761
673531
606947
341249
511111
274544
819801
941539
115325
590365
386708
996485
987822
315113
996601
455992
964517
449370
723409
351481
235003
269192
572821
186664
713961
601544
262046
469877
915692
430284
256703
750454
917782
677616
991703
342860
766126
725472
284400
695417
229804
485074
691904
131593
614154
688506
487585
492638
137877
124961
744119
186846
294154
230907
187476
822081
646417
349522
291960
562110
593773
362629
226531
511556
854211
218236
668382
620338
757674
766749
315756
887478
251824
821626
919071
679944
510133
320623
172583
461976
259551
730668
462788
367671
861575
550264
103719
507993
713753
209645
884069
221493
472274
110602
547015
326486
142804
215398
760790
800478
882147
890513
601923
947938
712140
434961
541849
136241
655584
528399
498217
729101
259068
774972
996772
934610
239203
100493
442604
766922
210138
240641
888415
496379
251243
349397
636831
294047
464796
397623
994525
260910
202103
510415
122815
814243
845376
564665
850484
414927
993064
262669
144030
166099
937641
954768
100710
176845
955261
443315
843768
979366
583956
646150
389712
649165
895548
926543
843212
274311
238133
751704
349187
340236
262120
372003
968446
921462
750634
818931
336390
743699
981600
294386
723764
833208
249156
724475
910054
118384
981756
667789
911716
565713
313940
301429
128845
123455
141940
872057
211732
280073
537728
460920
434276
699848
646889
402723
621311
397524
221655
771667
955189
117223
966054
678954
850431
215211
403430
674452
233595
385187
342242
145313
764866
470149
260708
793711
407570
302648
579735
519303
396688
117464
880223
644930
631278
441079
947653
166556
738603
983274
838224
607759
914463
804279
286714
678862
919490
504111
353315
967051
703264
509524
926330
382098
793639
101006
175810
201210
303654
569512
534479
514308
500942
328669
159239
132222
669748
920858
198778
322318
904134
937002
830077
732564
741282
930758
411427
574739
434870
664743
455758
952100
988233
296055
334199
781873
297061
323976
797049
414682
793488
245496
828990
294431
474165
802196
240619
143915
723055
339398
366233
541156
190367
110278
273722
745616
941036
585149
234322
289873
163859
590080
241974
966058
700102
390140
661898
897163
614116
458949
311846
321571
518411
954803
429968
892576
757000
570588
850457
394022
723952
216692
835179
814319
140936
922867
559936
981972
421983
694259
271846
399809
198306
327786
365868
798408
617926
927767
609539
232043
300683
735351
367580
719094
690155
697549
525637
361122
268138
376096
569111
806056
406754
404291
620376
447690
241125
994279
429663
563108
602505
515475
776883
614777
743261
142753
413187
275155
884486
836692
407198
999135
572044
588745
718230
262201
286295
243868
437289
368399
433930
906400
174456
740684
224658
608798
188375
279749
603078
432004
742858
119550
847479
433708
634328
590742
390427
861481
765897
274914
698174
987061
274050
270219
489773
806246
346386
676068
864081
683676
858433
298012
504043
846855
852663
628702
455655
941038
808451
872699
373044
465276
892250
220524
712951
440545
625232
103379
302027
305096
278294
814167
206125
366310
984386
595898
172558
244740
185934
850605
828416
944367
962583
246426
791224
815247
689094
160846
756287
497547
933545
943297
776789
739762
977787
489741
994273
603021
493121
296301
722083
585381
924434
828208
851691
908822
338074
838215
967528
424008
688821
795945
368376
651406
856337
973566
466654
545433
134413
136908
856946
881925
980205
633736
621688
957994
937444
615963
474982
344532
726230
197066
829913
650666
839241
595571
473455
177316
433788
440984
501324
936575
150896
683666
587982
907233
657234
868603
366633
691647
905511
223580
487539
799684
671283
109229
671645
608728
539158
146628
767226
179355
157660
511106
643987
896901
106678
117443
888183
440466
372393
389508
377043
337255
973175
778991
158456
544376
647595
425089
149990
467074
548670
537530
266759
219954
460725
838404
642648
899883
798998
323841
893204
856658
734947
537193
667527
741625
468602
555711
996058
740996
759186
373102
892217
732362
966059
950673
190705
613656
375764
240695
894696
824434
678225
161456
858354
138951
813826
414969
852800
612825
638810
746006
383450
373758
283200
950977
115384
565768
506690
111443
220731
179843
298511
112950
726171
264572
963623
816876
692194
339388
957571
586891
977788
549764
562313
750109
588715
376140
165079
355483
802931
703889
101490
186382
891613
198656
137361
820964
664424
458017
746373
785156
537860
944885
712072
177998
123424
675696
894874
629584
829051
766412
216476
720806
316177
678789
470917
718859
868895
535996
974342
671827
153853
975832
758209
945466
174489
709536
766431
652879
981519
512806
352002
433346
371658
964074
511344
309048
553738
320185
838632
296756
986598
869074
917562
302776
547864
388480
921635
330726
738443
895978
902553
792296
785777
574729
651729
774232
198233
418162
427113
993718
744934
593081
341032
930558
471123
666342
239607
838827
886528
892205
135584
873127
761280
953146
989869
223111
255594
911506
453837
894037
721451
270357
600300
507230
659052
252030
281463
671251
484158
522542
664971
143059
929590
906003
973617
400714
486312
127191
239542
372841
919396
189092
245969
594643
956204
235840
717754
211799
961312
985557
919802
682764
255915
520103
103961
728934
672134
199391
400186
156293
535899
879123
113319
465490
699093
986936
680170
185407
928094
733678
458248
761457
822770
518184
356102
778976
567990
973856
804741
529303
873381
724545
126034
129297
244649
943961
672197
730749
143353
972384
787043
579252
851508
714328
858709
464569
701265
538880
549976
543326
186526
822190
304785
909296
340375
560887
602239
808365
448710
406982
251635
322092
945493
191636
265356
190143
135598
837553
820893
992916
809938
521903
486135
575414
236232
344845
853949
751463
697692
403926
294791
784218
226117
413542
607481
466493
874429
123688
188825
323140
344636
340461
459199
290130
432097
624555
294239
381661
462109
115133
374578
186015
451002
760713
575395
501200
105560
429345
166631
617218
733271
275388
315403
773354
588930
822884
153814
463360
760538
242640
600466
105175
397067
959665
295305
643130
584221
489545
924791
946331
418644
299370
946312
683613
960083
521708
184814
879609
851053
165411
410794
498291
340799
626197
185612
829729
363049
239427
293090
123588
296033
707523
128764
507066
667189
324069
150197
165378
627580
888954
111710
860191
188325
871988
543805
962374
393697
542585
755951
158717
607997
166746
470974
848796
692944
556586
592493
869959
696013
785583
893547
806012
493107
922311
313079
974263
160348
363276
139642
687928
252231
965317
548120
254522
837306
905891
130864
144970
448478
786815
203687
870441
767527
488627
633204
460472
945213
225698
330432
555194
825248
137947
361207
232322
960258
574287
206586
120607
751529
160194
622502
817727
125512
984588
972249
776784
890481
917079
821754
252926
703895
839407
937333
471424
328035
484504
745862
273250
610203
890261
728444
435452
928208
903617
567774
888467
391871
588327
823041
143402
648521
359510
775095
588000
344099
661311
364785
148547
578392
186541
215439
282288
839914
152773
567678
167951
537278
227508
255167
961447
117770
797577
310866
859944
701195
692606
662378
993067
280934
485420
950435
743422
744930
725531
331423
902996
386843
596208
951543
779201
596715
980949
875456
436631
947688
443135
504582
398933
570643
573715
360381
502379
371293
485213
362324
886454
177821
924703
879522
272721
410124
743924
916143
969021
383422
247567
785984
584232
657742
651494
363434
254458
632444
238891
505055
494100
495993
909637
793033
966636
483353
967381
469017
668612
452595
645307
555068
530416
570011
434591
703138
794102
992482
533248
677090
375905
594782
463075
860137
252525
114570
137539
320949
560981
276430
726005
955081
586389
549609
748115
553027
932963
629463
836010
515542
982059
481318
970610
512476
951330
319169
129581
659399
311652
562830
336490
501523
157613
699565
275628
224104
714135
313167
445053
189083
403563
985024
144165
889953
534635
706247
356947
381565
335711
192958
797107
317771
488242
767719
644214
353539
986888
587761
912938
212507
150592
249429
614030
122171
848994
789658
246275
477097
916791
591329
566180
320356
576354
524312
124276
110990
144526
381223
306521
380237
388147
103630
511975
776389
771349
970155
129930
758238
557917
856834
870745
608510
106265
398742
544647
769225
188402
690923
246323
105194
196219
626470
239516
672573
964748
263792
597530
109275
458981
804051
303478
747128
721647
629419
523519
492997
599575
467415
165202
971459
324250
849913
493936
244481
248657
938583
913707
251025
629507
973996
170185
725726
600467
223668
312267
479182
387460
723763
402423
746442
441781
519868
407537
163430
149288
831056
470393
562830
212438
535596
534290
350655
299476
842192
495136
448133
780776
322810
513124
324251
296808
583310
863943
711241
706978
990176
190425
908404
713940
406814
568813
969688
826682
876351
947084
875971
621374
417478
352768
647779
767040
787058
898434
880483
543217
307537
242583
237960
530348
655708
462211
727156
152985
240122
352364
673929
230299
356755
496300
758206
663570
965114
727895
490253
755432
588946
366225
290773
820390
618993
838552
587432
320018
650953
467916
677201
858491
524465
815162
302806
180174
277374
843928
147125
331462
196293
721054
461762
453049
217356
219969
116620
996436
761830
506873
665835
350777
687065
856608
171168
220025
609128
572566
440044
260082
854448
117246
932539
378915
746374
235346
373055
923749
893240
420181
255212
989534
141236
530940
356550
172558
650909
287136
168995
326706
694009
648796
491449
295041
505406
562618
415067
114535
949150
669077
188583
803600
600289
121124
996481
346665
170436
369537
184381
963677
689718
253559
867178
644921
684500
223729
717479
249376
410865
700441
390049
918840
349238
781498
127849
668610
258083
442916
597111
207235
925959
685695
910835
440215
620785
907317
686880
691221
190821
685227
568865
780540
838787
436044
425462
437254
559773
956907
500596
784604
657349
704611
617412
820554
486111
645261
489165
644194
988177
900243
665395
828103
585939
490197
268319
120691
397515
769166
711912
488337
454394
194745
182844
207148
530789
508306
458368
904529
379180
772931
689134
936530
477543
306547
671051
863654
851808
974182
421816
753952
874426
987211
582056
374332
477410
664342
395023
688891
433509
920902
991194
787903
929613
988004
809018
460403
410277
267387
364933
689458
940318
868034
539955
417863
174582
211007
195484
840357
185190
431266
508276
873583
418479
904299
161882
709855
568642
370872
312713
902151
205741
217875
604021
135355
205880
413040
495758
430124
580428
674658
119583
434713
542693
559538
752576
531241
584511
762027
371599
583667
193294
693842
457251
425739
598142
433100
135595
166785
703972
262275
882902
809713
294116
486924
845068
313962
713931
254793
644086
208326
829451
577635
543039
372145
137174
209583
717353
535651
871610
988952
119320
964904
682795
390537
390645
194904
723637
340206
261689
341576
416447
958557
151290
610563
359449
810324
738492
973380
965118
382579
995672
708536
774181
452678
894648
725321
562261
612002
260974
347838
514921
280294
312744
111684
484797
517355
206588
208436
671527
368278
363978
987975
326836
415269
512505
500251
139560
250998
473632
104679
447544
469305
627182
221726
821984
521831
847047
298212
133834
108022
546051
548755
202282
672761
560439
501046
190117
580994
609482
761644
849272
787426
663586
990074
202696
176093
490327
242257
241057
777925
160902
502567
161198
688084
624293
797148
123882
385308
995360
157716
307296
455378
520438
323545
128140
894843
724591
132223
475838
248040
707834
239077
935466
371421
143119
138164
361480
447412
194387
416504
225338
169255
819071
200502
671306
443366
897650
695188
642640
806978
666871
849936
176323
187310
173482
204464
982153
798073
150653
457993
860079
758487
511036
795547
943875
554155
747677
219322
901567
756030
535826
940872
825285
354899
141375
410558
698265
852992
105748
340906
659971
672619
104809
650260
673895
178292
668690
656049
790331
719344
928008
650412
391798
439046
359926
335674
807167
107604
368963
708736
763634
804789
649609
502886
159689
690984
813445
671920
543977
819193
826792
117915
405779
831602
582142
979674
823860
250833
549690
528158
784143
391666
992536
175943
644678
352463
325583
451846
360067
594546
160583
937667
399337
624158
440555
372992
315144
254001
944913
673087
973194
771706
604969
292940
603309
187112
272615
341136
251911
636271
769295
936055
927937
761832
111999
572616
114297
251548
924463
288330
746095
899012
225999
959398
523172
566554
332391
652282
720555
277305
239336
607716
862978
658271
800656
466288
659349
887237
707425
811261
523509
476721
747317
365414
152520
673282
838030
166817
738796
676460
269114
398858
575474
395113
358257
912612
861667
504615
564895
496189
595886
704231
917871
458865
276470
632494
739120
835819
433698
446546
647081
857207
737233
308365
136588
703719
795613
874619
684503
534411
465046
853617
833269
854486
248731
105494
767099
924364
424075
331995
334520
919961
850193
252392
292794
126664
784886
931914
776449
218585
292427
423532
889758
843626
545863
926347
547346
341478
714933
231850
775889
993945
899433
523125
848433
148165
442585
615533
972529
766660
761495
221016
600589
525655
373408
793383
466285
972260
639264
242735
190846
831691
480233
894571
589284
926097
734885
950596
267576
363785
182448
857431
357731
981881
294523
206165
944013
637109
635665
830509
317736
311127
951526
732291
736782
324935
439641
117034
211163
978905
259769
215975
724563
640003
110547
313848
480067
659398
264446
647643
837149
260860
419041
194882
156708
527530
215013
100722
978605
664644
745198
296343
875771
696725
842600
526520
835626
282243
543554
860755
261149
703324
976731
885713
257294
901244
113528
637361
560644
191940
198971
397794
352800
431978
406642
323475
859508
435622
238163
838115
100267
883361
948424
790005
494053
791025
316526
243647
973268
760081
104403
148385
463406
981134
848064
534666
796346
861592
172028
356991
953533
184965
568751
220300
516943
789360
443775
376452
138949
581939
128534
953181
465301
890924
743187
773321
595917
959714
916968
483152
633762
835337
531537
911134
730439
379602
445801
526786
155162
431795
697743
922661
516760
180461
142962
847669
869821
400704
138088
822736
882643
166623
775919
261911
871513
433073
935232
467431
306754
766167
850584
840516
601506
382122
751651
331946
575691
111419
672698
544819
443214
370442
467481
773940
450903
424409
621610
234692
725113
573665
957428
521723
554254
647314
683635
425768
980388
532834
793200
287143
212969
643785
127661
714475
839873
693278
860387
329531
704698
533086
774350
961878
717494
155798
649786
168398
394174
185363
303090
933253
659028
174486
454978
213283
721800
952579
453018
702189
399380
246219
889333
512349
703970
830960
140791
457810
438205
901178
687342
956869
348231
375659
918749
965725
345424
482502
948090
639598
481831
165147
572852
140861
239633
841796
168110
861434
708342
521128
477590
107724
581313
280890
434039
285284
925816
474831
557061
364023
289976
244404
320893
452174
434029
153609
417900
679453
536111
365991
319052
917943
345105
705871
872770
484738
461634
854846
260139
983943
289942
551696
991667
771255
732586
425707
870506
658404
714504
427568
836393
904481
571972
157287
356656
819967
210897
588522
499422
560974
768480
632440
392884
113586
252278
179621
412290
613913
934468
572430
597857
224411
124127
503491
895666
670679
743164
680139
329084
457670
107708
165478
276118
493646
136732
446740
313615
161595
935262
713037
622569
617709
259444
829420
631295
411723
909041
857552
925636
757476
429983
437460
881887
368076
754917
691521
938755
498082
371661
181807
769718
293336
247285
859802
686982
197983
306543
814563
259578
155773
441567
696114
587448
601012
525535
132711
912735
348543
890263
752338
106021
320247
189799
801874
588323
844716
493396
441045
256765
679024
522852
840450
872360
584104
700253
473309
682087
820763
201840
841666
790502
543407
451747
377951
144420
877282
410662
871121
139792
300926
623460
145813
521173
627225
847688
923462
385908
255051
364509
542674
834075
701327
297091
620402
285432
897344
993712
867520
718108
195553
623153
508611
552926
974900
786563
511313
766149
111192
382435
805941
312119
819862
765721
647258
361054
527376
570722
646963
682427
749197
103604
430470
450525
300695
950872
549924
112006
858551
417445
730115
868070
854564
152693
420998
743431
753222
746277
509581
764415
128713
229489
890500
762541
809176
537759
123597
250519
922447
584526
746913
585611
588130
177384
850103
788825
942222
400028
800831
800775
631439
444913
582812
486004
411573
903810
229436
978761
564054
552983
657143
592768
596438
547644
269276
319582
899370
206839
470101
821818
691365
217015
321397
279496
208365
171501
882287
964554
471529
597086
679296
916934
855965
262109
402939
181505
979886
446341
160268
543941
813290
631377
950675
323695
179023
219953
543277
892359
326792
827345
714178
918158
858326
849541
111621
880658
921042
807875
845213
306538
404962
524510
223473
260928
686619
440378
256400
666506
786719
316668
124415
513976
848045
975090
737672
841034
109010
194916
733394
249769
836227
361540
981893
694555
211082
993514
575214
946091
801390
334394
252630
120319
758904
376104
195214
359490
716482
351614
839963
417169
482248
864378
831145
330294
753435
482784
985295
762446
577701
632656
912215
327895
894196
808075
922450
919245
801590
411631
865337
516948
646025
931933
537267
318896
308038
546447
578387
838487
798061
332317
169623
280310
196696
814734
424571
764097
297520
409867
526544
689187
942523
352726
917082
750687
160802
753500
583899
776359
979097
449237
293308
539090
381171
644541
757986
503176
190990
250340
255630
803017
482657
239219
983328
493319
953953
407900
257418
165440
631733
597928
668593
488223
850655
499643
152877
825423
253144
636776
515749
232242
986013
623023
585298
281152
267566
343286
598294
272522
407592
753924
975539
704216
893143
872834
111502
761063
280735
268920
826504
726434
680815
495098
214659
445437
894741
267536
270861
961851
804313
686611
108061
704293
309635
593359
799411
391167
750611
397706
477655
972170
965596
453196
676387
772706
239997
687889
533771
334699
770776
274242
961133
365558
583306
989758
710995
392015
171262
881856
353867
789541
482434
275894
407801
606036
769254
207214
811169
433832
504920
288826
406003
470518
555988
896356
243225
695985
498213
590962
930684
182956
765204
805785
448514
262478
709510
159510
554493
780772
855332
722326
570314
337768
898221
878116
757770
581442
899296
568940
829240
404217
757766
235245
688701
227721
945567
745893
737673
443781
250822
668358
526737
829993
388110
875251
992471
997621
934761
460931
778394
790095
183258
262676
941829
895445
954758
699600
390854
854055
182507
220096
172239
840274
269307
674907
881961
214875
420801
619635
472623
571623
201961
899360
315583
490071
688579
308055
487693
537307
668986
180055
327403
666211
256697
183199
475623
125422
782799
766478
879477
779273
800540
865682
533514
883813
540590
415476
998688
775357
935112
385278
260948
137074
198606
476531
441111
787185
598553
742771
324493
267540
736792
465863
747717
893489
549062
223342
918911
245829
803786
712355
925102
604327
578038
458617
488141
932595
774093
400796
707953
623172
686075
782867
574212
698647
259400
915324
485833
671919
572062
624292
753425
308855
990155
501144
116311
453185
538452
935222
599014
342239
561544
438083
846566
953548
796700
248674
886144
484760
549470
508065
921899
149512
290933
496112
748159
364299
325403
147959
936218
711431
672252
603611
920286
662408
104756
936597
115594
543208
785786
528574
785447
347331
866657
545980
300881
577324
608620
100992
962085
158091
423023
797951
121570
527923
294064
683695
792222
433434
731655
642408
144866
403908
159986
879119
880282
164742
815717
809843
521916
515471
338418
221330
762802
119043
667310
877649
596367
275931
792608
472419
247988
215632
270371
183524
643555
378402
767220
349745
625802
498876
806119
670668
716750
866105
549788
510999
930847
279473
320843
366730
694944
559262
488060
371713
578305
969336
163330
988638
159234
855938
461059
307222
971570
545396
304713
615127
823798
971933
864872
449601
384776
584958
934236
915492
451064
397991
426492
295878
577464
647336
562608
186375
120565
950668
458089
512836
920005
521419
501475
979239
377358
776500
200428
262895
321898
319107
778022
959662
291041
556861
409265
489783
141820
343502
319242
492884
641493
645735
688762
132925
207038
165337
219300
141569
116006
491355
468371
849977
826740
783812
829217
204099
560314
843612
280961
696178
162720
958983
655841
267728
429812
965106
571477
471632
222575
790720
778483
678035
350422
381212
710960
371426
446550
744226
412995
462556
235583
695332
312535
962323
479145
955718
980389
939459
713297
261351
549604
776018
134301
205447
857712
464113
984519
429190
749712
207096
133877
528196
699097
384299
809408
324024
655725
255959
968250
882686
532482
117800
578019
658983
894090
957165
614702
874480
810591
241967
949797
360197
831951
898064
379610
689664
362179
364130
932820
925857
385192
966698
454054
984289
264964
177429
308314
734656
247355
190532
617343
679837
208332
109330
338821
102423
880461
767489
790869
691053
909456
654633
865216
741408
552699
158793
345039
728844
422924
277861
654702
622082
158526
922722
520339
323490
100152
642619
958146
247507
733151
489457
741310
755450
498787
894097
757873
379249
661588
462710
884268
485011
931309
749486
140387
484009
808279
385426
126820
145170
477253
595488
667253
535779
432177
101559
673236
432330
644178
545349
493803
377331
934806
149081
946747
347560
943178
704621
540775
604767
981297
425045
989779
912608
988497
130167
310584
710743
329559
251371
669880
706813
660825
251100
156559
993003
252659
643761
339300
796837
103078
647069
988134
851850
696150
934882
199412
639330
553471
640187
158064
534769
879198
961809
361344
867696
905942
485895
492407
235503
637266
162288
756282
212058
313388
726807
205062
466047
284536
444362
176851
287614
991432
164987
139465
601549
999869
152843
240880
553341
693031
212911
902077
486196
174721
177388
353894
980664
563283
660267
130134
114516
722555
700382
226575
935943
427190
245603
315957
611726
589966
392808
713306
495365
457795
752772
910880
371632
805615
965727
824973
412613
178639
641017
712776
253360
718406
880636
147991
281690
540904
178125
210173
263460
778507
336748
113370
119665
396317
243293
545357
800249
536101
258665
295615
807863
825403
120463
179496
544985
986190
818435
771565
164830
459454
484342
232156
177861
364979
280148
359551
805883
272239
383690
883309
864713
620438
810645
798344
916756
953938
343702
717006
490040
416333
826588
211870
155703
761017
291366
514655
747208
109803
286221
812038
469257
584529
858160
547118
763474
138309
720635
483324
224515
104327
280600
903194
538731
991245
701539
369454
945184
859207
900427
349191
189508
640982
461062
245211
402000
652428
573832
149209
576197
674019
775213
945454
258549
633374
406539
835989
585650
941141
319314
624131
859434
499914
527326
312132
405126
228866
495553
350311
902039
395981
599503
991547
850929
960565
150726
166896
526960
624558
130071
103159
298579
805284
862579
371094
352625
183086
121051
752241
938193
254331
376373
797628
568212
717665
109761
873338
760497
505314
223651
662538
715261
637120
568052
480157
511652
618778
547053
852578
157304
577124
769703
269849
296375
632284
454909
462967
629336
475960
215209
567530
630292
405549
279125
112471
123215
202852
885809
783713
522133
923426
360218
151361
474513
828270
531519
886165
361016
892538
738745
418320
469664
422415
502135
580005
868665
857044
942972
498002
246972
972148
879498
691230
291664
158624
703701
314879
175443
589511
912558
597576
426905
272777
648937
801418
915014
994422
601551
276031
886962
340297
508317
270593
576678
910452
750598
445345
681463
607538
843347
742401
493653
636813
433632
685317
695437
137334
814162
684846
540812
640688
282423
867717
727431
745327
583102
642446
739750
184654
732443
540679
338917
240761
711272
815596
965179
375838
260942
560610
883376
918255
303012
290996
555069
636645
790279
250508
587945
518408
749320
942723
159097
931744
724407
786529
591038
307511
342942
244755
392165
975386
685435
631083
216148
396708
360646
995294
672546
521588
555905
469889
439844
672883
660885
894914
223495
451165
959388
711441
869574
708709
654165
842637
554420
378574
629167
959424
500051
872110
204181
792216
761463
789616
337266
877611
100291
597912
786872
672838
933466
342778
956693
287278
829628
617580
996158
953123
882711
955547
664565
666252
578223
232698
422857
946610
425238
865990
906035
825289
652067
110217
531472
413531
799833
682705
205110
714091
194584
891982
386930
128052
148728
257590
229296
878356
689136
225455
831480
485815
181003
410013
152068
573192
542711
388891
519803
781915
254883
425840
521171
806950
436057
952643
220483
149858
635349
325593
763949
643900
217576
964845
585918
266304
222436
715214
958626
811573
840669
790108
297389
835638
200122
263423
408831
556799
552315
828635
338715
621164
168442
759886
428115
504499
626496
548598
468323
175813
688157
232273
719713
805734
111085
305632
886004
147488
920846
844632
859061
675482
548707
970416
511121
648829
147806
733918
119595
514087
476520
358310
135252
544962
932162
377334
863428
558659
825932
331752
548438
514091
377992
268152
233792
303043
473784
933762
350531
308597
692361
123559
884079
241069
993975
309167
703864
955748
943086
723459
383802
333573
895735
333021
778536
741864
610355
555931
300525
350254
701649
748963
764345
979641
831082
812103
282686
218833
659833
447183
341397
352195
470743
225477
407231
464719
348611
111096
334434
205664
648522
532203
439237
458224
765224
217774
200090
375580
587671
314581
625834
289322
877510
304147
182930
708593
930216
365616
827427
590050
626766
982790
842246
997509
122234
249478
376195
370845
174540
610630
476509
637028
142834
729713
995253
722024
761453
195344
911570
349126
323891
451371
538448
201402
655518
621378
723962
499702
800961
551390
989752
427728
448147
745965
425238
470381
809409
701433
741227
883950
226030
131703
434945
182830
761416
430199
804854
522871
439509
716425
685963
577366
981763
224412
678769
637282
659756
402732
136985
460718
768088
940704
702412
216236
686670
127651
586617
410047
643051
241811
207964
769081
273515
542909
851912
848897
787075
570733
285735
140551
201126
871698
617918
182890
910076
296688
634138
569834
599420
585090
930552
281475
525795
546932
397711
126432
574583
798294
436479
217635
940106
544443
800683
127588
901319
566562
876485
688395
951261
976187
728946
152388
847886
346865
149244
757964
457519
683383
241765
956939
268474
986283
152381
608235
533216
450092
548633
107801
162354
885113
139402
102461
343523
754051
130049
244843
320614
820500
833238
271877
796688
476152
238231
558542
723017
287476
230473
180538
870859
372238
951443
953299
358522
917791
475501
791739
281850
924134
713506
344204
723214
666874
346665
880704
420927
290680
125548
555507
925147
772753
727384
635802
248906
779582
194345
785889
967058
238784
780393
751884
511022
645804
619150
683511
563596
994651
475251
745446
918786
188758
989651
555968
669598
250283
436673
990525
354930
376187
546034
194044
148941
187385
729846
211813
866967
738158
811669
834026
876942
592063
499877
387966
151834
119028
971477
529396
113680
360695
274844
846433
363419
178462
316368
933017
242711
653041
923544
411607
929228
383545
505651
978170
470930
235499
103950
337899
873657
815619
985891
750600
321650
399736
952532
373484
418764
924010
802881
346411
198672
891691
192845
462091
884119
409213
395110
126831
876220
232621
438439
805449
516166
758056
697586
801062
893555
615503
138962
681179
431123
938820
431781
652773
338557
298280
840224
571287
136258
557072
817698
234930
448764
824509
597022
246850
147689
806098
273681
923909
852685
526086
643326
368852
198110
254879
169915
991665
684348
122844
672846
115473
875630
918593
582212
128154
130840
336403
599441
167098
793475
331107
302029
156206
155617
713017
303056
203307
433082
390704
941182
285768
730756
498475
468586
828866
567321
452467
734499
251670
475311
321312
181109
264908
239906
663322
293062
184712
899725
706470
251811
607168
937577
367806
663374
993194
894789
866431
110468
241838
257136
865617
341572
801858
364093
710158
630726
831414
162626
365226
897051
451904
586538
978160
530778
640410
555449
723841
725122
369142
344278
790899
876310
281856
158706
453651
189017
867461
320083
199486
109300
391185
965103
350872
107011
243163
961030
637737
888544
937623
902963
785596
303494
403468
677723
734272
943878
233174
372080
582967
502316
616358
373868
292593
798214
432574
646244
887232
214003
780294
900684
223303
171480
779754
474176
178491
922917
349173
630194
725428
200763
447124
424991
318223
750592
102716
952496
608437
235890
238543
191406
552172
754902
465274
744765
467083
711814
391010
268282
825817
171305
168967
863087
156752
848721
251230
149209
685606
414369
679404
325001
515133
940494
649993
733356
691088
566675
599819
299526
616531
738363
304898
168704
407232
670172
727435
774315
295954
932411
942598
935737
103718
925531
798825
974435
688220
950055
937610
373827
364426
530981
512794
693525
471477
976753
340848
976531
543429
840668
190024
159961
492998
394923
142631
800230
879061
684032
488512
175016
616445
345077
110755
534129
270610
723546
422531
858830
673603
360142
146624
851995
791124
559418
545521
262602
536173
786369
239134
893568
541004
329158
867496
847968
538047
910127
562165
417110
508127
950678
406092
124573
295756
330813
472668
380332
954360
795199
239163
541930
155342
285787
393926
760432
659172
839447
837000
195346
539783
976134
988914
980788
219260
856411
742723
657307
680506
304890
888383
188634
169535
294477
127173
279257
439256
413807
559590
393617
209007
612719
835547
178315
798507
143440
838748
457680
882887
675749
466992
336638
565851
369873
231393
599077
226286
874116
170351
720758
992972
958735
723358
162508
167179
664497
255732
506435
978304
715322
714019
101278
242008
463533
179593
854481
506974
832307
226128
303828
508058
593120
540466
887875
862994
671859
486953
903246
545977
557304
537971
538950
430006
175296
515425
497185
739793
671157
817587
718098
300446
445573
719376
442454
723072
712935
296937
230047
545244
423065
433876
867268
830152
788308
755144
607113
460169
242098
424326
820112
613368
862297
359063
943375
937593
688454
354527
591353
359612
172115
309452
474024
431654
842794
816479
154728
469696
927382
198741
914940
350448
532617
782209
994566
234893
537354
601680
595062
593418
926006
415175
206788
702270
588204
150164
553830
190626
404691
145184
450238
390773
268602
824263
636393
111397
554709
691121
481094
482092
789863
310001
646506
236447
992211
641074
371340
443532
242755
780368
936951
982728
109510
957705
598965
597715
107870
152797
688341
326527
197981
952545
531266
366584
690775
167661
291947
245485
758782
587007
627577
462612
797009
188051
513026
703187
729125
784366
960685
785846
478702
811603
768575
488212
769309
367542
985927
691145
420339
588235
831639
432286
454748
362906
612836
145524
430567
804784
204976
103317
391792
646519
379895
102768
734570
792921
619921
463696
491255
580608
249544
869957
392212
832085
358170
975488
199628
258065
666634
433933
660266
498274
766220
115015
675147
293023
974505
105715
997807
179482
922997
303567
726001
302894
220301
460573
995815
740223
824269
487071
320832
887779
270995
527010
719866
529166
502499
733460
601197
983100
167395
261464
395341
747581
276480
970488
940604
164952
976204
852379
244434
899202
155947
870435
116063
276248
244975
111880
830437
883211
412917
965235
770991
583913
492247
490858
927045
808712
224320
528243
791813
205681
603673
187156
853262
780153
157645
707833
845105
947815
560213
903505
760985
530126
687908
777048
706375
832883
702894
450779
716095
929778
416016
401054
427658
808263
791912
268670
530942
830198
696913
322757
849845
300587
323879
617074
894707
295490
324909
653779
243307
785122
557286
818258
315250
159161
595307
835591
892044
212169
286371
522107
955913
516353
823161
383572
324617
529040
466208
669526
273206
163122
892283
123052
277675
130129
640127
986348
325619
865036
554095
468926
564125
925347
287185
693341
984508
696459
442899
876553
722594
543237
398661
678508
959590
221823
876046
198175
564830
342255
767701
738036
319343
573951
761088
410984
604080
401216
397334
829699
180219
765395
212593
558311
690743
399778
251653
675252
910203
508519
465772
632798
951756
678400
225273
825313
714189
101320
837454
279020
257541
605156
917056
476884
993073
592112
787869
597154
893328
999169
426855
887514
678531
453414
445826
369275
753192
511445
858493
577363
919964
324266
124128
785687
902666
249402
524968
530823
250722
362423
709843
408264
867580
540867
699114
860654
132980
400950
371776
840274
314086
612597
727789
892617
966011
987581
175859
633170
499028
934352
210534
332959
172586
234663
932613
889218
384065
457582
420042
448753
720005
129887
670983
501552
484720
284065
276174
517700
585015
547950
357975
713068
160548
899731
605686
126560
887313
595512
659730
300308
529865
684231
447234
602451
818894
293814
491671
116926
651396
725679
379645
285368
669532
950629
600887
154253
148661
777061
571953
547642
325012
743895
260711
299526
643627
680364
240052
444907
275877
713748
645216
619708
397980
906416
222161
130841
200231
527798
147767
751627
253478
341379
850961
823011
205975
451849
791230
254636
228911
363185
702278
367889
921046
862990
567415
564674
543355
621433
909581
633198
335183
468764
252907
633163
375181
289034
664005
475412
716832
625738
141006
784277
867117
891968
521255
973092
343818
312486
141695
386696
489637
743974
654585
410684
606965
135968
789324
964286
657401
698907
511451
892584
167672
664358
439715
356820
853393
103721
732232
484192
543425
773239
182436
324510
665208
603691
297603
822992
730144
253265
209689
219782
897239
678241
444433
418171
628175
233758
296424
285577
746631
707875
992128
728270
286200
431844
985090
953559
349531
631289
351719
792956
404529
434155
117467
883703
851813
229037
620663
581958
382302
730352
615706
193508
322560
874105
511679
850735
107865
622069
950279
668462
329945
942408
396733
430111
288219
295790
383672
537750
827080
635391
244673
145576
883512
176107
929280
735326
305144
549944
231251
501412
194263
746958
508886
330790
621064
920565
181526
542895
456601
945771
211359
686546
802146
422058
930623
990365
617849
314296
442082
358896
763653
586756
404472
647167
576829
247719
296460
781973
611629
427712
197352
619859
174671
606238
850649
609701
440770
846141
966563
711337
791914
991888
397884
594061
413947
242474
498394
845762
456771
754442
118625
134391
341199
423098
681558
818028
570817
791985
513968
996413
219698
525286
616273
208335
945490
466923
718036
300227
313065
598566
911564
918945
590455
223415
426974
818369
365890
739334
578098
636627
493777
596724
671018
648943
919822
266544
380938
404606
958529
708873
401020
992193
234160
917293
200529
993617
298183
732531
207811
425215
331099
119377
344161
735520
156758
585101
553890
422648
324436
131990
873241
718214
628714
458227
367158
462503
624771
562062
767109
497267
270936
982096
489461
405097
813356
503956
312681
111541
236488
420492
350722
467587
353835
594883
203109
410594
993951
570965
733242
318388
602955
606485
850568
145636
964712
131693
508139
503450
593756
189216
814683
764692
985278
218111
983755
712601
622067
210403
638108
758555
530896
888830
140110
784731
397681
157185
195326
391633
628150
742535
523987
145073
262987
374557
104675
141666
406250
426781
459082
813972
429963
273766
578666
329208
391877
476388
941809
827910
586792
579919
586466
931654
382716
540542
716386
680397
597727
725679
885996
139845
468215
409985
998883
545168
684542
917524
586834
904758
344306
945916
718732
674269
133649
211365
817443
339492
501719
759254
167403
902477
253140
567835
834132
535856
108379
550520
216255
520072
190166
102252
473883
558381
326203
472767
917515
910745
390293
504350
729471
548565
364233
362170
136802
397882
387501
854245
637374
789220
613500
618743
691699
766640
186579
439798
216464
108924
890318
332719
528997
894450
248937
902880
366798
475141
289615
284314
299853
579908
688664
929324
942439
866863
205461
979241
264746
492962
833488
716086
196150
360955
334830
787849
941562
335376
227648
158027
344300
931933
304712
773297
740350
453649
590145
107150
742756
779760
291464
856576
273635
794095
699867
216075
660959
805329
195318
739672
298292
842772
369725
308408
203728
604556
996257
145291
839932
137873
203318
998198
883772
408030
685463
624123
675646
275609
545239
332369
869335
736704
188946
142971
444766
788814
173012
919691
508110
268330
573330
620368
925068
843056
828777
128798
447613
739001
174089
201512
776874
191374
113677
574613
413370
699140
112704
902982
874749
557943
235353
744085
208614
238265
701022
467346
841045
774035
301005
349156
856331
774335
783491
781401
617392
612269
724165
878971
351271
712220
980483
942112
803594
994161
430692
130932
693302
357362
933914
482019
815306
983233
140071
837886
135466
741094
219200
876511
429096
420205
139635
199394
194541
823126
794761
711934
349362
518927
504872
600633
231149
485357
456712
848709
393485
787405
879641
900753
144768
727523
296739
774040
710757
336811
525894
746223
891871
559060
536702
320968
879265
490303
334328
887772
313430
129091
513673
476758
548018
918546
891357
593133
317870
348071
441844
525321
949442
235452
426075
908176
862975
536781
596184
487700
773592
936044
233924
579430
495105
584592
714364
288337
974895
948692
176110
202292
977783
503750
579050
439769
422297
470409
932902
554133
718480
374747
979454
581889
510200
319496
490066
287142
756277
900216
674842
443836
836261
722733
923266
331367
307326
551597
519704
282223
500291
509781
384515
392041
827497
777532
731810
249795
247942
664714
617894
780388
853427
597349
362278
277594
730811
666310
464737
487090
566528
139580
744892
402790
762313
668160
548124
883606
219758
881794
165830
534015
391576
364311
826057
219074
141844
557868
282835
203752
136549
714695
884140
889977
312045
160385
167572
942857
640662
532309
343914
121157
485856
988806
337913
162136
570933
786037
945742
604658
667833
111573
138674
873375
289851
864731
906416
245661
336567
103218
349414
287082
717914
147521
177060
843925
207907
158599
700749
662535
504874
858629
683692
890730
847437
921605
952867
332337
621610
812576
836995
289444
738116
875670
976785
927967
654368
797168
173629
804901
714353
337009
991984
346234
384531
169045
190160
406404
141610
704876
968939
546485
563506
652632
351182
324910
488204
218016
557248
109815
930593
394244
213225
668710
183881
103978
510644
738250
801146
498239
543152
515500
735249
535137
761734
933746
518149
765861
340151
559759
384704
309091
920210
848210
775689
271394
987087
177860
389410
544336
187676
233970
752546
300901
716646
836428
218845
227291
488645
919992
625531
931797
349459
274747
380902
925160
208494
713017
604988
448645
186743
889692
571702
106955
651869
261358
192315
638957
339218
395691
997259
426894
529662
663773
541762
160275
500202
660607
287567
888847
494566
727064
734611
657992
901811
929479
497119
110306
642497
102108
372917
643207
805766
758585
564128
457636
919943
656443
910560
173128
866100
821786
413989
395763
485560
769717
456039
799728
344291
557572
602542
738858
284637
251121
310817
100415
180601
707936
924686
637065
624010
297604
280273
429777
870155
744401
701379
704065
314811
611940
777193
180912
347694
191183
390642
733254
860900
660647
446950
119159
218220
949492
758017
316823
200614
882800
317238
195182
504703
241925
732247
128714
353495
826486
372457
223651
484854
973836
741682
613631
499744
518876
694543
747438
524026
985185
394659
298893
559799
741609
318052
591985
605069
890035
808808
705683
686802
940012
800865
191506
181938
447079
134186
349399
187532
406643
387016
572386
294447
128699
186018
694191
547576
694528
355596
885568
593680
564221
184462
153481
219798
316481
645466
724867
206517
368242
344517
793320
308255
959349
884826
390194
406429
919013
553559
493962
239623
840576
880314
434070
869275
880299
942227
416852
488794
211790
302421
982474
676012
300850
135956
795810
517331
595389
434644
537814
863631
679161
331135
171887
638511
129929
376047
858907
862908
829607
266836
102532
670184
961116
350569
539460
841416
292797
770279
330211
318554
886666
312687
894566
101483
262609
604343
518814
757998
938987
956629
621630
532115
201731
607484
170628
145626
883531
929535
908534
627105
110338
825033
297290
971454
989568
650717
812872
196332
334963
957049
414886
135596
183703
309453
137080
260279
727762
469860
918277
666750
340456
453875
112833
356154
961359
183461
401780
758857
926962
224282
385964
937300
863281
583254
822721
852850
147938
549560
949182
296867
506611
364070
332464
504280
573523
283510
664559
301287
567336
496804
782003
807793
850679
794836
163948
726005
792263
379694
484863
633192
503976
770827
484459
367258
268049
307182
220109
229953
756742
983258
426821
177320
347329
573251
495567
734818
756761
160127
936105
324098
556931
632076
945857
321577
340879
923771
861548
947109
303467
346413
580302
621409
931206
878728
802634
113222
999876
836709
157142
670585
819968
483963
747906
167298
871180
243474
802117
541908
217567
652189
679972
588465
198232
625831
810042
353078
463569
585558
300188
667036
745937
694456
202413
591110
573185
905047
604333
573062
655723
661475
157615
475693
959404
805521
456957
744551
862961
259075
286460
894494
725231
866432
482960
737429
406230
206970
990507
769800
692528
290696
350803
438466
885153
453216
929576
372305
272230
447876
759334
827954
923317
816949
217614
796688
536437
574571
541240
313365
647613
641666
207860
372845
508100
504787
110275
728296
611757
914749
498097
218252
205446
748901
470684
904565
116084
314227
276872
288315
576070
850172
930235
499388
667122
147850
210044
117526
622421
651284
330891
270035
292952
352717
456846
615018
757504
381088
343315
283228
295838
655379
315446
315250
318247
686130
219817
334331
814324
310655
436612
390395
160828
366848
703749
641916
414698
813793
659442
851086
379045
804299
935087
485963
157017
305901
914947
728488
500955
172229
911716
696793
727608
227164
826009
945855
727260
859792
194154
541585
170448
530766
745946
145242
797615
449697
687158
126280
177457
260567
877366
456502
964866
726421
756431
935850
932322
671379
578305
433278
743609
490022
944037
385184
531152
770047
331041
172380
543807
425195
527931
614255
769927
273879
659498
567543
537542
260623
507790
614999
335157
385157
885468
213990
925544
641900
149841
857867
313281
542112
205112
870856
932135
149150
256041
377254
733164
401048
449634
276972
726243
877566
705193
496172
965411
278658
877681
502954
353248
385472
931919
588405
584596
817388
702395
510141
459290
666203
281976
586537
208316
387088
371360
954417
350205
527401
245639
983369
828450
509239
174308
468660
386806
779501
778798
266184
958160
570447
669138
311409
855919
601059
713780
440516
332414
416176
764624
605670
896345
946600
192208
104663
247655
377534
873046
497860
804936
118686
395196
633387
527926
469504
916013
728698
249007
694813
894883
121134
265261
477988
246509
935146
893013
860289
289630
225429
190432
868220
731099
986778
814821
737274
905407
876442
114809
692420
374304
733711
625073
669500
281065
153000
139006
197080
695664
201979
705859
504514
137079
785086
796469
283588
720233
689483
957843
823829
728878
148276
692050
373945
949020
420838
111220
768394
297282
939994
460816
485552
673707
985889
155053
768738
952855
108025
865818
648520
123970
485644
967001
161049
270731
677437
258603
804931
366921
216447
542727
909766
178690
234779
283712
941676
469583
208898
710072
580831
962858
170889
966383
636566
970744
935403
319272
923600
943428
185091
486087
881365
484702
367055
942414
655433
944492
114985
374331
311415
145398
817059
135148
138054
865804
318860
979731
335388
341724
603770
816220
304583
674659
696570
755116
559370
631974
974388
482971
489370
159480
869058
370736
544182
236115
227117
113583
994573
242102
301880
305989
201467
932905
255103
239521
798710
473963
133219
948065
715687
636989
678252
920271
225615
374823
589354
684985
906798
563743
167957
310135
537189
850982
580871
895338
901063
707988
908921
895637
764057
124768
115594
779490
957674
270697
832977
756385
558627
866197
618417
188281
417153
296670
922518
542769
485460
511873
227755
306225
975616
209679
516360
512807
874627
997231
408146
689657
619186
231034
585295
297210
255802
514855
976700
213477
599519
723645
783829
158147
589843
402247
160394
906996
598918
982913
363732
898344
494787
491488
204570
384371
515133
620930
797178
389761
532128
119291
893384
965280
164291
478680
262492
320093
807502
153159
347537
407022
776804
131367
379135
280614
433614
439529
101578
846498
422443
365310
744843
731197
756798
763379
115569
185898
384310
812747
389625
730404
746004
283010
695686
810295
575657
858178
130389
383160
825303
377926
604148
516075
323259
883283
696689
656874
322813
698267
417339
559223
963578
976149
290421
634343
739529
305990
634208
937806
932703
923833
668211
678708
120811
363898
489004
596468
136043
433359
793594
861347
625252
397743
377423
848511
281027
888078
419352
417806
500313
736692
877029
463892
626808
167451
912201
366338
287407
546410
304145
220111
384211
786323
798819
405022
150222
201790
815456
186266
535150
609051
947613
160403
820760
239003
822880
915753
941047
156200
333560
441361
706858
124557
719219
333667
105974
631422
600005
293382
991798
718117
413493
289976
504441
212314
508964
468629
314104
324421
554895
663220
747438
416475
637589
568199
469444
374437
483953
410493
430637
717514
751854
137496
656037
471075
371163
662011
916463
785134
855393
908262
417218
268888
112206
821659
295168
521170
204256
423238
745592
659151
986459
493031
889593
538015
961231
359038
812452
359151
669531
243090
890631
335353
280586
546669
706428
465715
208682
622892
250851
878041
445121
568069
960895
457327
303696
256064
878498
407952
493269
538057
881069
393695
931088
770663
831710
806286
129703
558130
979404
613200
701220
870036
848553
795773
416707
468948
261489
439355
905806
412340
231363
264895
794376
192260
622222
998072
262290
414687
319991
655559
852744
201061
863220
697800
785691
608898
418053
729360
167029
397458
342561
768249
267496
105082
477989
498169
387996
639479
751490
293804
865785
796819
458699
660162
889079
894887
572201
965336
223542
792192
534862
976286
807220
398084
588053
506878
906982
820073
236239
974011
217532
392766
656227
298994
397848
134218
611129
599811
673697
276586
793615
539483
973406
252315
113613
776452
961168
585814
741789
184711
291974
276653
974964
999194
574737
476984
506073
481720
297058
556278
369698
328557
849044
925925
527551
160860
874109
952647
660671
547807
229234
368253
901257
116607
434534
914870
793060
395703
414651
534850
394381
606625
625469
369346
519786
200207
746330
925859
495893
857355
396104
679557
185913
245150
519450
527430
219976
393560
480078
694613
755334
523279
962866
656592
539886
397401
485429
246913
607070
714046
681764
901451
320673
221200
270798
740459
235374
831095
580286
545233
688451
876390
224792
774364
935506
644242
215761
969448
937802
595840
664062
693137
119120
626929
263696
472972
838296
563091
619886
445368
277139
215617
346820
497812
336817
431585
152238
472191
262681
546490
917425
765098
422882
956183
453429
272355
600426
569190
241805
452195
165031
719833
959299
998116
260730
222996
471090
999026
686088
990976
444395
777193
120560
605182
188972
357377
936767
241210
729569
113415
687701
560961
778513
924549
517145
145909
110871
931537
615099
252676
383733
594097
786476
343033
506180
947206
379996
791236
946233
880050
696179
304596
657244
716739
809778
746216
974117
660512
801392
617653
673927
489094
992580
366407
327610
509726
412316
338482
355230
841381
405124
552929
349445
191601
795963
669592
952773
989925
460829
899008
869976
157010
203605
527221
773749
827349
187404
661833
487862
888796
279487
975755
291858
186034
342163
433434
595760
568445
671916
764956
323793
891007
317887
487205
896574
927816
156798
849349
917742
517627
748358
787719
488603
765929
228907
262354
507245
316311
738153
895107
119074
831607
784829
224898
917641
126993
558333
513403
509404
144216
192326
647163
935223
410213
134369
831799
338030
191167
681149
169739
522761
343474
857458
911364
109404
900331
987684
516649
130609
639805
325723
149684
471413
110553
188548
389055
951511
646881
716424
374882
691098
808751
922045
626322
218965
870381
372088
370962
961548
953237
440701
398276
296712
212127
223608
220082
112459
125259
550697
957034
665064
690386
106719
136478
614905
109233
425534
566417
656115
141959
755265
261180
764676
677312
701468
797608
547694
973557
168571
423209
926795
423238
635452
137475
449331
673026
171523
461791
698285
622221
418826
363351
312608
339511
313795
827514
262710
553295
307898
818825
509221
877130
980005
273898
554443
681475
971506
916103
568999
954043
253279
495795
377283
788731
447236
726614
461758
518760
102372
974010
954947
335164
251328
181522
488641
465123
823002
651352
832385
130902
384144
341607
908032
278117
515505
376442
859592
487013
206512
428592
441057
359791
738353
632306
962489
999556
358922
338214
432283
275260
226191
387231
424391
377519
468753
813032
656609
291757
378351
488995
236625
662496
730602
958623
840613
246108
249032
614172
547087
355544
856730
888145
529301
509050
520452
405757
508607
693340
643972
754856
782567
770163
142088
206959
961649
424808
833957
618259
530531
212310
921220
581122
688772
565789
539746
443352
711897
688778
957524
172952
858288
728221
875063
387590
237272
309482
693348
559846
902823
251287
314703
599357
835416
270758
706316
711032
509532
454240
243258
940063
566550
164479
435152
169289
630268
874898
512641
256133
477643
384132
329085
249898
112354
204149
451454
249627
413631
958768
623439
230421
210056
838142
729778
859439
108901
350061
570472
518433
704302
627697
372463
184819
692176
707615
254109
236412
496480
580716
392545
788089
864849
535596
851953
877203
553711
303409
940796
781308
262178
564236
825696
286201
402380
469441
145641
325247
719503
530079
657647
337772
157777
844076
336557
663920
465659
490666
800332
862139
885349
106844
564196
750199
542440
416150
627403
910117
533525
482167
691426
695704
946403
517123
881905
262750
886565
841512
487998
520035
285558
959611
671773
257302
803688
908330
821222
269348
312964
535521
945454
198314
542365
509651
848513
898771
739767
389883
808889
273294
772050
414282
782964
632421
745372
578836
795171
545904
420349
283170
879905
519873
156748
551679
677175
860437
460010
412364
129786
586940
761851
889206
685254
218183
398858
447734
116955
952592
651584
739810
225887
423635
968059
908851
870022
713432
487688
665195
259337
722003
762331
139243
155843
819080
504888
646985
593484
864898
873315
537236
451840
635168
426444
951060
753351
725302
398796
684273
591861
950380
338050
717748
287982
306110
540566
158006
919542
842220
637167
992845
478190
399499
946054
534034
132546
450943
181020
626030
229809
868301
163268
495615
503470
489712
446676
170789
128981
659438
669028
620843
609819
907078
252558
711768
213190
607091
683740
946698
449312
320908
939545
741469
534373
799566
275504
480886
250511
270490
920882
380320
952757
898116
689901
456229
301795
136578
440984
330777
609983
110013
765586
133769
917091
832110
745537
944247
439202
429278
890947
702481
564152
744459
443951
912492
544026
533421
393379
694537
617877
314262
888823
570635
212380
492691
840830
414175
443236
281815
558918
953219
291828
238471
986988
122887
970582
732527
967134
409785
975771
772048
112267
453891
516508
456218
366384
960535
803605
573729
569039
421483
787991
371830
892119
814337
764521
732950
142480
207758
828732
515364
974943
120561
653836
961933
957413
538385
608427
924549
848170
498165
610564
774404
852056
127074
230623
132407
901575
848195
606136
384581
269679
308095
656411
975764
936398
334900
708716
892844
356624
451415
408210
331569
385942
876012
207469
343357
414398
715896
181873
176535
128028
692437
850939
880085
633477
895529
826458
535053
743725
432596
819635
913404
554657
390013
889170
491056
538879
511853
383902
709470
777234
606078
855005
163177
396057
962474
406534
710455
592337
402373
786990
620365
994811
637931
414417
628289
533461
154843
977309
277187
487439
710911
104558
856062
100925
807694
347119
453771
233514
544987
163242
910748
151066
918247
973926
447123
794688
294427
971544
387026
510767
672502
821357
505579
310434
149742
947834
657861
204585
839110
749014
505990
550022
667538
362053
550948
475234
523138
818685
522714
968126
881927
433464
933158
714141
321357
294249
508830
429750
179760
709822
840517
752262
531180
260063
876662
494888
121865
534524
599473
860975
197505
919429
410999
765044
195449
775913
154245
618588
594599
576959
500681
476527
824389
433840
190669
145747
542055
513465
475498
621816
223288
229982
374079
654468
390046
164709
963323
411911
599233
476763
272887
610705
396194
497852
375750
491643
273766
429995
924197
682331
820920
424879
972824
645311
672686
163494
691058
128708
490925
980522
650524
614213
210506
838570
182649
414518
817245
145973
726429
330445
522736
813282
841150
818930
311136
216901
224541
398868
460862
148739
981200
281784
387585
954025
741061
874237
931486
346086
902945
422412
326610
467437
850592
351082
219974
933241
579566
937219
979214
305996
267665
501951
933244
108817
234849
158347
139684
359390
457216
414513
322095
352383
510263
523646
220375
251325
397884
965827
497411
214797
302207
637987
582234
152800
803035
616174
986041
382602
467360
965256
502564
635025
381174
349776
557808
516023
408123
511459
775413
679305
825972
911475
931688
250202
435122
966030
315493
646973
931858
626870
761770
234066
178825
257971
200832
881860
774145
186874
178430
241506
966096
494960
690497
347272
744736
162273
763295
152861
573732
452676
732166
313671
364152
577822
463873
613240
543853
593332
260214
389678
220203
921984
523745
299028
993921
624577
994855
682033
625418
173286
823539
591515
568246
428004
752753
226950
490277
516050
279811
877975
868726
825943
191647
146845
403766
469486
660085
761585
962818
820300
151265
996987
656251
488976
296017
650174
113554
290873
332208
552938
278125
969714
958420
660337
311685
711174
787287
701962
141191
967098
493904
823883
707009
585551
870728
924741
869003
444781
686328
745788
265082
737593
742776
821333
226570
938793
385474
154090
143633
531649
520995
321758
501364
479416
882096
713049
104557
669384
328978
145749
550450
722882
869632
171426
222400
654328
996167
905369
999109
682496
651158
178158
334056
393935
899491
460626
246696
198933
428683
290329
630582
849678
426054
945912
329095
308151
658962
333652
791501
801906
293367
255918
438755
163001
327344
561155
631295
237479
466525
630405
819975
931649
708563
154033
325585
522021
428625
386247
534920
757308
490543
165503
520953
816597
925381
664014
938714
584344
897667
730216
300217
105001
800101
638972
981967
941411
114094
613263
178891
394585
157635
898867
326235
766198
866866
465787
202187
209458
752034
637107
866767
242578
616577
301687
873141
541959
865702
811856
940270
677336
542074
240488
682337
256142
693427
664306
