197554
707521
191536
276446
102108
249172
989279
328343
829336
856146
608096
931523
965604
360132
482598
746338
416676
913141
948026
289819
455101
727695
101676
309338
405032
457716
363793
987369
613858
957220
565642
711413
578708
657179
887859
494782
720317
791105
723126
549654
647252
245189
395145
526823
505321
777743
187129
735964
604851
949121
925783
959952
676817
841425
183258
895815
299143
447051
797151
726967
318238
362795
438381
796946
833940
240207
291730
554258
931312
828822
917878
492531
974011
313024
833321
393300
904733
920450
943230
509585
783538
869014
383505
374322
624406
466763
270138
823549
727780
967289
464484
946018
330085
802865
656931
977991
857039
848661
446216
702318
591450
364096
108817
479429
577120
842138
686695
481855
676555
629926
805406
374060
412907
188912
648382
937313
555675
818520
674830
197422
785810
139315
143441
929862
842180
700373
821820
613186
463001
268038
229472
868418
532134
238289
347848
109255
894393
848509
405076
570949
478436
210484
845009
791343
299396
407358
728657
669038
225879
317454
680426
825655
356769
723868
669484
112917
338208
491306
626103
615175
659344
755575
483594
105445
807830
645408
114700
702224
493918
333743
187140
786320
444227
932149
491630
557589
253474
134255
140594
379353
351709
721021
118976
608479
358856
688460
621396
597064
993732
161466
126206
567043
731008
509801
572488
538839
969175
501155
241065
377061
734898
328205
163382
993091
174322
555013
464647
327796
589268
419208
521116
840977
954195
454058
363423
313052
956484
798785
724082
950218
860252
750288
517262
591261
174056
903717
944066
143233
404873
185132
420294
139772
327304
397642
946829
401626
766621
325443
543388
355890
644651
878470
110835
598847
332529
374258
725865
289015
173045
363914
239234
847263
928169
570462
352491
916191
474180
296558
873390
779053
295657
207651
732791
522961
505294
593587
738553
271916
819031
195908
441773
463683
974379
452608
876497
220875
640832
516329
409890
627843
694210
463090
389073
622380
847519
641564
538572
321700
752089
325930
914720
947746
433581
561478
384674
838875
969032
123228
924758
788064
133102
366532
165714
107482
633106
856177
228358
187905
372508
452214
629715
966718
729271
918788
503065
576791
560354
855603
712457
312444
181534
541144
174157
515116
102624
458831
267958
885622
396025
106683
673687
429127
287181
653367
436610
734253
509546
478934
822159
696020
745114
451875
662739
474386
284630
979770
951177
744984
835374
577602
871394
830875
118747
945551
345992
935336
318349
427916
820959
614374
434600
494647
943502
535747
961981
294079
270002
471528
586979
992161
981514
332094
358003
558220
706481
542633
537991
571625
201585
287332
149228
886945
118208
167976
746464
364200
103313
964813
606083
738239
579189
854649
146853
436658
390397
108835
630737
560399
394329
131683
466527
375844
363777
724530
834064
884224
181131
372056
369817
282716
559389
419045
169662
577597
400987
730092
755764
318267
694907
275814
956506
188063
130464
917325
524721
420861
926161
969424
795227
320491
101108
261755
596336
278851
800252
344367
163077
881383
616424
432894
978065
989779
665905
961693
481343
880859
691787
237108
113093
300661
412922
883565
388724
357352
800891
727411
592180
727053
610802
387408
861511
525876
463129
371814
704727
263382
616181
681770
958731
232606
928630
850763
136352
594537
726424
517696
389363
418212
654804
316422
532839
881693
199988
735529
239046
900879
376907
731226
541900
887709
932600
403412
327552
395731
675226
932279
473079
205374
614051
345778
337981
456648
196542
374333
865151
736932
792029
254515
969110
360801
470937
501950
156461
484891
237480
295507
385772
428353
840700
741638
316063
687267
959016
543615
982998
548209
389862
370045
653583
817879
615823
805530
274528
626331
179865
139681
363265
785860
208162
332376
960627
493066
648293
117089
877957
785773
226563
177696
128094
967263
819334
344157
568497
692317
701739
551497
240527
905567
735508
794111
637413
265298
599642
811941
791629
593473
765588
968860
293301
787717
301238
253929
280784
763497
184985
972707
463237
311548
964370
491331
192778
697671
735489
661275
389990
351195
126739
530517
170729
762247
238595
708142
927545
652204
434050
633142
159644
113606
602003
266911
801323
717207
334807
896073
480705
419792
782747
843943
631340
747118
335275
638084
444791
884730
299360
734781
149892
326100
179265
220621
902313
231827
742729
829860
784031
176781
463003
757641
190387
965006
924553
805676
596181
259361
615716
976886
579153
398464
820830
124460
145584
970072
662544
490375
854803
775870
139123
818662
101971
218388
939283
904285
350215
682014
648112
948212
672761
111116
619821
763148
890088
544375
482791
400236
617702
998507
377124
110822
396972
111921
949247
442556
981993
611792
746897
750764
387663
786020
569427
303601
818375
422677
121853
168591
104692
669965
930770
591419
595047
550592
354568
399102
908933
651325
699339
526636
649833
890429
537458
946806
816316
400672
303329
712277
912464
864193
463042
214094
650214
846435
331661
382556
269113
353514
451148
187772
837445
295885
593157
346459
746477
847726
645562
569377
499052
258868
996013
962852
963263
447438
823625
779580
748110
940920
491858
574541
805114
768866
602601
369296
615302
834263
651852
698382
101744
916966
700120
839190
212852
293278
185650
773295
954970
645178
342673
367990
718012
252653
330843
681276
600091
154469
460858
262168
995389
852716
650675
714471
621584
253278
983767
150853
987541
635620
663201
989285
552588
363322
742442
579406
470567
742059
352703
425538
387238
509342
607494
919217
661996
838337
600494
176054
806772
961352
252189
716129
728036
802864
430601
263587
956142
328335
314440
943684
863955
877642
846937
330510
154931
589380
723883
525498
331440
890552
765003
532645
399895
372498
451863
961891
124803
952357
951912
745541
827677
204102
461671
469680
906966
706238
633267
863110
934573
761673
720761
712496
553282
481665
856972
522180
971046
580856
861644
216453
471409
626648
563064
685271
813113
914927
561129
837916
781252
513042
583458
522896
617144
859096
892576
438078
565335
439810
301189
413876
115450
835916
126373
482699
317583
797311
904879
202596
378169
766524
319049
663544
393174
782114
348816
206288
611008
809946
858170
392261
236955
441629
729123
754100
300726
535666
106145
680028
789442
221300
993904
804893
957216
120278
287593
188766
731555
106439
291362
109725
772963
424378
587236
980103
120459
750018
100358
631467
559965
858528
837695
696921
214125
566819
364988
414851
916452
371133
908845
705895
492433
902750
510789
363616
836994
612348
452383
568551
618787
643745
492242
391752
968123
979478
285822
988582
729498
286181
534017
203430
958675
371713
714317
172801
752498
979305
401619
668951
264405
310465
374848
656838
213217
699603
834421
864177
311953
286805
432729
744706
744516
824972
950424
626607
718417
236248
529156
361882
336395
963173
379279
295071
248853
993596
367873
901352
886869
669492
484270
151275
879957
759118
622080
907140
372689
456502
771319
584642
557273
118015
243315
301790
756953
193741
828397
475372
329989
357555
651220
566384
234695
930499
761455
383549
924097
943294
198868
810967
612787
583138
776208
406712
256224
398289
227819
528913
668757
899138
927521
226031
831120
170837
427822
588074
264578
170186
877412
408533
427741
528634
788883
562437
459134
464306
759952
297198
407601
858820
922131
920389
355925
612307
241068
512149
824562
368887
941062
493321
181993
782550
619352
913113
853388
861140
501188
931932
931327
378602
340467
273035
721202
129351
649438
994302
493657
409391
291502
715225
182178
127600
549581
438104
639907
690649
850253
464471
873502
705283
771758
955495
487834
305077
782575
255189
166219
283765
187123
911512
476333
427590
998513
197536
370907
561919
191839
678531
785276
297307
393757
867455
238874
843338
219526
778781
447954
883745
157219
321457
589029
828977
190920
890830
134056
873495
959985
114241
971226
147109
839719
361526
388665
838233
459062
573539
400153
464868
252071
185431
576141
459794
866852
715015
217099
986378
407764
565053
784090
378949
700476
287087
207928
791396
177918
155950
578859
951869
170191
550086
998979
909910
811613
301611
662110
184642
775150
876230
463476
927221
875627
939618
300982
742480
568600
418081
642825
790330
883134
426916
169281
583612
614003
277209
288975
605887
333159
767834
557758
317316
317922
470704
141193
943501
672315
703303
128144
447467
579534
491621
288655
455162
345206
403604
111609
727772
721685
568400
518104
604821
809283
587385
102400
337253
678560
291375
843141
911719
959210
314866
143002
191099
599536
184195
134601
271852
787498
162745
533285
281000
468332
635907
550128
713538
939511
561738
355278
575163
944104
773382
179985
753388
360768
996350
990642
939328
287727
747750
765014
160904
876582
808016
252003
476119
892211
286604
561937
593676
263315
909189
774676
631648
459063
324806
259153
312541
700510
514431
787704
558581
287814
781656
225937
462548
778007
130546
401877
879700
778296
980857
940604
568845
788874
192608
858930
595052
293178
420868
102696
456494
244024
777372
902108
603087
916144
161262
815628
530621
489660
517300
989203
677474
298957
215141
953989
976964
245687
269833
856666
837949
250692
711237
320761
853532
717812
179692
448586
910990
414526
365248
367485
558551
142621
183560
975604
872732
244823
705200
317320
634483
222501
220490
225924
335424
335631
179914
312389
395284
349748
983021
147200
500440
694260
367961
267939
326039
361619
530491
237030
676146
795739
418482
148664
752327
502042
124269
625060
560831
643435
842380
195315
679902
876837
235206
915326
212469
315120
141683
421720
478834
938670
382886
793240
546897
564814
961180
772936
826433
491672
909967
502580
287413
242416
465210
939740
558424
489480
478767
119257
946881
235114
128538
626785
111952
263744
456078
138388
478865
497761
374074
771665
436433
656960
564907
883330
221775
526088
570234
948209
917760
480202
364756
119140
536584
729967
958880
995008
133414
351614
114266
894261
486729
142805
521047
498681
306549
791092
451035
599380
288854
725109
285013
539253
382071
749920
336551
417812
189975
806785
279988
107736
200954
458711
940842
551504
188679
813689
546513
136059
165305
474746
930320
552034
517551
365335
864681
638066
156428
315718
151414
259248
940827
336427
612468
236865
900313
849019
554678
990288
569771
648632
911990
584691
107344
852833
950161
196023
666524
496675
146048
731829
785387
976369
197830
216905
341705
876477
754972
312099
192196
720352
471347
946990
870745
983815
183856
771059
746801
552500
675314
230539
201134
587305
629196
208478
440140
579358
218468
920630
890000
178482
566426
675388
154852
578222
792294
310523
454700
461233
522622
546897
995551
807936
407854
866297
791752
491710
551323
452521
858177
226638
583060
873277
713943
126224
895721
968049
605582
114190
802646
495583
106639
369073
984938
161491
761261
777233
285981
215963
152433
622569
576826
147985
430506
884680
914282
136226
290357
379572
488747
148535
506210
885773
921812
134120
911997
817535
916136
431547
745691
718783
741096
752330
901823
726035
727788
663085
503269
913769
779048
555702
536339
355875
517653
780812
154522
345902
817038
344880
625474
219752
307381
945650
919491
229195
979771
745456
860696
895908
177004
520354
528658
818100
186652
430482
544137
814440
907534
861372
642176
686583
331042
992481
856425
748695
773294
910947
908564
504299
169794
534039
624051
377176
479691
457510
420337
373429
202967
195000
183304
279971
615354
611962
912037
615972
856411
456175
430413
763946
231515
886555
364496
376523
879038
220922
125219
566299
945836
933783
970599
929596
381790
508617
306773
675447
780093
541076
948876
883060
636076
946146
163032
165398
558109
889036
681370
328487
259178
925750
992433
390693
812306
270897
667216
605311
391819
606402
171612
251622
454152
956177
181220
735942
378761
301959
325356
158856
743036
274233
941916
293079
220380
918915
358477
592456
807952
853814
734909
967130
779565
641310
271791
505838
812207
752973
111151
117993
359376
182763
269616
713529
138941
264802
363438
417702
380727
588795
390524
123764
676994
332442
230810
711341
251358
403253
217764
873276
257068
852673
754373
850599
407950
926164
356439
220158
679139
281556
238152
852481
364319
321734
479977
317226
486536
657382
548894
767263
160144
839419
704994
737138
985827
835804
362446
151152
153024
394176
924428
310093
160817
592768
974658
468767
518934
245064
588926
112040
426620
641044
864521
690939
862778
258466
822131
263281
815848
371027
844510
875992
124413
463471
527097
110241
213242
703510
161393
266267
997686
899787
390326
158504
492556
364985
441238
911490
424016
930164
837496
750636
485175
615985
355543
347954
774451
177675
425201
504266
362668
269712
380259
301047
633184
721322
311288
660392
424833
372681
826659
336487
272469
216986
308957
665026
395938
650195
490483
719954
494326
241947
384557
879501
757932
640100
141422
446350
631742
466623
850616
808376
550302
144842
109425
997452
680130
320713
657845
104965
507361
484506
341452
593796
515458
550409
172789
811396
114572
477239
445317
508898
619186
729875
388401
291085
283942
343789
637435
729650
710413
402018
538028
260716
446860
547453
258169
126991
682132
816014
945921
103460
214487
201340
597257
629946
565716
584012
355309
580288
961251
700627
989186
580438
344469
291554
685489
442377
535344
322925
172029
159724
624943
524023
234406
885769
885442
392575
826727
567575
122556
686615
485002
237044
787956
982259
680956
267639
566272
936265
747927
441491
636893
651080
835895
795328
756601
521386
237707
205912
744311
223702
265636
283222
561691
400042
982957
447134
606583
723651
828675
629139
410268
313678
680149
112191
209904
361106
279830
590143
297373
841723
931634
748232
406770
767530
457528
163372
288917
509201
269284
847195
632903
434920
944383
194595
648928
927341
455695
255512
564960
284371
698618
789194
412016
378768
801385
521920
553841
895181
112064
751214
650871
857664
413413
957641
539162
770941
934980
642045
280143
204265
489241
727012
453152
347591
735573
102081
188900
191269
171560
653860
375641
770178
443055
687657
148947
158407
123544
516754
867554
949574
267969
432392
807239
495349
390034
260368
266291
325015
802414
360401
343247
205622
987413
610365
453214
636954
612446
456080
728223
684006
109941
917830
368151
366962
605488
331065
425369
542999
747819
206890
492574
829755
539282
213780
325105
743282
374149
405362
882264
990529
579729
225512
110118
481110
735877
463332
118065
262290
819412
746288
760263
743319
664120
128415
110282
183575
273446
349617
626574
921266
370473
119149
751022
809755
146896
890093
553039
335011
295456
435304
325541
775186
474782
335659
256297
124626
612958
188328
286916
346337
834616
861145
989657
412703
803527
913905
496279
976973
177490
936819
898240
447963
955969
563229
171686
916831
453323
538691
251843
648780
787961
477384
337933
262744
627009
408196
201336
239968
496524
302218
486306
245107
163365
389930
557811
780858
217802
868056
757832
209258
804876
570040
471188
674812
133270
542874
591644
400560
981565
657453
949340
683493
134838
201240
760203
661848
423402
861539
715782
733892
163758
116055
878999
141089
319951
350777
821947
437754
132800
579781
460978
837677
963787
832166
426456
997057
375041
918101
397618
270573
575555
260925
854066
524360
276131
528236
100175
599533
389776
629923
247392
453535
645979
126393
494624
865930
291136
316573
217651
323937
710320
578630
975580
674108
410797
402037
585132
599805
234105
796717
684344
623627
871608
452378
147988
147741
880614
962128
561240
270392
592052
708633
537893
151998
648992
932517
831895
754094
163057
949546
978031
687343
442143
867578
361452
666907
269617
760551
266713
403722
471235
765023
927349
342844
217402
889303
304551
998017
765398
679758
182376
357452
302358
620269
323416
765316
466753
155312
519411
529811
104860
411410
217155
360969
278989
392574
927876
362572
967091
108556
666295
438327
773580
507611
595137
804948
310882
799689
716932
976280
393414
799308
247699
595772
333544
471116
361089
700298
526428
780500
144076
445254
105877
261231
706224
284867
467771
548067
547439
434863
556624
127701
687156
244171
449279
282295
949119
660161
895950
580019
636442
289365
379328
784142
785137
612873
255259
146227
227138
595653
740693
271214
940908
746571
346411
561099
845404
628149
109167
392844
876978
479757
334512
564136
623928
683791
746431
487015
343953
556348
967034
794361
745713
260329
492470
530851
687168
647729
491044
814306
157350
145704
899486
998258
706241
245899
473324
551646
774048
482491
758457
651027
862249
906935
129130
400144
590727
689527
701125
748646
245876
582126
543008
891589
742456
935479
336407
343591
497175
641417
971864
554525
687122
871351
466750
307330
117251
840074
758977
705265
236533
431401
270260
998782
338337
299390
312893
743030
888918
914019
491677
134795
496146
934685
926385
152569
784131
176759
396161
281308
718177
368026
649799
319266
239378
930516
526596
170596
684557
199540
689827
821090
530941
860087
733839
683244
159479
946733
426275
862363
860753
817952
897158
270866
666605
737510
323436
364703
814270
619597
459977
446414
801589
109778
665680
940967
854260
192277
925529
538818
291818
615358
359910
636725
475446
993749
319971
448891
854449
560212
311255
715203
292132
122381
886070
772703
759891
123473
137407
488128
643070
497385
834542
444660
421129
500223
299594
275390
506467
139091
628174
612251
654449
802050
248977
943861
709767
382914
306720
564217
757093
517975
193388
949225
540356
893424
721929
214215
916897
673302
602343
559968
170688
350853
818594
491817
751076
932154
581173
171510
971245
209349
683761
539661
825365
746705
397490
535133
943585
604210
999351
700679
122186
192740
563871
476509
986164
199767
590724
903062
773070
193068
376997
843758
357887
109558
249543
108965
941712
644682
994440
826925
667997
678203
366587
493364
338875
664077
928497
282461
268288
927849
797107
204441
934555
274945
580950
920720
374713
985640
737749
147784
992674
928712
805508
350563
938270
869017
273494
793950
513701
267935
620876
181699
760104
801429
575063
912945
379474
417528
109374
547762
345378
806481
566169
193901
981426
961085
114622
270106
860692
666338
231856
853368
595051
937365
203932
533323
720349
291392
327274
148017
373293
762116
229717
133399
563546
618746
946344
843020
936274
869684
304750
195620
676166
684885
289521
571560
645972
218109
655632
506665
784447
787489
274000
293466
638821
291898
726789
359171
483290
868029
407189
756584
544112
450872
703949
107659
883584
564260
764646
733826
433946
969396
829446
924078
654282
932933
409605
214221
151043
965238
534853
749457
752728
622819
942923
305516
814718
583679
478653
211975
365675
699808
868559
809787
150681
486475
817446
848232
950736
582093
582059
298649
465456
325472
222728
933705
258406
532334
961892
223415
411539
410712
872872
978233
933532
729762
283750
748251
313442
662403
860226
579117
362213
642753
388905
326860
129229
120319
989058
893931
516378
571118
192581
881835
710556
229276
729507
868962
661610
691400
906344
973149
102114
779217
951383
935646
508981
149100
597864
636389
711503
372057
215508
887682
914810
418379
128510
858006
352664
931534
665904
769043
502654
672452
564845
127177
801728
294353
896140
463339
799719
802485
350455
715799
495669
215805
565412
818616
264905
163277
455007
790374
349301
484481
592024
178078
716826
534500
850050
969491
466035
515956
738535
782655
188409
217347
809833
804103
411700
619940
181409
125386
336392
431864
741186
732061
461635
220565
464645
626540
283843
819652
330881
533144
218100
822905
525188
834926
357406
375240
718384
637408
791196
456920
420064
793571
488233
229898
597675
713899
749838
679084
739286
986230
924914
394439
632259
386550
515004
996904
827056
612813
730523
971903
959923
848623
794810
485113
597516
966182
760353
229868
517557
465516
586788
837622
259088
888988
967520
670729
602888
631326
349814
342175
531523
188695
636614
163783
475245
965585
974653
216268
578399
705177
188172
538324
467767
796948
837403
879250
677098
597757
109119
194656
963273
509873
932278
136328
398862
813766
707057
901751
359059
870837
157893
790582
959532
608474
768332
348744
574060
742986
465012
966425
362131
553184
504750
643864
264100
256120
437081
841198
753877
360166
849820
631117
684006
696066
667445
982868
509833
374503
798586
682858
245341
770446
473441
118840
378921
155740
367584
766947
712693
732596
733373
888790
199748
152091
532655
277814
308211
783703
119013
876055
143870
782799
507173
727876
478866
174620
624712
802665
363089
337265
485524
422397
107712
772932
441237
300599
828672
708822
881512
541366
355385
614887
344123
369099
580944
776779
546913
703121
474449
479892
579177
432285
262693
900317
160163
641559
974937
598841
358192
251993
836106
743716
574390
757785
516649
829594
872350
259289
452383
753864
614621
621734
282718
858745
890834
763662
549491
437748
380750
923940
817641
773894
270192
894300
674212
330355
449826
563116
743162
708018
715109
493236
451736
203467
164988
782351
847027
937338
855606
299411
691203
470229
821145
787887
242941
625946
465516
606398
963695
746267
444305
695303
520162
614497
503570
194375
758819
853396
657491
501982
561416
286567
895218
913152
390034
874172
609470
151028
811512
379044
350439
416682
749273
985551
204571
806180
611498
570087
412579
489160
230321
756884
998429
650483
371382
502000
658824
130202
355398
230282
446151
816814
416850
255336
643933
620850
129510
167370
671879
841022
446414
836284
171671
109654
821836
190208
815834
347302
574262
142380
736462
704583
713230
648859
269034
984613
150860
827858
928781
320224
872107
374933
951004
288958
444236
508904
723774
473746
576275
395654
228735
836655
231940
214372
846310
867742
304581
576111
215045
778843
618492
765474
397393
245689
414334
566427
230303
379160
308253
973051
599385
180361
261951
464356
283285
606187
873261
907059
893899
449537
216681
122635
286193
348621
237008
946469
216364
355555
522582
245376
134399
955040
910850
431792
200730
239151
812186
245000
518311
934405
132018
931662
114767
293969
396020
212018
714123
269282
119078
521989
532785
235759
458591
632944
398346
509565
579415
428677
765120
101998
574053
713485
871004
484904
959243
971734
624055
771430
130701
956332
705836
162719
887996
634569
270655
284017
746587
798744
367265
679632
320734
714016
729357
679325
346961
127705
102857
826376
456382
767977
742340
844401
481463
613345
329306
440708
499047
767327
126105
443714
723660
645908
420400
611657
280478
591055
709640
841032
303766
890871
520665
524500
604888
163989
117793
851850
191694
120650
592193
462042
702594
334535
306444
998023
761846
449716
352698
174860
217044
292770
518575
754671
838678
752941
280295
119157
343997
803902
774155
461729
694774
208787
800195
213630
272777
731954
879446
278437
666571
471640
554446
369166
620141
760890
281156
381989
124574
533855
370815
241618
726625
703356
810255
479270
456298
990551
412393
614261
794454
186550
975990
403195
295337
776187
516825
382080
508142
396272
560518
174714
681879
114965
357846
302021
689821
539003
584010
714395
886824
768792
769980
527416
472149
580236
906686
828448
484754
319080
442710
193175
405630
418702
496371
514934
108856
827162
797014
430964
137402
357533
419645
719281
286464
677491
921302
876286
130461
419280
504648
917285
188073
274629
358668
474188
668832
265355
302637
153587
484436
645348
246763
704032
878016
557100
218967
800838
298229
915982
231803
335631
187482
551448
868878
287913
142907
790182
978165
173368
123429
482814
904620
125468
571410
263289
499656
240243
342611
616260
207796
727047
175575
268525
431080
953591
639591
550048
668396
837821
379997
800199
173453
381445
265615
942332
569358
222488
646481
547524
295856
583876
844305
114443
523310
415716
191699
836932
469925
434310
453193
577721
975323
528768
660213
320370
396326
299805
684384
964722
137627
964381
678889
125047
259794
844504
881345
729152
966992
441793
190644
176815
839635
934949
105225
362946
264632
110890
199879
634557
359166
467039
212279
248456
895807
686458
468826
292135
886264
153212
170824
837857
931559
749713
862904
191354
508184
658216
734473
389143
100010
739083
379925
839645
674033
299116
116558
752631
310006
130404
387189
483138
497443
413434
631594
393251
999893
100421
499352
800124
153633
484143
637982
899159
147823
414854
990513
556008
973070
638953
759117
887047
378037
139043
726693
866036
252125
657218
618668
462131
687622
819823
759235
185066
233259
390830
392283
147119
391252
705602
847243
358851
189746
485226
171977
237569
800080
162492
607543
687118
701445
366662
574166
979483
319671
214826
759486
471797
772044
378156
747894
373633
197980
507131
458699
245205
797961
664949
292324
103180
284518
953533
275998
374264
438761
347975
425799
152808
324433
933343
739926
839845
213972
314093
733295
347609
342886
492782
719406
114931
770938
381268
388565
782885
788399
661230
928090
500327
240146
134382
417474
424664
987915
593472
612894
426677
755413
938694
393452
893813
786004
947344
733659
899976
175405
466955
161552
418291
859737
780959
433222
544643
976193
635753
327529
764593
296985
169586
178887
351097
203968
410327
675762
191885
817765
288657
432528
573180
141318
725980
466994
827322
587292
114620
641265
662697
481575
702818
980988
255279
397744
328177
699922
373938
863931
841417
952497
974882
911004
945350
325980
928938
355679
815708
120824
173445
104367
367319
560591
959650
907265
927585
786974
494558
942205
342206
157256
337747
945024
952210
493027
256735
280389
106916
530673
144321
848334
483171
933169
673305
428523
259150
602244
598168
888825
537035
671613
807158
804354
232206
766809
711620
973757
553784
206180
829930
709957
177402
167678
654982
129614
474671
811718
310003
481588
256358
268290
243889
553496
201460
817194
795985
274576
333405
394154
163402
770440
965767
870560
488761
111940
637371
114349
985698
105122
134495
815629
629045
211897
797273
284029
155477
271946
909713
279446
653534
166072
447736
797423
533534
463162
528584
329520
637739
675955
623674
615107
446397
503409
399635
749124
515349
850972
763473
415014
770060
711934
144610
399107
737798
841884
497102
793275
927796
406816
972722
581331
386854
334425
292721
734355
611554
635271
963875
163260
311227
501517
678367
571590
904926
891968
234682
334242
742941
812121
649257
513003
524057
607833
726076
261856
449718
223179
869097
377515
443961
841820
772812
644781
990212
879499
379137
601767
514771
343014
665027
639965
744531
257361
211556
563424
149331
346238
797666
792272
158361
360890
219242
496384
868724
845318
658240
232409
968497
527338
423891
412459
283126
110670
957241
187305
890170
250345
603038
318908
493359
268066
772839
151857
339393
884396
615281
388724
144601
326915
994963
116928
501771
214206
513312
370496
873491
985518
416872
841989
426824
740763
168416
523916
751433
939623
611221
555570
189969
214260
774479
497295
296292
461285
549152
535685
259648
978400
738376
304250
219282
733340
235144
621053
847546
562423
891550
635004
461908
222389
390961
788732
863152
373343
226615
528552
312967
651802
984123
316902
680028
672569
628163
876320
133855
991282
325973
293504
883649
964349
411720
102932
697690
460830
623985
459203
923253
429502
994208
299129
551891
385170
987861
329010
572479
128444
757563
785446
680246
655653
916314
360276
242189
458445
236597
190010
449728
376536
383514
333378
340886
609200
336310
938576
970031
774261
311747
807251
203765
219922
106381
569622
419058
908209
798633
891537
936653
470163
590950
530866
125817
507265
791142
268006
779676
841706
358016
229405
218243
555497
376749
459130
978663
527025
311673
862661
301288
523420
583880
319019
643342
504227
788641
962400
412437
587275
853938
263057
957438
358855
693924
897221
766121
485067
979193
459764
240740
251177
589170
358984
706674
779885
718114
599304
306912
843753
375933
422166
367175
859813
641185
824483
364041
343793
700851
590445
831069
468756
667468
702474
727612
361393
599697
407700
660427
492857
767464
801167
644034
270601
974117
350709
950487
692232
763980
171366
535987
139914
493532
717128
899727
948683
455578
177735
292477
156430
668180
937512
439153
335650
553954
166766
511009
967617
474466
985402
460475
155897
700537
104511
326499
674655
269186
190953
280855
933166
262319
630808
887046
569817
261903
786774
518501
617481
778476
624944
587878
446657
562458
927031
596273
116413
993797
921249
984030
382230
820618
358472
352093
521156
362983
578592
109779
532170
669545
290634
465337
745830
821442
266351
315648
897311
953125
648115
514793
731602
187027
916637
992226
649485
843669
502466
579864
751433
337682
477861
947629
158302
736333
299724
579458
913283
692282
589237
445454
275795
693837
724757
921625
429246
891108
151241
326558
758201
613322
655318
403770
700349
571956
309963
263801
415627
712430
657631
981026
950112
135493
928657
922380
685793
142348
501840
513043
734630
905043
858497
910425
598882
497221
746018
842094
388331
797259
168654
960498
410582
723972
364269
110933
295929
574233
274734
525522
200630
832366
420516
964708
781825
263140
887090
381585
305488
302897
794628
854084
207941
567092
764511
620789
964314
424496
462885
266612
221756
445505
141077
446304
983443
405346
371203
193339
793545
459904
618862
808141
206237
853344
772851
802028
116485
573908
997580
235939
776805
792209
990023
798712
273269
668501
333469
151550
992997
610320
232128
128720
955825
273205
388991
939269
578551
660194
132609
286064
934064
565437
994205
140302
418782
767057
756297
349233
340966
753878
485172
931737
460054
389163
730451
633323
957664
963920
598839
864629
574241
730967
807315
444033
904172
196307
383303
396691
670468
329878
582755
604533
795316
576961
558802
128065
257986
229066
377299
412918
882944
676437
344657
256965
965600
889074
790289
837232
852995
303095
701862
341203
934063
509178
599202
838236
519452
882505
234928
189921
212384
631649
608420
821666
208612
981188
849732
366598
210255
227032
679516
907165
803469
838139
164132
683037
727214
768387
520270
494176
971482
136099
649345
819512
459243
248548
657750
878695
131054
706644
882582
157405
338295
491004
879071
360873
386159
728804
541437
496415
769802
220954
317547
487239
959094
381679
170277
600275
150067
504513
994452
935516
540612
643798
755029
899855
792347
326746
692518
737367
847357
575101
794772
999618
880071
587811
360492
266232
230582
801929
576613
814351
836849
794160
301591
709910
175841
285834
310187
139874
690347
218606
975390
144926
762404
644387
858747
468718
871133
551266
206087
632457
126369
814825
632076
906440
316603
806534
986638
361152
608464
563252
175504
359281
357414
377095
883157
433255
476895
193345
387095
981208
225917
276453
126135
802288
820840
798848
271007
605940
350116
291060
238399
290451
919852
770475
196892
236456
577011
183532
497608
999441
560750
487078
358723
818164
678139
241882
165386
155035
249193
452482
950209
289077
628935
976344
991365
363742
775194
262373
869682
939276
367400
108082
229728
287253
692524
240586
337675
269536
238084
649250
182944
698835
136329
441668
430966
714469
497516
496353
683470
560675
762801
633681
749752
305703
523992
655084
569445
213153
817458
439128
152430
998824
361177
196124
286078
953701
336711
523753
223238
388761
986969
306182
901562
123300
561816
332530
651735
873298
728883
335206
347941
491685
782853
911659
697388
306847
566745
180800
420000
298170
519928
386397
296995
695071
482521
397039
648773
633198
734758
685977
921960
721729
892160
737489
658995
367943
970019
310731
155209
698903
459903
403150
104555
242758
314810
615909
363571
695521
696709
597537
893691
130605
883934
104653
639642
280423
401692
288417
813621
136452
874394
649548
758181
680521
387039
417177
862431
357059
541874
917640
869929
901777
320791
788450
958501
449567
404361
236039
145090
915036
733577
852747
859607
617512
857401
413217
797935
259094
601634
525524
209512
476029
175073
867693
970517
462112
198837
832949
633138
640711
750590
417034
456456
885347
205485
328924
248881
423812
464964
293971
252816
198542
960685
926389
630020
818087
339607
427957
891147
841241
853481
100661
231238
842520
782320
115722
218600
881158
848671
751738
435836
513228
168773
706258
312542
188224
849149
461423
512037
314114
569361
664853
326622
530047
505209
856642
262101
744817
284600
967214
500025
952047
967875
545229
794569
664163
560951
913169
459288
409623
578874
795124
736817
561613
415350
949359
649837
264500
410784
161875
392580
880145
640694
619202
324159
145905
475845
486260
704688
574412
453475
204714
440426
335318
649944
234996
899481
210896
962131
358770
434486
541006
967860
985269
102620
383211
934630
566424
461677
259381
542265
754257
953492
182961
287426
277652
142832
663272
663912
747520
151651
931353
766200
492077
266672
330111
541040
980119
441008
503172
338890
689460
858145
220718
588696
774731
417895
437293
341156
779573
596674
783422
447797
550167
780349
635224
641785
823181
212463
219664
484668
264114
151019
164835
570157
231657
394947
111198
211778
649921
428337
364634
253348
286483
485352
742044
875180
803248
179339
216338
582822
589979
813726
844585
954113
594076
479810
595899
331224
592273
715564
629858
670353
680549
694693
154478
812206
903606
165676
837950
553528
494013
202586
620842
594462
587938
362888
469644
391187
356193
499948
787975
846172
313675
632562
800286
721717
926338
396187
866907
432579
925717
496766
916898
606267
105426
971376
332440
909033
137054
170392
376528
445033
272978
897371
853462
674882
174226
237073
966070
430419
550987
668012
190558
678628
214541
890845
400346
140881
200999
267254
387426
940682
577986
304325
460916
583412
275703
607322
492446
226723
677714
682941
485722
764658
494279
339185
439542
568505
390224
319579
812890
841211
801557
817414
519840
916099
622226
734152
870946
637191
815372
258373
577874
393359
462698
852756
876772
552367
460080
283185
679090
951760
780092
164814
716420
274372
317965
969928
656843
522156
203474
383700
363368
905031
201116
697175
735097
723342
345294
606044
360535
160668
764417
752375
454027
227117
605133
244766
679484
965213
341918
272542
916974
122011
251322
547361
210350
469287
431256
767193
805409
448696
964860
982744
353729
165977
679920
988826
703285
839180
508838
877786
899848
273256
544129
267843
314339
149263
326575
807790
928442
482459
980332
759383
418437
231655
220712
528787
514908
465934
209947
320319
814631
174808
217030
982326
154751
710916
885119
672003
550097
393958
549790
363913
567215
993919
531756
695520
957148
672297
503311
799557
154758
483644
472908
473195
529265
593620
815948
858140
959554
925895
992425
688152
914670
209456
670479
883387
820372
555600
555391
370470
849558
919148
634383
330740
827034
980105
926261
784184
652404
429573
497708
621128
727184
870616
994323
170416
378203
724238
928556
251725
564100
920982
839877
392737
130439
510358
276126
764777
965958
731517
135249
729483
564632
583598
960224
391668
563705
800452
175853
130076
230026
487527
651204
771176
358145
559494
841593
636348
283733
684116
788073
747833
519066
541918
140572
549505
952276
230664
228250
832201
776147
263499
475651
340781
747097
349842
632449
224769
150295
622268
254845
194288
109796
720015
865464
281907
279510
621024
818256
377209
305142
520296
939009
724208
876180
979581
187680
742423
124212
315930
574625
800359
393395
864243
141141
954459
214086
587556
179229
264382
209825
248041
358670
133588
868056
224135
315495
961533
659126
947717
338743
778234
381981
277753
502443
258162
171301
504089
900586
195513
633986
389178
809839
841347
253422
764946
795807
367509
352504
789003
531891
376295
851010
704527
323849
633033
742628
539345
594567
401755
401029
747277
179990
683010
925030
496399
841173
910298
814455
741760
919777
362408
130939
729617
203756
198328
494565
813530
465837
661035
516500
811694
937330
281477
430188
261181
814510
172817
614492
323045
388539
915521
970322
468529
512499
809319
778895
353673
633584
593351
909399
553363
769725
854304
282981
873481
952632
591512
600978
332436
252548
117479
958096
189880
298956
302251
265027
927433
375069
693485
250479
663608
522973
134768
946103
935472
844087
724999
289146
477673
232317
112512
845002
902042
866817
127984
689491
733416
619497
290470
879819
686011
221916
751882
775891
420872
954134
854884
348306
329204
462336
412751
806778
885310
447519
666848
820783
291608
391849
923896
583247
438132
936408
428250
254142
717192
370200
843633
364576
803663
948069
244396
489676
169986
896278
179534
404825
764379
848385
567097
907549
310722
879849
714328
196033
327369
381178
916817
432943
586993
754680
830156
925125
691089
172373
993233
322249
356540
750833
586825
160204
698904
731221
463846
682856
541466
543381
987681
305847
305733
554780
213397
516455
348596
741692
526455
489931
122871
357239
822875
523830
111920
566998
362922
616975
639372
356157
839224
895912
106991
426050
870082
619861
971237
333930
302719
512705
691277
290401
632518
810976
659147
659881
241398
821709
401574
667853
311642
338411
925092
948483
762241
850978
515482
125165
467955
968820
295288
307180
778699
216245
547197
562749
736107
518435
710645
938826
931140
315889
143194
477625
126866
616308
137508
268264
438018
439082
750084
649660
677494
589143
598144
353702
440123
927593
292833
808078
896414
488121
929224
589081
604367
476422
151831
254441
894858
762476
193268
739965
978365
150428
217592
919197
666736
169066
187462
104756
508148
837546
654416
999608
426691
166528
353312
680780
994121
460111
402825
804502
762199
332050
307550
280533
622439
359381
434974
431264
935823
442208
171230
828155
492636
202788
747353
159374
271854
834816
978095
593969
586329
546478
593578
826986
613006
760856
507767
521094
220969
810592
239564
883168
956609
447114
163702
579049
706496
412642
910313
556286
754850
895509
384443
247487
912264
131797
220827
184119
780579
112889
678088
280876
559368
185634
107863
986340
846490
429597
507436
881425
154156
647000
764594
110766
994114
742262
503781
614577
154905
328061
170865
809755
223572
455308
871209
135837
401071
906002
133922
181652
918892
625977
362528
392227
711611
284357
378568
558102
527920
699970
353495
582077
346971
932055
506809
255053
674319
910591
683596
643190
152619
754461
366913
190157
123736
152089
139960
338774
958091
173883
420426
790950
699860
596920
183178
411472
695243
375713
783540
223165
975683
137036
705242
322656
969092
212052
391675
557378
936609
975271
200569
903195
643700
467482
993352
581402
519571
133314
820176
391630
207197
154569
182581
721023
565455
179726
132496
260700
455439
730002
383865
431123
681005
989107
567745
564064
115126
859420
121443
865702
748659
222012
768898
306326
503461
762251
787728
836998
795565
521872
228629
816728
490407
225177
537752
955863
218869
484214
216564
574308
128184
500429
819397
709189
403503
387144
273254
418629
160531
294697
198298
723156
330675
867196
929482
648102
543415
631178
399068
252947
153051
441663
969676
543458
480806
421395
499322
599675
805610
529852
987949
747760
930281
807348
456950
333785
108459
544170
566381
168990
652833
664679
792147
797474
445843
635596
359544
889258
266775
658612
142206
319826
100276
925848
677251
481083
347245
990539
980758
966821
520393
968709
714582
450675
690024
985498
598427
698483
443635
978774
681439
996468
557420
473587
707909
903263
109185
967453
706488
275960
626066
662661
409753
540309
588510
900970
921392
749721
891510
816117
630509
411904
698793
345092
676546
302784
244557
188940
901267
588192
167715
582708
498627
625135
870261
206538
442366
793412
987957
962820
883339
527991
539448
293093
968300
127960
108030
803659
691647
899540
533743
322158
225412
146504
481216
801958
349288
539740
804864
250557
127933
872579
647231
440527
411681
431459
461031
668013
224873
448989
630835
108213
790946
170284
215272
759247
112210
223302
476873
617824
936808
910617
839982
162221
957121
321199
778145
306410
760939
583010
370933
702839
369556
918164
957332
681238
349625
332330
263218
388464
595285
794053
396677
386233
778304
511949
145481
704480
549217
522355
322305
486026
346939
976253
548248
304061
211420
240360
424437
786325
723371
695371
403131
992927
527502
360464
588132
691093
592794
751351
979557
188081
459371
376235
474314
151642
702150
433761
756123
165334
770082
892394
551361
930987
868649
913575
235049
980069
153936
559487
766395
777307
168825
169528
684202
596327
343958
186301
287422
750719
751618
266980
838800
124957
457182
227081
990564
973298
474808
660654
138634
158858
553050
589995
989845
335666
417537
138862
229702
471473
598349
896097
162748
581140
879591
660916
177468
137517
747217
278856
788236
412803
359803
541003
437760
630951
582050
342291
604250
870824
902946
556850
929682
455997
960811
833495
691663
378349
872357
821365
749823
384673
631429
812571
865813
424988
473488
857247
376471
134672
136105
978673
447475
309874
519677
699201
840825
915693
941493
359042
786518
844440
815893
630168
214404
776705
463664
720033
155056
336022
455365
804879
620695
900760
531417
486509
239715
904905
343757
516186
939577
293828
494860
301020
503702
828503
900221
258494
744197
755681
517537
530717
514088
333431
974851
628492
110137
438516
348526
979158
674538
617857
784038
295234
518619
315456
595709
658334
134328
753432
988487
887872
861227
483348
188893
364930
311853
903080
523425
870016
572729
854928
314700
986817
188360
289552
615311
112463
628068
777803
991622
216573
309628
689627
411807
728247
819050
821482
300548
767344
574916
289036
655217
436144
672385
658076
615040
798204
475124
952431
582187
947853
807360
796888
934671
809686
900406
463949
736116
528476
155720
641705
645049
365348
245299
870823
993595
878315
606272
294144
645661
995154
483181
214845
431299
969532
772922
860306
681703
248047
726704
263891
195901
448032
874745
944538
171685
775153
408489
807801
217596
464209
363473
676611
729557
508773
461401
637119
387089
967674
745229
846716
962829
142377
961562
308096
925875
734485
982368
607579
796498
709073
685437
806365
971071
560183
664870
142758
249303
973359
764525
366899
351535
128000
857477
895058
536773
318879
446144
737828
200520
191375
584546
163351
147718
546109
285413
973594
194561
267782
581174
805025
790821
266612
525357
761894
640762
190228
804652
790065
977554
569178
970931
329090
597178
742375
138116
947917
961254
484260
685747
975741
489601
184260
139093
537320
544335
324506
510915
552862
406254
906055
357888
197076
986634
697211
858970
627397
787439
577589
417463
764994
146769
302361
908051
557913
944736
860133
419798
819958
258360
919511
795700
647962
103772
748759
999248
462073
887231
424130
914935
293486
330186
186790
304528
316821
784001
163500
758184
571441
555055
989614
250403
515790
291976
972420
973704
236714
832554
393503
870638
990914
313015
666339
552843
230753
415099
466058
592826
302331
790188
421728
409783
934341
508518
614311
165129
292520
677811
823314
677927
146834
812929
742296
562624
918871
714717
536329
969551
547272
743798
840190
452154
870779
506530
904997
101533
735595
371057
508325
851892
975211
830053
261676
909553
338572
775988
888649
445058
367766
711964
122987
414600
438860
679249
877225
357732
393968
327521
327285
841240
971320
167476
207361
842100
487973
112360
757600
223569
297383
179892
889428
186561
909946
151105
910081
162485
827093
798731
421510
194861
424662
358463
509461
763522
937712
386687
121255
331681
614209
262506
986888
499496
329983
194250
255563
631922
120576
827129
669457
231925
907022
558886
318487
730935
609992
228569
707386
437086
927300
128897
445913
351963
387360
855375
929451
325074
156029
864672
470721
670238
127180
457610
983700
271129
465827
239265
803051
486403
966394
386475
618329
873417
845362
836816
518319
369321
879351
225707
620373
806652
254604
966287
972581
541965
821663
902033
681005
877692
766706
151727
461898
793886
423304
445599
965015
789131
498830
682033
275535
465226
968509
707830
252610
727838
458613
670930
997159
337965
796637
617533
958583
865207
497787
931165
321139
319451
747165
902144
111111
513873
953872
473009
221726
377177
732574
100709
980274
231406
596708
169776
510598
479184
777607
663208
207023
150187
248105
118149
302119
858708
549649
260703
723917
947436
105836
945056
180855
753001
761168
191966
180841
629007
478941
216534
906184
211516
217243
800425
256888
713951
870201
667486
107103
561775
244662
214126
611963
392767
146242
814082
165443
509857
888751
789360
457294
894587
648383
452115
561556
409552
544081
642397
938559
923022
758931
758710
948505
790140
473102
205394
418059
343305
686847
425162
805080
831509
453254
331010
138243
499496
959058
117652
823319
847811
720978
280615
656365
369363
632730
131888
592881
990778
674286
445408
913801
347184
118085
776273
951291
491188
881668
369351
648459
482482
694513
453540
227958
961733
598517
266201
461231
557576
197820
284551
319354
818798
379132
875720
102128
825829
821574
595010
816608
495861
854384
644376
657012
786435
420651
608304
277624
216286
791621
740049
598768
400101
193591
640692
361835
692108
806893
637032
163651
904713
735550
383006
637479
114683
172693
639607
754478
894267
148584
485053
304096
902968
943396
775074
603371
364048
383379
780995
394300
988966
435012
807034
389068
528603
447727
650903
134678
168587
287937
198329
887267
923487
395301
524747
852136
381960
164355
606616
276229
126906
991669
394291
929874
935066
169366
533246
213081
366711
228209
421347
355678
563221
228382
644746
905790
490075
295650
854434
558663
397553
866729
359897
321041
262032
784644
173179
543992
762965
593761
634187
789871
499397
928478
633713
348431
911810
980925
375478
278522
123101
696826
534200
500288
739174
992912
406079
229251
202530
260514
601880
500083
941210
861777
721125
203243
560388
708270
561201
237320
302032
109356
841158
615395
851800
474872
863826
677578
369764
239306
856100
392866
836132
304268
793154
489273
211147
199235
532490
313677
273715
134371
713761
128892
810114
348853
146101
284469
871089
607303
335756
987087
530625
176915
602483
296392
465753
466311
873970
735517
519583
644038
128384
269682
848306
821539
658955
959453
834740
105413
187098
922421
139784
714825
951314
763865
963678
997415
862300
748734
518685
198057
735822
863276
188938
338306
159670
554691
618583
847606
290210
952132
491645
318594
221815
253918
954099
694737
213373
702806
700150
214437
625229
653900
829262
490510
331732
706907
401892
194034
455642
734544
206057
191465
597821
294996
343737
571457
749687
862321
419065
939897
814454
810710
172459
850236
964629
940524
544974
991968
643332
245125
206406
182528
799025
849634
487004
944724
556542
788896
138759
912184
523441
158782
917615
121264
353778
261353
592721
917432
937640
825752
771296
666062
636464
757721
516299
515060
698247
961273
420995
341580
120365
441367
338074
733356
291002
725078
678081
661510
513975
630806
573695
851383
689589
405277
872647
857333
566630
379335
774766
504272
119055
460030
984300
569485
217752
500600
984545
815999
375840
405541
971545
396205
746908
309620
943527
851876
848664
621610
513387
362641
252417
901048
127991
755972
306326
900638
613307
686922
193940
302040
105161
212995
662070
989461
596446
779823
490062
580992
509789
765902
800499
481336
976073
461374
604922
919602
313251
453588
455179
726638
630195
521562
627687
658186
277536
747979
472791
704809
434903
480697
906849
440064
507659
568921
429527
104106
262711
733555
499065
672500
413425
299565
967802
303465
660940
572726
223068
874191
840280
492213
514797
384442
913776
956450
856594
105279
618397
329386
710088
953300
624049
530904
307331
131709
999825
636858
949781
176503
284381
448847
749004
597806
648412
716807
801271
223319
203500
838306
911477
943780
244486
426275
242189
158263
296692
998783
977507
815089
328170
601562
682356
766186
132468
889688
797895
946259
440513
747677
122764
624894
196525
685734
136667
658904
402542
751905
782223
506043
504178
693701
363790
648664
933942
419946
620894
144602
418730
598402
859691
560867
199966
542049
327054
146400
345704
938915
992659
686217
686594
929389
311113
697085
615124
347780
269956
831633
913651
866146
251643
417830
559848
429399
966495
407758
749345
587390
366326
168077
999758
226018
628944
113691
582033
769964
160091
827737
708880
966717
513956
309441
810073
639035
906527
425199
800781
176484
256833
714434
856596
322442
132265
416446
651841
912726
638170
401188
414083
904496
469265
413843
944480
912175
341500
440481
682140
315558
182185
391021
196242
510107
600463
906315
149143
420957
245481
763891
411407
316280
392292
268005
538722
338523
498417
190565
251251
950553
491753
565334
769016
774984
793143
627463
687160
134645
967944
283267
264169
964096
488254
360411
474204
902683
266727
437314
237607
412209
115172
549015
628489
407464
630986
167213
645987
943369
171744
711204
893923
563497
190506
576906
252448
883649
204370
839608
832260
986281
936841
996429
950378
425096
356841
338549
327781
437535
675863
465388
749744
605001
828369
292200
912465
373322
273379
472420
316692
345123
183625
124582
722586
274131
601488
875034
971747
705859
628609
717974
692141
565451
628371
642520
804514
799178
881069
132296
236714
470900
411650
800424
975901
153987
906591
802334
427309
179971
274755
557968
339061
358380
582550
875613
446478
184040
750649
418226
789899
293225
136201
396007
758677
578538
852493
563192
377718
647529
509454
428398
118430
735070
228824
908298
789057
135416
710633
130334
129353
885388
588302
282380
157735
170853
157995
504213
168859
722610
736405
772724
915835
772607
168732
674513
265112
835191
151672
542830
482722
561126
871229
501152
296198
914019
323417
899221
863401
848016
929555
892754
647371
431824
989101
705107
416644
961062
123287
485503
683673
759693
172195
599509
446267
154893
187990
611379
890085
153628
154211
372808
614755
839406
687926
724919
753426
911344
624141
616828
759361
467664
423549
406734
799488
412651
925807
216133
373714
949094
515603
871353
708788
587798
384830
155056
556657
386786
580402
446743
440414
634613
719551
955169
474020
321445
594055
141413
232790
132164
658241
806117
499828
981790
126818
213283
308409
866591
243383
496089
815687
658986
281410
438442
160751
566240
407465
617408
853026
887867
964152
293441
436447
597670
162578
724433
819115
656633
765846
865871
602763
338054
585956
102592
233811
612774
129842
442220
393333
273225
752276
122987
832211
933686
461429
892962
499927
682860
424337
266920
570728
388490
374327
821141
800127
436905
545575
619243
907505
225388
399082
510269
463442
885038
426828
597254
411779
456670
853440
705112
629895
605717
642065
376073
453370
103496
269036
767263
686356
507339
934183
171052
795830
308512
892193
509924
559383
351736
943133
466889
477124
342216
791125
840567
141221
217954
351788
366967
574624
205229
886045
118486
710947
528112
394559
164318
445574
477561
831582
131931
884900
679732
116949
594697
888244
823109
104622
361595
174846
947756
728484
465936
203939
519610
220470
245161
551530
472258
426094
940120
577488
312140
958606
288436
654218
353166
266720
999792
730727
912268
945690
529595
592002
962639
124293
394213
699715
128916
655808
688527
890638
298260
154465
994577
631836
274935
153705
183368
561160
393765
937454
138649
519872
896062
241051
174091
163195
321737
173885
707889
234007
119576
237485
639975
896181
261778
934188
595898
204660
503964
198392
995298
702224
252857
903843
248027
341759
871514
245361
802919
265281
182817
755534
685153
978879
896585
673210
142075
218323
747095
663930
266296
680637
801415
806271
490786
877160
654427
986684
981820
158392
999042
891086
674582
251901
708896
736575
407626
494377
881937
124512
659658
964754
780046
258778
857600
590598
831989
813641
622887
493051
477573
789184
173690
278989
509422
564476
970115
163850
465127
951937
136208
464170
756990
624756
530037
379853
361333
751629
774230
243271
776141
347856
121992
470154
506634
879592
874718
252590
693234
497607
645642
984773
200758
633298
263764
524146
197775
233880
501963
476868
999783
538171
755004
670740
162929
285043
950593
338228
850638
724825
481499
626781
972681
503491
910901
393282
297050
785621
545873
804250
197195
191516
789025
211919
724814
866755
636065
736555
100636
138029
127390
914386
490167
782394
499093
553096
881403
449688
705290
732043
988479
186790
272791
875127
504247
997658
268410
615263
783280
714283
419514
794441
719765
208540
906360
358546
975295
542427
909067
889898
494422
936457
718251
884589
632819
217345
351652
514223
480999
956942
160233
469479
957698
246990
344607
461946
244650
513018
891175
841896
141268
310691
636339
675000
333197
542700
933546
308494
899093
756581
112359
393517
693039
730610
192073
325859
847955
443726
654049
328956
400669
714282
612401
272335
861273
857009
548247
919889
283994
439424
761786
239228
650115
398126
814228
797278
754793
747776
105773
653887
418324
932097
861370
111364
662708
953444
251190
424631
311137
805239
567553
525772
433488
179955
698107
294762
850930
246356
128618
948890
585780
790405
188120
149862
188532
902348
761106
843325
564091
766880
411180
882415
612944
272551
893780
275654
139962
958936
514251
265065
764176
981804
690838
197665
975725
302912
306394
740623
449268
335012
689514
849014
939383
691600
812842
127917
593950
573950
785208
158042
254797
196389
854424
767741
282907
662171
857361
322869
621108
371613
487935
299251
267384
992739
310882
157077
295652
517276
711666
558887
666255
401181
321868
605639
992782
134712
547522
500699
522628
332732
472707
677425
343087
327132
359133
525994
889303
130462
748864
424378
402075
150766
623629
483426
143506
834512
454469
253124
265755
166136
712011
745976
381283
933880
265583
288032
882558
713105
688731
405187
859803
161440
896578
202892
302538
169678
628886
105809
200140
291717
430187
416182
256449
953817
799608
213921
702296
254078
367046
868051
320214
893023
527995
515463
740870
693578
703496
537395
320650
392228
842582
180455
367634
653127
197313
570173
722806
640165
575982
736912
745849
820135
153095
902298
687919
852703
116221
390216
920747
297233
172235
154928
104223
600230
570392
745094
207775
273889
282490
428425
480083
939039
422846
661684
506133
434125
231858
142906
888257
621806
779819
634107
441942
832914
536406
943828
599585
466593
334045
520333
663826
320246
489228
582016
734442
873586
327111
842217
147476
423567
184610
441525
276573
421422
103210
596673
669514
149034
639579
557772
670840
419399
191880
926749
166281
542252
870578
579832
908846
118590
100166
486639
338837
403360
968655
887245
276947
209733
643430
238389
447267
728040
493881
623840
963428
497091
220514
632943
546126
674060
104682
130933
993459
196562
871648
973706
638815
656193
553539
461628
674784
467672
848267
827587
771032
816924
714833
861946
926657
272230
914301
373925
900270
408183
811732
777666
805275
846212
324576
265368
520273
329259
210267
427700
425821
895882
401407
878602
552076
768913
340231
140827
236586
188500
782380
821584
819390
411181
597497
660014
583411
511800
847906
397649
819983
573605
175316
539225
419818
313858
618559
840092
543117
642793
181759
782905
538676
397132
575474
904718
166046
729672
945546
216598
818172
641893
938183
551529
953074
449647
125510
536487
861447
873416
748102
681432
447022
823418
134624
680807
951242
653184
434866
408327
295978
516625
105199
734654
813757
580673
553339
793770
310346
498886
910368
942484
140781
848552
494014
907821
212167
433491
444309
973614
306908
192412
569013
567897
829796
603638
162671
695006
170789
497537
103334
366767
828128
108533
915387
555852
589206
468727
349623
713519
781580
259993
656004
736327
922511
963985
644149
134679
397477
902425
108295
518351
908803
577308
900214
652567
994912
962885
347574
165702
374389
264874
346435
202518
273407
261823
658371
676579
544517
907994
390099
326098
981953
860070
876391
904466
824056
434507
939145
135500
336933
861406
553851
159704
352682
368033
626237
347595
244885
787777
413298
519275
952651
659733
535759
226059
735523
108097
716604
280041
830058
920670
420105
812012
780741
210463
716479
518764
544970
569592
554264
695870
430999
922081
755574
597647
290115
295778
845243
435001
983555
172508
768242
936207
646207
304002
976232
295697
312100
692837
389704
142159
613508
709809
768137
308216
820272
398584
726980
279210
868176
195211
875080
213142
117294
544621
710790
221375
740399
470000
470342
637921
456474
152551
574129
102682
356554
464328
212346
482620
971131
502050
438745
498607
125827
206883
706823
760065
505467
433805
939275
287610
442982
814356
400753
460276
272944
925509
495618
827309
395510
779926
465231
751984
832478
853326
668632
102999
317655
780978
485619
202754
283030
824364
601361
308857
845213
222151
968922
350682
469922
822165
538292
812905
550488
753011
273182
723433
678521
582766
464709
887997
362694
829941
553948
195173
597234
222582
198172
728856
817526
497757
831610
100557
236088
346938
223380
981301
469089
106270
245950
839012
828435
684243
651918
378924
351221
739066
916323
929743
235800
381034
731707
498494
124942
285657
507633
622176
408239
519771
351033
225766
831494
996609
140290
967582
343548
177636
948884
626604
997871
194836
465617
740273
693045
931501
119199
944266
584534
849488
787976
720334
144489
519685
132795
169431
705342
454394
605574
927547
788131
770573
967279
619626
767184
921535
587209
924698
999172
450061
465269
911010
458863
830886
651285
151909
676354
584450
910141
174856
433939
612085
709156
478429
945736
741952
461826
651079
110313
967400
492593
798445
651941
459873
418072
333092
381410
819248
257791
294549
269310
623061
205560
628173
367914
670811
594048
858235
255262
418156
933091
503168
930241
642248
881597
875978
298167
257390
441024
308481
138758
833617
920892
690699
207458
252931
923791
402834
972179
995548
597383
155456
532576
616909
683629
800491
287722
191644
572693
356950
509801
505785
760118
354009
961999
555682
229989
174134
713073
484979
382615
665797
318598
217474
356497
426056
370405
280289
642856
342586
189804
240240
398042
622381
671115
895638
422873
772803
901248
809532
129755
325016
315318
703839
579026
191284
259523
622981
265418
786562
107961
461999
452360
240525
579473
708857
480547
849879
803112
123404
106432
806882
177610
318440
429264
748726
128045
666103
435496
929294
475636
379217
168277
604920
983057
647303
696205
156547
184251
861623
843109
192213
237590
209436
332738
717063
732259
627252
480909
449338
650656
487341
256221
728267
619748
585486
390960
647793
251590
726456
491054
541193
919640
559332
146114
816664
120602
742319
873211
204854
517910
630287
297067
655500
653689
443771
286530
385949
971023
667440
735287
535647
968747
805474
263915
588496
390961
554875
236291
456518
195298
541311
897711
928904
100644
857791
745569
121247
600112
532747
226101
931988
977000
337134
501455
630690
594871
601951
916639
479862
269392
565893
915509
152107
371369
179425
640603
576296
548266
690860
932814
557530
232173
744492
486436
232817
602285
145972
168030
116364
578720
208097
862318
555721
359197
363774
186413
854069
865725
917018
333932
949084
482913
249442
101192
668248
242833
555761
244545
691099
246623
991326
162596
378796
735819
462998
425579
252071
508971
493610
182401
987691
515673
944719
457379
774871
222460
543792
628941
988186
374778
776839
851237
757691
840247
766395
339906
983080
322157
484451
588146
382746
475778
564708
661542
125565
927707
901088
191602
436679
308665
274004
338337
724338
218724
695716
499210
341185
153476
942117
243338
428254
632923
908541
999911
473171
674937
339818
370218
811060
724269
772330
193808
114015
337040
669316
953545
264748
570405
145148
601427
693036
319152
753730
417376
351843
449447
730552
593028
502923
586637
650332
745143
219561
558874
659021
506699
147778
898839
776917
858838
537076
463215
866612
465057
700255
535930
418603
778969
920301
377717
294363
613339
596870
948093
844681
762679
311507
575234
355708
628397
161872
906040
373541
195400
378881
932563
602099
426659
745369
292983
285498
196412
570164
966077
561469
270420
502008
794038
863355
336276
171757
157719
849615
582593
919778
608263
345273
231287
183499
600981
759684
159337
420988
133226
168703
613835
879755
584768
940494
539092
691718
139959
635504
261883
106037
196975
346270
422011
891013
209626
658288
876736
181312
421870
459330
101091
930134
704603
232378
927599
219551
892062
986936
454505
839255
969606
968340
719011
554375
822801
258104
246094
862761
793609
407978
782764
804550
654248
204777
609530
677840
677031
486268
759152
998901
845598
760244
929036
550203
892622
856636
669754
698652
757540
938226
537908
727147
906567
256920
281523
729370
328991
341584
592132
936566
649562
288863
655083
217777
393640
264614
709583
970671
564848
468737
883540
410448
142948
812577
774617
935570
583181
358338
634223
340722
296565
172132
967869
203134
243019
163359
746470
385976
404943
252569
236509
868471
441432
791592
900214
649039
870172
609799
533677
435022
892502
417218
659436
935450
229797
434054
784987
712978
606358
333178
867666
802924
319276
835536
820024
376261
812861
480461
662237
217806
633030
798746
900243
974462
504305
800459
537468
374479
324225
971146
709501
130694
388365
282904
966144
432128
616958
665098
959072
137283
898276
826739
754173
217554
576242
574198
493815
389105
868625
970019
420877
501656
768766
235087
390086
187039
849512
827554
461518
173738
712667
984985
204432
914999
267890
984542
261094
698814
649642
220168
736097
461885
860873
490272
579439
351083
878436
887221
640188
747063
857241
875031
162686
539974
110119
366738
627013
859632
108260
988531
847336
720927
887483
865735
549893
155374
764244
710988
668154
327853
745122
318219
689739
605996
708491
269179
857079
500894
970366
411234
161924
827608
200232
138577
367584
124318
405315
894597
883950
413575
797096
645253
948469
598546
424955
498363
653921
189201
209352
236042
417054
854474
454261
106794
374438
976718
189940
145484
477614
160307
456719
453504
801882
470917
492081
169467
495235
711363
878030
293152
124939
589093
838406
973408
187641
263362
385739
655528
266529
409057
791570
583584
177499
159799
504344
451937
136518
508250
497421
428098
482524
768106
781603
284407
239025
187651
267840
634260
799014
959836
741379
737920
462897
579786
625295
550538
657114
911034
120033
823644
320093
725569
321195
397592
785368
639505
749529
735853
147757
160917
163952
444247
742990
759521
542620
882015
847173
624426
430242
560154
584263
171622
298075
861126
565374
823371
325631
136456
648372
345664
860100
868465
971234
995261
180024
670569
634767
743519
406423
596490
804437
384342
940737
547428
143864
483358
343410
805003
107785
587618
365159
506015
659241
477200
367142
138582
300572
592774
175038
848945
752404
849104
631377
637605
758332
711402
308176
393101
454922
528565
803557
173326
812907
744296
620754
856772
141621
778130
575742
149407
365750
840901
469388
838957
318103
650496
877539
432641
157237
866544
195553
809642
629615
726931
447248
387949
352300
569390
595016
707222
911922
398574
780549
724830
142871
315270
495569
184493
993401
971312
147866
359152
726180
431220
198110
858249
981716
889615
204858
138955
670126
300411
848597
299743
841308
209812
501658
193609
593169
996674
714798
505092
395249
409314
143889
352087
624584
453425
350546
531952
338704
312378
705070
964884
643598
717146
737101
625315
606763
841959
578236
276890
142371
340800
390599
797646
450613
792257
805221
857748
788932
433986
276807
998148
743300
234662
264202
281852
588087
514748
627770
826791
641092
332842
705643
284691
949988
442745
723972
470718
284705
302210
561575
241042
543010
852174
852654
807589
558399
657877
579304
347332
991863
756111
259447
649131
890774
423649
830983
392828
752363
458754
133587
393456
605562
653196
492113
555552
995941
130053
840236
194613
332263
401812
249621
689239
167954
102277
410796
626353
660154
804066
787651
565984
560179
947099
215116
364920
284715
860065
571714
937079
232787
519267
244502
738349
172464
550582
207868
982371
580635
948105
176985
726864
349918
326607
330070
417872
242850
640866
944225
716970
444934
731878
282955
819079
592944
398072
997965
777659
172104
569680
628705
304891
988948
687174
943241
161413
237757
151110
143786
718392
999215
134737
445257
263101
275310
675327
580973
418160
230161
439166
949096
489061
985010
232053
222107
577955
444091
220073
269581
516195
603719
712253
721087
592668
399428
664329
568048
537185
629405
525800
169544
628622
474503
428767
791723
563780
918060
286663
795906
962187
539795
745004
451249
524806
877057
573356
916727
235115
693429
100276
651310
211116
712529
372398
703784
925923
850693
185799
377075
480100
525565
446619
922688
814035
689352
628378
377816
607413
729007
173723
569602
268804
818727
920851
607576
609751
408175
438271
744866
915570
438547
396178
126687
965042
582542
644438
890966
347203
730237
182008
727303
169770
528627
563958
883805
217980
192337
261622
725393
735310
249311
208962
904114
968039
943780
425658
491757
351956
763929
236625
181493
116443
446769
208181
981485
929311
752619
786418
190481
396823
868426
731750
380559
311020
295709
264365
342966
302012
339953
882325
937323
489265
991288
755404
371271
935069
181063
763028
200992
758958
813619
282485
775401
260389
304632
670853
103668
957251
371238
194149
268042
239665
825900
548601
364651
935575
626933
607617
151555
780852
489944
988878
184084
395199
744283
455355
330269
739313
132351
345227
498272
759936
527712
273675
920326
732345
758494
837960
603563
129734
846075
685571
183365
585942
234174
448017
435485
675073
869600
487040
369892
359545
475919
453977
654744
134169
723298
798979
687448
755649
144207
185722
515587
485886
273363
349880
132198
931857
101807
635761
961591
847882
321334
958923
347792
369474
406941
683277
858513
190508
170318
228406
364020
460203
582383
918764
494372
305683
631711
181822
875298
589884
181510
304852
889736
354873
468698
921934
200697
470505
471663
976255
232355
606963
935179
394113
790403
256087
977390
648917
346595
961674
691289
610615
421878
187640
443347
730216
307289
975058
726004
182588
478909
807514
301407
368647
976353
670105
204548
177052
954577
576211
153308
100899
997140
902453
395012
787544
158541
372403
350428
405136
334078
855684
915752
569922
943324
273066
300139
250614
162091
926144
247168
541000
647625
448575
723613
537946
932647
742128
614998
801191
232306
582272
802090
229448
398692
197103
830958
457233
383472
181388
676335
531516
937072
506054
101439
880397
679120
301578
944977
741211
141689
106112
196179
603281
368654
733758
141228
301302
475887
570192
916459
608194
966430
718550
737642
365123
729619
568601
722356
113092
563955
398692
544608
501028
804747
546047
295392
397834
661591
154336
139047
617247
160449
149192
220529
429103
782950
261757
544371
258839
645915
460831
767033
612346
993347
418642
877469
722967
801209
513792
736059
365166
726450
280668
680160
445164
640681
789519
742999
302273
843855
696012
819520
818270
745204
854015
247374
528155
929738
605711
600960
575654
880508
281960
101967
873856
600602
879436
510790
401813
307195
246850
580945
933646
341484
261106
378811
796131
950625
121811
998405
708448
717823
731892
526719
376994
499875
588060
719116
429614
193772
320077
819235
888247
502038
821202
676070
916606
614606
186862
232386
821801
247678
713331
755448
403129
788404
134261
199261
739030
970037
111633
447479
601828
657492
788165
792788
157368
376226
511905
400948
383964
645949
220184
186178
961953
941387
762249
878560
555994
763077
924913
291762
910755
552211
947211
313885
340616
895438
327113
893613
779442
338746
255059
381271
810204
943224
174061
867572
233417
499932
268522
517382
145882
302672
603560
107836
244060
279776
886397
614020
942853
725277
719749
853610
277489
666961
981461
518106
476366
222541
411720
255809
375254
566779
451047
185459
423971
439074
866998
557388
839006
135521
888736
884889
338193
492298
892725
396220
586040
693089
824206
528895
332333
543956
296472
509823
124884
191900
927929
415216
314442
253616
571026
589696
634361
836039
589121
958332
275114
456120
515722
928086
405607
404459
812976
557767
710723
619669
853987
296765
226725
592160
639626
459059
950083
836098
782848
974967
927998
624744
390185
156407
778360
775177
560069
326688
611217
149192
285022
700297
419278
614710
628384
724886
833135
355328
282654
457826
788963
136642
654591
915688
542768
294218
288714
492852
944282
885528
381787
786247
510273
671972
842655
202600
361116
316691
429289
872333
365883
528277
486597
685162
142988
114982
410049
790089
370310
506669
247916
159274
457277
716473
888929
900045
824657
991609
306865
768940
877139
588652
555189
387413
174591
311811
490014
435707
528502
733269
222007
708352
261547
608604
307481
304535
623586
531496
994624
807863
938165
242542
781103
395443
859015
583999
295489
683674
575610
416320
366581
366716
904972
735736
654129
979563
947547
958109
415271
390017
691379
537278
998369
852926
959848
305851
971427
583436
737347
880019
305266
675513
936527
900335
970956
709509
484336
180412
307150
873912
496733
573732
240629
315672
309469
708724
295237
170984
580801
524474
461001
272181
875719
459371
939074
835568
665222
824468
332971
402570
704488
538237
892049
641016
352540
776972
350527
736876
857384
557677
524755
268084
945375
665384
483757
254846
288075
592960
239796
768876
117435
600797
941058
807120
960168
794099
642690
539357
618568
875661
755893
237024
327866
647943
778040
580406
424916
942533
231249
196267
414178
656004
278318
359554
321389
662075
428366
423430
169002
568162
192308
100403
982925
133367
807524
943094
741432
364181
396418
273967
239843
152312
410991
381675
700255
102999
862081
939137
945532
993330
135406
273677
563301
313724
447198
698656
789765
689530
122088
772733
257694
214396
773136
154586
161729
494627
911647
803161
758808
308066
977128
898652
360379
302087
280328
874600
305086
956376
727705
164585
863673
677077
338263
426976
804767
685461
125633
594533
374992
961686
281233
446652
176083
954369
501239
237812
448998
326853
854939
121773
534919
746035
920425
709264
948122
114721
583866
253209
885063
225538
231760
748737
802615
470023
989679
607383
969450
929279
115883
258410
890966
297116
519028
881016
165452
920267
932794
428416
247121
787735
450190
596007
447737
284582
305272
395860
299303
703104
463035
998332
828642
594795
661037
545224
878785
650717
152608
848236
493963
982456
106647
298897
279573
525676
179914
258992
359910
926674
587408
420998
714410
937598
917005
976113
136148
136244
371974
249417
653315
648975
247751
481958
243772
808788
927183
122558
373472
893757
784760
767436
790181
705374
880299
883720
231051
960213
142713
404927
886888
544088
639891
515266
395653
470863
405346
431801
507108
677321
581219
160424
240263
728970
456348
384035
451725
297498
320559
725197
105223
919286
406600
795404
624661
286900
679125
755712
161080
721839
974605
