834379
969329
343334
294088
708493
292289
295956
608647
641468
990414
784242
114523
325248
411964
943336
518137
522318
133671
652004
272274
925089
246763
976377
131581
329459
826709
860355
193222
979486
533821
685420
727832
417118
928754
921920
125612
135011
131844
548226
676479
122259
246435
604968
347507
558399
548306
679611
980718
495943
245582
166959
421034
392345
957302
366581
535770
784012
226937
628993
677465
574724
228380
405298
891842
157135
241186
917455
106112
273030
379648
596558
209255
526083
201527
370728
898448
563799
950339
793133
873709
109888
860092
294744
402233
817395
475291
838004
515374
516194
380964
106806
990918
509344
326071
882762
480445
467257
714184
486558
554253
993832
983116
663508
433882
998609
848202
246297
476376
798543
939431
350086
808431
713490
544830
124632
444853
834087
776602
774193
350282
157567
781000
255167
566911
107072
951895
947356
388295
666080
347881
756514
573879
244964
333989
821727
243575
182192
968025
619951
794701
907457
784003
603134
534914
328834
627766
879767
976887
318335
653962
241136
375902
348929
396303
756779
269967
348200
704136
558262
828246
865984
228743
402127
110949
462732
223855
168490
458890
191881
602407
253593
913304
386411
756727
448220
529211
298460
241954
420065
516795
709882
561201
706663
958811
857505
463443
228779
119672
981545
601007
847918
847530
729750
250046
772446
106449
287868
754902
465340
379749
271277
618933
207021
471654
289627
555241
900866
402053
611161
234898
732814
321045
696100
439478
279857
553606
802921
322603
573278
784467
737576
335163
545965
467328
485210
232378
387743
673078
887280
753083
866793
972523
285983
887780
444179
475610
356988
259012
777663
868150
393910
510478
189196
990010
763922
369053
457583
566844
505622
844827
265279
243200
179992
625210
524494
479168
757588
812237
966212
558835
479288
746972
445326
665271
634754
789505
954848
891742
948517
646478
759893
256394
970923
849089
160372
734846
132110
517955
301692
451698
276750
380937
594898
270708
820113
933358
649876
491668
745597
530055
864469
224886
277028
309796
704123
725748
999301
572938
617492
861785
219418
291352
118181
190342
954408
992518
825188
986518
510474
940846
352183
601190
235750
847082
771898
955863
780441
335741
447532
440005
679762
312003
478857
856791
435765
996947
582540
435068
569886
113999
210820
689304
305352
142967
779646
259761
135486
604836
160246
459927
459649
412429
961117
595400
173478
646983
551264
767886
796690
812763
121858
476454
938732
500716
247212
374498
497664
729752
623532
881516
657718
734353
570822
777036
691286
350469
936797
726773
769271
911009
186701
142888
237405
961784
638288
224850
522734
103519
806702
319426
816282
828560
609846
755015
243243
757058
943480
640907
400777
567013
436391
958495
215333
907213
735532
720586
171649
586296
447360
754887
411272
448027
797775
548678
323778
436064
587494
746513
439583
394197
965939
169833
136724
489752
824848
279968
246811
682295
734841
547588
163276
171233
420051
192575
978446
155584
813161
964062
555847
260522
718950
867119
522515
516726
329764
746294
766756
817258
492808
206340
125422
372714
276173
162147
762466
914988
342115
823243
511250
976956
370832
574526
962156
690883
667102
940603
660434
480264
904666
216282
554753
537583
983401
977268
954309
227133
637529
635032
858357
130338
741373
883780
317018
831512
859893
893450
660467
115975
716694
171719
992931
987527
646245
869054
592377
227314
809659
252812
521545
628292
283060
976298
165877
266463
867533
934152
307562
505064
569186
165920
449368
224526
863666
666387
870004
723560
559838
530473
739535
276534
516158
646434
178028
976369
515489
670405
203685
239115
737184
625230
767408
920244
601529
747251
100674
383029
595370
308236
788093
978522
374157
237463
203049
237824
803850
887020
775351
277655
417494
514887
368155
833652
975287
446183
723988
490778
930555
827673
629893
667740
452904
311268
501951
868399
872485
502626
251430
381823
710862
853489
360346
898985
990952
377362
950776
708769
264383
726128
800391
495843
241016
168547
243462
216305
514731
867450
521049
445287
695125
964908
926993
961995
190144
428945
744362
962629
831571
809758
344453
456401
663248
518766
355387
568168
796128
306164
190904
874477
846258
891295
370321
987275
959843
513783
117547
388541
295200
452562
733828
804291
417471
574788
766288
507615
903733
424617
384212
649272
234376
628665
105674
711590
961397
275027
279759
757526
395158
370664
632004
241417
175926
816291
142659
135770
244041
974171
424311
439242
426734
972105
157500
744206
460860
823788
165788
278561
162372
450000
827833
296748
892632
747473
822305
854030
836466
102065
525524
231625
286695
971494
287009
362622
787787
329668
312358
845794
303841
550636
285037
544541
436708
342538
202714
711535
980292
268503
890096
956631
532469
631896
253380
425102
379370
975685
279134
215837
891717
704658
261429
992378
676153
448438
268967
377907
592072
481326
223703
709879
845928
322706
254422
196603
479210
357136
808138
373470
439605
698235
330102
872075
330132
397448
297178
523468
287101
390278
553272
178819
908902
714701
171198
585057
977105
340166
776930
569178
635458
814599
193025
395353
137307
347447
491956
430483
518549
300096
703953
858155
812297
848021
644197
142431
245471
841375
479865
432572
231655
933137
425357
954523
561805
496555
453547
452877
650687
230479
836022
200112
945078
929047
495465
896351
276495
887422
326836
609010
187519
844755
467166
813782
606744
111364
770179
666181
766706
250046
998753
812327
997149
338077
766851
558956
648598
220400
911833
299287
264845
661822
399399
209924
590870
708831
920242
681331
596254
247079
290343
597739
905800
571475
411522
512545
582840
181703
178727
263513
245715
991446
975840
242865
329524
656658
615787
792089
777058
441588
991376
941903
103411
304742
965794
594282
913573
886037
275614
423794
947082
379923
921533
766849
851399
247023
193362
348206
242692
186055
511719
388407
177503
401526
445238
320993
958184
961026
113083
649210
402615
918425
505080
319992
137135
384841
814274
864674
270879
903855
202436
131928
283779
937935
798778
135179
184959
892140
297351
241617
892161
709070
530024
969664
110597
875263
204625
882748
750256
131674
531959
966837
864066
851005
286830
815167
235848
915071
593808
320693
818927
696244
352622
916672
634181
965366
865818
719140
771473
163170
860758
663635
686207
304749
547267
696804
993978
565858
493519
658201
511498
839444
625039
375565
690451
811870
104699
740265
640908
598508
960958
373802
294753
227547
290475
828934
106880
970259
462042
778353
947396
236767
441990
633604
355482
803223
244375
349462
369082
637895
907663
780580
477340
446670
970112
981757
172507
974811
722023
713415
487286
596949
987217
682040
724496
191659
424941
731377
161920
786983
423697
109317
923750
679653
556887
279234
482877
701262
442662
665925
253124
264292
360473
544431
610962
244552
526189
683469
219364
162180
310851
520617
659129
298069
202658
297592
389729
527599
928969
365615
228550
352668
288898
966266
932321
745785
159467
329166
361014
502129
895091
514139
580388
169531
872536
191351
314083
312692
688787
347414
374872
899638
768031
934001
111675
870689
231595
315370
312255
974530
580985
440805
241165
769883
407073
987453
429635
466540
316620
604615
782636
125678
932720
363025
195210
805257
368342
409293
117951
871095
656707
392823
770735
424739
240792
696376
209395
286353
911746
421651
174850
406698
762456
316016
990547
983495
303470
420183
450037
434056
838764
146640
459734
771486
409665
468910
576744
591973
778204
594695
463070
348878
801485
147772
587584
856243
744148
696979
956562
569861
118631
131413
876559
695054
347429
867107
678550
464865
201257
942553
712887
940021
903159
986588
711508
312825
455499
202220
718765
147670
610881
181836
310515
326333
143574
798099
182577
787722
495079
139140
271550
427677
170554
148110
122732
331949
829183
615248
610781
844406
471769
323669
784428
374929
310258
409904
501721
579724
426090
220487
541360
936971
216289
751875
263306
259863
549975
345883
947585
945055
298990
133102
372733
283510
995177
309431
429425
824361
824679
940206
582734
296449
177843
281129
485345
302067
591033
887066
781791
831089
107554
323153
768062
223843
888994
931368
383706
438971
191218
245258
297993
304174
192326
484692
487684
187504
694123
817110
825831
432769
757317
408566
543185
749126
589695
928530
951194
994695
815597
732986
825785
737117
870105
593848
860960
759101
439183
158633
112039
444368
217857
310032
648542
310183
608690
136228
397687
302814
853338
223519
549549
524622
446051
906700
273750
935746
835231
138911
844408
564795
771897
670195
301913
555970
178010
976839
229038
517194
949438
155043
861562
167296
365075
510105
377479
873765
460299
589132
990545
227604
626617
454061
652227
972668
360763
739943
908416
195995
778854
752825
574757
464718
336987
776670
834654
328964
753511
963692
660124
702950
932701
521687
684213
297777
845758
875658
985508
220025
464792
890020
347629
991409
344083
813822
878045
518812
553766
786462
528773
332621
453254
103531
611306
604208
780202
445961
833172
447680
323621
493297
964596
256323
828950
648810
368067
588675
438436
267542
708700
803228
157564
870296
708604
315613
684119
586650
734425
237887
287079
263199
384474
554300
266731
809746
972474
860899
255709
805647
308580
393296
212911
187143
463585
855827
649920
731652
444503
988356
899195
967170
791585
870725
751433
414156
186339
435553
814773
734730
487406
101853
897929
685847
470119
978626
495594
442594
839526
565269
162208
962072
858565
275119
149217
322152
944912
613103
867770
303383
601460
680932
184520
307012
551658
835953
621168
551963
271507
349908
200660
658914
351762
912556
258728
635847
891183
654322
978442
644677
219593
954616
606750
892124
143703
569933
214277
988615
183037
896014
291999
598463
490913
376519
805475
856538
212473
340611
408502
297947
590519
423129
770827
756247
335686
929555
392096
226870
583878
284505
771547
617437
239122
292265
509563
282825
676164
537806
185408
673168
433821
377407
271632
824735
567893
891074
681274
594332
145652
903742
792279
550137
326872
477073
306386
476524
320595
512448
603395
804474
610919
288909
335878
664007
481174
745441
846833
971305
283249
846207
644474
531036
137581
730072
269738
605474
621147
764978
199808
666799
668722
806053
130904
809560
197094
337290
286086
417689
663704
703447
136130
274624
892356
372009
838631
287498
117451
599431
258804
214666
445639
717244
645703
483221
447317
815441
902661
882431
580421
916435
463197
163110
722490
494101
786636
819584
731391
886688
151240
309062
504102
187371
483686
310426
459380
236285
497924
390797
649682
570694
505464
995322
201905
965133
392510
549222
694541
295172
431654
274963
211609
794852
252039
748065
288954
852642
481616
834312
653297
532856
957340
157401
534193
441028
367827
893573
491279
679717
198338
140962
164378
517768
950250
266283
482902
342761
629471
177444
451900
875092
266374
477475
583911
332379
139507
686831
185022
521123
435110
652286
867945
392452
709687
402140
647446
891480
209680
138726
485164
221984
179688
549542
639752
943905
629791
122655
286667
173229
114066
552533
862287
194406
843974
446199
426785
883481
946997
425774
318571
382108
978060
100484
674560
601714
316590
322007
407161
426270
274699
792325
548255
268354
255834
101974
212260
699591
938595
312893
772820
952661
765427
549075
961033
609402
895274
387819
406851
756238
627559
625422
138348
519586
539872
626874
121301
756462
762848
428462
182734
937547
220788
544955
119868
290588
460895
232128
890179
399491
445022
576967
266119
124416
126043
227153
547784
835283
428939
854635
591523
956498
394025
543837
476086
833897
170712
411353
504327
747526
653782
501027
599041
688536
859948
618909
879125
320844
665004
769305
620336
923992
260239
700421
948408
286282
827575
410159
935532
256515
178762
527056
126980
472787
884859
503066
220651
869537
728386
538944
617065
382169
939971
130073
970705
799920
562948
849831
120766
227953
533104
555068
151946
693343
255490
914320
793592
983065
238447
729125
153547
317209
170148
180528
689996
955007
497560
724613
738511
139913
263559
355577
422082
117497
299616
306755
817418
762565
156587
838184
890518
503657
307219
856431
197002
462709
684718
890594
359742
823165
619720
327255
140375
603834
321749
644337
558842
633276
282918
297354
673189
446477
466898
995272
463974
666514
302028
195359
429080
272581
847509
233566
676239
154729
989997
687207
431405
674716
577802
691147
497883
111489
832368
452224
615323
154119
996562
988131
687395
279481
199452
360585
539924
480316
269824
817864
146832
385818
913224
389878
472366
760734
523444
148606
729430
427408
649779
160836
916091
227582
665949
327941
153037
498318
680165
582326
466403
590694
570458
153799
770175
583876
328351
224066
964193
412141
941931
924991
697960
769122
314870
984292
443823
652281
946864
173254
979689
596644
148056
809747
638192
714005
137689
691229
126291
717855
273556
492694
308550
657980
460460
892692
241857
688811
116759
120017
914918
872656
945008
612879
641779
259880
511138
985603
726127
458003
158858
619783
954647
206915
429532
506806
734886
467221
198036
761177
999042
285558
167839
221560
757504
528299
114253
813328
131077
944977
833345
945995
817635
778355
472842
373381
852201
883980
358985
492295
341985
331810
112079
210599
352691
441611
617406
987577
722799
629408
662722
635808
728933
730561
757368
486438
172827
685587
299767
203904
544532
133114
149900
362168
725435
436708
635549
491603
320690
808501
883898
476641
140312
895977
501206
306969
251556
932578
208513
874355
561988
685201
424130
290922
415763
181500
591326
402556
681053
791094
420426
225586
738174
470327
401720
463610
807035
937270
855213
941691
659738
739112
418333
614016
549056
819540
820985
700612
752119
929498
488934
228074
614701
813065
332962
844430
894565
824289
160954
489585
615384
481380
615172
353559
851707
916892
631135
572710
768129
400315
428368
427868
139428
746702
941884
588484
480209
676836
203064
146295
606336
591998
188336
135004
405064
421298
793400
213596
245588
854354
517148
674938
335736
132321
842463
101410
863179
473599
488086
545276
773914
816455
873144
727308
477124
728996
229760
771299
405833
332824
731560
826135
738788
733862
775105
957819
155162
482473
985381
214716
336828
502530
703621
486530
448817
546085
401907
311998
833651
789993
671240
607566
520415
544385
248842
811505
187348
378602
582805
407148
525392
228333
147250
178147
862195
736322
135967
831323
218796
935315
946040
455624
351812
649662
842155
700630
109714
158029
826594
843365
848022
497835
364899
282405
856186
513741
993910
943535
706309
576717
264650
145668
619016
311900
223815
481212
948222
173749
226503
167019
923030
172544
436610
274843
636172
192732
875473
645886
250761
616034
489253
912749
113870
754152
195155
870057
181860
189067
727559
788169
579750
806175
747803
198767
932041
785584
493945
880265
773299
620448
861250
696330
606958
211827
871174
243131
304559
660614
702984
369286
276650
106204
282037
204486
674322
377192
888509
756182
380225
530035
458318
859975
336211
120088
872708
268254
805672
366655
962485
578973
801069
737702
275304
408029
849530
960444
465126
968055
621060
982076
251309
711676
988280
347312
816162
576569
538470
704673
246718
818696
234709
605036
592638
470921
625124
465348
553141
344764
645969
429593
823737
361005
167296
913007
669034
830792
873453
948127
712815
494514
844170
864124
120157
746418
211437
836319
322988
649907
454959
469707
468604
589669
888709
875209
874556
427801
340558
341664
672565
800493
671257
496303
161499
738553
409311
644500
483313
282765
592628
196129
591245
350765
960253
525368
997183
985656
361689
320173
635564
716648
603846
918135
220284
492556
793345
994840
734323
947869
336505
406889
748363
821728
717158
809862
474249
126471
454363
857562
223202
860957
953691
628414
211724
827911
153783
208908
813568
329438
343047
363099
860053
760859
281235
980337
167383
888546
889145
801706
836416
139617
122563
498746
861346
739721
308610
335596
680158
576939
193159
717327
437898
960816
259708
463588
788728
227457
486462
516263
456896
643476
779362
316950
404336
874564
211254
471719
677077
100400
187393
427461
140018
209956
826207
815330
849677
948783
150927
529837
525724
158052
161131
777588
118869
320839
241177
721563
448296
627639
237827
719158
185082
917189
936108
489419
705720
961329
775104
382799
961729
862497
710260
915713
972453
450434
731044
736098
399219
781971
179902
824943
753989
241033
602532
772858
461872
657675
494422
724134
199281
546215
443294
284364
377372
293369
673783
983092
254699
448888
279858
130396
225353
804084
946109
197807
254520
677155
833905
553739
373093
913807
292649
127084
968806
795181
713908
430679
366823
122298
968780
380070
568513
412075
564434
845885
519410
152184
742945
674110
415039
922803
704506
540392
726889
564582
638199
881409
241738
386072
349115
428798
213846
541764
369848
182654
250912
983756
427299
517735
106055
396080
797805
574569
622121
276207
334421
141533
328391
977366
629609
643430
900171
334116
997788
541027
712664
549955
422437
768369
836027
585518
197168
863839
127283
467016
946493
278195
450773
287760
695930
370795
583840
407702
845364
205963
583909
179786
161462
812301
971119
691071
369698
871291
839153
367488
326285
551818
731409
562688
320188
567437
148207
331322
431277
175490
698338
291738
353685
963078
479498
863581
247840
877304
271284
907170
897233
755194
900922
958695
481462
872042
649767
665126
657300
488921
846580
883585
940740
577990
446274
174895
959393
494481
406218
304638
569971
918522
496376
737622
881601
789840
601204
943407
667145
772489
850578
564380
441650
751502
437042
737078
623545
986810
402205
280847
475732
162753
164433
330439
640743
510708
405335
600138
819155
625519
804776
389128
544042
215119
126751
339611
818925
627956
283019
486071
314412
133599
864417
570028
785101
301461
307107
408647
202238
523278
503460
491936
586031
567894
722376
140742
892568
941677
554846
711724
567197
273589
914818
925205
388708
855536
264817
121600
483493
447837
421637
611871
395402
286056
181900
180504
401483
302973
403117
417687
640217
720544
809623
226250
288439
532000
180958
994973
387644
635804
620664
768807
809393
535484
694014
112068
391021
772797
133668
688480
134601
455305
300352
430003
555327
296218
424473
770776
413157
641557
188464
953374
362102
898088
179625
464507
344055
174549
459481
545666
710353
894111
314474
433713
429596
822454
359747
634583
595253
393415
323064
629854
662687
437382
873824
131981
547566
298298
802758
860723
839855
805188
814099
201958
703277
807690
566465
861299
796206
839912
406966
506560
734025
535406
754240
163622
357862
113988
612172
767081
321370
749202
310902
798023
100552
184727
830004
548118
383026
546729
322809
222882
351919
950874
324841
869162
758565
705272
730462
554772
545186
951394
875299
279212
486802
543506
256800
658630
557494
768972
339678
692830
518176
550580
490854
518728
635308
234826
880812
918334
681555
203622
955182
847440
154497
280024
716604
727029
799263
361033
281802
344450
226395
971067
523662
527163
514574
594428
999759
886035
363402
339438
578866
695544
790018
883687
214273
425327
118514
909051
343662
700069
112675
212812
461477
167172
392836
992047
708167
106066
267047
803936
350516
393442
775004
688144
734571
203546
282574
734331
989581
459942
973769
482414
155487
763789
366102
183726
103083
298582
992777
260712
812618
105453
373524
274096
986591
666360
266144
608725
672427
433191
412662
836909
640600
101634
525055
375172
205180
621595
109505
108728
981537
897240
405108
950990
661030
671211
134717
664114
783759
941460
824826
596378
860880
198351
770474
847472
678677
850584
456198
265071
197743
682827
915947
652309
684461
354969
927481
789641
876564
850952
712335
772068
748194
117444
723059
323191
602621
671742
801271
386382
613203
540064
882760
474084
638415
567202
235523
231060
331753
505688
310097
429496
188516
226045
895771
772977
481014
823254
476585
271545
588173
188921
943613
250334
206365
580639
387492
622953
252382
188764
909335
765586
628829
706062
153637
181211
187231
289161
226237
418985
608815
436335
662447
697331
476346
558220
384275
857361
295441
760860
128907
783614
849781
886487
847915
870112
467127
235408
493066
619510
324172
402402
299063
766967
922431
266666
848179
109663
455827
974416
428648
878608
410752
991096
575940
787099
463283
860215
558427
658724
535042
501300
356305
384824
387788
204221
168904
754916
339629
561970
288393
477768
778339
487456
244736
700771
654122
992915
624400
923916
967333
953049
716491
292052
858112
292433
893117
321396
966614
365511
794086
501658
766812
150392
700448
154601
254614
769352
723483
408209
331324
911876
785977
923629
313299
844680
624401
781388
837596
248802
619271
718896
115818
335763
824915
787896
442162
631999
923258
322744
897511
717345
724402
664324
767738
424851
632891
836318
108171
356376
158494
339495
182219
758438
177091
309485
603119
701492
990873
354682
764260
524111
887545
694045
759874
712461
481942
116004
344461
405202
338748
155939
122548
963150
720263
704252
301968
353156
454537
224105
523498
513032
377566
605717
271471
454657
815202
688556
156150
720042
943238
734377
244154
830784
428423
817995
457212
810365
833999
615640
215568
172748
671579
152083
949864
305810
670301
165799
472932
124840
289905
896430
451838
567471
416114
623309
922129
145284
225832
892245
679292
169071
626623
823447
813822
955046
555409
185001
679379
389409
614607
708913
376123
286188
760996
325988
405964
345265
391787
778896
370105
495658
589293
635909
963130
819373
173185
885260
778623
299017
777506
457917
368088
404131
195331
995876
273144
650740
994844
852523
940149
609452
475404
230239
709606
150367
456227
115571
395632
661980
708433
579703
157640
211693
215613
120771
931067
288798
819997
709691
487815
597504
981574
669870
815601
176906
579713
902712
727646
574558
669202
581762
184012
144607
625967
793618
194975
982194
809190
490607
558142
431590
884277
529748
543284
999890
550519
474352
202656
284483
998009
590471
781987
893551
174308
511556
970457
654022
414269
612071
228581
983471
107800
226559
942045
633768
920178
137021
529929
643335
441594
902037
974925
325872
431786
432176
239730
796271
720494
342386
980754
632471
746823
676709
526023
821132
188266
496481
389121
416501
922518
431668
313939
844285
558228
255985
478054
392373
206972
821949
935708
462533
723988
824600
688405
155775
170744
742101
852047
791238
898453
832802
423710
645278
509512
849733
380377
511744
260182
669498
742211
182701
915132
870117
926986
387327
940068
319007
679700
147042
140958
529375
509575
764946
267943
111947
734687
338687
754049
586735
129926
652503
333505
367603
211748
656983
217337
492125
982694
377519
975589
724906
374187
890723
595024
215140
278051
449060
348114
771718
496102
389072
301094
819643
967984
469037
831590
616638
621690
499606
203375
565583
966076
350846
833186
991790
907829
950523
483917
890524
242010
373473
529398
430163
178163
938388
459269
270181
387449
707383
941899
783551
910421
156960
517161
878406
439964
262719
495046
961654
576291
512387
527238
542368
763233
360425
448126
585029
224916
746009
475555
366926
119483
904953
611055
197647
757308
970324
367828
144759
677709
223694
742276
588131
280654
259439
380505
620618
422158
689517
582274
812415
115871
923478
268751
779104
197871
616877
364134
322787
362887
653655
503679
382370
472575
114735
393983
229885
899025
575777
188610
576735
699471
830886
978833
794092
904291
273305
414711
240416
862822
810951
952832
878693
648397
221584
571764
746268
738461
749864
969055
915314
317487
472735
297685
690062
401436
505635
733913
300462
895378
822523
691164
508817
653411
583964
302910
557703
757269
531587
698120
620092
342540
650953
412752
890937
686503
884516
551172
338931
548347
520228
254246
765834
806929
365897
455898
122332
771532
103778
236760
666912
826302
827924
989695
479714
411889
292606
851383
983124
724193
463470
603217
880699
928389
829935
685603
614893
628418
236776
853824
176767
570970
108071
842601
377900
373969
212466
314198
959467
130211
450959
540346
856513
192850
530042
250194
418706
636614
101578
401831
360809
465049
819015
155475
393439
648951
741079
822299
277371
791821
676124
354138
362793
598162
110706
554659
872131
137139
768858
831599
167350
133784
285913
923863
226634
715955
174058
545340
352571
989601
847172
527346
368617
580154
582821
576023
229106
237867
398323
406477
843655
974447
660615
206449
572610
585288
575074
358708
622427
343933
104275
603743
377717
290188
441573
418318
820109
515631
863658
986646
419199
624797
513993
687817
204952
910781
263841
334059
962614
562164
554502
806270
450578
129085
826685
837155
614373
401761
109830
150767
645694
114105
654510
837378
218259
996083
255697
938369
425681
933321
838982
658846
558120
352977
346664
577038
177725
424471
725063
140340
800601
279567
846611
251181
308652
587263
902302
736991
889024
912132
787758
448686
840204
356235
286065
958463
352319
355728
810799
591966
289050
649783
250813
661136
816726
411444
152142
894451
735915
777205
848757
536518
870738
609335
601665
179391
196600
417934
816382
985624
330067
518107
434311
984237
774342
534342
942702
940627
704036
667468
446560
893087
317252
597374
468190
133979
822784
520332
842396
558700
211505
691155
909184
982243
214457
424816
975601
311057
742750
705950
210649
886784
224059
458926
871022
812367
893269
727691
752996
597306
395161
113523
404360
612413
524863
686517
560359
347648
120816
316722
720315
232321
821843
543466
214566
936301
868283
104134
161325
525000
710084
271974
325751
834143
630901
110741
560478
438137
738432
227441
849409
947559
240964
167737
473940
665828
754254
848265
913476
775070
164988
547758
821358
886832
991225
849890
737100
773475
854024
798425
212442
564109
884366
352160
312220
515268
362901
772698
767371
915299
900139
616781
862860
955069
684518
250767
620898
352739
999032
448342
127811
164021
896100
849169
864819
801292
613026
601920
574768
467051
314313
687211
931160
198680
853337
243381
527914
216239
830045
295286
945504
730185
812067
722331
685256
410553
873098
220121
663292
872131
568463
605069
850119
378531
368205
714939
179824
881231
230827
654593
348283
359106
255771
193411
371752
923074
336792
799666
139314
980804
994952
898784
624956
720986
621117
224179
131540
408182
344301
608799
280315
726730
213869
944400
105262
482075
659340
999052
277273
704133
653646
525557
877205
723383
618968
248958
646458
769726
948624
599738
750531
857543
412489
375489
492497
933606
499668
438003
341790
657935
946802
436071
384667
160673
380472
303895
456714
853778
302948
633987
471879
770560
973510
349085
407910
592479
412010
868334
362207
274601
468073
926704
946111
694529
302194
438609
542102
615829
776612
697858
273765
637382
133930
472398
698055
328368
676294
968735
996113
793208
516689
467993
563770
490201
631044
871680
982680
943054
740016
258854
131623
122056
185560
977734
630551
301720
416344
172655
731515
106923
770513
819247
644305
804444
291646
256327
946778
781906
139029
942892
489082
555719
324852
952852
945920
769863
738499
928601
712918
392482
101423
658507
328505
186983
636242
859056
302669
866552
931711
934185
787442
702226
753433
345714
420637
859045
502042
367416
554919
541071
224276
944001
996790
449128
810820
856677
218992
549320
785280
745877
755769
700669
318351
984274
701618
854594
843331
904287
635113
689010
752439
336522
391237
419839
582237
625840
278886
984279
893256
647771
439317
931498
591773
350075
294594
402594
206753
327552
765880
805999
973429
521650
506669
291782
505925
208288
960342
263224
926542
509422
852234
678982
745945
157438
998822
328183
683278
191675
226429
490501
739446
479712
335967
245186
643753
530561
461746
664473
758113
227627
470473
645510
649278
791109
751258
969169
813363
711601
146360
653872
134990
898594
246822
694901
869998
245645
923084
553277
251286
963479
857745
804698
357159
193713
863850
900912
624274
325597
565386
382388
453224
849826
927898
916468
554902
679157
799605
282232
304725
845965
836105
253682
744561
982927
848583
528526
142539
685635
895770
293825
563081
753516
912489
820240
847229
776340
635120
385470
101938
200507
581824
369128
864299
423690
285598
419202
916813
985203
601435
135506
745135
351507
289188
489697
334435
137772
832190
376974
637373
727961
484765
200456
481478
311221
920696
242674
987561
555817
442110
903465
570291
923934
272594
434591
261591
372158
667760
178406
271328
183162
213912
916464
434669
317066
320128
583070
354838
152319
860044
892212
780280
258776
906634
175725
469997
827331
318399
457559
297116
660509
361025
767407
498411
447585
115965
660002
719744
597691
738408
891072
680853
766286
807537
929488
983352
127667
512559
252158
179986
372604
958336
774233
445346
864971
849958
815343
692303
168359
272903
803385
642834
447894
570793
141246
795480
500725
615215
429191
998416
353624
320264
593237
933877
941768
522726
917230
969435
935286
169389
963387
221857
127726
737621
567204
892697
587581
382548
498968
569906
469418
302354
212741
731278
687114
167954
440725
101806
683169
769916
100223
850759
904147
507426
784637
845916
930153
701869
815352
865440
685224
692706
901263
712951
430329
468468
519615
831876
751017
918583
401783
134402
134905
514524
765680
635985
496444
206407
637791
179614
790289
551980
844340
694437
873373
628978
540354
803527
244814
269673
582934
744005
862380
484198
456957
206676
852667
790538
938552
517651
623089
340336
552053
657994
668826
231700
207946
979237
338107
659703
972817
942363
125650
817158
636801
899023
360104
991122
702551
418884
260796
199452
162890
937142
583651
433813
957784
350285
224353
896337
767936
747442
150640
233956
319403
633433
365656
427349
526637
517730
901018
499455
460094
926668
230581
996895
739659
490685
901984
356177
809569
976747
455630
786426
913890
853247
220240
785642
203533
344593
681980
785435
992035
646587
919391
311439
193987
199014
552754
620624
616744
453773
934045
976838
294409
164627
887701
848034
555312
703652
204212
278849
680400
559842
965275
594292
327056
185516
379935
430589
344076
875881
216025
336112
436435
949382
461518
444388
148398
828238
878978
579108
282013
813025
469914
390388
877652
357616
238423
346932
961268
342635
439747
555636
716444
318989
149929
857466
318471
343830
288057
562547
133678
318048
712626
384080
181398
174145
728468
229796
902383
521414
708904
998362
334440
178819
302717
126059
350401
441140
286957
225637
597742
626704
681273
228153
845693
645168
985619
164166
802964
187643
626713
750608
319658
339340
134689
401056
327451
677124
444818
143802
198539
967688
956130
346945
960474
258849
373004
224842
513955
559962
264445
925663
186667
759684
153817
846327
404853
953403
910493
121784
955012
451173
772393
274671
604480
807082
489693
745897
398173
834511
789699
496712
716167
745831
743657
676642
818646
116663
801484
332602
490591
879896
172233
491224
639581
226050
337552
944435
993419
162012
880185
948433
427152
652579
137071
931632
373629
526765
677530
671802
275243
381197
982481
891410
940994
726139
482019
759641
656768
283505
906209
961325
163402
978442
452551
616949
118460
604069
475351
111880
580048
355538
874279
907200
822083
911351
752799
195713
352083
430330
681482
527326
625493
663964
332704
566488
304070
714723
240096
860839
812194
146307
736131
789562
938715
188683
406513
871141
606719
781864
796988
186768
137403
671268
993968
859487
496586
746768
869166
748669
991064
464615
189963
616559
128580
422667
997013
332651
137391
237111
107457
763552
197384
743588
553115
950065
746238
859628
821208
352958
641494
618197
353692
592863
203432
347661
366317
600019
908395
149451
262655
813426
514066
352618
343952
542647
675285
340967
689264
626643
392044
610687
390196
403394
268242
843311
353460
914480
616907
174669
181405
172368
606832
435097
665231
710265
596724
845515
224251
419086
894966
386906
146480
409033
639525
390432
765646
228777
545365
368877
755420
837409
793530
959582
240804
961773
802895
408231
790220
419803
396866
785592
406137
903699
220690
971368
527931
631381
730850
652182
864433
625817
939088
910913
848817
492580
301347
528430
621358
746712
797308
376779
498089
504805
336363
552859
466579
953224
861090
256801
286994
171924
942393
593131
975623
977049
478466
417521
522397
209318
969703
386832
649101
822758
297746
411885
315340
413059
754282
836698
973738
465557
127444
385794
870362
363807
838653
336943
230998
613711
407710
417992
685635
264070
825089
575225
155086
303557
892746
577484
326841
776416
778282
789908
513141
889994
115761
728481
303055
770043
479146
190760
235601
506591
476554
105964
684364
229174
256873
815363
742885
478549
147322
428521
556585
786378
817712
611672
989935
710459
103123
230743
400842
781405
834617
813984
585366
764344
456432
788421
448354
835579
879181
583955
342171
269702
503886
840501
398877
574725
655865
141763
953275
617154
384251
509861
403533
115930
935499
307435
640356
852588
352144
941198
547960
100728
669149
133328
765073
125583
735715
213428
861162
614898
611350
117300
698566
929202
857801
997443
503928
427634
953173
371170
858754
251391
694998
262288
267321
544464
383689
807677
397054
635833
662843
845014
636561
331993
878342
315601
357576
614059
342996
132705
142924
854346
150005
655456
697515
821773
652901
201444
249408
520041
386581
108163
585398
981579
184417
752719
526044
468106
474364
737064
917905
137208
582080
468433
283167
374389
684035
454710
802414
840997
487415
759304
609310
451387
414762
306826
187127
881629
322236
250501
401671
608817
258664
887069
504363
257047
553755
844374
625153
842085
581439
457025
793259
977485
825458
976427
351876
423460
345104
968256
264458
732519
727562
773768
997872
142325
894560
185000
923954
216798
335501
239592
725615
408131
940627
229980
479144
494383
974354
918263
250436
555794
375289
943695
447247
200749
920123
699123
438175
265228
667380
516600
811714
308909
290369
723553
351234
998896
722520
189155
215695
871987
242713
841310
194086
183341
885256
573230
491691
773577
491495
642127
243339
680750
585823
590586
695465
419914
203676
133642
499108
685022
550242
310823
893932
654577
848343
159133
653474
570864
248289
683135
356818
304968
438413
450904
388310
323670
924135
693967
911214
329597
336095
154554
910347
735884
645140
605814
155799
748816
639456
554908
347805
103665
679697
241738
572208
528041
300872
225684
912871
363127
722785
269691
568095
161199
620595
770371
384870
458697
464339
210051
688294
614400
264605
598643
350286
809745
118424
320051
472528
571846
774959
720333
575511
368624
776038
147720
796665
976910
187370
709538
254004
810156
879229
636065
785321
413791
406438
984157
772489
684743
194209
460784
299145
358814
873393
463397
982525
891817
683448
369020
463664
372375
903320
853141
640999
679359
814828
437665
570236
902198
961169
724240
626321
754365
274272
325610
168158
494676
309768
840647
179421
403978
301432
292532
576758
174827
655929
559285
966644
253344
828305
344276
525719
645592
197418
166719
324952
912246
418351
795188
728412
293487
433395
268700
947853
521634
494310
116012
916310
704079
856659
995731
922023
158092
288264
498782
146885
758159
872033
927496
911504
700340
271773
351190
345933
283157
417910
484852
195405
650227
194007
737783
843714
527403
906483
791568
949037
314761
721546
779314
832806
578206
775047
754830
550265
877277
167579
597150
549404
939613
438613
460909
553920
524352
712099
713819
707510
943975
198672
716881
508169
292680
454665
351885
634049
275115
957419
497053
489876
678967
276368
322683
171140
865381
891479
621405
742660
959059
132523
292065
812639
471136
566940
366560
809455
193006
980379
516966
136983
179053
233848
459118
285699
502479
624969
819748
591560
582390
316802
981437
175324
407136
218087
246464
272519
923533
681836
829145
796559
628325
935176
609199
913427
502117
875759
722883
595123
856139
239850
546072
849158
287664
905191
134858
604109
530161
768572
195671
926517
985374
991074
915807
306478
123128
976238
478997
946661
658075
222109
657187
286401
157286
266387
199829
559403
956112
736679
968492
812253
790495
514566
575378
978160
333724
610237
496236
677851
378810
591907
518336
278152
496948
434144
398596
520077
324349
691559
380705
796390
813668
937893
896757
870954
204281
910553
344324
160395
647233
312817
786614
437729
641349
275959
329856
789039
700162
726093
380858
892939
231967
799194
171092
628916
147305
383654
962959
371655
975213
343665
168046
788882
281559
878770
573803
299807
789324
818127
274168
436558
944910
874748
774287
500227
150708
104145
289267
750871
644204
570125
643811
776171
283286
628869
319054
330592
912523
282014
516213
801703
439646
498225
590586
535171
376996
978355
734978
166321
710449
823112
416845
655360
697861
105100
155588
748570
923210
258822
413408
567415
642913
871185
257553
740166
500055
390574
884724
326545
486554
400938
942214
826200
713129
446767
275339
904092
425123
910317
970413
135573
647397
301226
604899
345259
306326
660488
907795
229537
733276
235170
610918
290156
106356
768471
930322
420377
973011
815047
560888
459567
129952
503103
199734
743082
849870
375073
647175
274994
199358
531555
224533
746755
732781
729433
992014
853073
303888
813777
982610
937164
948947
507495
141287
955304
275968
971610
375682
162946
700624
750537
522513
730577
253641
622248
387626
103513
811287
934801
192473
910645
380323
317007
657401
927071
946440
563383
780145
250329
377161
676723
101460
326109
184219
956712
195380
274153
928323
471063
337100
542915
221601
673579
273493
289208
295828
561119
292721
921082
409887
299161
831728
604176
516168
489131
531248
376575
866480
311395
440870
243642
802084
356296
469751
886303
313009
565132
160458
241334
850161
311524
598215
885728
885103
771708
988902
994898
246794
281625
915981
470647
394752
747710
974823
724886
150808
420039
101462
917288
545400
442332
974896
347485
698628
358615
233789
825603
823747
208213
966937
587875
419737
479119
387570
304842
250828
376473
299741
311588
472064
129689
596201
766816
777399
571026
491703
742174
891065
407131
573429
350432
663429
548327
597917
276024
806942
645672
101629
544656
753886
882532
946497
987589
361653
334068
206398
512481
524507
320105
638036
896572
349794
234238
577355
941160
619230
969059
683335
424262
290157
170731
674694
853587
619058
272612
129612
426001
732251
131241
784623
400104
913774
731121
387694
275428
965189
494093
601875
489698
628164
239912
300237
877959
288117
777592
819120
807347
660618
416422
145577
850776
487153
720271
704364
106213
806850
647942
346180
539102
679184
944770
839206
506925
675892
140867
682353
555049
448926
198195
858713
977091
252074
158951
855051
440191
750509
588138
161505
411129
904560
207082
175872
391714
741320
694202
311893
462137
342145
472040
901239
835295
416811
654412
342221
992703
609245
924574
461719
958172
122771
320433
935264
274845
379384
704282
529002
943860
292421
590507
354990
110948
611556
344828
402662
352877
939030
528522
715014
281176
900562
530220
116473
231340
998598
358694
224044
607844
197236
585764
479983
133973
720163
329214
308818
913514
847462
651786
857375
139884
156260
212366
964797
667816
457194
367461
834659
310191
709949
549674
491367
524478
893860
421806
655818
806425
594467
779862
414271
605669
279593
708220
639642
899757
937435
762426
813272
784898
414213
584614
738749
470473
696980
703547
138291
968140
884974
786916
278332
594924
250558
583665
933368
144419
819438
589187
850845
413906
283017
179083
919575
462610
787303
473184
276334
638705
235611
903572
337571
549824
488187
976320
834263
999133
593834
786520
881240
478810
573438
973538
887700
723996
471171
821070
682381
290610
324224
447193
518482
507241
440242
352024
783818
227547
725208
874118
680218
774785
777692
917789
324610
179846
808076
972839
992946
401912
759361
788153
694688
246766
675659
496355
784728
146831
231392
467110
251407
455617
728270
583855
862858
168513
749845
646677
210026
389020
434763
790245
163806
212456
622001
302382
206268
344045
275222
113181
559923
848549
715301
254612
995315
390961
564933
694010
351758
696326
161122
417131
965909
789392
900986
828768
857905
564798
389413
967932
853818
724176
672144
917624
750598
208112
220007
770832
452157
309195
697980
912080
157746
413282
980658
967027
704243
545593
661039
869967
155886
636127
287099
121796
339486
102052
764530
111358
566850
967909
893256
420669
606052
565401
252260
356651
673514
372267
941450
939637
581462
639431
851719
553174
866679
832378
520203
484889
291938
995208
354857
261790
545302
455922
283586
784788
457974
862083
710112
924824
829993
603370
259460
436047
982737
411720
606664
570218
597953
462081
509857
993381
915478
361577
546557
782158
107922
880726
181014
213827
789901
435871
375617
335204
791793
473170
933958
163734
335254
644071
902524
979213
247442
975950
329227
144147
387671
749858
614365
799590
211940
124223
792973
941385
299766
339531
637510
221655
134224
718525
335482
824125
154397
611099
159330
760157
984269
993288
737857
233490
551326
640383
126671
698769
530300
355898
742916
817972
105757
271248
531529
131664
295472
324503
973049
495238
564034
610560
530859
598258
329086
766341
336350
297450
291408
395680
871573
189644
302935
523397
323135
754262
977746
349806
366998
508048
519670
923880
239987
525428
195129
671516
471058
304567
896020
358074
613772
374021
868634
144632
872280
111688
810974
122597
223104
102383
418278
908643
192027
535179
432041
329128
203408
409789
492900
470406
817837
912571
308253
957824
351966
403383
543307
723024
607950
439328
895064
135689
713350
677665
180322
499597
689353
891296
522194
726423
807645
754438
635067
813638
289619
881075
142768
393027
204831
535668
677400
836634
362206
799619
708425
528138
203003
251733
165129
624920
591062
960193
660609
304413
637860
654897
617976
327214
546194
140171
867604
267806
794610
416638
981445
898195
297714
938179
205189
316511
387814
782589
153146
650021
582210
761571
178160
599179
913305
243290
138066
418334
203484
612642
536713
741344
267540
154690
882525
627701
194861
664096
709473
803437
980734
690919
701633
192416
543065
806823
408927
830880
503379
462074
480902
899555
137612
473028
412702
864883
530284
450768
283218
633769
877376
719931
289080
958883
774621
985571
500551
783449
649668
210025
586887
544370
714911
288522
636786
257977
909311
859679
902823
412691
235720
383726
312248
273333
670721
624950
138217
201006
889684
235402
648741
681028
855333
751788
553878
543922
737360
954429
241338
300996
978420
728225
745366
607298
830713
296119
679242
740025
969764
582066
966683
205486
779759
192898
292785
364447
717848
331002
465453
521499
380370
114196
116494
149671
765984
570372
593593
417311
438768
734931
618307
331156
377123
277640
752420
207838
387725
431663
761829
357491
827696
642479
376943
521422
735377
569728
785869
367192
714696
251323
788692
995067
179485
719152
144739
759435
289526
552298
176748
542260
287230
609021
773416
478319
700628
439804
500123
902319
771467
175920
259811
513130
718399
450720
934552
453778
920448
634388
720970
635146
699678
423629
544180
779163
142783
588919
538600
246275
141218
529314
602501
242414
138336
375919
620733
652930
715723
120858
555251
401157
196778
629028
728254
815177
979749
576773
182922
814164
211163
803893
449311
810841
227523
893491
503971
184272
396377
942571
330547
437595
385852
833049
580009
338155
122935
114710
891085
652624
949533
446337
867747
960277
889332
596002
775455
869082
986742
772344
683247
197906
576238
946525
822713
617727
753983
326685
702000
150362
183224
846513
401923
469076
679563
881933
707231
616464
810609
512284
183055
760143
772587
950803
720421
661920
460772
409843
531003
447515
182188
128218
459387
572392
974743
282101
190121
728727
508787
792121
693055
592011
638635
994979
875053
232166
790879
496252
748630
601489
908536
745652
275599
681124
696456
896020
343046
971194
219830
688015
418711
302019
716233
692064
774411
604943
874166
864532
247638
296920
570620
840693
788931
209257
749639
577951
255389
540519
974203
817985
955974
796706
563638
231574
391798
174061
127595
548810
145257
161392
236826
377934
363411
767026
969998
951788
371970
844165
730288
519608
955051
300909
274269
743983
324132
923908
235902
479521
378395
124072
297508
334370
820779
761146
465945
212578
835208
407506
575354
794431
468898
712180
172366
646275
393173
956330
598065
665144
714463
242320
998718
669515
443229
186954
413500
581328
924829
463368
960849
303225
487440
172324
451561
308220
833471
731472
334764
582646
138980
810118
377078
421844
436266
363410
882086
729439
319741
394118
308550
934204
536438
221236
603721
793633
308190
831187
374962
146986
294556
249779
350211
681996
322103
615739
804183
155575
347212
952913
552187
300158
676999
829265
622003
927231
192676
504090
656671
326384
712174
779188
260589
248613
814390
764310
942246
936546
595498
231176
983533
704020
380955
247711
386018
603058
763450
104168
572600
110664
871047
124788
310822
462013
768020
746791
389245
774662
164848
859883
101047
777022
639072
261637
925635
453463
925947
781849
303976
435413
913025
287510
139434
293981
435222
339418
711005
112639
257552
283606
123303
128601
308395
248092
490614
976415
894883
693826
665044
873698
553710
666092
650721
106749
827729
490324
374178
667643
272174
578154
917022
999165
765665
870423
293147
114854
209842
818118
127493
281361
101726
964762
223928
224087
212855
614542
200503
921704
222335
679513
795403
676045
345606
360092
682794
987301
750416
956972
568912
922590
535128
485935
921756
214760
356359
128870
143580
380168
846988
171073
475495
762680
949801
599423
886767
976622
127932
901236
812294
250268
580751
521664
826313
826357
781756
423075
727626
532173
380048
296539
368730
729142
596440
204453
757868
766766
147289
801448
960900
808244
786488
436396
570925
736290
935819
457694
712914
963751
272897
525209
127986
753648
946873
854300
493973
728631
277376
221600
174771
471390
332105
357468
114500
828545
461921
772368
509278
509211
487784
470179
317456
274273
806575
702347
910563
742395
974007
537444
620114
246906
876619
648100
814520
823494
416367
222460
466092
507709
258026
454829
793066
490131
712297
807566
232644
174220
493901
641922
497397
881685
112103
628819
969924
818678
245133
794455
475041
219142
331900
909121
280014
208521
471188
994534
845981
787556
216996
226040
295266
375022
494835
988332
679120
207134
709865
811764
195320
117734
453687
506683
899419
379756
135503
869345
112402
280636
577767
487443
313744
809667
310531
493758
832154
681719
402260
592102
469276
433222
718142
578509
622210
126945
480808
301331
234079
104641
927061
243365
122375
380750
650048
835760
574472
599517
619072
586874
780153
196840
888283
907864
906508
198815
401623
652629
780535
703883
244733
163778
137106
776841
556253
573283
803786
851028
774614
851831
855669
701677
909162
792010
896393
559211
627771
470866
158729
246845
871707
752849
343685
759991
660714
164160
858807
876303
716790
639343
494154
775489
617087
445226
466297
173342
918509
270085
924370
693125
935882
694006
308769
845046
486017
205163
318224
113789
489995
290920
260634
361703
857735
418286
121696
518450
482446
880503
308720
113203
433813
702874
702658
950900
148102
168957
938208
966611
253008
776545
573703
188891
470552
782472
847903
770535
887635
980094
784325
291598
271015
858925
553301
128751
191178
488963
461167
487591
283433
669887
500794
531212
372763
117420
396080
334831
186377
334289
301443
339385
924801
775147
342242
395354
557620
104113
979856
359223
984207
678148
464787
255223
537074
832054
283974
542219
321019
559107
929810
418418
228995
344571
849631
415724
361991
245712
650555
448368
393967
765965
601719
318769
455079
843962
528090
826665
848075
507947
999854
746249
186096
464642
901472
537136
296698
999412
979355
431683
472486
909166
750101
601481
167705
513699
831172
343662
659411
395694
692031
953379
975625
207717
272149
430705
865645
700239
171338
627687
208187
171193
373937
208249
449802
189376
645386
646500
188789
624742
892149
561275
447876
556217
976723
515581
969917
721862
759243
629329
117557
365241
496675
993183
386925
582791
337855
252571
196997
409193
780259
219151
394353
154197
327400
744155
243574
872786
304622
246329
411496
196772
621571
759372
652989
512261
188920
536873
234124
762129
166204
165647
941337
476845
972796
328263
873602
310653
480834
970600
533812
175060
189752
828165
143224
331118
486287
286798
203906
690909
347093
429368
701647
782630
188741
354638
294892
191627
791511
342982
853756
771681
408630
795094
162494
381427
123358
936096
506046
418159
820663
853825
493219
824381
595957
536443
155501
982245
637207
173373
587121
798267
502741
288770
580898
505448
543408
689757
597075
248886
846705
450832
834534
255336
159894
810994
450730
997217
747091
770742
415377
567756
624568
722563
392138
220527
172973
361605
116739
710181
434978
603860
422415
751685
792630
817279
257134
250005
421003
754209
312858
267710
119009
147393
423046
178903
858387
687742
176121
519445
458486
405465
901167
983054
128029
207273
117548
114968
382844
134287
725149
717823
638148
961530
383475
430779
778811
540610
494751
199815
294820
707609
367525
227795
755002
604538
306698
527356
292281
296786
860767
650767
602251
675902
547789
544246
697141
565337
559214
979985
513591
198331
611775
151740
159862
895251
396485
752639
435862
791236
766421
544648
498846
133947
672444
167815
552451
793108
509137
744733
989894
369906
309467
506112
859774
671222
950358
556916
236561
423540
536902
564118
521871
148679
615858
495699
943930
826309
248340
293759
617547
828727
738407
930359
862674
324818
912141
329093
117928
421279
887792
107823
605151
197260
427902
464926
682449
378261
921842
732976
615767
372712
297095
137639
335357
812953
447305
279288
553229
509611
387013
170777
338339
125421
915103
114980
350240
827245
344073
282134
248525
231866
203923
667643
243093
531825
132570
825542
810087
868379
558519
425855
241092
755614
377461
476449
482534
724766
569703
935763
148344
856716
920507
386683
796103
835611
401663
960309
576823
645737
242444
639314
691569
346368
306958
834662
778193
253495
574171
502247
121875
132691
742069
176933
702271
119531
467348
184806
658263
851017
934536
706607
707734
855044
993290
417804
604622
308920
378115
995411
768623
520559
634726
460194
680893
755651
208823
459088
909146
682995
775301
931021
629652
517371
921920
245891
450868
389269
330697
109132
240287
179200
629705
761987
848210
536962
179792
452833
745883
457907
448245
428473
792433
896938
702633
387293
652590
811457
660347
561737
408419
435650
406725
852037
853021
242612
997928
217857
445847
328627
226989
586134
321793
670661
262088
170005
207624
255846
436804
767473
527720
785050
109914
320154
595955
712547
521413
162512
524005
181762
538215
746390
517412
758906
598429
284400
901518
596358
402257
347366
738951
443213
747466
960745
113875
909554
130751
135465
165401
467555
716905
593121
166572
726819
727241
662527
439367
248656
639005
777339
330418
177221
523730
661796
836127
122160
846196
737646
618519
248455
898978
357471
591668
646445
232183
519509
469966
262934
554974
449334
630490
271880
942455
611028
812665
583664
187523
252034
646286
726528
929373
790670
803750
453104
452467
553844
389231
298664
291492
821716
361085
104437
179188
766719
650883
311372
286229
934815
388272
655170
384150
832728
741016
240573
443758
553683
724237
531281
705717
284490
171776
549057
975160
789492
816127
427628
343338
205359
540258
448796
927075
715310
453233
920230
482030
918082
145569
582226
852899
433841
237397
237050
180537
792379
291589
524295
346063
829792
869542
951780
114283
855284
414804
989443
644778
230933
331038
802082
336292
685263
250879
177335
400574
518078
911531
696570
436162
957100
192763
203028
304908
330160
254044
299411
936506
445634
723706
282570
275427
507215
148318
203677
362501
463122
107087
821245
594055
252092
623328
744314
837355
774207
735615
151896
206252
647147
748466
542414
518214
841230
559408
637088
985356
713453
836500
921863
159088
560207
118401
248481
881389
166719
266124
157857
529841
273212
879102
123898
425304
416397
682178
262660
104571
417794
228522
210823
964941
876988
567204
483156
632185
126613
120245
531509
740066
856745
367339
713120
330920
385740
775568
126276
452459
941692
998098
882301
214905
791167
820165
540209
207565
416310
616835
212136
734104
745357
322959
613012
536313
790163
910134
982464
816777
844345
513974
470810
615058
781314
183932
845978
981020
859500
786220
433481
801193
784319
229749
830065
575487
863880
284241
597018
280191
801077
709154
828261
460401
846079
441274
810680
550210
351409
793146
280954
195755
221087
651764
710813
902401
649662
470758
883423
509163
170945
230871
224324
855264
360620
954389
344718
138467
152597
841736
318658
853674
464857
146920
228043
310938
402160
938723
761148
653569
731870
856068
663290
852958
421799
288071
669326
971462
658829
466716
394592
643741
511553
432882
499006
686139
301238
657691
724606
353836
499428
857230
207511
864286
818116
249520
989190
220277
188245
664305
687812
734081
520374
351104
501006
842173
539175
984299
727602
111971
364982
122196
655712
776536
455078
968685
462676
656317
626377
101250
910153
939771
858480
931630
718024
676598
995117
707215
796875
997328
285487
484689
731410
705861
649759
146384
462002
188935
944649
189605
114872
309632
211801
670585
900134
480846
639271
276778
951129
179615
278028
861283
119387
136509
706880
651378
627073
701998
358594
423950
699327
458048
722605
344705
977875
372365
305055
439878
375266
249705
443450
390138
373303
469217
874689
273439
850063
513961
450217
801193
507542
628245
576443
526930
578720
283325
992274
205795
799289
264835
443711
498618
622883
166317
743323
600760
352648
948378
940638
541880
112050
298055
832018
385353
667273
706709
472758
431303
134637
822975
146464
542180
365187
622907
883076
843908
720198
875351
863669
519489
140187
307381
832073
663071
287664
575397
177798
454278
437742
932402
896158
363758
230459
728177
649111
711698
348853
121871
143002
297457
758812
189466
739637
124001
626340
536680
781875
346539
325998
559511
766028
280151
766892
598102
757188
868522
987465
834986
322801
339174
767390
218960
516898
811815
761103
979976
523514
923923
915813
566516
221381
674626
569949
774984
612593
196290
225631
308435
442829
451629
767946
122825
631780
448805
534893
388970
317328
436326
223957
454095
589466
805313
487021
106366
617129
162092
986342
954609
986015
816122
521127
121363
490749
905042
710313
917309
101333
835944
225745
358128
201540
807658
294919
733320
256464
643779
936256
387759
980105
974180
741854
483538
779494
228877
403870
310591
204935
304179
265201
104917
120302
600294
126280
511052
505337
650559
342328
420636
486504
382039
678765
588044
189698
787650
235331
346163
431430
171589
547888
325502
959735
289743
709041
739230
332586
926877
863787
437521
231058
942955
356404
251360
543250
382684
576378
862554
847209
818706
283191
333714
114713
775922
735724
204411
477540
871056
364540
808970
856611
812428
134474
816347
916138
657481
469544
248725
584359
247299
500213
629383
190255
756617
780744
547471
953268
271089
410026
800478
903762
507184
948159
918475
197073
683884
122887
574613
468907
387428
297551
239485
113823
245991
869798
929961
803472
339344
992653
301798
400609
406833
831182
490864
977416
525893
852301
844651
696982
176295
645131
600745
497445
507257
519221
594518
105108
456075
983098
387982
657469
280650
527467
671292
426641
311233
601255
144080
464543
507875
345878
765152
814708
991026
169983
792125
516920
922284
636778
127870
998579
195876
628615
496025
603133
961803
904510
522207
417879
887609
810189
975348
982225
251624
560607
408867
462857
975828
452947
827400
483704
612791
506519
298413
603819
576502
904505
934705
412753
541284
962575
411334
637160
505158
721325
154260
466962
539802
576467
698807
427412
300624
588122
409638
366214
148730
632471
729071
124560
899384
470438
422230
426143
790923
620644
843928
367426
525150
778634
680179
880400
655177
905479
431527
160336
540772
399753
441264
980574
876220
140072
321954
990810
628194
545558
357025
590890
991996
900062
529416
891381
370501
851647
317525
161425
386258
161454
342817
725374
754055
836963
605775
409233
656409
851268
469569
111148
251022
810833
905689
941208
764871
227644
932020
393066
587168
203012
797922
579165
103076
327340
470548
287543
178988
602039
262935
379212
577460
505752
104587
331516
256682
524328
554715
727058
375597
924284
738206
526619
649084
643896
467828
413956
685506
313815
620988
272676
416828
332877
751841
419904
560217
136356
607447
553171
638396
770382
832383
129823
190102
750936
275305
260750
275265
730020
887808
550862
654305
626016
977481
217356
269913
359277
445278
769386
573092
966266
942062
889920
299144
693904
309825
673328
730261
731239
226500
282624
415588
872850
226413
505690
623787
401718
666441
713019
131739
468216
263882
600010
994232
155331
717366
178113
414608
162645
847499
887700
942877
789562
691588
242022
397433
815379
729316
941660
546619
769783
138251
862208
642634
264664
281865
180388
566382
762272
707373
512087
230490
871256
112098
138689
840553
729464
216802
169128
792109
878267
870794
734987
581796
562383
790976
879230
377764
434259
734857
738349
204043
773109
514524
660643
937773
696390
654998
418123
372629
362372
830210
417085
147595
842309
455775
888148
485740
486543
957276
277851
364812
742038
826804
760574
304422
531747
553771
496152
866007
288630
234503
970050
961739
649027
544661
813479
259384
199660
145569
532014
462032
789746
849099
423594
632056
218841
311743
117797
605385
182987
209614
784163
825025
850385
458704
943413
296099
912476
439567
162107
201107
488036
946124
976812
137064
404752
704258
210415
504412
663794
642429
780410
453541
405495
204005
985597
438303
329715
917360
943688
326668
940941
641818
965659
705293
100523
909073
901392
912999
262607
877466
928072
650643
823591
818851
601674
228344
523111
712089
546722
186906
268485
327133
454413
487946
345105
353977
826249
574820
185304
683904
715454
126246
325723
681114
645505
326247
590188
546899
153213
752796
424366
895252
317406
161924
714104
819080
204234
151182
445136
564922
152054
613621
792055
506467
101569
951126
674410
741784
439913
759715
425690
155368
785961
651413
736482
431468
791626
240638
792333
758806
807400
216700
654059
124807
192590
282130
757854
210790
247279
202991
675712
213299
630579
381734
533733
546114
332862
208144
287899
672775
867859
613589
642110
653822
178970
292559
899256
784562
433197
691590
543369
240598
722256
111395
179372
728812
207492
751192
839602
268737
854183
515315
382036
398729
797049
815769
844843
129912
923914
946709
616654
791774
474265
172731
359563
467201
365290
172786
251765
612454
678342
609100
753052
314565
534462
746390
943377
641954
497583
782980
810691
265734
298296
106694
564463
909312
822464
323274
939224
660345
183950
469845
366086
558215
456542
539616
925417
721833
612402
991148
334288
204712
600249
901306
419277
948677
647698
362656
590632
959247
959602
315290
224982
257900
321985
603412
167213
958415
740652
920403
618761
824602
304216
884847
296784
660758
424464
136168
296558
850833
941282
530846
955545
541533
346120
374823
404177
893818
551445
894810
767032
511049
124067
805981
582915
260018
323360
564094
218434
964012
484498
737195
702581
602680
536010
813331
177406
774440
849500
373964
625274
790783
804811
494786
246283
150932
769610
550461
858716
235022
359238
539715
646071
297271
345697
228987
457290
483023
607047
575724
447036
905512
226887
963583
508193
662897
690882
585599
351304
540383
859564
790545
245133
578342
285332
305383
543240
868908
669810
401957
103932
843014
755638
563969
140286
101337
606923
497576
484360
213971
973301
745363
119484
114155
622913
527678
677052
313796
927243
842322
668145
700774
632868
727245
279117
818201
932628
722357
601076
516405
938280
605008
359420
693920
982944
399706
609223
589868
797283
907549
617805
684551
652913
637290
698706
189794
978934
289725
403590
906178
132048
885702
520920
578883
612948
700037
397085
545577
422396
898161
875948
274643
417137
235369
868563
400082
449041
391753
803916
246325
299304
421722
744842
766183
959012
357515
855977
851913
547240
173535
672059
493255
959237
192980
972138
572186
793017
283190
931729
129380
995317
807678
304024
412455
857013
986553
626503
306055
378308
430420
366347
491578
752143
111190
257762
711156
282672
113741
563071
643878
101242
149097
137134
960479
242077
923238
446632
935094
206429
292328
878441
115714
100007
996431
428169
770986
982985
868639
977041
275260
299060
343389
666838
951203
268546
824601
576327
451218
752308
953364
995096
753550
102462
946197
627996
244539
869436
974628
993599
889832
266957
872041
819512
180930
782439
161648
851916
679392
930287
742924
854652
229349
986314
435458
180553
168827
174026
570846
520045
740300
524211
429108
493851
526673
375306
935813
585178
158710
910442
492745
862508
991365
278753
595987
172296
961193
657635
838178
640586
587924
581103
409205
717273
481384
658629
711792
550211
732655
282640
884222
472956
620817
313332
780773
147492
502604
716587
546636
475280
540996
939381
251755
532362
132102
747742
518624
993295
405379
270769
547848
893303
665839
857053
524543
147224
515684
236336
597436
162306
332942
481659
449229
853760
608957
230003
815218
925528
760557
361855
400809
301554
215204
466531
647883
161272
214274
980473
154568
433619
251244
516382
240889
817083
373436
665432
778273
703086
715735
375710
679359
948677
671336
128589
802438
194260
172558
531623
119789
833115
707445
334565
948636
736615
701096
596520
797887
729336
576994
852455
162957
642204
368838
217812
373254
556240
783245
151529
173294
412947
341205
752653
361625
912541
695208
978030
920768
767766
423620
940557
514849
131066
189089
463486
767681
704151
873972
565569
433489
364933
331991
410412
821104
514795
528224
194359
971036
225436
245888
958296
538383
487094
624916
713975
313602
320125
605972
234371
901857
929592
988895
416707
960659
177985
694159
728341
782137
568132
207878
129593
747032
439869
353971
568137
854665
696161
662496
739668
821598
722351
697965
273948
209446
322882
801889
337014
456973
407862
471386
358831
337456
374248
589505
212082
452233
283665
754389
148337
665764
862267
991895
412797
216104
345867
880934
970769
942029
457397
624404
677594
179749
322370
765508
203161
459218
567399
440176
816191
789227
725528
175023
126684
999776
664528
152732
365976
762160
807122
414314
427925
583356
406210
654688
699460
566044
449589
584196
508074
806986
208601
999634
800702
344937
765143
817829
704155
332543
258006
434313
121772
797500
509337
962421
711243
987831
929120
977220
663958
650209
305501
991883
233566
525677
646572
746993
991721
996161
331190
413762
717115
353758
413397
517818
598695
178542
335648
216818
325051
407621
551131
260789
119088
874434
223212
730332
776233
152333
707553
440192
702542
913054
346043
750074
438732
806581
497068
344421
716710
642225
658183
433826
809949
971581
765610
322611
964089
915224
439429
289141
236812
804527
449931
255901
592928
487109
800199
283128
539442
507753
623321
155951
334774
783330
719991
587472
589912
131027
831893
220589
673252
490078
468381
397168
461660
233992
619779
425750
963183
873175
528857
113962
591669
878788
183829
184598
365898
884028
367727
719306
391782
805014
689223
540522
588345
409216
127996
992223
440243
859889
212814
927461
263934
581195
324630
539560
629154
758375
779276
506304
631551
308135
520266
223221
186924
604096
221786
366789
488125
403479
986095
693874
208494
675320
148363
610805
898502
176359
516995
338746
850215
543775
180174
114150
938937
318770
467677
482058
977145
246954
888362
522664
455089
322595
559851
455980
826691
681637
722769
228784
899082
622831
736624
107577
298152
784987
532348
110621
775313
863310
263333
539495
407086
343507
467611
259990
562277
835288
642048
539424
982243
444377
962088
437333
666973
521940
707279
407631
117545
430049
450381
916627
952881
187006
838171
165000
785960
284486
175622
561274
147797
338955
100770
368850
496429
468381
528840
958706
303671
984855
412097
199881
429233
288152
451180
910172
624059
158461
317805
641604
402476
668186
472198
355358
755193
224336
334325
455120
322789
323913
916394
370586
476834
831130
553402
873263
299512
896209
831971
417149
881065
158035
517030
224265
346188
868211
134439
870247
840638
352244
425818
243115
920430
711982
412440
589590
836319
646765
944710
973074
784644
775071
257627
261479
606202
711030
134744
719681
607240
780681
950796
402272
838716
381794
526537
184905
163972
560976
869118
904610
727186
294937
147726
561584
906920
374132
965140
657206
834863
823818
630281
619508
598890
787908
780988
119060
412905
815732
652707
834111
596414
603504
236384
435131
799264
576888
434003
863236
951830
303122
767847
679018
412026
729540
240603
232913
103673
119710
704085
838537
843528
334367
372012
356386
936241
153001
375446
263114
782699
842119
997225
379114
359590
147577
628212
158856
624465
876181
922092
576296
179304
603907
169281
405296
333448
223850
538209
251087
243561
242295
903590
987089
390628
275604
343476
240837
328605
532888
403951
925271
288974
401177
304386
548565
362720
746564
607421
887185
622746
443480
377449
616017
947387
360696
921313
194802
484547
373490
345890
628108
515785
163447
529164
806414
339051
686607
947251
481623
219496
351203
406895
322437
566346
525247
771002
743033
271813
292390
544185
708525
635870
821634
238509
497225
996297
973789
592027
480845
347280
837917
922919
677031
901365
452084
483446
154383
138692
430698
536006
172155
595867
756867
394592
976180
282116
165595
719214
367895
271951
263400
890386
807821
899001
128897
305047
895299
916652
711041
290111
177899
548959
213031
754930
364291
565115
238378
332641
517774
483042
768647
589929
892876
525516
798487
783023
707632
778048
502238
889493
949999
579604
779880
671787
392572
722743
790801
201838
639396
501843
391949
631261
864768
504980
386193
229061
884062
438537
375668
315803
735545
144316
805732
628422
483798
518186
411446
105397
296235
727650
894890
246235
221222
674772
818022
513794
397516
608824
615633
850879
924633
821548
482141
789403
240496
682300
832430
124559
120838
208099
254328
756384
166381
874026
298773
550180
392213
524186
555577
588448
251837
364435
734683
373059
853173
466672
700820
250690
889463
316454
915535
814097
138003
311644
517467
278499
893944
349898
217024
914783
457997
371352
585134
524379
245379
783907
888525
537592
308094
358069
940006
373898
622504
588656
646957
475678
955329
347778
540335
758759
478198
455871
572857
430168
581481
990325
608667
475427
254190
639658
390211
526154
911010
789311
864499
970356
573219
753025
421915
695280
111095
361923
969178
547566
850579
530102
923244
805909
691847
377546
478635
170046
733418
951493
500214
314900
855785
922848
604293
923941
562507
808470
450096
387484
597782
314596
357841
984968
881587
679757
594215
892683
855646
563394
440250
706226
907462
277461
426103
599310
555008
804738
669357
202393
670198
983537
331259
525984
906386
835553
363893
382860
644024
713989
670345
155774
842552
842152
140743
724140
435876
548924
530790
291523
112319
785006
897750
919781
962468
323854
519093
431443
128593
102417
533836
698792
985954
679061
138743
806308
428581
402636
189169
886572
930592
759514
942346
687111
515634
897055
411252
851510
445980
756009
143035
372265
541016
940785
206013
503485
264640
625106
748894
207199
541489
196697
805991
441411
775759
844735
247720
204341
161338
250855
990913
905896
824336
847226
593008
339971
744282
818227
191482
104229
574237
234517
376494
115254
175303
482508
432706
253909
921580
181601
361109
377037
278299
981066
718448
954058
739768
780134
972365
801107
930989
963280
620970
755326
724473
213980
995297
468757
932207
186781
472986
506445
235264
663447
435665
224534
145956
768371
378443
881502
849973
553518
258540
942238
534586
876988
810263
274355
571089
782629
889428
502080
659876
510400
171373
384351
624380
166672
667074
470554
167419
954026
790965
302683
617474
226631
427217
577396
895003
619627
458900
658943
173146
531406
515148
521698
322362
325412
696054
793451
922007
499449
295532
581885
909849
366906
780202
534230
347544
361243
818750
328929
315270
609716
531612
746711
736348
772796
324108
545318
306390
596974
118228
293502
942347
533376
715201
264710
758788
325222
958161
680796
724671
167661
176648
634522
348533
770816
982718
510043
132060
801470
738972
261297
411187
184551
908008
961501
857347
146083
506820
977703
557024
525048
271207
413338
958424
800374
578048
631179
125597
450176
225943
664234
431803
216557
298757
680336
887374
195443
104346
833400
896913
743318
908663
222067
827870
730638
183570
599184
690688
504356
490855
161679
843371
662062
475017
715762
462437
953065
346943
402000
317208
472886
966234
649012
503409
178959
243315
304750
274402
247662
138152
985281
804946
860781
121315
632817
591421
118851
145969
196076
523208
536824
257755
366580
112853
632772
982342
389256
499804
243252
691256
717012
530104
571457
366025
933514
650416
509341
238265
738784
570969
190383
724066
375916
951165
745382
822700
456553
764233
868669
552629
201408
319460
710384
381954
246279
257123
278264
535535
570893
421516
226792
287906
765587
612215
467898
699102
262633
791205
837367
901417
362175
927751
539451
638091
792883
198800
460792
163403
776999
243428
616032
878408
376854
240383
174329
523133
311472
266559
958668
782365
588076
999426
970271
353664
611643
352136
866732
688242
143342
704100
589660
405517
545818
943077
857575
252668
141878
232334
316071
818878
375763
832103
611253
566583
886452
599548
989717
197925
766108
862352
794256
268151
861780
764529
521815
387390
930631
302514
975632
973974
906614
565293
293458
366400
422338
151034
433034
464216
283369
649106
197061
473098
395176
708314
939681
195596
221830
843365
293521
887938
705719
987778
156090
567500
666274
491871
768856
510872
694385
744489
484847
514966
223749
678306
695332
546087
643306
128368
910304
826675
591440
921331
213740
886616
543613
153423
982212
665443
810754
189701
553382
516474
991445
523438
897940
571686
829275
666797
982558
523661
411287
467407
852593
535037
959679
547927
895090
602986
490261
805395
343629
981701
640694
457369
868318
184308
424758
764498
749751
235514
854199
217100
565954
759611
640538
463896
331298
469814
130694
313857
807441
355948
595230
660035
704951
554910
121929
600042
971863
426156
319405
315493
407858
860099
586828
190144
944407
825553
854642
608125
961067
622808
725225
527022
382420
279730
804884
613718
563510
749545
741541
284918
105494
336773
758919
624411
705649
780849
224454
591479
207006
357825
806972
428831
217925
307768
518975
976298
133322
287584
584424
908355
