861935
179894
614498
291168
475547
985361
596514
807349
406436
187802
388569
380826
328066
931505
737175
526067
383231
848639
746627
922394
853862
665914
328996
649267
204542
429862
242360
860254
490943
778165
748826
266845
858059
277291
458013
333607
262654
954527
954922
483056
142331
257458
763883
284363
188964
415025
710430
386161
263665
371024
222523
931494
850904
365485
494728
955446
695347
637088
729667
100257
329220
478495
267102
187280
655786
625115
334854
732406
493610
289777
129430
449907
447236
793313
634270
450166
122305
258667
650294
199936
529692
772817
945396
380597
138303
440126
336045
647616
891180
965712
647874
220402
358174
728942
307682
913961
268025
456502
560334
661635
560246
589764
925508
907482
297044
473745
271615
319349
632412
735875
333252
162105
508693
278649
442703
460962
618775
592714
922545
509957
472393
570420
544325
730568
213329
665973
558496
381354
122477
118831
856955
582723
608596
782464
404172
805640
256210
489753
938956
788623
225630
272209
764694
548289
450858
121364
823218
883600
614078
745764
307524
900438
230151
751849
631007
343480
417823
189504
624835
354266
122301
395757
836989
630897
178223
155128
350505
248399
544882
289462
850988
584478
375637
615684
132768
726495
551014
769952
524062
165094
515717
731586
879498
645868
483436
510506
803315
715226
513976
428151
969492
536277
723908
720449
167176
716097
689543
331647
778463
148392
521109
629452
632870
796746
159103
579605
437208
610118
349558
775237
589178
679242
506824
468677
325111
804227
879183
942392
433420
307126
370544
402913
743403
908419
937328
724545
538483
626873
956192
316947
675265
391268
846400
222103
101981
905503
701708
353156
429588
865232
128394
918766
544475
449184
301410
683553
253412
994559
625946
586832
301686
810457
803712
945090
632843
741041
583602
171327
281881
539796
388275
771113
745030
148642
893216
747012
868111
508891
914134
297701
288090
942528
130434
646532
391713
331845
330086
459092
326405
769998
945924
528092
494422
663603
387149
127266
318612
870751
198594
500493
410548
400835
185573
969545
449477
892755
630524
231555
315613
544659
429256
503704
401154
459691
150237
606833
605502
294289
965925
831907
964287
825817
273966
372677
489421
561115
399943
708033
431868
412503
122494
656382
627304
122033
625928
976781
914789
256453
208338
230403
615078
451560
548073
916232
725217
598310
523067
330720
792599
402959
976594
670854
228777
250561
943531
532165
711677
257441
154165
957511
569945
990624
613894
111216
926624
153790
987998
841414
224209
110303
885783
739288
375829
433858
569487
101048
846134
906520
245734
552701
223447
222329
223556
266190
372891
981053
698355
898534
238495
666487
856046
622406
657112
383907
633623
583737
351663
535588
339118
475873
459857
138869
129128
735686
386693
512581
650700
232828
333069
796435
685529
456516
832730
723051
622706
119588
704105
235029
918122
756567
801516
688135
292940
372595
886009
826563
770299
237673
276118
109418
613546
549941
962252
556640
199595
348946
969222
750295
481775
302292
460697
167305
658808
293429
790357
195481
313017
408429
330510
145107
164997
945992
733242
271904
318589
619252
912433
988888
756926
188553
912272
284439
638494
874526
741080
652055
223473
710303
402352
519214
826561
763049
500486
485370
870444
204810
494817
183463
513239
725328
142536
492203
671321
775778
664107
803876
308998
576541
792765
879890
579060
619005
164330
131522
493532
719376
683577
530971
429680
899895
864152
256242
662946
364639
555578
447357
469449
950396
530820
796654
589691
573356
288858
174979
263102
766931
878856
386066
257440
671622
265957
736500
290628
244253
681988
598126
863630
279533
943064
207277
179429
807217
277486
742375
171857
647030
189734
455272
597427
534520
251927
101085
921843
354752
176065
998911
935649
954921
384978
193090
540510
464901
743557
731139
523120
339512
243232
300717
519045
186297
407995
598475
893514
499447
254817
965371
146478
344551
334610
557872
693038
486538
558957
528848
741290
635022
527760
676940
589944
726704
683997
130456
105572
427555
675561
528692
667067
732759
643376
186114
819057
865337
598555
626538
364785
753372
505877
411263
911890
740487
783101
604929
227026
342060
133778
782282
877082
475504
373190
380994
116175
957187
325416
121747
298709
814943
464405
779742
547703
107782
779822
366761
873119
378378
893300
237905
131752
399178
463135
943642
139666
246237
548572
180659
402263
496316
862941
193313
785786
236132
474307
801961
107286
613689
823708
305995
428633
288114
985738
790302
295897
765561
971030
982982
143941
778297
220889
175693
177476
497990
119336
131108
558193
481874
125733
860457
792156
888675
953770
577943
938773
342044
293871
946060
769699
931545
252056
198333
133626
151761
802601
243489
817323
773632
226473
775230
551930
261328
850923
543372
659318
784225
488447
217512
180066
514180
891935
872222
316822
845706
364132
255597
101717
471969
115624
771416
403515
181646
783715
437141
233408
586318
580631
864697
273917
707104
639928
725848
868432
404818
183187
441717
189044
571634
473195
183076
899781
365132
869264
216604
124805
147363
286167
940488
519332
301791
711905
736813
383438
409588
173955
430812
809872
568552
295510
983789
275657
835438
623604
958055
154223
706792
313739
157233
278427
686935
240309
178209
866033
109574
208780
804804
970902
394947
659259
490235
510705
285132
141015
708109
594720
214970
138922
404593
683523
334432
388383
773146
983836
911988
645169
138060
532747
858908
195293
711174
459810
249568
703350
239810
173108
726096
858581
144011
121044
517841
448212
445715
702973
489227
153825
211660
518163
106713
516253
115653
255111
718603
702766
238948
544558
347936
190974
977305
120811
200233
602446
394588
263767
219763
534398
336875
845859
306946
294852
780870
638754
557030
226586
341728
860223
194378
367355
378388
201091
697574
308007
356203
416178
910773
409117
774702
172676
414058
665974
107454
428257
268422
402042
505991
388185
750406
742866
148012
957353
851685
828882
596108
408716
869434
751802
182907
877778
119158
375261
978870
716733
583268
249040
946877
408009
472123
635547
394651
700147
301522
402105
942371
469944
704147
448363
672096
368521
105196
720108
325875
856881
462957
735949
179565
332392
401718
262472
210172
420877
451699
103009
951576
848933
166015
812420
256943
452104
447968
465561
152253
563457
767666
908590
933401
385781
356954
519464
654302
362150
153539
794143
132999
516496
444059
212564
662855
745777
289002
686993
980620
554667
690002
846163
403601
669983
572551
560545
122088
834485
840072
988306
397943
607739
810863
245312
807486
167818
664776
375755
343935
718316
169899
376934
148779
427924
403464
711634
173703
506432
398628
968289
961099
902596
814454
364701
572580
387006
739212
508635
135458
579285
410908
433402
100992
221773
578714
808478
203557
157457
184235
447492
689739
168100
638392
738519
496025
941856
364120
483694
448289
662749
451984
323355
479312
180405
588057
865859
381377
327270
288461
416836
720522
513335
664204
721514
549074
242919
443959
652632
214342
528194
914090
718048
510261
552484
456568
820252
408307
634654
303947
670563
211370
569897
893918
590683
564269
481976
456543
845646
623213
558970
176449
257702
972305
740653
793182
521381
883572
237142
174014
911881
579303
902070
629930
989564
368521
900464
809817
676829
535119
927730
261359
560456
411594
155278
151140
875863
451221
421649
721511
888400
880619
797960
146103
852925
452581
839285
288273
336154
890393
362287
162002
469697
178325
605898
459262
446846
506363
183046
937641
855449
924742
199001
415906
336338
254280
381012
212202
519467
702661
747679
407868
497247
459607
367937
350173
812188
121189
538447
962308
911582
714700
124312
295247
706991
544176
568475
153839
950540
651522
905446
719956
490231
104449
949828
726569
172695
330841
752738
506128
933502
500418
727962
430750
773991
995899
594889
586180
931054
947302
462456
756603
575970
400734
951850
282962
844910
520327
250767
709417
985815
156215
429374
476047
160664
379203
202618
147325
524010
769322
553453
371479
269741
281416
616195
857699
191282
211086
443880
122337
972354
806336
778940
548325
121037
644758
645254
865948
979051
796021
575366
964867
852236
818707
440915
912900
111877
457499
874191
535888
226822
427645
807367
310530
609061
423564
168230
700343
448616
426076
636646
420971
146380
329554
783263
167417
874312
428518
933365
853364
224540
422699
732198
976777
241407
987079
803644
253284
444580
677837
603138
485368
919448
410507
609864
528511
648037
592060
142821
996653
918137
679468
331591
964517
909022
114855
945900
697301
443373
793233
550666
481880
215933
196831
372624
271306
183911
990234
338556
442457
582038
841695
827826
501488
252203
351657
843965
800240
843718
886786
710860
761856
480221
942451
640340
303210
871273
500207
900511
228613
293441
365144
610493
323340
461975
797083
494646
545887
787319
733203
888344
369358
574899
630137
770846
641068
881795
614812
355275
639480
415566
966135
315303
795787
822553
855643
998998
693827
269817
813476
822441
463259
178622
346901
600565
540597
143986
995212
986484
831305
728416
788796
200664
217282
418934
785477
758350
214696
400290
113626
754176
629822
893727
969479
425611
716281
739089
338576
410110
908907
152053
146518
286133
230675
393419
786698
585239
437405
781911
485690
182677
424294
274487
283342
455542
507388
968819
213893
622084
283076
141485
376262
812899
935212
259708
152477
651495
898798
305019
875571
807706
271038
922089
907805
315680
315509
694504
800919
566881
390383
286610
649558
714677
375064
746866
984186
782452
629652
198080
318503
726695
153532
508731
539595
902710
668440
506038
554206
481205
625023
343744
202878
796061
265834
110684
111742
395310
619154
726627
862191
909537
827204
425716
538182
202269
172584
522369
798687
702236
534415
931156
342898
587947
439889
696459
490659
922295
202498
858831
403501
641487
116543
506379
437550
282377
431029
363258
577687
950183
989886
353845
859722
817091
679562
311871
833326
752146
734240
632014
368349
182622
563171
611248
670570
817026
307708
975195
739322
324173
747993
956789
865660
764536
463169
217177
860880
708164
480436
352534
658349
384289
606380
432038
201381
285943
643909
934707
852055
292116
480688
134371
374738
943859
559585
859274
760887
681260
748436
414176
819399
410397
370967
685060
174934
648102
716204
849780
356268
110607
202316
828583
394896
708696
260622
496277
808605
718497
344951
660661
824579
725639
608998
199318
583465
168585
872559
258319
749845
620996
572496
483211
931393
843463
168272
920294
491566
698442
770075
661800
709049
786357
490384
103946
409020
564972
414189
217626
197436
573106
692253
922015
298746
301253
935300
696178
369838
721826
854497
933649
342823
426994
416861
188184
184424
399099
922444
575991
911508
606486
151758
620558
392845
542143
538471
701865
921081
766626
819492
118519
339734
511746
854500
452446
626965
789801
148625
810769
425594
903123
658385
668418
244084
889212
670568
328509
202279
593013
718466
113788
199500
770224
548312
406311
226334
986783
108178
147417
667377
741636
165936
907111
167349
920436
273524
608281
624205
322150
419051
949799
139240
977437
532184
283324
866650
116719
425799
968929
609732
144266
896683
623199
728457
444997
843476
854791
345747
765620
902208
913124
507257
882110
734202
488573
802548
907727
996854
340720
143844
329872
204486
183084
307310
550637
280374
987927
567356
606174
870823
991055
564406
767508
528221
292864
212506
371698
147657
372219
137320
863831
285345
458543
745943
833513
761082
462458
741241
671903
703178
699051
901776
721630
696101
123053
186234
876476
110981
653591
396617
795771
558613
774989
563280
986834
967854
589752
272499
929477
861971
309819
793309
961282
582329
539253
794797
343412
901711
450005
915316
518856
149058
817093
154454
745159
754112
240688
535602
679060
708245
746185
474832
266859
435142
938112
167660
402997
441831
340160
246441
303803
463945
853716
265087
946274
392971
959884
289688
208649
323856
118971
541472
372914
750030
595926
932040
504143
650580
381609
183204
358827
127796
558036
439652
462938
410115
421279
679901
751946
661439
740308
869716
939350
594025
948769
885626
886996
822620
989280
909612
146477
108252
451085
419392
672248
860977
265399
176392
511558
547008
259597
684351
574804
631599
124005
851708
855681
359250
445576
521594
920689
185885
391311
774006
679911
254047
659633
566908
976667
562880
390487
123146
485098
741572
356504
157347
602550
521903
233740
928075
882877
307303
612427
371649
752868
550398
223358
608550
809648
568935
130146
644304
568786
335423
332278
248698
489471
891911
629573
466139
454793
920060
403251
753857
575600
573721
811205
992116
995624
858911
920192
878503
166215
446587
164119
819083
896985
287477
341601
620601
670378
285713
178872
239166
521136
411150
301830
910607
217029
831403
290714
485788
665431
593965
239646
241032
167688
950851
233149
977278
809763
967308
769748
789944
413896
833867
522995
224848
935311
764596
659415
605690
950309
738288
658822
385412
963404
774619
296021
994399
606023
486735
480188
271455
894666
533801
326453
876320
398619
459603
853600
122350
340878
623349
812294
654774
371184
249256
779622
306496
827818
439039
726152
692094
991293
298942
977507
868664
973561
187495
863065
579585
488196
257220
665007
382863
691021
805426
259185
989641
178996
926751
111992
419874
464067
738252
974648
735251
887509
754272
941747
715328
107278
581867
407424
998571
780809
298898
781202
754371
386393
644268
247923
774589
801489
812930
157453
406477
532324
230604
396119
611320
157356
322077
931195
521424
874296
819810
256676
761806
574083
112391
391101
495327
508224
612491
407865
289034
811389
189069
943405
197783
733337
191329
872372
448793
818226
843792
755271
350551
974396
965356
775837
945719
201401
707033
467144
975697
526845
537786
651470
914894
464143
942571
324189
872367
555064
632054
161402
280420
635089
918773
292170
282394
924069
164543
631187
742296
822301
300425
906813
710665
265783
682651
656385
367184
303652
937495
256848
730497
389248
808318
559358
667358
664856
783547
539726
133887
329569
515095
314308
864658
347835
506478
147053
271905
484987
592207
914201
307290
792632
734981
831921
872381
331600
402273
153532
535252
339769
310380
179716
542983
932664
639074
210342
597522
336589
564035
631409
480124
979130
845717
258749
326966
266162
305803
498872
651150
798010
327040
772406
504609
875988
518294
376992
207589
820567
344490
642841
974302
554871
722557
517286
487536
275598
627629
985058
426153
105631
616469
720243
984761
376153
878993
225694
542316
184797
538532
107433
796773
679539
693805
215349
555528
212100
406307
663117
932667
650798
219925
820936
205670
756448
338223
507172
846012
779818
406198
186133
785449
922667
806376
684177
212787
685370
809872
569069
684133
348405
576502
394873
927944
184274
424189
397439
296374
730496
874522
143008
381295
908413
863944
400931
664862
116135
808104
424842
795953
214303
510975
495370
950936
231318
179548
977689
730655
889420
546760
328755
151793
937228
623629
893703
121504
861784
291144
231844
592281
979632
188819
787543
888047
866729
188475
466876
882864
810545
791718
592785
838814
216660
988155
789751
347979
167704
681408
978634
871091
228169
307390
922884
165398
744985
730554
100868
606770
835664
146679
113019
815298
235498
800562
617312
916193
803003
984188
799059
527516
775908
391845
366331
892568
293967
970049
154514
361671
651458
133149
232763
779627
254506
969613
758991
899491
614135
673826
420229
449800
720505
433248
179065
769969
147777
696377
600129
764746
680567
399189
292263
370442
605000
558595
263011
798967
528645
317526
974605
994069
264641
121335
773697
419147
990949
446655
232606
605085
120482
552835
868851
654953
800049
947917
338889
761792
644295
839019
526539
238829
152175
718803
509271
657176
191365
586249
370110
533976
717741
344716
528046
882382
366052
301744
215497
270968
562365
262069
690019
496814
628870
558871
965733
428920
420755
304624
104679
965051
957609
445184
117847
923750
163988
527119
494893
169319
927334
765004
603295
645076
109721
131342
441425
289739
247052
556922
374673
709418
632957
964692
206233
261828
437531
985932
590748
758286
204523
509393
637304
162133
854578
655152
899850
832532
996237
394744
901852
923572
159749
419114
568649
983436
450457
910074
187142
597509
380964
461816
220894
913921
426509
241093
175751
764040
227027
580465
436294
331550
903825
973598
307650
758404
542717
207501
504903
538955
502245
320722
462528
475961
639837
845143
459398
990294
669185
546540
501770
864115
822322
622665
692003
248833
677724
767754
826839
804751
262187
263134
950268
979978
150700
257919
738383
593417
365420
157253
132374
681631
377976
408868
157593
917813
254013
430957
822074
823198
791464
323845
601280
613787
760476
293284
676586
438202
875005
503427
242954
137193
580527
193223
931137
545193
265108
583487
138612
444494
640740
984951
126127
918716
393820
997685
836530
461799
428644
658605
198964
134075
796417
700244
561828
556894
893529
238416
895096
768535
555809
952017
719694
950302
959206
650832
495497
224316
234320
534109
568810
775060
433027
508903
693778
726847
506590
444275
188648
749200
916847
287612
697241
627231
887857
259070
184126
781387
311452
893189
463889
767261
759173
183584
631531
718380
734416
127029
756662
868736
475104
239440
557763
808131
648343
165508
534979
968899
423750
537593
632066
340598
639172
329308
781795
440996
488379
865921
136350
613797
673077
500239
381060
346217
583823
826557
878564
232206
853586
635227
100943
242657
774667
558706
950788
336978
538181
399734
305878
861931
751294
751911
202530
390467
981219
798291
645429
383565
664213
681779
897363
251258
182019
192390
497475
579808
918947
376040
712014
686500
825234
712957
829157
513868
185630
779946
750846
623811
993646
870691
485743
744941
622603
502239
949374
517789
300531
594804
801355
778711
276584
698719
843935
272569
705075
255377
752377
624023
445384
464392
310524
270619
991315
953647
598453
990912
733594
263267
528690
641207
947924
828400
386150
484494
244606
249491
902283
359104
744296
703639
951781
834846
316325
795717
921382
835366
951094
673760
459390
310445
952119
583880
481064
857401
537528
893484
762280
185089
156752
290972
640263
104677
933338
926413
489171
177945
989870
391455
437049
648133
909061
388831
482981
139353
998514
404364
874720
863576
892090
248077
174022
758176
645924
469053
529545
997418
362538
291826
182509
419290
396764
722772
337933
330103
563152
727104
408049
466989
932525
659064
115124
755553
861862
412071
794907
860377
630401
583594
637920
522492
645637
711943
194636
291562
994962
624181
288982
271467
816007
285457
504723
212773
822195
742656
356842
299314
383727
664891
666303
316253
237923
681427
971807
999785
993498
680681
774129
537866
264276
412051
874325
809913
937960
968961
915442
846889
593143
118391
118357
323117
303848
523080
349856
126044
179703
606699
325358
463430
185557
805627
593649
323480
487056
565457
237232
394521
160105
911362
746354
324381
237380
620680
948261
989306
589642
777670
836196
996751
796061
768519
233835
999909
291600
397658
939919
285269
904357
179244
562665
989914
884871
156315
227362
285894
535739
364594
494382
595844
189923
240737
734192
327303
675383
596420
316610
178992
374091
966772
175744
170153
735292
223545
984028
840858
521203
837914
126128
425561
917158
502759
329443
715996
559075
370771
815857
994814
635365
224206
504625
639255
278909
238818
866558
854292
735238
997135
933284
109330
877874
922994
993448
613168
146540
977477
367993
481710
815392
308088
721237
646517
710847
864646
362515
269923
235418
992338
178704
684750
216545
583330
324006
395454
722148
104531
163713
371354
915632
996997
380684
793508
833958
374134
406677
880498
265578
588636
276175
980971
796724
897413
627489
507573
762060
803970
677496
811445
796309
670167
496196
826820
253498
634168
136241
789612
638699
199954
160967
554333
110918
355618
261808
844876
543718
482451
639342
709296
971087
815517
690268
767813
626897
231725
275387
388959
849661
766849
114371
559938
437017
510567
386759
590515
144736
423001
380129
597401
436921
355062
965700
447840
610680
227509
292717
154399
609960
832059
763696
581049
561544
367931
348863
188442
413622
438216
391367
177251
205066
405738
637189
456050
730271
923948
946565
775007
260916
240661
286376
597838
409690
252077
859644
920370
379587
152362
888736
889547
798388
566399
470597
359933
748296
633426
362341
975885
971642
653709
153137
176710
873413
690326
532760
603686
528241
393292
292660
603124
447920
479036
200963
757610
631114
874573
591947
910701
840901
480684
800249
639290
861049
184814
813189
609347
718240
989497
585233
689884
643207
638370
680560
430587
242663
127287
934273
670904
334545
226935
274029
596431
519937
288958
354042
151052
163532
759956
875719
818400
154607
589936
457691
915657
674750
184848
438971
306957
174346
838170
810807
631519
390507
491368
962106
533170
432621
810347
118041
581133
851248
292071
177565
371186
394995
345574
422239
372494
105531
297959
190895
160138
701861
462552
889761
376612
547400
328733
583570
535712
980869
308344
167232
371377
613679
943305
804547
946300
753653
822589
527434
604902
928626
518966
876088
323622
764540
212294
510082
770071
324220
600977
744175
926081
963530
547904
216661
424897
690603
614197
860610
671474
822541
841808
942851
436221
785114
661366
296489
452734
483956
637889
871602
326549
156856
661658
464137
821396
773952
874220
505434
912138
389164
249611
838221
266661
611481
954882
591559
302085
569080
366136
873559
391622
207945
730378
641810
807026
391745
838299
173727
689667
476189
945330
916216
533046
606989
380354
268409
294908
168541
673844
207048
457706
737421
859235
624367
348903
814118
129893
550988
297165
396029
338515
502753
417941
968893
144564
224968
360639
882863
298695
864272
273020
157992
780489
706066
578947
974809
874475
773856
143352
462286
880904
415024
199708
740140
939391
448611
468225
883251
813566
579356
279281
152082
982109
597222
934941
940640
636156
209547
737470
834852
973819
910490
806810
668275
530523
385759
643085
318966
159616
600403
681252
854486
915427
780961
508593
768786
143539
790784
652038
857105
370141
831319
823153
266217
342509
672061
206858
878665
781608
844329
627484
755428
668786
434296
423704
199311
634021
880756
418277
693637
481160
999529
462090
310555
694457
784649
979341
737997
575434
545346
509069
759541
290632
246190
925758
533141
818251
132618
325774
599861
790913
853258
269256
459700
201521
506927
559011
735542
301650
791254
343146
682810
790785
619202
807331
399209
403852
700639
137207
793252
245986
460243
552794
436619
606433
478554
783726
424685
425138
923466
838512
216052
776726
921735
489718
792213
428663
862696
441723
630313
653951
598835
227090
358703
218039
934422
657913
435857
549028
695120
229111
695015
969329
595871
945600
575763
888391
643293
814415
313530
566761
652928
343548
257454
488630
733267
949667
817293
509930
305357
361573
163882
804193
402630
336552
922232
251019
894465
358090
700047
503552
401167
309029
472883
897039
168596
948646
699397
711890
763062
912928
192618
329958
170443
350072
718588
717676
213706
449849
227607
419064
625388
205456
223258
928018
442008
959456
993003
336474
231513
607018
653992
446647
816047
126876
257653
884644
889489
857050
510501
566518
683945
603119
796476
754389
853191
429032
472066
880863
778881
513640
299928
318236
619096
337152
160222
875070
296609
153226
125511
342089
660244
679503
688736
390259
706380
846389
188870
509836
703440
599371
976354
387387
116457
686798
955742
783614
115831
341775
664478
708678
755415
864407
926914
288478
115526
987136
163549
312136
954329
189060
554225
528540
682530
242962
732765
302877
903317
821635
712713
606758
334973
603034
894145
351430
289833
849888
135045
219630
191665
613490
828308
761046
477898
669190
863491
493424
570293
841006
619526
524623
844033
987717
953164
526564
144646
685930
729441
947963
421533
356121
554723
570472
859155
362835
735869
148990
126691
684880
182586
132322
298371
910895
707334
590235
580086
570826
897626
150380
411834
517153
488970
255868
418838
356101
682432
463484
855997
325840
411449
277531
581961
780138
748004
355083
956939
483874
404073
897596
168755
486660
929918
281093
311522
637254
771328
705574
122047
668955
669920
433881
100076
158891
503715
418914
328958
100114
782398
184957
325954
107814
362488
721881
701918
924458
976965
658859
322299
295005
556456
305021
681665
400342
486114
807153
851562
257443
426694
873609
826399
996615
221458
826475
969472
625173
245390
298432
625288
841754
383389
765208
849569
559843
487091
465454
484303
464057
124314
706602
659062
494737
911623
254695
795079
311704
875814
560608
469148
302510
434218
209514
213092
469642
849955
182565
994816
909311
294963
534071
751066
578352
213246
514602
952162
600337
880057
436466
878360
818337
957034
451390
313075
782625
520051
922120
994329
395866
482729
463478
512342
730914
486958
625434
200557
336914
621966
109340
246226
816929
457377
811259
309249
570624
325862
261412
984927
119886
597878
863289
838224
468879
228646
965265
251505
648697
887387
245836
858529
284083
523280
284839
914997
910239
810273
115556
247154
346206
938861
307347
163137
396240
118607
372386
866864
344469
533798
851792
278322
945642
629048
116547
414522
757694
895778
479994
320358
697132
625830
992854
881216
149111
277694
710180
873316
901933
725736
934437
248141
664599
241785
225244
874805
260392
411596
741670
418827
845394
507429
511115
705003
136479
441628
933491
708139
337408
413486
928498
934540
939316
835319
729723
902394
926979
439905
689677
828913
979607
624115
891020
558173
679866
930230
432979
840258
341827
174650
173053
101188
496046
584168
706191
532525
925797
639684
154631
177172
953170
897095
111713
806454
732415
655403
622815
659395
995308
312493
402276
974916
836609
207263
533091
430442
137495
866070
270702
293288
854687
257721
294477
350734
655855
900668
697225
581653
454319
665822
572791
321457
562919
584505
941877
295335
153875
564693
768697
149184
777186
984939
938066
527762
192203
471158
858205
143664
251196
942873
336953
919849
114561
445396
184550
670416
346065
695741
166037
614351
361564
638828
749774
824483
137300
691652
933785
191175
256346
616449
154325
847498
601389
992392
289228
607558
377517
961399
651223
442679
818239
802142
276495
832800
247539
361045
417183
407570
870752
397186
835887
232318
936015
585662
870767
887281
277315
718519
892423
433661
334969
946748
195127
836358
853107
298321
357884
230626
259721
909107
487271
891926
625216
663767
724727
686721
838778
955876
908257
709532
353064
744146
755816
203046
329809
540550
904293
507125
259071
796717
754752
494040
657433
763845
244366
510541
962166
502250
555133
221888
325324
942405
927780
764506
606173
652508
451228
358918
522352
359486
882416
689382
917598
638233
706394
247409
992750
610688
654534
251822
321373
323253
559828
792772
987099
618160
303314
863232
934376
758448
899087
173667
614820
826868
838173
134960
393344
203368
393878
815696
462855
276296
419045
380454
728495
125440
441829
635212
550094
910329
787034
685433
233584
260830
478206
134650
692956
681521
897882
627334
353936
796970
701001
782722
623840
453142
731648
917184
556510
125527
646847
833331
215789
965892
127753
758251
905298
469582
393464
455393
379913
994465
140828
427463
169262
433000
376079
762218
928487
187928
303519
196390
884899
818487
879112
422706
271630
610761
253857
642106
550255
800704
475439
580010
680563
503192
338262
585862
786740
545693
855221
980619
540159
810015
322049
523387
243017
598128
285606
171505
686057
403092
267896
484923
221580
960974
721595
307176
571737
875452
849282
935958
590123
238688
515969
184653
641880
754232
670515
342588
213892
439703
323208
654051
249720
545258
177439
392737
143387
277011
378208
643410
494069
546104
942299
529615
507080
663895
736791
892783
453314
500041
828742
857403
638729
344712
942056
194577
912910
526538
437165
126803
780208
660373
594820
929928
205632
586225
236632
162986
677203
514840
620362
171273
960945
562663
600889
381992
140525
251647
274776
407806
651688
917484
179176
204385
262197
935199
298962
989074
461738
636127
115878
155913
210467
524665
985841
316100
110891
222474
293052
688094
637315
813414
673334
512227
290044
274224
794219
330570
339837
882961
552342
805492
800446
631518
909877
962643
566718
208840
865684
842423
658933
881563
898336
769400
320195
884179
899466
331086
920619
192519
833147
557935
819900
506482
884128
109945
594672
678348
254481
834509
475276
620789
640002
275723
252309
463846
152334
719027
486652
918018
475417
145586
713548
373755
728953
933743
171901
628420
178797
992520
634906
911944
464423
368773
332393
348552
292684
741031
840867
361132
575541
316144
881921
129511
405834
134231
407323
372134
667225
793976
290153
142643
753528
817668
330364
482482
751412
402265
924869
744175
308753
473742
656120
587142
742515
802479
835694
849165
543511
590528
210298
933019
720639
992220
962530
940439
940417
369854
312574
521609
977796
416693
478219
731326
234362
708583
213809
799741
924815
952644
543917
147535
426387
114005
634677
982868
816484
384338
832035
273963
788833
942333
206983
509473
848520
983479
363879
702905
353334
576453
224515
245098
807112
516700
876424
941475
139251
904199
655183
964066
856845
113067
925567
197199
127072
560245
994034
757523
758549
826070
845452
547383
682370
952435
870822
444858
935915
234702
147764
203216
625121
186245
348314
432235
602946
138705
287677
642197
942905
842860
520230
713717
855927
445798
724882
796966
820009
718917
468456
578559
544988
313909
939909
141326
180311
810732
486184
116227
859401
447914
133409
484523
534159
295690
816758
137106
334395
104436
679303
277301
761262
113500
804984
531157
459298
529868
242090
193274
248786
610546
585800
607741
738421
525710
649067
818732
250409
949217
748925
109811
397132
696300
408301
831291
891990
139026
782364
226387
957428
461668
317654
718691
389135
122640
249849
748433
552508
391939
755674
615260
816451
341475
223002
468839
767185
772069
201538
831560
721287
850463
755338
118420
460731
977605
763678
352722
116632
546043
393075
974060
821677
610730
692753
210813
547336
756568
773213
999844
962474
528888
615105
778926
770363
652074
247767
451515
424144
349305
197042
959398
113736
852380
891784
388433
829986
655463
641155
760585
201507
934231
734646
923185
458928
341366
947964
906264
911901
721178
820075
874376
250067
349147
567269
834396
901221
629002
199878
239333
792274
296921
198732
719976
963267
904482
108410
793255
559947
649565
467807
575420
497763
202454
498606
770657
357787
446572
676922
269689
167751
410964
958031
231785
660112
525301
880147
475300
154305
980026
614633
846579
190914
627331
566556
154182
445781
574966
761403
905728
138498
229211
481149
450228
331666
793722
220886
503419
240295
711775
673108
222012
122740
631140
267763
596818
970407
961877
972119
124713
941904
500719
785258
132819
942017
351815
100967
387799
740747
762371
207494
779246
891582
588643
143441
137215
296332
264327
540634
350593
790068
127709
386572
812809
572815
554335
323594
543224
516213
209680
481903
372084
610400
267163
318869
466384
432944
319837
668149
173693
982208
775643
766905
787757
278253
810346
738939
474586
888639
279574
725179
678709
221250
111752
405485
608031
480054
629079
965221
810233
738760
447126
182319
263127
528255
401188
543477
861199
534991
211627
934892
517200
801236
615764
218925
979489
340077
857864
368042
228718
951404
907188
721393
172655
918940
940844
594653
312961
569924
559875
123196
222651
907001
119481
299744
435257
334635
743221
210424
769627
768814
145317
200794
570051
575048
319719
463508
815125
177584
731550
857809
942955
638739
579203
929576
471647
520048
524230
684608
903939
984106
621770
940556
805074
641251
240302
154299
789853
883523
264723
559481
652339
224006
574241
136357
699054
793961
499865
428147
785511
231417
285957
728467
684122
679127
572011
155770
199176
996241
654345
917081
894314
190082
857639
699390
645300
997941
667655
435154
795431
746344
808601
361737
870350
382843
398095
483372
990770
797960
811519
776283
843343
911442
418717
527467
590570
890728
497203
603713
800937
965514
520795
695252
155598
292401
308609
700898
204309
876264
950018
813707
622609
672586
175445
406927
955429
387506
704265
946201
185468
515785
636451
842777
341194
869134
370245
831765
673830
767449
349445
388734
732964
684206
983986
702528
876608
206563
317393
894883
982827
267412
708591
519404
753964
698003
740297
709395
985509
444563
569563
984943
774314
206015
827722
115509
889115
197968
761240
476912
779383
110686
765646
426315
694893
749634
128844
485468
856197
260204
380352
752991
341582
902910
186362
995547
600914
826659
704943
500390
185189
274507
485335
859503
294488
227024
875013
997569
324992
636254
474483
918342
646941
240130
258624
255801
803730
287468
641269
573894
361638
835587
240853
603221
738498
327215
598769
253379
967841
217679
567736
153031
306152
953071
912535
414606
180096
701515
412176
319054
337770
700625
151363
798677
840756
309987
868444
558453
411422
509714
132349
673060
259269
187168
190248
811733
414383
689017
965113
296191
720662
532850
263189
926814
399888
989690
255387
393950
691206
567564
613004
842942
182156
578334
555587
922912
788321
424032
395333
199744
747713
341648
686771
906982
428816
777019
718716
657165
380004
597796
853357
100667
944612
930512
841448
344501
920203
996835
552417
525376
478366
979388
282285
560523
557723
651838
397402
346045
975871
692735
359756
723585
934383
860493
544534
277166
637513
177217
834332
831483
675014
601656
832151
619627
532169
587566
778095
366339
584402
330513
705681
962769
309902
801932
437259
767625
453772
734661
927637
429644
341364
201360
967195
275748
961853
425696
366881
513333
502913
201214
344818
177928
702870
990935
611522
149006
578502
389618
329311
976870
534097
934992
853606
744000
650891
290866
425592
104664
925528
353230
348274
266893
368556
229436
356607
330410
555132
537454
657710
958046
638668
816494
949940
255505
807430
475429
304511
299899
679013
447788
190736
213112
382781
944343
771078
847639
235210
196671
852303
974704
363868
200579
155564
632424
330015
326138
776801
699114
763592
434512
571127
402262
164973
521068
557767
786369
810464
676245
986268
489478
124034
177005
516556
320782
935314
287635
168422
170526
384307
834691
145231
562141
935270
114762
194566
179253
340900
785333
778367
104493
133812
349495
320721
198785
684529
692455
885154
494994
282667
785389
798439
220667
776361
314996
441449
711676
502632
423837
696168
700905
258530
741400
263047
107767
670128
271579
187020
911028
956913
865387
829487
990725
128849
964175
103478
713379
570597
802598
208374
753264
587989
820779
873931
278317
135777
229348
889993
538409
553185
586163
153281
625681
241530
316328
547415
811658
487907
634435
636653
358787
413790
380107
263480
356605
344283
266958
969984
814880
969556
992325
482111
471512
813105
356044
649829
848882
485392
453790
301258
852543
853919
354539
392192
995449
484833
839607
721074
786707
388009
271694
145495
615765
465767
308975
872371
624017
389899
756322
352864
273423
748648
734976
558901
475721
904986
122698
238570
390379
476488
439829
156889
244374
608334
363047
239824
993168
202655
774864
779876
404631
860524
739337
920396
326292
948313
792768
850309
252179
549092
203175
339568
211707
752117
798470
587428
657104
821168
639965
861449
211623
979794
918338
355997
502095
195353
409787
495264
298008
998617
189107
516605
859142
828445
437003
999400
690725
143738
763677
842904
506796
780818
996439
532470
532936
794910
933864
104007
530045
573830
865456
555634
467591
697761
811631
869687
793114
135385
278918
905089
134003
368026
421695
807111
110438
672664
720478
701163
716403
484156
458034
137166
178941
454474
569636
611877
163351
503502
615884
593396
977332
395307
962996
444925
993069
688594
228579
786184
723979
407497
605240
671948
589489
926936
393026
599927
599601
113506
301091
229971
411628
659126
267138
404536
927566
736774
916413
990918
240277
446265
498281
131577
655538
461279
390468
648608
963839
519047
348760
687820
740510
854000
273735
330001
694903
566762
743894
294506
494234
944986
424477
719828
518079
591615
124365
359612
242357
854745
350531
296600
214977
662779
328177
770515
938024
532611
333091
901864
865624
581851
503651
606136
349818
677387
750103
944722
158116
493998
239229
466316
352951
477672
100111
684996
883254
124477
944609
939577
793188
209107
236178
908165
685852
378322
592647
537843
810933
825738
439709
590525
407590
843360
110628
571375
434714
760731
516098
492830
168696
569293
773112
335614
946965
773224
834576
744186
797701
693152
683764
504856
716226
733909
413022
402079
112232
819635
839923
737131
645375
193599
327657
866931
936959
338285
438307
285641
912982
768371
678471
895645
337665
365551
231260
198598
138776
965836
842784
836477
572956
440516
255300
289183
174426
568322
591262
100624
387958
345152
737755
847299
438751
879379
714232
289678
131631
966505
475319
944614
734878
967756
840260
972543
333308
885486
171142
286050
765289
827893
122528
338246
268410
191794
527429
256802
660116
932658
257426
862041
191777
809147
709341
530529
688527
337540
634173
720159
304047
923458
578740
938925
805181
332967
825435
952456
218454
810544
238507
797709
638438
175002
949922
720814
266796
477352
791582
740879
323977
949008
602921
415755
758156
226229
760250
360651
377736
308390
894776
581783
231849
473517
434675
850996
706484
260111
803453
738904
970655
941961
450580
523060
930929
400503
157841
197726
691822
849423
838605
915799
712398
355493
245521
470556
395689
819737
645173
673425
128128
539950
169175
173943
913467
503850
924940
533918
577927
642360
186789
462550
584322
537369
885610
429218
751839
857418
526945
443662
706842
279517
273428
419242
535011
332916
703764
830700
152654
262904
418092
994748
702854
487267
168692
530288
891117
907598
964206
383011
549960
964961
745561
948248
416297
545139
377468
168137
402558
718379
511799
923366
897896
599194
256575
346874
832110
774305
991540
798730
937209
409633
707445
640064
796900
690104
984318
601984
597703
948525
884996
961629
827453
544524
823845
243752
989663
115280
311889
392222
733659
637655
229556
545522
236850
386131
792397
882926
974403
697904
595623
911613
921504
303070
465645
632371
893174
449964
234357
404844
312457
933319
366475
139911
477844
104287
283663
467509
119567
409519
673697
667192
947174
717219
212715
997990
103352
819078
794883
891721
430950
390507
803335
352455
507543
182947
884826
314684
532912
119184
619529
659335
866469
799970
699246
258281
718223
796876
625790
737790
206396
213454
404983
967536
830674
431664
965527
747992
250744
674377
639714
581694
878850
357016
834149
386395
439964
632942
515045
786842
566093
134575
446178
432563
748511
145425
590844
466735
756267
130601
118492
862663
244056
423475
744166
888696
755140
709694
550655
819850
298038
190370
315511
176890
447386
963626
377251
701316
596569
792296
488159
162663
740838
834337
409193
489350
793729
900037
770052
549997
930639
788544
412662
988661
125987
970794
791324
695093
594456
341980
514944
792494
432350
644421
869384
693702
608048
246636
395020
118584
852899
697145
181248
593738
531484
490441
983088
325214
304445
667107
775211
149051
455653
101840
951678
481640
972635
743003
176734
567092
984983
505644
273553
331300
964031
142939
838969
572080
203541
147956
590664
956440
745101
585878
464145
190552
890285
361201
415766
194732
928308
104945
157749
383962
920750
109429
679568
807352
752432
670268
288411
651383
989878
461965
796649
953910
418870
635619
439957
436377
597541
844588
306785
342644
430467
670930
433196
234720
932131
662929
329452
860441
581840
387201
158370
502591
310596
651905
309945
963029
236140
498356
528379
226020
774287
325029
993896
193158
774615
433855
529536
372157
278444
650287
528767
522877
321218
775930
657597
253351
352826
801015
927758
834666
102184
986128
337258
312780
552000
461169
189776
688141
773492
532121
728127
547780
757151
635990
554905
445733
969845
898407
631856
162256
548695
160625
499100
769913
750521
970663
837230
103348
771680
764989
838014
687830
665085
989238
900610
131052
364375
904353
719193
137868
436475
361287
499614
107593
897278
868485
367292
781090
766893
899149
757313
229555
873740
256414
813435
624262
141044
650666
627610
812724
329623
379591
414521
808674
368830
229099
839726
547171
133453
472887
585039
383894
648140
898620
305454
545419
767106
572746
240477
447967
471896
897790
577522
345637
154205
304924
869899
195249
769557
411476
821940
999180
691067
150428
721821
873864
279527
475514
421036
226946
762367
820042
510841
410509
718663
716295
769894
399736
289042
910371
661669
574905
808162
153159
820542
776333
358083
604409
785549
127641
915885
521456
940787
606954
571884
662609
394785
665378
952090
715821
792324
714458
535864
303166
938933
168494
833427
622795
382197
936436
533167
943866
511342
255297
997025
331885
845596
269076
750260
545112
296717
666147
880534
237506
187068
452420
714081
481853
931764
666172
111641
724089
294598
461472
841222
147498
529966
674650
670293
726129
611087
117428
669997
936395
272725
580989
182248
932287
750065
832508
477401
946783
498656
357936
998255
499690
624322
712337
795509
556087
292477
807151
194144
401041
268624
935366
448539
612556
523983
932799
338687
135072
950227
822650
885433
136919
317606
967681
969206
967672
800191
360574
828422
212814
532477
740644
612505
970765
452982
321981
440820
559425
129133
534964
860466
211723
470331
222973
638246
894314
155773
790899
843352
106001
613550
642753
956885
745122
610435
926092
712795
324593
200634
455184
437408
547077
195829
863879
517843
462778
999826
772629
836169
128961
307594
610603
154650
591891
733576
692896
400173
703315
483796
157492
709316
911312
700245
666202
656436
224648
506261
283198
449241
520861
552349
700615
967938
562144
478461
399749
838888
392255
172379
675059
421216
293940
285663
389832
699797
833205
982729
999970
536521
380492
971429
159804
291806
585641
639972
762208
624255
146234
859372
887463
481062
411722
588079
449001
873867
880507
662716
626722
272763
735096
301782
507945
843002
401411
797777
542800
148583
694473
456738
585104
888932
342134
558874
994704
827775
198847
756913
452032
159048
616286
339496
540110
841975
741541
803077
629809
536015
465795
256532
622744
114858
372281
944655
857860
673692
656400
314627
636242
350874
671365
135313
239807
827465
594188
234512
655242
607001
805391
921240
666049
335645
174703
120126
177621
730210
823204
621396
266227
289000
777928
702937
217824
964175
647594
975684
551835
303995
290312
188078
468835
775644
223391
522609
603110
631545
571087
172319
238548
376480
907525
718563
526091
982228
738690
517678
712440
561895
139075
792633
664861
730969
495571
782685
609112
957131
672336
160948
175093
776614
249026
457895
552259
286383
880504
969336
817929
365558
955621
870443
556004
777114
589007
982095
673309
327698
499774
385750
703559
452815
992349
368421
997751
401888
965072
606864
359020
637409
667812
348080
414025
730804
705975
780250
917187
500446
663553
649083
766004
533142
519527
322010
310257
108536
304106
883566
250200
617847
183284
853760
884628
175634
222182
796346
391488
187256
317177
650509
724665
884989
812555
952656
529760
518531
732908
360915
918977
396462
823964
684982
743570
343493
820958
953827
265995
939031
751361
416195
470845
834645
269956
355474
824245
306105
965787
215735
307327
282965
680210
845958
981921
492766
798616
511682
911297
531525
686563
744241
741953
510529
343190
399491
754022
164150
353319
833983
103182
104681
164145
474027
753292
334102
643467
577539
454173
609255
693274
661500
706187
373485
507459
688109
766251
220042
199792
591515
565533
786356
335757
307488
296886
492913
520945
864874
557063
774264
612824
474211
692912
676969
762204
446205
825037
319639
837710
279211
742860
530985
840711
449048
718436
262138
137158
484688
382180
150917
890169
847714
837273
139893
969168
948125
532807
490114
726966
903836
178345
339791
292015
685223
916760
868185
131430
741799
187825
869140
834976
830686
314093
589655
193701
932529
751793
230860
331185
947939
281777
221355
709620
933016
261249
678789
795108
608022
982869
436041
425825
975181
589798
617840
660405
420525
486027
691835
976290
487818
474943
811268
318505
603002
400924
412207
535532
966683
457033
680683
828589
552776
802039
538211
399759
877254
130967
194868
399243
927803
444875
725068
902985
934673
342910
563391
355199
642903
169194
331491
130722
458103
142760
349228
961105
357650
575401
410604
238300
846400
991288
966889
399177
707294
419067
698936
584549
364001
707770
883792
291805
152646
608861
194791
987319
765737
572148
256485
408641
555308
487976
439364
913411
444702
602558
788483
702352
991925
199089
754618
752292
104344
635475
151470
711638
954542
664372
210154
318544
286109
907912
424315
338755
516774
433072
240041
196479
819187
396526
505120
374496
698469
758450
287909
143172
274975
890358
659491
266901
903413
414110
919193
907757
949585
884629
533362
818095
462968
643516
950605
649077
551429
374922
801798
882170
621960
855805
978649
441148
252333
397736
715645
850802
970153
817520
807940
245129
707879
467432
325997
611294
781543
245191
519052
645095
943787
952415
463191
320722
509898
413798
869800
961328
602686
585565
757465
224647
441372
736115
565796
507671
947817
195408
272440
917971
912928
980380
163102
620808
447814
389099
146069
143324
448256
479088
688419
306010
345470
151612
526733
755368
379376
310500
630663
882062
796065
388129
920675
151404
938210
400438
473041
799995
495846
645481
631933
408775
539829
609001
843550
801609
812066
803585
844933
260324
282674
447319
380300
528144
412897
807033
197480
606239
117534
728143
488302
727566
930239
322945
778970
782416
623383
165979
582412
119231
711460
214347
341972
165256
723348
999488
866865
535416
803075
625765
609706
985749
973085
803972
427861
299949
611007
525341
806189
542507
253485
208458
270074
997690
431403
863011
780108
954787
842956
276487
887984
554417
304800
229957
533640
842115
229447
400506
377532
932522
840238
801204
832238
727290
605177
260100
927239
130151
685441
733429
572659
752893
755854
656699
750584
187258
433677
444659
956011
276634
535113
843996
645018
739913
973954
178659
582029
203402
393131
773527
949890
147336
488698
782129
774626
993876
856196
701867
937993
541638
349263
424619
208498
105118
981319
773049
106343
328963
217709
962354
419564
652822
806352
964582
306703
780307
957207
788732
797675
264305
562261
661532
311642
950959
357628
986268
858802
213825
602102
710763
655464
765332
135383
677928
770450
116703
450978
690759
259633
568688
653115
579197
135477
459468
457746
342180
153742
328920
944879
765383
407191
421107
426916
618833
286033
684544
519069
144837
712336
121172
755600
281767
700470
704949
859695
470922
635619
310675
161682
795252
693329
628763
288416
728806
988231
646162
884953
955939
789048
743799
721323
196240
164907
962205
715074
350940
560717
148110
309743
273054
983247
879309
454821
683719
584260
228483
968607
219880
439158
944255
829098
946453
573020
117515
589227
475218
663677
474181
431159
366692
131947
966448
462932
196854
928655
991972
361760
489373
140083
571504
576393
123332
364780
845180
621017
849040
973663
589625
882886
326789
533881
711985
273243
106902
729500
762470
396087
307144
150618
727246
573836
182565
607661
936769
193385
536317
842708
455146
839656
882792
840616
330016
820090
205397
989162
441108
954438
962827
930733
837325
203583
464615
463278
290792
385484
192779
867229
681571
399924
831813
322784
787726
828345
830445
724496
921730
280730
567206
376877
934352
363965
131460
178336
184056
236858
167499
439130
191297
944292
283830
842588
961841
562411
305867
252635
847895
312613
119865
443433
612537
851678
580183
400264
680024
324596
938727
515722
419292
419900
706565
267611
597831
738026
345947
595853
874884
327413
934983
880147
271706
218814
636702
233549
681225
842570
300150
443088
155184
320015
700487
581687
985659
280672
795917
579651
505268
648611
909339
824560
968511
615905
906137
566343
267898
252086
976162
142783
479499
911146
922930
565171
943926
473600
698720
625153
316171
898870
882207
285321
132852
582695
680974
932478
763367
476892
426096
182602
125505
335436
821128
907982
765307
727267
388293
933206
793319
364456
975989
272819
189570
812887
737990
133497
200454
350678
572616
416625
163515
454824
515912
110334
851486
196887
942812
528820
487745
282875
611423
427216
518311
346518
335200
197585
973785
537459
130792
767105
801915
920748
853890
805451
647602
505848
838949
748056
756526
411566
978647
734007
680357
494560
744341
531844
505413
601120
960664
893158
783995
572088
234342
216273
732573
469542
313859
706359
820967
344651
387432
536849
265400
155289
342302
726968
561137
181252
475025
231630
406784
453673
865638
987141
762199
523946
518986
267613
125068
479652
974738
809063
865706
209081
925337
598280
492589
153163
218607
227523
397814
420005
664372
477181
475294
906674
204150
936432
901892
493142
982028
308678
760781
847667
209786
522982
371615
628773
604561
310649
922391
493266
933678
702064
516313
859016
214312
822868
912179
246885
950391
223961
566890
614765
515108
856150
435406
619258
792583
337300
926366
688579
459944
687149
536247
569730
124098
721828
112470
542625
932477
848827
935892
780123
550893
366172
639140
579171
189042
465287
726056
139434
503214
206913
654199
918322
963063
989606
451547
669614
240873
377915
358194
600817
879030
708407
984513
817094
344203
996984
359720
190647
845812
209579
870770
310672
475752
423878
789843
564794
703131
429866
518194
206346
450745
172395
124669
327776
975967
390182
811356
130807
582063
169551
545590
375060
691924
530104
192155
936127
527089
365842
940741
286869
389387
811512
497541
679105
235391
201352
157866
752488
531218
576061
858834
795930
562422
797469
123707
452356
187653
835063
483163
583682
818580
928753
858743
510505
458858
864864
360600
799914
230707
301342
900749
434061
926820
398291
113167
976178
499643
171034
728667
844828
647095
501469
640759
123484
298939
664466
475840
300558
413496
859003
784241
232077
787757
556951
642582
160582
421816
817148
774462
552524
932456
675212
800551
859278
973504
813718
749423
387114
884752
478091
145909
445814
879560
600634
469298
992466
179067
845138
293025
492563
618108
891232
624640
405866
448184
181190
380415
770001
812304
154878
236492
744762
644057
937043
518007
531528
750762
181397
818642
549482
473454
778518
809262
353016
379153
192528
259449
372187
851632
452474
764750
469742
257674
303358
689574
605858
298514
969989
289826
110819
938834
426318
669547
582892
277328
101521
114421
842057
182918
747029
391540
556373
439514
114769
723355
632634
207297
882804
904821
958930
249245
583538
342639
406919
786896
932213
826744
899376
902204
116571
910196
755005
356856
493710
251864
534184
495232
180251
376242
578150
827280
581748
134524
266796
596518
671845
713396
617781
554650
618218
490678
703896
201757
733317
924781
802620
665532
751526
701997
481703
682064
526160
150675
938920
919871
302539
473105
415104
382790
749348
807220
124037
245063
755711
204799
655547
427557
818195
273330
882208
436414
664008
500071
452138
311293
338819
254759
876825
904312
770722
272495
586377
296884
323170
525298
216756
439675
898403
445826
722465
561718
253047
660468
620748
822724
765268
276296
250283
583464
449626
946457
833845
927601
360495
285984
152861
599314
354709
929686
417593
125432
116148
903970
236282
253284
429269
353038
592959
241640
612830
315425
617324
679844
875893
238073
502569
555128
414370
566818
138594
677962
427242
786405
519530
687737
886355
572391
201019
241065
416044
518612
180463
432192
336550
316746
499442
665819
483750
992401
721425
996581
221793
252717
676426
911653
390790
992961
466782
619126
473747
419342
211056
800989
205748
630586
402694
992103
116945
417679
147135
432989
836291
227599
679148
986807
358311
178591
652628
742061
984959
288020
738643
206753
440737
329036
118407
645494
235965
399156
178587
609712
718498
289643
324668
738213
734196
627362
644283
751141
945041
691419
998096
695300
732984
591211
682108
991295
583769
248703
733357
568729
436724
385968
589448
691427
528970
607856
336922
578901
907012
415510
188614
539477
519119
413283
277691
253316
854611
821975
818423
799654
427361
730487
408921
160346
235665
991029
151642
633400
239734
698965
202130
490424
984933
605545
181852
427871
213402
332741
906772
934380
562217
909353
387824
981336
236603
565516
148620
991214
301458
781009
790869
628819
511497
199791
689165
561129
104788
654773
194530
158488
353739
296661
548912
252640
802206
544730
494477
829574
777471
401250
677921
253655
310604
965745
234993
447207
445228
197579
352389
646686
878588
957224
189472
390087
157017
692603
851216
975770
347377
945746
134259
515083
156374
583171
581689
772546
941867
976166
516087
633306
291383
194009
786961
415954
973721
835920
677127
418950
933499
929516
879603
812089
886742
969075
202177
857725
661680
867359
833496
823023
727072
781721
252073
697413
278859
733762
469960
220727
623895
886048
754033
815279
894023
454962
145200
781711
290883
722327
200663
224384
565811
894232
936473
366520
863308
952616
224246
438955
733942
871708
261980
461015
567396
414053
158429
746255
961782
442356
780948
585678
242371
534983
314924
136395
803911
274090
818107
994794
810384
832736
219179
376196
726969
969618
642716
504244
836201
680928
843200
570144
466603
919146
931160
933999
247166
903555
594221
208949
345912
375170
608594
402249
724119
737484
352611
528031
911575
170719
522827
721960
817421
555972
912122
458357
439558
554839
862601
275760
149734
705802
745905
516337
538915
591032
364303
686082
494588
858524
708997
654467
233695
317592
956716
857815
869043
309328
385847
694585
294013
722640
416546
925400
278614
242635
383758
618172
697474
246361
793932
661174
766129
453804
177512
305046
944836
355781
805094
439426
214306
514092
907859
348001
645651
778542
119783
428661
987871
405631
123247
195851
128272
353759
121253
220852
496394
318977
652990
107835
465338
360890
669009
145435
714694
660487
264447
659532
916268
969541
912924
130575
397600
734750
378576
857217
513293
312326
285879
415131
617957
223092
510983
560195
476851
446202
595014
873245
665179
248005
881080
944484
422861
550090
903885
137557
210578
168333
611055
940812
951840
437946
971387
263407
986662
263931
120626
499956
476257
220471
729054
908180
343564
154004
382342
720415
500206
877356
507628
979351
939328
302675
837802
362190
666732
741688
313713
691276
723987
738734
632090
675828
990646
603478
839236
977309
681375
773828
477267
157633
894299
206322
965813
151830
260326
348157
686212
574498
139480
193841
467816
978808
310482
305620
254966
877214
861274
382645
568492
585263
121381
114549
261092
112028
618027
914294
903304
299404
688123
380572
271003
496390
400860
236818
462186
475152
398941
148399
863616
438421
156206
331433
331197
366689
451019
400129
243904
312295
682774
626362
797558
618121
640911
872616
544116
172906
786912
447421
286276
389002
641959
457279
699358
942819
508063
161546
331938
720970
209945
109521
973358
180118
340954
304556
446807
605940
604685
504677
818235
201426
945006
529760
719548
499884
402377
263665
572790
103256
611086
759066
306225
253046
130313
905583
109832
538376
967129
341770
173314
991041
265257
146673
171160
420177
351229
431933
926117
769880
750576
658319
871306
695583
102046
590855
195469
318390
668486
582225
321646
279573
255259
527871
432619
199538
347422
356417
551880
228518
512153
625194
133526
677410
671867
118652
997588
837062
450585
837672
606943
115129
495993
392217
710712
498039
797038
720147
630395
465526
216340
852042
559065
371599
293880
805651
471137
541302
162069
923017
583787
574223
462179
617313
165600
134047
635966
163189
871110
986551
814828
392020
101681
310822
684237
626360
622827
481277
260474
253224
760769
376814
919232
319835
562379
127079
125487
847482
568382
187557
684467
966135
575746
146647
583449
641346
180694
219416
618502
951804
119935
433331
343826
121616
558119
842029
561942
994912
237273
722417
162103
898042
913197
981335
217879
475578
108416
157332
237027
490764
158855
821494
456900
634601
868141
940349
189915
948836
973732
622383
814607
993667
955714
972399
929249
427800
814430
491193
422713
865669
127577
484817
763713
854740
380119
795558
244285
302501
852890
381313
607231
911746
202808
964131
460314
970950
818448
550229
833753
792181
172613
562327
699815
942293
448694
629065
370094
177091
934224
606774
942760
875767
905557
706474
730509
199643
502033
874794
402145
268891
256108
909376
180638
272883
787475
540952
157800
605924
905148
891553
312072
891727
367847
911887
747988
716541
454919
118083
793632
389145
538823
736394
264913
358347
356835
809388
457991
672835
684184
760136
841726
754258
669513
836330
927141
456989
291249
984941
876879
196398
790461
102918
902092
158310
828771
650081
688817
283692
582130
482451
486803
120955
132812
565682
379302
303613
375072
651259
876448
873222
411396
632141
541447
894876
468472
468590
265832
659722
367498
142713
670086
971926
145631
572179
944202
788369
222261
633020
972061
704392
929437
372831
639313
876215
838513
832581
179830
127552
483842
870244
814740
795238
502387
356189
690115
870859
638745
855948
444548
906243
812627
114636
792136
772224
586815
736339
560594
623043
369361
446622
327436
212765
719453
866749
988981
471934
613297
168812
413452
997139
853022
228194
706345
355410
484383
396461
226271
123129
166376
570819
843338
792969
499421
635476
565195
900203
371816
939755
523247
555143
386379
750683
667909
919798
531399
656891
305699
958662
639669
619152
955803
492692
747346
662149
748103
231730
872576
788340
168825
852919
273126
912163
645889
672548
547640
125051
572752
733423
964807
909965
288567
265153
660649
856476
998917
106015
427334
304618
964677
880969
737736
834447
373663
399049
496597
935732
530779
283141
638039
513570
136061
811165
425734
681950
397680
787341
620968
784398
434731
585776
694364
537264
664895
268980
307708
663813
188961
635042
782397
967605
516013
434100
802053
703642
733149
212618
639375
263929
395759
277415
591465
431820
902546
831166
927736
214194
618508
548705
898592
867205
948447
506924
404470
613343
589870
612178
191124
678832
161188
787487
560404
577201
221589
362458
194810
854738
389042
648151
932634
684801
739532
524100
930587
642079
355267
772291
756273
787741
234963
568833
654947
183412
889723
873384
610721
479594
485563
615811
972392
546751
403300
446763
937918
524889
623188
132729
379628
912230
680880
226229
510999
420413
650330
441587
876459
905597
127845
546699
607306
262809
929498
176220
260187
819222
949604
684874
212784
435169
214653
999142
795886
517953
445907
733806
856808
969095
680501
150403
795292
275349
276633
306292
509728
826963
561846
386188
646527
503657
832888
167800
666466
676353
244021
740619
495577
193626
339461
522327
442761
454114
435436
238649
872067
695309
786421
642842
664405
466923
693245
373665
642272
869878
579957
152002
610808
955769
352156
171303
459428
999010
239103
939860
675365
383124
594447
984908
390717
833908
507236
733478
201989
756638
872127
974056
451949
658549
530865
930320
939439
224111
303986
495678
907956
697910
547680
518765
567646
713803
590068
927074
712814
643138
780902
388180
926262
375350
373089
230946
123225
694291
864425
225214
364897
650519
113237
716846
223036
544102
647167
162476
668213
851154
558154
576170
463031
919801
908902
930677
633605
412937
771719
260386
956075
552622
548567
796305
827972
735622
927251
851197
343881
705643
976411
608778
356164
989648
325625
479200
447717
786758
541676
115931
551879
913796
506068
914910
833598
328937
759555
381170
641874
531275
541557
511917
983897
904090
308223
725836
553679
149441
491000
797560
755085
381378
320305
111250
284993
459896
490450
632710
246656
846092
562607
612501
759889
968675
527413
507455
297613
200935
788625
753454
632210
244149
265372
530074
148240
387561
169877
515886
437002
560877
313447
192088
842255
447719
117304
127249
807615
507754
573925
868237
267813
136533
480740
927703
105210
822119
349125
216789
923054
137751
784209
469231
195867
949581
899305
158073
251109
969182
573959
588112
444026
701373
594166
200248
149093
611471
227497
770674
933191
701422
638913
201006
651921
119654
942675
571097
755739
291801
601853
678794
243518
386063
148026
339385
249612
861297
311425
400721
744446
785384
802799
188473
486758
396967
288721
449817
822404
330184
220493
669562
845572
759406
684534
497494
693026
627210
968592
448766
732977
570446
127561
790462
856509
989552
943813
920087
850850
255239
320810
595297
940624
123610
597736
341349
334543
786457
691167
970913
930607
811660
640477
776180
485033
325012
187641
178060
766189
156234
526826
413133
540646
468353
203596
311123
457906
147411
231211
222723
216616
365987
718020
971206
303564
315757
312557
538107
916180
817690
509022
846788
543317
963465
536935
928350
202444
624576
106411
868633
594777
447203
195734
135424
815556
213296
346547
187429
260707
477759
310152
291290
743746
928172
262497
947310
157896
389020
399385
888042
120677
722373
648797
563994
685839
185733
492345
702249
710309
412722
484850
305087
759925
580584
254478
489448
693880
501025
576877
768554
878784
787029
959844
536498
629168
136308
397775
601030
339295
697160
489073
359972
333500
137871
823967
833305
137570
230279
535556
747880
456968
920406
866933
130860
414957
121412
520309
108838
436404
911152
691358
229155
612149
565169
665653
241318
601478
963429
656315
754739
574556
145389
114712
808057
997226
752645
641363
134797
796891
990885
696643
253860
825258
477544
284720
240216
412922
618995
163021
749326
444115
754379
878482
956264
319550
544136
111549
734994
421532
667864
403700
810055
627220
418412
618113
624447
985024
173443
659244
781916
978295
269855
849742
803554
647399
948428
943771
960321
481391
106793
709649
825506
675138
588132
695737
808654
946234
707286
543649
281734
289118
761315
991789
730304
179729
523869
354752
978719
597312
827962
760636
489574
911783
524345
293130
559183
472774
236902
519506
854165
157661
229156
593638
732799
631254
289376
541455
491455
810629
899070
673189
913713
660387
578945
644018
740116
102815
812736
632802
514094
554665
393439
903668
466450
731750
196799
925633
204525
247667
359106
872657
305328
402228
380262
938128
933482
569639
479584
338905
294235
378655
826060
207949
939042
405007
665933
593125
321788
478670
225928
735882
933335
433333
639552
313752
165084
650317
239387
183576
797985
412459
870199
103314
714688
250462
855408
562137
634067
334993
801042
828302
527615
627104
850217
380624
846077
516151
787716
167866
894821
827610
717715
742124
174911
357268
869842
153961
821551
109230
237537
619537
335656
921702
536818
950344
172166
392227
512482
620199
541187
313526
362469
882768
754596
212687
177359
514640
628839
865075
496472
437627
606653
214188
993717
681564
385422
863561
735525
206975
786757
787029
640478
122414
708732
177297
886724
694864
383491
399208
229031
738644
526700
491500
621413
195263
604187
612738
609903
146993
477815
106376
398587
898434
220565
306271
579999
505987
983798
229491
526928
770557
916520
167408
706937
539220
158671
593663
148051
356128
806837
277082
994772
333538
668582
530152
428801
186737
142892
938704
233730
434673
859046
446283
333108
893577
652555
813107
399566
636354
856564
740460
320878
687052
807868
841782
140239
780506
349412
188290
136635
156250
279339
131409
389788
847921
561561
632555
934658
604453
571260
982355
853092
344273
342605
186201
237852
895160
813274
537418
445482
669840
191845
580326
356893
899714
422109
397132
680221
585487
399388
716856
641737
578727
662231
845491
340616
223794
478047
189241
642213
863273
171597
495307
207548
414203
495474
345400
223330
308750
696784
482778
878590
788629
963105
149450
602310
299181
360548
196498
698635
659936
727321
340373
238665
389553
999831
479281
427313
391845
568522
883493
255120
554086
378801
276634
782255
688241
522034
819551
896991
132785
302331
689548
821414
179403
738998
337692
292550
999546
434190
891185
573450
161512
231560
712115
451066
145358
105363
692345
437203
487851
575839
592323
941937
768606
768957
638159
456849
204958
457712
353841
237743
574009
857356
873124
653412
510321
210817
845962
509869
458973
737149
983319
520486
782675
609401
785518
741999
614764
477864
179203
102616
867670
585493
858520
636277
268417
410646
993126
373376
768358
260935
425085
256334
118292
212176
723712
528613
236959
483642
852448
595933
134758
749734
930385
731399
359136
629870
473399
787866
921700
466568
704449
789371
952061
562970
425650
220480
873616
418777
407822
555942
493678
646873
626242
511970
759050
349956
854550
809975
647564
620965
405909
682322
370701
250261
413722
543803
780131
701087
331671
701833
167656
850086
405171
119719
327023
730821
154165
114606
963565
375953
484514
457244
836792
110758
783181
509809
274680
637732
319786
822244
172664
539661
418533
443365
689923
732255
801135
384021
347309
946772
899820
414965
796859
304993
348650
123883
935814
316781
138489
813346
592734
523004
270592
343494
447728
867739
753303
622408
419438
887055
358619
492102
426718
677152
835468
930607
323374
636604
314629
570683
583377
214451
885648
294203
419444
148266
318086
269225
365047
270541
982572
771748
607511
253165
115243
955239
120905
682512
491614
440343
569569
750233
746411
896287
427386
581880
826895
650760
132451
955490
221444
529794
169942
921059
723997
489386
969325
856049
572578
248339
126592
555151
920087
548069
622282
935330
503310
557153
617844
894924
811462
187414
559125
557874
897667
886511
953721
638529
451239
986172
594020
486649
515968
663963
407709
153932
967315
291001
909982
453860
439341
850540
909011
359429
398610
531294
208727
715886
902413
726571
524778
713876
727951
983903
271752
625619
784381
225474
178115
235621
125613
672135
622271
455547
250065
843946
509480
131348
948914
333429
485208
302222
183970
308187
561651
396546
653447
584344
112434
555862
310916
537212
269739
852833
435082
355457
392419
219464
394897
470534
269052
334477
956636
705289
690024
120668
463202
113471
152016
412117
346900
451191
614339
344836
573344
989957
641383
226792
574302
567783
682654
785219
918961
766360
552019
354044
935783
844439
387474
244648
314974
470492
479125
271611
175782
169150
292280
538985
182622
258262
851102
343488
523419
379409
588325
996763
369367
143675
223557
843669
525424
720177
542855
444386
400504
994875
612396
250255
839315
813836
394903
968255
284330
774028
239868
274078
843178
346114
713063
839766
418342
478133
183256
841762
671508
585547
838526
940875
543188
876049
698511
968612
510194
155334
326965
724664
150210
839361
874919
803491
653198
183789
771747
751494
857817
825581
925573
614963
985661
552603
454730
404005
844702
451952
245768
516211
851465
898260
371053
394654
688277
969565
363267
112438
124900
590232
651068
989075
343560
525989
792567
810725
523744
478281
562220
381563
303864
401760
896526
203492
768330
265223
507497
613033
617176
567231
129246
468642
379459
400299
677263
967736
283831
854496
894140
308731
358696
545209
211773
602256
885164
904340
326948
408910
296589
789169
690473
414419
104896
500966
517911
773226
666189
925409
386261
197332
406607
329473
565975
686066
543738
157205
567769
727570
911701
461910
850267
270398
821086
962041
686621
706251
780348
913569
929127
976937
616705
533567
391357
535568
934533
723235
308795
600724
562611
509022
612022
869218
652461
177998
555286
196201
149169
123056
737737
960871
398933
588005
145236
220020
464013
731857
740237
244363
559394
669366
135267
990065
202934
340591
525634
137469
963826
734430
552159
526438
157419
164182
309623
709881
156147
764909
720048
205316
701932
457786
980153
100866
945791
125391
134852
323772
671214
775089
382101
144575
444456
417368
134642
547391
571925
560276
498826
449718
208673
950985
876156
180059
929133
999746
789940
985280
764656
509989
104564
380555
781741
898683
381421
641499
924074
416273
865271
509256
105330
247373
553831
449786
478708
502439
897177
864599
962716
309970
314319
985355
260956
104442
165415
104057
104189
769321
903303
682812
193277
907867
963367
875018
806552
258756
430485
644593
488995
295757
967815
494325
357097
435614
844112
649771
838053
655256
514371
714736
865227
728690
700093
940149
733133
679474
944206
651288
448797
847511
334101
456040
669345
297470
245026
389864
456226
575511
848424
845221
685234
816240
339548
942331
251855
997626
592103
903875
652883
920441
618612
432077
563098
318706
372228
210198
898181
230401
761487
260945
977912
995588
530951
561225
207025
675977
765055
563251
251489
613480
322440
836724
343688
561988
693022
409509
473581
199093
313385
126465
119535
831998
458543
582633
964670
644737
692832
862852
775138
454320
937763
667018
363875
468716
228244
470901
958659
893299
848118
210150
420747
170559
860840
664435
546513
553863
973944
920094
652956
201297
946560
586457
933295
319070
983057
897966
863807
675890
674786
638946
944176
526516
219931
222018
809198
348175
592919
767859
155442
441039
791975
476189
511598
652816
954590
958112
120646
842501
792173
587569
943798
652700
174027
791060
871770
157085
689028
649544
646941
277781
202458
505084
704297
322389
627103
427463
484531
133989
195323
539973
388994
887298
916162
714559
540115
784719
586638
474727
627221
378812
962296
484987
931513
950290
276048
717250
921341
779042
366796
568284
956823
469254
887334
575088
605609
428404
902551
990140
462394
911840
530114
665354
799139
360243
379914
253221
958928
866552
627948
586151
245366
504212
971138
176880
454503
161153
794130
375845
840196
974892
758095
710986
358113
559397
200041
863723
887801
916558
767830
264162
828399
211912
829517
541505
386121
209432
694726
345051
975985
236642
831202
135318
640854
716307
126164
909323
691426
820294
285169
445589
709154
857231
156577
967267
416629
170584
744957
304431
987143
512789
382560
815543
538667
212078
357050
824788
235476
865742
169840
211462
102385
815008
160746
557205
445282
186910
466529
136710
821171
565665
482299
530326
336863
452842
411560
653492
523427
156519
771889
510571
483274
154450
240081
921941
266528
411097
746730
315971
276841
730537
427433
193192
545546
402146
564364
890829
489056
844859
841505
310228
324491
237771
654520
561354
590614
966081
214847
114042
936566
800703
438579
333807
855153
578660
255749
935648
889758
816445
251620
980565
546983
493019
987723
906496
709131
552088
797326
198189
310915
552798
322383
535406
690569
876904
996761
281184
756952
125575
209192
607485
740244
547771
841292
595399
940398
997041
445014
744123
727453
510600
724689
