274438
817585
626379
180935
526718
178469
792227
538873
303350
258992
761256
738756
849561
552127
649484
944712
223046
675060
153905
730531
329271
515643
571824
824670
456042
482832
183651
200166
124253
508217
738821
298691
239770
365201
293592
666488
357636
899785
205362
560986
972743
780584
299744
822305
246679
763194
680984
369725
352221
648856
914223
581493
164500
400014
320130
520542
696813
403782
534674
721066
725965
273496
833723
865735
452663
127316
446190
710300
841067
551552
271287
813811
246104
384997
550083
392783
148193
231069
576474
314380
693891
404664
795873
758391
704679
116005
192900
315459
333753
627574
936525
959718
715036
770249
739421
167700
711531
185612
691966
466565
551131
863254
194343
697235
162218
644426
903984
124377
689461
394425
338758
383353
699090
134632
955710
317736
964602
148611
533195
298356
590151
383687
172042
219154
153937
811463
286855
679434
897075
792787
146000
448207
656042
240343
145443
632227
698735
863393
570570
302164
257820
809328
585517
770876
757927
455195
988612
722530
503806
435774
834853
907924
719461
906895
127079
687364
718359
227900
366799
615435
920688
326765
877609
490697
467108
837018
936890
979809
700413
507462
281974
772199
230757
681458
543076
888684
136654
445655
525182
454426
695395
360036
362351
414857
180898
303397
916187
799257
431297
196953
328659
265952
423718
206269
656650
704792
857254
507507
684602
557668
914969
780543
329868
145728
462002
686910
848378
498656
132566
373561
853082
641927
547563
129401
956784
628461
332798
786938
341685
578061
883891
484311
744014
307610
504546
314631
826368
361801
722138
510971
819469
551075
205481
963303
596803
567483
650214
445182
880105
596746
632710
733189
238674
180274
676556
109425
622702
909354
796363
864387
487416
594221
348699
145397
715797
667212
273994
542166
929013
810099
867104
748484
361175
972585
625754
771944
540070
189936
217127
420176
686682
663803
967331
739323
658044
643888
662714
280747
467209
373045
959100
854626
867266
307801
813989
583065
875013
987984
125232
717993
798084
806302
380444
159260
778889
906199
745170
232926
996135
862297
553102
596784
440068
434401
250074
998112
978289
812789
278860
445500
185835
237961
214093
867067
359728
842048
364099
148708
830033
303298
766702
542084
109601
147147
515310
788490
867312
260481
921416
863448
936745
388486
374200
376814
722887
524274
374927
615143
337064
553787
874609
336865
605714
902668
203934
865443
744718
468033
828117
488718
585297
594820
930803
594899
555934
446114
297356
423247
606596
218774
200663
543342
421226
474863
734122
958079
899137
109050
487189
150169
476803
275766
387034
982517
178435
404934
761927
737119
686934
590046
225839
272232
998832
970608
767131
468733
330689
878454
791981
837285
911194
806610
294594
332421
281474
928716
204467
994577
851732
591656
144747
328536
767422
431782
225021
759824
650682
886948
410910
337617
390961
450715
509850
389795
421324
190948
672494
652014
883368
464476
403266
794563
271087
511827
126985
366527
440544
231452
361106
292278
637075
405853
434780
404498
651601
559801
978288
302285
446751
389200
453868
651678
739915
777684
941473
161241
782599
613969
627221
665968
892411
930487
460533
977465
442315
401484
343993
696826
446903
519065
803070
983978
824919
237851
388477
390487
611619
280733
592772
872336
569933
946641
524015
309849
724326
379456
285056
506926
893425
812277
986861
699803
656732
447395
591235
913013
748879
835229
609840
195783
268261
326877
179762
993180
378695
382206
383669
890314
562939
790407
762651
132873
651015
200633
256688
289309
480089
441745
610201
287481
167989
597063
887285
724721
944458
478521
637736
607305
227717
161543
703088
309945
302387
696817
303126
581082
892989
500761
385363
369895
205136
961980
316734
756151
162614
473422
859426
542704
729133
469629
730185
797123
966692
531437
435811
825118
823925
973547
432424
865608
949057
949478
175554
251445
560262
292647
732527
453252
607374
117891
723147
712510
893837
939881
382629
956451
327271
242056
499156
956404
525651
143309
753528
406311
574746
189341
231430
398672
976854
563854
178248
925912
427299
253802
177358
887562
446449
723851
340815
953824
655708
877929
580301
549546
817811
776896
419965
145083
832919
819121
915454
358571
776396
668983
664882
351144
672290
796312
563782
563112
274133
642030
489025
601433
709799
480350
402962
970214
118168
643777
838005
587843
521707
418308
137390
253486
195205
457355
212535
842090
190444
127990
200663
866840
610940
679511
131951
197197
389791
509700
660309
563924
965696
963301
979323
675496
443652
382286
645712
375786
840030
483718
863629
275704
715992
814986
343156
725164
186308
455692
567255
190718
397648
581884
957559
908588
261397
903476
105787
551188
413177
666096
929078
378875
629398
908403
868337
887016
204656
428016
262804
858652
811735
940399
134358
441694
755386
377514
166859
841695
647172
548081
932413
944821
129966
803939
767376
205329
621383
773163
656517
848526
353227
585597
141368
796591
407967
909706
597575
426589
337723
674345
285243
963424
614745
319601
405120
284099
511081
385945
125795
158255
834026
872174
917042
777959
590081
684419
883288
211465
371550
453773
873957
538743
853336
915326
335335
261304
738999
832910
587893
890688
421222
687102
854114
935968
906703
173201
220068
331752
373112
159829
303973
121106
845969
221016
799065
436051
719401
596320
461482
904917
950093
335441
443661
803430
164734
592963
878700
803733
339840
380561
608388
661063
967663
462503
510998
788334
449670
631066
120087
722783
604861
238026
657855
450831
273008
370887
700849
892409
867207
976297
711294
731268
225705
968921
534699
290439
561885
413401
908138
715692
607928
516528
290722
575592
792997
701720
363927
156635
246753
297980
693384
751614
436006
351240
116412
609014
622127
631227
415391
489335
607526
940651
220604
733231
909573
569270
837637
471460
796637
659742
187153
404566
176271
377875
794124
783235
893561
158053
839870
140315
269999
447221
705895
519972
698461
636273
942952
320589
267502
272310
623890
775028
212962
658461
422226
122537
141698
259864
407963
838335
819607
409082
156868
809844
600923
850992
507046
494485
823011
260883
534800
993011
608104
154662
426950
306566
690935
369903
441121
772403
456180
878978
547432
569142
537440
783625
591679
579138
857455
813608
331440
591029
222691
388308
400875
723614
239301
721887
218100
962313
882771
566866
869291
490876
535494
210208
611409
226431
480111
866496
898834
750257
745475
360234
319401
196882
957825
725046
676020
815281
538656
821426
406312
661347
209735
621153
298929
263003
343041
417029
139283
225813
797862
822540
530656
333357
932748
956031
373754
326826
822528
272590
977084
481971
446790
296486
578853
404616
835498
168841
133864
288121
890267
440176
763435
913969
961329
962364
990938
218338
379394
130222
258117
177257
852762
602739
324581
699477
558771
598335
926303
295267
684891
903388
677238
945647
113841
170058
350264
849340
238899
298095
137462
943133
638271
800897
857103
513568
677228
848042
631906
956623
792230
703989
947846
558959
306730
186394
258437
765501
684730
184741
874734
369622
988130
465939
315271
915937
535998
479501
765278
674897
677596
716707
618031
229835
431571
389101
557369
108801
151110
103242
879390
843340
707231
741203
402300
913961
827598
474703
593430
426295
559445
382131
695917
461542
748071
825154
291446
284070
304657
870691
772933
796219
587399
304932
840020
832936
594033
397390
755703
559110
314598
635094
402451
921830
290265
618718
749758
931829
993421
343189
358125
466833
625321
954042
742341
373393
779198
847754
471429
897821
718446
158329
608007
305846
363261
448029
952748
771261
659385
708453
330372
873984
257514
546789
795815
447779
979473
545574
379609
886862
702730
637734
267662
328052
505744
910004
515411
198909
757759
800806
996730
390172
859135
604738
596018
136364
866733
462733
807625
526120
171187
951963
400105
328702
412719
195921
590447
392194
555461
870057
279057
258192
421758
446719
400210
827502
270690
729587
840377
842415
530394
837108
232588
303497
355814
642572
339861
222548
105307
961452
648668
176494
827382
862739
319162
240102
872626
809610
532296
428089
593634
625319
500247
915392
972039
714424
656862
156696
444012
497240
899112
788373
248316
131701
991870
418096
588240
331732
454610
593547
207151
103280
584007
934533
866019
803170
174636
738647
526747
520899
980702
120382
146219
394916
849740
932224
109341
420569
988921
453354
731776
888034
241728
794058
833701
233599
212155
335908
379297
566765
829455
486448
484011
327430
334948
263998
130601
409584
816611
471314
744449
797314
491696
704635
106197
255403
636860
115539
575973
625782
382859
221716
427783
524587
915774
175452
572152
127930
411360
765415
508661
154783
165830
892673
382213
400778
156672
326780
624328
873283
698094
282745
584564
103757
887380
590761
259160
524241
606300
649099
963990
803125
770815
305740
327713
686590
381192
713831
628486
606519
393213
137149
661302
459043
843788
857481
673787
900460
998227
212083
687710
696322
394828
186241
614045
282209
677002
687171
706450
197270
250238
584407
900395
921053
790148
142076
521611
985306
669873
964063
591826
963087
915178
167095
336097
758967
924576
823851
659428
922804
935934
261105
533093
330763
347346
147139
512972
838315
648277
133389
935585
798515
531763
749947
633535
321912
705989
155147
307219
375864
933177
713012
252918
848356
780107
402981
607325
618651
140799
180720
455422
976733
341826
802482
221463
589172
763587
634435
341454
411865
581791
277040
124347
927520
840954
657883
249433
460910
713030
370618
650740
560174
897596
803658
408532
591671
120607
915857
210323
161406
996577
479711
952106
252370
196160
173570
655509
859748
621972
896963
185580
117730
987970
209928
945250
828925
767811
108650
289836
394808
379268
840577
854983
276866
558202
263516
768537
492775
993339
792826
468148
903883
186504
420255
156255
282665
407791
625730
956379
929763
522694
955925
947493
424631
165854
892744
167523
747631
901394
271326
142441
194630
111904
811390
285462
484072
888872
867965
790814
796178
574758
172929
700062
575228
493184
670283
757893
714941
296014
628239
644706
632675
584166
506166
957306
563986
312878
124831
311619
128239
296157
268026
222869
222027
979416
322297
520065
868289
190263
224846
664468
578987
297775
278497
154217
604925
762747
726076
319868
958761
354317
778540
505403
752449
284707
376677
316436
497585
315474
528055
439791
425597
696081
562660
461590
589464
698924
795621
371720
703153
920468
936188
282142
132210
128653
336359
637136
791400
962435
770970
664128
230719
549511
983498
883168
648184
360176
113572
959736
489616
455593
399528
815213
965641
776154
276804
555106
475079
972425
826827
178234
806860
676982
274342
839071
705635
510701
390174
411002
387103
161145
975131
517823
524622
958630
314958
172807
232773
242496
132544
622389
598090
346038
437603
563732
122194
528373
932804
411239
414765
759632
403439
221627
436616
577781
960698
956217
988482
350873
367221
375587
325984
342353
707376
750606
214950
836300
823413
347723
978797
769924
870112
490854
115963
221682
954586
952122
650055
887391
363363
964820
560991
666802
186448
811573
244585
961112
767791
147034
225952
948978
336587
451936
205298
857929
202543
320248
694231
839923
481937
586995
523814
352050
977849
539777
473732
932436
491901
937753
733794
669230
902575
294786
249999
902989
920325
394584
778069
688118
355585
904021
551063
592172
269925
656362
450103
286434
876610
144335
940323
272515
545296
464138
524565
523146
903916
812264
369549
309784
750018
103344
792980
566560
212097
942979
383517
132423
251531
161587
634507
507116
879574
185572
999288
149500
741934
363358
249901
532511
321659
190225
705026
766955
554364
143559
290102
372247
855823
559651
495997
519808
476962
288978
900335
503025
231958
283853
535448
383489
259406
169957
704571
138981
169495
617827
102448
811429
881185
252349
257907
202846
342574
862934
869801
710904
820459
973870
983151
590249
447488
393115
110058
824450
582093
824359
327476
628018
108213
676891
825473
267619
660814
530046
220567
730309
147874
223015
455705
929059
375364
613612
945871
531904
476547
729640
156776
210973
703511
139928
701222
151000
433044
711281
789417
829103
449607
930859
457122
371787
607751
196563
453372
268566
626609
573939
898875
588449
696954
354581
431475
886284
782160
377348
332156
172674
106989
388932
283648
624466
342826
884870
589432
589836
596152
378850
418941
859726
309711
690029
231514
731428
786592
584886
899995
327168
158827
712837
815617
669747
881385
161060
556033
663546
352374
702155
736220
273329
991087
919868
797795
333914
804740
387228
737717
314859
580045
156659
174586
703722
660654
306100
435151
447248
790987
249113
588382
763780
861951
317967
433528
657303
379027
803527
320850
631401
505683
957070
804730
496771
790906
516492
644652
595647
717686
296336
724472
211698
352995
799059
815420
827615
919125
164539
188830
624079
313652
677213
387860
989569
895180
721389
646873
188174
524917
781689
633541
930601
652727
438272
341339
443634
768730
799957
853247
486417
996293
577720
598116
263255
290746
413537
990871
123839
392042
179702
647918
519661
670881
935779
509231
480028
657169
970071
482168
996052
751761
115710
926654
404489
453982
181961
662089
136679
795884
515337
523097
792179
907024
121214
869400
111737
348717
774238
135576
554726
767907
683495
974387
438789
619275
397585
732784
190411
367657
214953
186464
933385
230664
927085
251841
498612
923012
813931
535292
718897
243235
958389
425043
964225
893569
208411
975963
156253
882649
925505
610979
650557
609001
585367
903313
142243
796919
636098
146620
164577
751051
147051
911928
881715
888102
163771
294295
811115
791668
729587
443979
848869
601943
682989
813096
495513
791400
703026
465732
674050
542498
976712
238575
965466
476046
141889
107710
272966
677987
968296
251510
429039
115348
163439
224722
903450
141176
419017
628532
832844
962570
972511
595681
564514
655501
408778
873993
446902
925770
339726
934919
468269
230405
173495
433736
520418
215384
355413
607350
707337
237676
758860
950342
253024
736266
989030
970440
777442
408048
598973
524254
284585
485451
119936
749099
954919
342680
623093
401822
182417
776786
250708
550686
907191
324203
798389
427610
353553
967768
848927
960890
205445
607788
825200
272435
258021
814231
242876
849430
222281
655815
373685
320832
955232
307587
969932
910152
464233
506992
225942
546650
283779
376650
911302
104938
514820
709692
432548
682339
591427
281476
643231
696872
703231
382398
869307
861252
196630
926149
624649
232877
581965
898334
453710
451165
119888
423643
361318
484121
830635
487260
930771
928381
677877
756041
933319
192698
379700
279834
775037
871128
375277
332235
568001
978508
614633
351276
753727
711264
277426
378378
758107
673358
190679
211818
124524
124534
449427
299808
508655
194030
687069
353394
122412
364947
109436
955731
371611
389136
149532
960614
260265
424809
292851
642233
317284
721450
893509
971012
346681
984901
263357
104790
572226
268002
130574
510716
292536
480002
710525
615158
574032
397595
782518
596444
576508
791954
466142
848119
995056
515674
808734
169289
754450
915551
711522
971734
637003
518998
856713
797650
417866
934036
802440
890093
202040
833015
400810
308542
313018
111336
737666
701016
322897
520185
211427
799405
226106
577569
561491
221164
907209
284193
290453
661660
113711
815941
547362
650714
248906
404076
362332
566772
338114
164773
456866
354120
811754
671643
476628
938738
596945
214296
639755
819843
634481
665148
533215
674554
242718
908673
795718
963894
106833
900137
539521
120544
630045
986883
585225
778951
390961
847557
345724
543041
912330
616557
797161
638052
202167
273790
490757
699112
302052
130514
432922
750500
695662
780104
425055
752347
602744
134740
630208
609577
848843
169730
630121
478889
970580
129313
257841
275508
876870
417531
718549
703168
848054
429677
341221
950221
603467
731978
563301
719486
676458
810189
469987
286088
504260
795042
852401
107005
829782
396576
530548
678626
466306
974636
971481
350853
103950
143289
526361
880821
460820
158877
583990
222842
488554
739177
987029
905988
385122
550331
625475
961581
274488
995462
161636
678748
704471
828003
599720
448220
224580
944234
940812
504852
918871
912294
755706
836788
955583
282068
631576
330370
254912
215567
453212
643466
768710
440243
549455
153833
804540
988896
929380
892994
984359
904982
485710
688831
732986
985430
951017
857566
843631
891830
362420
676470
804125
932092
513259
673675
214161
144836
904046
283039
174369
271225
826506
843079
525434
289928
810878
329976
278826
654226
136937
177152
559209
522647
679950
206163
422044
630968
963729
265677
522800
240116
842147
240892
172209
355407
814568
200337
314209
632581
383376
388578
803806
123849
145624
329242
313778
770468
473184
492604
338661
510121
483722
797871
846735
163673
818000
268780
694642
695696
434457
131409
835813
190571
272301
821988
359944
986869
836291
574153
619451
219669
776697
337225
243518
736287
566467
371262
506757
853617
763866
745418
277705
161556
457256
124441
225229
189223
207188
733837
784920
455611
765246
534700
546183
937548
356689
720093
924418
192982
294248
457837
226617
884911
695062
370135
621200
175496
555364
941923
843079
233197
601308
120785
294753
872531
959192
419983
961754
166381
153821
746675
521992
819068
281376
882141
756617
452032
602236
595002
545014
710450
866805
585597
595362
561868
855732
216563
551330
325063
972452
394410
458261
573762
415196
653014
446294
288355
972997
322015
354736
940785
968691
690694
673820
164034
572837
344404
516066
989039
839406
875046
699490
620179
460644
294853
182048
230344
325383
547345
455407
211802
841755
813668
685564
170918
466684
945824
359273
353648
267841
527975
208400
150499
218671
782220
214533
605474
126625
630600
508480
779998
505647
207971
400178
780258
316790
396192
910602
456139
843537
366010
567942
599260
179680
167473
670178
460330
927264
843418
627944
195106
371394
736345
245605
404031
518566
274104
823471
459158
804704
331952
239157
224319
353889
539335
904577
570680
749493
729146
840785
593032
995156
322694
192293
988802
390168
676437
449133
231399
433822
891044
326505
705217
627390
386076
923214
959922
560180
746687
333047
278852
892605
472204
317137
246496
825505
135681
631142
575000
764827
471928
981998
673950
608589
988257
662754
812723
578661
925853
944122
912484
816898
184594
531668
358255
470670
454883
232145
844816
115537
465192
937634
908143
837397
168738
968605
576869
118385
599748
965835
697178
885642
947834
371130
494232
850058
933884
306956
428721
773704
251079
341206
504570
335673
772874
762825
620309
141724
808936
379093
971227
274130
230694
793337
925493
299433
761943
502363
317818
275658
468200
914997
161301
330001
200094
469500
180061
947944
590422
508782
721649
655468
663954
226220
805107
350795
803012
425418
392519
611949
618477
363747
700045
749171
157085
625539
862570
732994
941869
994355
908652
324036
823319
969954
554037
923413
353421
548064
871358
843843
956846
506974
499312
534767
633195
304421
785562
350174
543805
178083
862123
162283
355796
562170
725420
326848
101676
587992
959842
943545
582348
782462
267582
405668
666383
635586
329082
919804
183651
114407
763648
954464
521381
176928
489232
968542
295315
274796
318717
739120
266845
994807
715369
436607
470944
440790
663455
472620
928782
537265
330133
425097
319728
497715
730765
800077
133302
873813
719882
216954
802186
397497
985384
323569
388391
474617
292112
583706
649413
424796
322827
730224
419604
938196
166833
704514
292954
730288
991100
221737
181520
321234
460801
315214
632916
191567
115292
666218
879347
735174
697138
681534
946638
682523
819069
335030
971107
925148
818737
620521
349945
955530
264713
583515
807694
331546
288030
100649
961834
279131
136352
957321
500366
497153
272536
133283
502687
287829
613467
382035
836969
224573
877535
783608
807096
696606
118640
778204
621755
751343
312693
785666
706874
477406
369182
514569
708952
557212
429184
584753
736343
465537
456041
150676
776656
628578
997924
279344
816407
611393
475345
653377
735966
352882
350953
457029
863454
369593
149201
399176
934902
275860
184843
555743
567232
454025
884279
190151
825203
313464
588870
561547
592967
944912
526190
369625
573491
524115
548969
303865
949474
838281
771208
685441
191164
122162
956437
868584
305721
105639
267761
240624
195465
266570
696368
662697
620595
580648
752848
445799
708078
341719
821312
301047
286632
261469
484638
674089
685585
933607
791920
635060
685855
563130
234469
777019
585292
190907
559570
704980
110512
641297
845604
119943
807867
455939
682640
428463
850553
349455
688228
558633
591174
423508
673646
691773
498943
158285
279829
998494
905858
971750
547522
591715
448847
681991
282701
848105
686864
742272
553086
611342
383570
312658
631285
191439
668597
227892
433868
433118
477347
936063
805717
882487
273538
479364
488227
586447
451615
668057
584943
357474
553774
132466
849189
902621
628423
945857
664693
229254
688130
217781
654562
885666
430439
285848
891071
913002
327706
238907
346121
619019
174971
151839
501507
262475
531203
889735
748922
796784
471759
247832
154260
839499
280298
817415
656087
722687
763273
320781
851941
365370
438562
506504
251038
682967
606318
956075
595971
834024
194983
756058
453044
183920
807898
768518
346395
253068
572220
909284
949853
943979
157117
918079
697445
251382
735495
353533
874069
412736
488280
726012
678106
740809
232517
743110
423777
652802
699187
833714
486827
708136
589774
753838
792057
311639
436323
952418
464707
908543
861703
328527
766489
832787
246607
463935
984169
882103
631434
858239
294840
119715
498218
786912
760524
544702
530024
998268
197505
143178
745949
498298
751314
335724
166103
543372
547363
502426
495792
826037
410970
271462
154565
991425
104250
301173
455361
902385
997242
986795
674592
206049
920477
172811
892961
594968
531479
336952
593237
542950
380130
253154
941249
945411
488878
921318
402750
850208
423746
798542
590212
648682
883971
644777
640109
802187
759916
995470
704574
671125
896233
379167
777174
730677
365944
584103
325646
797424
821055
732850
340375
115153
886004
195591
960564
288849
116911
363315
953023
440657
975824
543236
903305
773762
101981
543415
575950
675863
452853
280525
346990
263053
473658
124165
893730
739603
608268
133343
537028
343291
680159
691369
358444
480130
786961
232975
668980
717838
410256
535970
158496
300047
979207
875767
973809
895154
419184
549761
571018
686003
644252
818008
849056
117912
756140
656753
757515
278375
604062
208510
521666
284223
713845
694076
664353
500807
827051
247300
218646
151275
683271
191108
351322
662479
966876
325133
471600
300027
688860
942618
886030
333113
760628
735087
351025
516769
305807
922506
695144
809869
131017
130778
994092
744863
724854
572413
159637
551907
719713
192250
603182
402985
197324
768470
879430
978166
993603
351031
278194
596430
293651
164225
829544
868245
713278
994535
298981
919085
917043
808091
728956
862026
838869
637015
520856
477691
209429
494460
843564
829143
586710
360713
146095
598000
129184
839492
576168
936754
104490
754362
533185
298141
818588
276696
980352
445833
271233
193300
278886
102243
901392
821808
864269
654228
458824
299093
131920
482220
693553
875484
225330
194230
236198
271425
692230
179349
924883
268399
116104
929374
922762
549289
141482
655317
725986
121836
915116
811185
129102
194003
813428
930494
915811
677698
498690
374637
876791
444576
670823
484311
320062
796153
578541
370226
881544
270773
449575
806429
439172
379645
649770
275901
828935
691252
831218
468888
627054
660302
280074
656157
754305
993502
500618
670118
585167
899308
858721
461960
343886
529545
760237
477914
239665
338780
662106
935175
509553
925648
741605
762691
305294
305342
938593
948195
896595
683778
417084
437616
344081
597158
993773
998387
504627
408359
582472
989795
221634
355160
365722
465520
784705
125960
757400
838336
364740
333474
773512
688259
259123
429085
450952
378383
634427
303512
326580
444989
801256
557630
782606
145339
968755
690346
957692
473383
998705
454131
377145
220341
709291
642867
499827
407963
582794
171195
246300
761500
404669
833778
449761
477758
262864
714679
756141
711258
832157
896687
156248
633414
368285
838854
592719
337041
443168
464378
624390
441874
818509
901536
476181
527801
458370
876009
749730
855130
947204
896030
616632
265840
643776
880359
643598
806640
509005
313706
431865
341163
124361
488114
788543
392646
240935
381264
543653
584103
659608
168044
839944
478119
883546
316126
819886
255884
106102
569618
111015
953306
379615
627647
219147
923391
421973
676711
643999
830978
804384
975864
986107
742711
377945
774652
135358
432847
969882
579011
830916
629491
561021
670861
921576
358535
800954
741464
514419
807056
225049
525434
760364
418630
967048
793477
255989
302988
384156
713954
133968
102507
603785
934041
745218
795697
708694
780576
228545
592543
273554
959461
222036
648541
544290
143613
907076
345245
699043
421496
966267
738058
760897
726632
156690
641912
434077
226645
844900
632199
840599
792834
634706
358351
726877
293891
154049
435572
888433
282594
928116
161988
156023
964118
624495
600313
921697
445539
759524
620742
681001
725792
272767
441899
366392
243423
983811
614435
370068
742679
246635
124634
535514
695307
382986
262392
889198
437035
511931
777632
619630
354014
753586
589619
318133
292048
189933
239831
637587
849457
674539
318590
489216
847307
574455
755608
990730
472234
370044
274766
214914
430645
299400
564394
939918
582386
726787
743083
833388
152685
434682
453019
406699
102235
942638
538798
294284
946537
678629
745837
709961
267136
878393
199178
114444
452850
768753
919140
825084
138798
193907
853964
383410
393308
332325
323329
875694
873078
966413
709083
925763
401096
976068
246429
403332
832673
685227
511582
693177
363858
257420
403139
444960
135815
416284
459404
402631
185038
378545
141682
137802
472453
809612
421212
679727
141938
644542
469388
915017
524922
992438
840781
739984
968507
987211
957282
715148
586405
468865
322292
764229
540252
539398
209190
490033
855682
568594
792664
940720
761106
834346
892488
147526
643959
313702
727253
685897
772210
196642
514881
297133
189081
355664
851083
971555
256842
808367
600670
743247
277233
822962
507478
631451
362361
530634
121485
132010
999229
814149
886696
674302
562462
779186
721828
120388
992888
449082
706286
765099
459690
135134
876198
462738
304764
727282
434294
461606
535650
848930
118821
626850
585859
440265
172268
762187
870899
193754
794197
784095
821869
680895
458398
384333
374048
994192
318687
366937
443275
838939
946002
716932
874074
736167
179671
178839
377416
427931
540446
727033
190828
473233
353884
676687
727464
340118
438875
512330
433872
147040
296427
169709
641901
568791
368008
915949
562985
586695
196853
906260
425636
142856
537159
299711
692989
530796
378550
970405
858727
732962
697439
863521
120162
865289
540210
747626
205409
793051
259958
539281
840091
370351
522956
481993
839142
790964
397943
402128
377661
494796
222356
617263
451618
659515
816974
958573
190313
109491
928980
863006
742454
540386
726529
762616
405677
180706
424210
511086
873757
498134
864333
627816
768485
387291
923775
607628
992221
235686
909757
369883
544448
132114
801112
810033
605595
618087
768607
609874
627579
697588
472882
284000
237976
113378
860582
457619
194084
284793
868705
881807
682927
647005
423590
365379
848262
347367
873008
840485
397019
696732
124335
841467
728846
825448
651501
248408
443536
334076
758283
885081
845630
231166
169082
983606
158510
929665
355192
166560
128425
223898
862333
625319
684870
285925
890698
533133
447258
763707
373619
744277
460440
311921
499711
103253
137370
965179
251662
394872
299256
823911
279955
144887
869043
263003
942460
927553
106635
297653
994113
135061
335518
770413
660380
920388
956338
551079
367488
317563
228754
555074
875806
589194
766995
375519
506414
804365
254665
572042
113204
453921
395954
207125
498808
264998
370129
355235
192552
290730
552889
100632
325791
702373
771045
800137
622762
641351
351218
804216
858914
393938
359291
648688
797098
126287
924207
303513
744618
992838
689521
757823
446760
985475
864948
759534
250474
149044
114771
256992
339775
481626
171590
565566
184000
756602
279671
620728
397954
444855
424945
170835
738793
684237
719523
535892
624490
557697
653372
369110
550536
342894
126934
811262
328371
805848
484764
392811
854893
499535
463770
194669
795127
535360
574201
793093
205929
753872
327788
503883
198728
652733
488685
837521
250937
122175
287381
775428
493839
840753
958504
944375
183648
985438
669605
325985
791287
154370
532763
560147
467871
896533
654816
176965
345860
229019
870058
451790
796857
197847
769639
895586
664546
258325
647074
729450
280501
834455
418845
674340
589175
377350
532682
586790
276755
116254
812775
882008
984589
259505
442157
452461
156039
996973
529426
401900
139959
313451
753690
836817
411298
523330
646370
889811
595622
293445
619262
690089
941867
938107
278396
445009
315458
625044
931799
406179
641299
658542
288188
625889
818047
630345
892317
788053
541286
421744
189954
495211
549162
757610
332029
860460
194907
792365
664238
690529
899777
283501
294585
755611
135575
472981
200621
351033
998026
946387
571178
553292
518896
759367
179182
336944
303679
971499
938963
744965
307211
128918
154144
756373
700494
300139
530800
795402
992505
109006
399898
892283
292507
594484
647895
328083
967465
662482
493082
879458
608870
964261
432751
127767
637595
511934
278678
841274
397400
217642
500207
518577
160527
468317
188917
761021
668456
533684
470390
660962
542690
770289
467212
735197
278740
929073
877246
160172
591557
284296
939631
114394
162524
372383
956127
700119
698283
234806
455360
909650
266414
769533
428228
240907
237851
431112
815895
806308
864796
286286
381237
407487
870541
748450
956650
149282
677524
747864
209455
183048
932160
963052
197443
994684
249402
153571
608770
847686
202343
964130
671303
282723
647631
913497
423631
699448
344610
153493
505757
209407
339779
786995
430860
124288
449412
387512
173570
126937
135377
196991
123952
881503
974009
221395
790154
223413
188932
398925
885065
205241
277022
556369
301930
738619
469867
539527
438069
714478
593020
843826
823885
832800
544788
168713
857088
808166
456225
844624
749070
405568
855582
773022
201038
829592
808383
891192
953005
897315
290118
838071
916522
381106
394441
218453
119727
678275
657981
457796
392754
251002
215589
130606
897768
660378
199319
668823
468545
469510
427415
217616
775078
282998
804604
876116
926556
612988
681275
879563
424270
871393
631601
254759
166467
840009
373213
186194
518285
845160
543990
725005
910128
573545
755611
721864
233924
768897
304654
516436
238408
632069
548018
827453
729033
266590
617536
655591
779578
298813
449121
117816
984172
980722
272575
150640
820732
545788
150800
252984
304915
508756
877989
129011
982302
547568
750875
130193
316466
955529
546629
454874
587600
908614
196294
230600
175205
713831
786191
768749
826610
235313
786565
810783
130003
959141
775390
850735
418896
826190
917686
623812
334948
795676
652823
231217
343245
317665
261410
559711
273195
622006
828552
674761
444587
924846
719328
519792
552644
505520
202508
379255
554800
889074
104006
584803
762182
779396
349505
181079
519553
267192
618857
668467
962869
185647
799684
220081
403312
961095
679793
490474
497068
422312
979201
841655
261125
698530
275414
627736
118018
377922
906991
572818
180963
824963
157622
843145
604360
407127
838191
937880
574320
457049
606348
451156
456663
320000
571237
759975
281096
164997
164416
592130
487309
957584
433786
562401
570081
609200
190138
588099
887122
911095
160918
882052
736060
218540
725198
340421
439634
563390
192268
913954
834406
698617
365111
291070
918617
836348
865011
113680
815312
843394
605810
302622
800979
853562
678989
285027
462763
769127
773127
263852
680224
834045
145905
416285
866552
685070
570672
306187
162427
662941
134108
896833
275525
313185
101870
108109
963499
780848
935754
778812
538209
455531
895401
253155
309094
574391
438182
671857
343520
211310
749675
923744
859322
795581
253996
725875
480652
638634
846028
457045
301576
794102
267846
391067
107288
269716
399176
970787
864530
334931
663567
316706
690462
558969
469861
813522
133361
808044
485380
376881
833320
235057
214592
692643
844604
282554
332485
239223
821189
992479
596268
122766
786582
764114
327800
793870
847797
626976
678625
626294
775874
342193
843001
380303
801162
312863
193827
748489
934873
493173
125372
682161
542196
153930
374805
386801
336485
521257
526024
157675
513737
936259
994406
300321
700374
322207
908157
548172
763150
586783
988433
539025
742942
831435
733294
458071
958264
827121
206562
893139
234262
231934
575301
676458
199830
764072
963260
350281
285330
403251
407956
613034
339511
316330
813355
939886
538537
635479
402025
215654
222264
304425
654679
779172
135861
301941
237245
994126
129063
343807
801232
263325
389707
290500
839784
489537
868538
717011
739819
967835
934228
961741
580870
273741
278072
308192
127594
630576
843671
343585
746230
879901
548011
314877
659075
583872
516818
796320
491965
459847
140128
207164
623173
343801
397664
376924
733338
266204
907901
387124
234040
842130
348867
628876
115872
440905
837068
957431
971481
680740
301018
631679
474609
662995
846556
133685
246868
363375
743971
552800
723222
698065
659964
260362
941866
871595
451252
589171
137800
359154
876296
185806
115252
139130
714682
945089
480035
551751
902522
365484
146458
117507
897163
435033
680502
657686
382684
741336
835027
126656
294137
472216
724721
768068
632579
580554
639664
897797
169727
591430
170919
946023
677236
186171
899119
391919
131261
379155
757636
933783
558605
718060
865256
369735
967060
545759
927421
349745
287097
676415
376402
395200
148633
915089
163269
595178
495645
702933
492976
565372
294364
563895
425362
785566
650066
324482
991451
595294
517603
663054
443044
976209
381116
308302
345945
348177
754061
187334
597922
855124
763749
788290
250326
812382
617347
313595
407561
112993
830495
714504
492331
938825
278400
817693
724393
742433
956141
715845
337728
473745
378901
680772
363921
573983
889074
609867
736126
557103
611167
248015
412228
288883
850272
562554
915232
467620
690116
236760
480613
520612
851264
872944
373404
943631
604604
997797
686065
474712
627610
923793
848457
906511
518532
212380
394461
407608
636213
944553
778677
161347
192569
190906
350230
942841
567427
265463
410462
257544
402224
705041
592122
167455
491952
865526
111087
910522
777291
697152
385235
404902
534912
233694
225380
953445
260040
519841
275020
710219
464395
953697
685532
470930
144604
935762
413773
525997
115193
638201
683541
331383
343244
189630
398838
649162
955157
323892
559686
732449
921044
844921
951317
455958
892581
176698
323370
966587
596539
498390
590773
874900
452088
276306
345831
410658
126036
573570
836656
141229
125739
434164
286578
368983
437761
499382
832111
392919
723274
391798
939334
558286
236721
890652
828210
943268
967350
151581
909857
477856
463937
500631
266723
729991
676938
426520
140650
702974
900091
791272
658169
839796
139404
758713
122746
477165
258096
854857
684050
795337
246657
537351
353624
297344
341970
181835
240613
223287
233416
150471
515109
597353
465069
681832
327345
955973
108353
281961
572914
822410
887200
231084
662207
926604
803763
684953
317736
961859
539812
815752
757197
600435
353104
110822
797779
595074
192657
938392
632327
240039
988864
147437
651358
367900
729269
878703
323874
651588
974631
796788
474000
861832
841838
950173
702403
645602
635128
834105
521428
988906
649858
278627
589342
816928
203415
387122
325969
210039
325515
858296
264044
228346
905733
815403
496246
548969
608073
634086
200558
582705
430875
574558
444538
272714
438699
960907
732282
973827
795013
253712
876700
444872
346305
466043
175767
449720
753165
401736
473725
892646
260033
637770
934959
165767
367140
345172
614736
875213
879259
629261
457920
310135
117786
716424
396816
456485
677333
129099
344279
472347
282811
220980
731186
529116
587023
806953
792803
254155
208691
180495
960768
282690
718265
895728
262424
899371
154867
691126
774586
934126
320388
232507
158229
338175
762897
455045
694660
440231
398110
938940
726545
494888
159921
371698
924004
560911
992617
630774
629032
201309
711270
503767
297966
343502
399496
460390
242875
368330
151517
831427
302457
371906
963934
360686
610081
640798
629697
218708
981030
841774
971614
621542
336663
945502
893240
174634
506414
885858
705409
949412
901134
330646
453181
199101
574148
666643
473457
630989
934973
524974
462417
151398
796880
340318
326050
320928
881117
769714
353603
776114
611489
325218
397657
762118
270721
204864
836752
591101
904688
456128
454481
805823
600740
721628
818890
174890
388272
292348
619845
237213
631289
896229
288611
342136
236548
514661
477031
931631
284376
730634
707746
795865
869818
919369
557984
954506
124234
308704
459574
842889
664832
814055
648713
265574
535684
381571
254430
737923
487885
688241
875136
933140
584471
163748
275278
634986
578409
652309
566618
762786
296910
188332
472618
980694
921667
844569
935201
945902
153274
394777
788792
632072
122799
351472
797646
472450
547009
866042
124340
848861
554285
899476
782002
952722
877190
957280
587709
455600
523556
968294
132353
720466
156627
418938
701162
892260
263508
550330
838163
230748
759073
540922
762820
695839
706361
474434
168290
167337
340477
192630
916198
708728
906072
698202
575418
783263
655483
977093
152830
179041
945388
999149
713473
915981
418088
328602
808243
495562
778933
560373
626310
538007
915262
303097
147813
621624
677531
216103
602927
831975
222699
519127
454670
942737
217330
930088
639967
772813
907183
692798
765820
766538
605914
393261
682521
837968
621863
404731
333531
314763
865104
773807
666737
694333
976904
714550
229924
568403
744620
732852
400379
867319
251980
755049
724024
369310
599105
363992
956089
506289
870756
635877
186794
476671
929138
769315
314640
464968
988012
462137
679732
853118
149911
346470
547452
940782
961020
677377
509186
705641
324196
723531
486928
476176
392547
124919
745486
891652
388911
615542
311908
173635
251420
398703
550306
994524
981984
678913
459494
969998
955016
139227
737083
918894
299663
198502
859677
260684
689845
282830
780292
914041
820327
181187
390218
212875
206106
949670
918494
408983
479180
144369
482618
630600
357038
846891
539092
339024
525805
898586
222989
394788
851779
860072
227649
151443
872540
987326
226093
562387
184123
820351
476429
818416
901538
766648
845258
107645
630285
677719
330595
109466
722088
713213
554033
893093
560105
993125
146084
899876
805678
269073
208632
657458
943111
336281
622867
815652
237575
662926
378040
235664
483279
754470
954081
384818
435085
799340
306430
879336
477060
537025
888803
113115
164205
442837
906208
538277
349929
952292
438154
155608
221366
546786
627032
978443
697034
249900
794097
834609
812826
986103
970273
296106
654540
838321
494891
903591
637662
615287
782929
928688
966278
671733
941804
130484
928536
848013
568761
278466
714273
820882
248040
835639
281635
775072
728050
878669
924972
522148
627245
651765
422218
597520
847872
976759
435842
256730
794317
887471
772017
577247
816160
738296
162947
671931
682746
991483
433912
251509
183916
148186
972391
331956
797791
254027
107029
525842
946663
932001
861956
573909
497734
284176
985395
345607
174902
335205
502337
869219
136643
188321
360434
852803
826617
423381
438702
423330
328832
772614
574839
412748
820800
461197
558671
618592
529191
565700
958401
475855
411669
820358
863730
809403
918500
763093
968976
993402
998298
385280
776589
134942
473601
137024
801711
214185
374371
154380
537515
603203
826994
926321
915952
561761
387519
474624
180355
730676
854290
138757
120498
179926
773081
884229
889329
691583
561289
858306
598952
473554
157553
289508
422462
531154
240498
138140
559305
514870
192521
910787
118074
919515
837109
847992
481278
138595
236583
475599
769272
990874
428322
703736
170801
115370
501932
874097
706953
963221
646370
219873
436776
703924
323347
759238
149045
463846
797379
608351
878716
889900
519139
810756
723382
270215
658750
118627
308810
709299
494226
892048
614140
736514
595786
598908
751885
997718
473006
372805
960941
933342
406644
311684
637267
629992
970923
686313
907804
682269
208631
786521
486136
627770
511244
209519
797985
983960
142113
920761
693261
450305
726777
221368
186821
322564
720276
752672
234249
107249
939443
195191
940592
346089
320842
491826
790047
205732
178140
697852
788001
286771
398340
188104
728507
809584
211589
440459
793546
253702
275188
400774
604008
901965
522142
604795
224530
242420
271434
358779
163635
210878
367937
104228
456967
502745
496055
247015
608477
488161
758833
310445
588899
157174
398549
231373
866759
510138
571833
574272
663841
747021
875046
181816
562953
311155
686611
601449
453575
858045
860228
431177
882889
142132
435405
339858
544877
745426
400839
967320
147555
159674
277766
636454
130814
576315
767827
897573
986454
253627
385812
564262
814614
260859
560044
377568
472015
246656
879017
739556
918667
653213
170734
801557
609311
420106
955381
968155
979498
270188
935476
127054
243828
127210
577474
274642
603525
345303
986182
503946
412896
371995
882174
227512
532855
442219
419046
818836
502841
212031
472359
421509
765244
457060
137034
288522
777166
906381
256678
670631
176570
106122
697686
320398
133332
275161
495041
550823
434430
481224
868736
661293
753219
750911
788805
200041
193132
121818
832843
595973
233849
305204
831449
813059
662264
782449
101583
353397
688831
172227
924028
765402
992314
621715
985800
125647
710843
394808
576471
959239
689998
445208
620533
443219
110086
323305
457226
117184
259090
290071
527124
392939
409241
358574
206000
971505
954989
121549
324903
643821
193776
162898
323190
186092
598580
222958
125705
309424
517766
516142
182630
207766
775316
617130
464951
785403
754401
736143
802587
913491
840180
243678
306432
249422
502252
326398
134894
371208
347947
273763
915030
355689
336662
152187
355747
835242
275145
381453
958632
606878
797595
141263
714644
486879
572359
993561
186249
326762
729705
802802
240254
569887
946481
360652
719309
448734
587050
668170
633909
834997
841933
462906
104654
178596
515093
360401
913838
690239
641854
872471
297118
353417
827701
825728
654262
400061
733256
740511
540789
462962
543314
681044
846815
489796
855662
480092
752497
442714
148263
386407
191678
890196
749313
196332
968793
264407
456734
796598
768612
912554
583037
879696
179938
324705
619391
734200
538732
352648
474712
979522
629577
831993
574533
476393
321790
430196
856485
974287
772910
818714
360695
778555
708912
923974
874887
591672
102349
245588
302237
770961
972109
699240
564625
966013
923945
184017
614181
462679
436666
988893
356168
966243
734853
830701
442637
956644
260898
213090
930932
847775
931804
205595
540297
554683
943535
329151
960321
945884
474740
176526
630813
360816
775766
195439
240796
699713
279456
754977
976358
530088
657838
332527
496332
392692
977194
752936
349337
152059
779992
194237
899834
625763
213798
440132
994413
157334
669284
954735
103220
957990
945227
634033
232773
720995
729472
373569
334675
822894
128548
225000
352984
686386
457527
663282
979078
348688
416219
242383
400747
196212
336620
214549
635942
450418
554681
630356
507752
137932
585092
424938
909888
444287
872937
956627
165283
516376
244164
313924
339272
272712
438924
506222
773064
710417
169505
666109
959105
485725
722458
359853
495903
959078
474402
131846
323463
843050
662202
645182
794948
161262
884086
618804
505549
757025
575432
484798
273402
719596
698722
426640
806274
137647
832862
493305
662030
902368
159416
621136
302060
695840
794955
611929
654920
183325
557742
792349
926375
133911
351498
635290
109139
235586
254095
428654
892611
729528
813452
979979
449125
426141
406621
169367
377754
153450
562672
939784
869784
536054
474887
171845
231896
269844
597741
700782
353169
969449
493132
279545
103361
744631
728801
926466
794183
882897
355121
686795
612426
982540
580741
875517
322648
887362
944884
600403
854779
421524
540188
724564
857578
915076
710376
989474
998886
308118
690257
352056
191534
997356
445567
194895
655954
174369
935327
450138
957266
290450
950899
483659
186957
531641
273144
409605
332971
131995
823974
187751
453519
278130
812315
311099
107173
522692
214540
106060
644776
804798
358116
736310
716121
617649
745172
372076
692018
680500
722214
563252
784916
587080
860877
785839
118722
947987
195446
265659
979983
833386
353410
347469
111517
979692
472534
118690
416351
587075
124750
961128
305840
296832
611405
921961
814481
270544
294038
420467
851045
830218
797685
549928
417299
572529
335769
349987
520518
345181
515647
414468
178568
683023
661937
104052
662716
948438
122742
979068
535514
961458
854163
655320
258291
379535
577282
886739
550080
685286
221173
315092
429471
918858
765020
660736
405354
914755
910723
825872
173903
426371
154307
166438
923361
630211
170490
586078
578650
193232
479113
928130
154691
247243
583451
226949
526779
974699
113689
976859
659986
234862
291952
903423
967686
870938
564160
373041
699661
474884
112881
773564
715222
167188
840002
638584
611365
824458
138629
190016
917691
431709
932112
886348
578952
515564
927263
919697
490264
940952
896557
964216
989780
102476
867640
871433
873415
345767
244476
487043
720652
171323
260608
349841
152477
914577
888425
663843
739036
841020
667825
570694
186696
599939
371010
665649
929469
298274
585347
333701
239228
395872
297918
142975
398348
979525
914409
185730
325293
972851
572773
859911
144175
647348
209753
196652
561926
912144
674461
214929
667132
342288
685624
753828
756193
956634
419478
685663
254909
818792
919364
308103
214665
131250
351079
426979
924741
179455
426676
164001
152307
813415
923913
196482
460764
947632
207100
836656
859778
695528
951586
440877
937816
637211
194706
607976
507812
428151
207606
576687
246944
940937
784791
275575
886153
949836
516520
810895
129292
843196
788862
181599
656613
712776
192047
117378
574376
213113
854035
434155
808641
719588
688998
660424
270766
783704
268401
678578
211856
289974
169232
272766
230912
767989
362307
117066
717826
778828
741927
661084
622025
530790
656649
192605
243568
662662
209984
631910
775776
877985
880031
584418
597574
569030
244844
768340
352735
327211
360885
378558
517185
430117
551324
648097
198108
813632
579129
729900
506427
321057
304952
128453
751848
861601
221059
809382
524265
245009
441293
214008
936960
321325
698426
448501
790355
757236
130808
957056
984448
391693
335615
501634
635776
700906
963698
733884
428505
542828
377752
834932
763886
582704
777351
429701
444306
812376
239084
782537
871351
494343
896545
808312
715668
508939
256814
419990
266176
201588
377047
250625
493281
612663
566226
129059
227536
529925
676909
556041
972753
954661
304940
650606
451332
982291
980307
709605
794669
133358
406109
666021
527701
302656
388301
243370
625561
545115
563360
705703
646704
754374
770295
953951
281004
336522
896976
408540
680413
487853
778547
567133
356481
983487
217741
707814
965779
112015
417420
760449
145374
723529
340438
573075
840151
628739
630412
379679
987820
107739
985383
548491
762113
755679
502444
943117
906167
313387
265624
586581
701240
944171
153715
871688
927659
271456
579503
893440
283472
810889
567856
242812
448385
808294
629853
288538
351000
260266
482183
338822
181972
467567
787313
844085
137213
203724
701170
943380
331078
780760
529962
846284
724933
583678
717973
652593
669100
211443
460000
766538
922332
841823
909350
370719
564084
453171
473223
815085
613437
855406
153908
609375
236941
755187
367428
274154
772878
968598
131502
103957
663325
561464
850241
388259
145143
482182
854819
628210
593625
314820
394749
515959
970609
218067
700644
534695
571238
987833
349781
998641
757206
317655
608018
808113
972842
875446
982268
745721
758011
113771
663644
421337
489201
513887
709597
448311
810035
478383
976521
403661
607169
285237
733586
577780
403304
348197
112476
874542
336031
362257
873185
907204
579912
395170
715318
466721
270617
697587
212444
842594
625324
776088
263932
114527
203942
787495
376804
827943
179845
353326
231606
687015
538563
779158
264796
755834
127357
277272
630377
363388
453495
417529
184559
933407
626665
799878
400129
797282
411432
426539
553843
936757
116595
631742
865250
134503
333204
156021
862447
413050
409347
908019
100066
761876
687178
178828
517711
714535
356100
962055
891890
623561
379585
976449
556969
906251
776328
771064
617500
187762
111571
985310
938485
128166
617053
717702
976634
850257
773723
753048
177274
997036
661068
177340
672879
348248
256168
190592
876749
426234
966613
768640
863761
346199
659057
334697
166417
435386
105763
597884
437114
931299
583195
289566
873431
114215
821234
850066
864472
508924
603116
941747
419927
178151
933053
992807
426399
103189
997365
217116
343389
963979
885756
207152
224145
544814
441849
204529
794167
361578
702413
145248
292878
199575
248781
166310
213790
883981
830343
892228
392907
347426
747942
712834
425577
594963
619608
665943
512118
616974
783059
755507
494920
582782
776625
619066
941563
218476
723595
735731
394020
339975
694945
500865
439550
757692
567175
467306
641675
311485
273501
934582
558911
835410
561383
798455
430374
994958
464399
842492
525899
161425
511966
920820
644207
288593
539887
585771
321035
263483
235469
615055
417424
830415
115921
756974
588108
497063
138247
229784
622514
311748
978332
181427
147159
453683
793848
391499
448642
258248
147958
874541
319673
559925
795362
777846
662484
249216
363619
883519
326665
499088
498575
644089
329504
428463
315030
731579
825526
353277
775329
448041
478992
753663
443434
440117
207347
151249
731617
469955
223463
693541
344497
357102
253467
953826
134950
815951
117009
398569
613437
343675
711623
112014
801730
941128
354443
116762
586674
179970
370039
362004
441977
662997
929633
699378
103116
950946
750627
648699
420902
874091
342241
579366
231194
409675
533193
266144
225627
550202
478679
653031
707843
190304
665045
509575
945398
919488
526337
446039
913424
710342
708043
269368
287307
637678
782712
290423
588625
533341
839122
823494
321399
995329
402861
366559
405005
750020
446670
444599
214189
825349
997630
822033
829619
576642
245575
775018
410097
671912
221058
237488
296221
743068
406856
483528
294713
189570
587917
697304
536877
341006
520799
672242
336337
737626
938801
555308
487647
299438
899907
601837
938754
811504
423871
768374
388147
569446
457360
698244
155325
492384
835732
265512
149419
156556
563007
344132
160092
150925
855403
510935
305898
376203
183178
456201
113831
935945
911509
501478
235385
725384
917281
174140
450855
341153
842514
739003
724565
213841
351214
693856
606226
100914
859369
569611
971435
336343
813744
131528
301234
669148
542463
507132
859317
539607
777299
787114
475553
688810
202560
524904
328161
119842
599044
679016
274962
355526
331986
813493
383333
583201
507351
803525
498081
280687
373138
469517
517030
100849
415011
718264
669997
771440
139364
443281
225014
816663
144363
514533
419440
246923
939438
647601
180731
452449
240585
355693
621941
472571
169188
905275
869738
490505
622767
367820
671192
895905
651303
102189
896754
880280
634419
480718
651721
673783
824000
690701
404414
868363
205236
637820
929252
144675
285423
109984
411090
339974
365678
933032
712545
348832
752274
582285
739337
375042
764071
324496
184915
329342
326685
981669
209623
775070
462389
675311
362821
200356
366013
667235
882685
471249
305056
811938
429890
404445
735888
740981
558385
915532
587980
270932
264365
254221
667183
817668
529263
345221
956130
614178
574563
196782
509815
598153
871853
786170
187431
234675
886526
453444
715876
683178
738660
834898
409083
982516
153311
144972
637464
611696
874471
139411
696594
138837
293632
363778
770472
636862
522966
726603
251041
911495
823386
574822
509649
609206
360993
597080
657847
161486
864491
373724
658630
517118
122589
967713
499635
175900
926652
137101
601563
801124
176512
298158
753927
284111
475903
438366
820973
812835
164971
885980
724331
802323
460804
233982
325496
635763
645028
883343
697250
509520
257068
355881
840604
193623
237562
340241
183490
978180
291308
685053
779305
281786
797177
447199
465897
187047
785566
286871
899882
764503
986818
624215
480793
447623
758197
706289
983386
317192
503599
594603
640679
574633
764451
481284
668256
902013
721525
751746
880194
826799
350766
573466
108587
147945
834631
474484
234992
534164
575322
134876
298668
562141
659091
593427
823730
331255
213683
807117
462413
617282
315688
103093
191916
980139
484378
674139
882153
119870
425886
676314
846670
676653
163747
855257
638564
898378
243708
773556
432544
632996
722398
545178
195138
381490
952572
918868
526711
166256
639953
889125
597505
769607
892218
603387
749747
290563
277527
545867
310434
517380
136148
971070
194034
199895
826328
646564
912239
884002
420121
344784
517000
142521
789963
526104
337977
656502
358940
764689
722758
812859
567781
234230
582467
373966
737618
246181
564530
915145
606014
688930
432526
642162
660001
440526
656023
400296
987090
568263
198265
321179
813048
615265
363700
516978
955336
515643
173481
314277
194299
710205
941102
662080
844436
523570
850013
582055
583717
328510
411167
189732
917440
657660
731894
491408
998186
387918
705670
899244
856181
803935
220424
583196
333168
398090
914140
288505
813733
987621
416748
821999
611794
357851
398046
456231
695387
248060
852252
279105
476570
263420
368837
394011
821080
914697
699385
733234
216582
405056
632479
972763
208993
666869
469927
356127
878925
384068
544632
606625
285657
775346
428625
711417
133198
726672
167649
728585
874732
833867
821656
265270
997287
190494
473247
732335
919157
172634
379536
135740
391656
912015
922469
414615
492851
392397
670742
371777
590432
129341
792368
690055
804687
220995
401473
837885
761633
383088
480437
550332
216956
302094
715602
128210
306554
188851
674511
225712
175451
954047
261452
467107
780029
997888
781723
272881
390286
366432
458624
794684
395774
250994
398706
200462
285955
700179
852314
947588
897233
332752
497921
928155
448813
213525
956366
655367
216342
630878
695046
205759
498893
856498
486832
278923
854387
182522
451805
158641
448955
724395
767291
744729
789355
165999
759157
975310
680144
611472
922899
577379
758191
334788
505535
207005
362279
461902
762372
478621
906747
371385
498346
405641
227885
885178
498530
896238
967701
850335
868845
416657
488698
636138
975352
278054
616103
734510
253366
296248
259950
990231
773627
918141
325020
279164
125147
587299
555032
701485
879886
375746
972871
292199
595353
114723
177379
993884
824927
145081
758186
607740
375704
246885
157845
265023
338906
673948
813499
406238
870196
973449
396470
643825
891591
535457
736955
830704
936722
205954
446157
730576
481701
332995
922775
891020
261684
100155
884905
986611
959201
643093
508318
248872
703944
566163
413895
942850
240112
227396
263055
924275
114812
559526
482067
906404
908949
219023
651075
845672
238943
997232
576249
534610
244194
499026
425632
405878
413147
310538
306457
372350
767597
714775
435188
471543
280940
749084
328360
335018
790446
491416
259294
805258
864908
641361
625629
687824
674350
190672
533497
813294
101871
923713
347905
246066
422740
587503
551944
649853
798042
672367
922203
565640
387144
271359
851149
482050
834409
993476
717068
624856
398859
790329
344081
177734
345657
783677
765558
920008
874349
299056
647269
876220
222770
809140
936252
459476
396645
402164
109331
108654
974531
845500
488260
361676
116860
253377
657692
851269
246854
288728
390092
459679
979057
634174
537413
324715
417852
302972
158690
206168
415994
619925
982388
452731
343033
918642
812207
639678
320807
735504
562298
209305
494972
950558
384948
511832
117902
942640
277069
264756
231369
567161
624435
124393
115302
975814
263075
347120
278787
321765
453288
594782
755657
349644
861479
998690
182253
587653
552335
317026
323159
114634
426331
718131
879158
711279
143930
897061
567887
234965
975783
699256
616093
600220
637616
545361
490001
800691
792482
668789
936422
159737
177538
692080
409381
939017
690771
405600
526671
243107
622626
663796
171707
948958
295894
950866
660238
253791
761894
228126
388756
737678
741349
904849
251865
378966
450212
641867
993623
156661
224623
930046
216398
302161
622128
439746
155145
226866
745346
581816
369974
367974
159580
355647
230899
355474
220480
791137
509265
882374
833230
798022
534020
488546
616838
599851
681478
881016
155685
675102
937677
280308
519115
968042
396435
141244
407789
451580
182077
153136
847363
452051
335076
906943
621664
465975
176384
742145
171080
585650
538486
818276
297639
886472
306823
728443
486325
802267
609461
542010
391336
461105
636285
810451
429148
932720
765662
736937
384302
847739
704040
145632
213757
853082
866541
735421
319059
942925
391533
304105
442542
830020
122382
554147
716493
243171
282592
116785
945438
706019
472762
250741
167125
109048
961192
410240
941768
640821
961143
240037
488561
665184
199635
516284
518268
966176
251707
651293
823069
457206
855398
265612
287227
877780
633726
817687
934917
816318
748438
794322
436304
221201
945063
417395
144215
820222
727635
899950
461045
688780
953953
763572
267931
153590
279858
600165
933732
345531
251459
756802
702737
920823
836381
803931
712570
470108
535585
647488
286427
284024
441811
536697
319192
300841
854092
363407
121065
581729
263358
396076
270510
217313
159649
352407
184869
339507
852573
118602
585038
917998
775405
201743
838823
611787
905674
551394
981895
441260
112850
182289
539250
368627
618986
758442
569469
473079
935816
590534
868774
113141
886610
953250
230454
860225
305659
229289
199734
158233
247892
598738
976231
837263
614447
729021
449051
520122
280417
344913
775348
207233
341168
314600
475860
860154
973042
945329
247200
822825
449830
929941
835967
250407
883192
880387
110634
188852
109678
124334
161051
257570
537038
951249
908799
151487
680271
357851
571609
774654
516730
346959
881887
757898
475525
271715
532019
362534
217045
593185
185361
480842
523127
921328
631249
320287
801716
555849
323105
725360
580183
384157
796896
117223
335407
705696
168710
915678
877513
554285
690334
394244
715210
486188
966108
190736
657903
412094
453271
688915
905280
538632
169758
342374
373927
614973
562661
989609
170824
785767
628937
564973
983890
425834
582196
319298
131532
564872
148943
823011
933124
653243
131223
648335
139433
997331
739072
697336
409427
106310
300218
228674
458908
369976
385014
646801
798916
847676
636411
783706
547410
265349
348680
531301
505150
744843
664565
450648
223682
713508
273660
156807
366753
304883
705143
320152
216182
358182
917488
439575
364492
131674
568249
723400
315616
853263
370202
114533
614906
820579
798239
976282
899895
960886
421550
405046
619696
986115
755694
743378
613591
843320
800186
794310
962170
505330
114463
178353
763512
845917
431894
941970
877591
814109
579337
193209
581339
763505
121708
196247
584085
733914
986495
397947
608767
408047
702993
228464
308129
372654
871842
735686
129942
672029
443963
992112
991325
372392
984431
668804
218311
416326
610775
909868
230436
190113
917043
711775
767584
938752
721988
265637
586633
622451
563584
195401
844464
180545
323865
966559
453199
195708
702247
397107
681704
960176
389220
673030
332570
373652
255802
450881
603944
766577
274716
734380
770657
191761
360123
538242
944479
896077
617845
445079
518529
181431
540480
276960
261976
678311
243521
529141
687985
759734
826249
369690
719911
129436
856687
952481
317055
112490
317329
820999
693033
492046
469347
463691
497773
643436
815900
356219
539514
433746
701298
872010
429143
155745
962936
591119
734056
206458
934227
422042
866192
674443
605699
500071
703879
462387
452553
920934
388843
583849
655901
981876
975895
125249
359535
387635
668685
989401
643854
122166
337114
259119
808142
666258
314864
771080
171344
948920
877538
919537
284929
657698
593981
790628
157770
211828
166982
424289
946728
455825
908138
602630
351669
884034
541845
525170
185636
124497
514572
729490
146664
665652
888609
768772
245877
117440
539853
317222
966360
331359
150726
165257
889057
558674
769851
860793
670502
836834
285083
531197
206626
193223
947794
372261
891223
489640
797431
976860
514138
225970
706351
474768
791623
508928
243541
937500
440334
683395
168689
320662
914754
219416
385919
717778
678090
155771
578572
262559
806571
763655
693756
913198
856878
641551
199426
748103
945158
896858
724964
459297
936794
345282
748031
728418
668176
891572
579886
108512
488934
648575
329174
317655
681957
529059
935433
274014
584830
514006
436573
305369
191629
944296
132534
948507
499814
231960
610577
358939
942784
249508
718236
879580
408757
380234
521965
976933
271808
101852
899411
660742
650428
142552
792364
246352
571611
727798
420367
970408
155772
670906
189744
247401
615203
222278
195909
928984
354238
620453
287924
210990
769961
820127
990570
178719
200362
512536
969619
286136
514389
869031
760845
978783
825550
553210
139102
311128
281009
459469
195503
250747
130377
285247
398148
559546
407525
408024
402497
575730
928477
590422
686720
612405
324516
591257
691125
338844
103794
574711
524981
432149
443743
285827
324899
183260
653003
364002
394389
747978
637437
489892
898726
581780
589106
296875
955293
896631
604899
271757
386328
447343
762179
973048
959749
900661
564306
564841
239507
482067
139553
664488
728182
397262
764281
953082
480523
331251
231051
688878
979229
682454
992736
877956
178202
581843
988798
133496
392442
507664
219219
678770
855008
881399
651820
728724
696027
130093
293566
835534
426126
247085
413989
154310
544347
992236
921358
838836
323488
152410
441681
302719
648830
434419
994641
727032
830228
897406
674494
222671
405072
793714
801442
174047
589080
367229
716737
199074
311288
824269
934609
637415
971354
348599
691725
429668
254803
527050
268506
478291
579460
524153
594976
142257
858572
503585
683256
602768
400992
271717
725439
620030
965431
440848
608043
468478
622043
324781
567553
747298
149051
416129
384714
934371
578694
890405
364041
733497
417456
446513
211790
810882
870666
620732
767105
643206
124318
450362
245975
339277
622080
871414
773273
501478
226230
295284
783923
662239
520065
265443
409538
483083
581572
608218
417455
160267
498624
595462
707731
730046
941975
819521
454895
726609
354220
222002
369816
292505
572364
515791
445748
108411
301172
219022
509890
341368
414306
293814
903608
748338
459257
313147
145388
854795
821366
462843
915062
233957
872272
622794
864004
814248
356282
232866
454824
524469
354868
724640
716974
827233
154398
162723
749610
355571
195711
259501
510905
510018
367281
414514
172323
640504
541628
217711
495300
362995
494520
410364
410918
366793
847124
274923
995008
117374
407790
449833
541843
576624
174475
172784
317824
228873
149473
967435
398410
245184
226937
809316
569168
408185
137797
641491
948689
579425
673168
443991
756386
167690
668321
167306
434483
429412
256195
343458
446786
563985
693292
802595
954576
681733
875379
272401
724572
838818
239837
122984
984003
280741
746266
553172
588926
698029
108631
537616
277456
681799
881607
933842
749489
549929
101149
997939
879342
257345
341398
240095
635296
848656
856657
589873
530390
646003
676241
254964
484823
816078
191914
468827
996819
838180
835965
585746
450176
758562
123364
627632
440363
818937
475442
103819
282834
476591
915724
976142
547902
171090
130204
997165
919746
886861
501005
450138
532866
177247
519068
917689
893326
610982
386517
804112
363129
136449
389860
713305
795012
327190
254905
235376
960093
630347
153161
156894
920904
882852
133037
382774
953942
163242
379940
873689
950103
780945
237794
482970
858193
570828
314626
665486
995776
601143
469599
358906
551559
673425
886178
346572
814581
955049
395914
688642
585397
449075
745536
506302
331928
778574
789076
199837
755782
982982
973527
705886
763929
125288
102824
536089
596117
317450
115542
591894
732560
399107
764767
284120
972533
564912
444658
701081
519962
740572
303690
105360
189648
949227
425628
335543
641768
128672
435380
397551
925620
322874
917403
689550
262129
920227
139606
672212
151645
155148
264107
698171
368222
842840
796257
254722
407753
240916
855803
741681
881488
159495
661007
885102
922688
900602
134612
564457
929274
383959
862008
854895
606833
779412
458413
682928
613607
411985
355141
579218
381100
433215
277390
649322
276056
887613
804044
497776
128530
573814
153424
823984
633309
714432
709087
469964
615035
657666
934421
544310
941625
796430
313172
462425
489810
585551
145355
103418
897537
400496
496602
192604
733711
587958
741926
823734
475572
459937
235477
418068
933751
288901
242053
481028
903333
851140
850992
518369
508807
785415
876645
364399
495812
103785
726825
885622
589336
772180
803006
400840
986642
299609
407410
720355
701533
149337
458056
177106
509274
593533
495174
356993
782434
551193
738021
599735
402335
589014
932070
725108
288396
808717
903474
684209
726468
630300
569832
229771
316447
286806
444578
303090
486415
751988
837411
101916
715292
295468
179022
138533
702967
488163
395526
399369
939356
133548
899104
255658
536529
831175
794733
638891
553859
698208
323101
194294
242475
706900
324066
458922
893706
668644
662012
294088
420633
413391
296004
135926
522825
288993
174460
139760
591122
383952
439129
530479
331467
252200
600104
681962
897341
394838
320854
365168
907012
543956
459462
149488
164823
683528
508410
958529
266139
984388
166584
586773
397780
276555
536665
734572
465548
525091
774332
956670
723010
213462
401116
954477
279628
901220
636440
176970
296059
857294
442138
203072
315217
801601
166526
380040
399096
574936
252536
565236
473292
233087
965975
685038
409642
416607
419611
689156
755665
193944
645827
478676
221372
860909
433154
401000
762131
883560
477971
872156
740855
734075
889195
870039
449643
955721
164046
662706
530659
316583
227943
817917
449670
107885
502956
673278
424492
822568
362435
180158
916512
822228
558834
137886
683138
805954
352852
445270
689515
644789
317428
430372
378866
206624
214378
642475
976311
278424
305182
420937
408973
433125
238855
758643
354976
641812
345888
679469
464381
608323
673593
294860
430552
232429
332746
113692
852349
499565
372928
541866
144355
504322
786204
423221
524912
900582
965697
501225
179007
184846
822162
487981
431938
961018
160591
686914
602831
320446
280350
967212
828769
853944
262073
173289
986373
408786
186981
838723
808351
373875
294556
766672
778198
980760
189895
303111
795309
969558
704336
874317
968370
440466
276265
400309
401485
250822
987224
818282
471268
267575
699461
214005
121520
775500
287294
921859
998252
288241
674550
720570
562116
869106
487244
340315
763834
577139
457393
559144
460664
975695
347428
429035
416162
437659
643311
631613
588482
630536
449896
873716
712077
149358
901687
647564
824859
188982
483390
823112
377223
157941
543684
753306
841014
844894
993621
518815
422034
364981
977959
696664
340678
239355
939665
570806
577014
582977
202421
979462
127480
466283
767146
739558
515642
668834
301089
254468
757817
684479
891546
949006
656387
349197
702313
411368
194092
609902
830183
430092
874883
808143
940722
129528
861464
880389
600335
438480
377333
702756
417943
404814
169040
185090
958338
498648
753925
259428
567082
425709
843907
372596
374716
414261
621793
977030
725629
629852
586933
555813
873910
461817
277924
814634
405312
139389
608990
905647
477869
886323
522370
709779
291138
505376
708835
249477
904025
376727
322871
385074
702436
980745
657670
891119
395007
279465
868150
120638
723283
369050
576451
597194
644833
668341
411829
950145
707731
920819
855793
999566
721110
378164
623312
912248
697507
332149
975692
601533
522842
212530
800573
225280
193276
458245
930365
488284
551676
712482
422888
274960
981532
813305
686120
626366
481648
997950
490479
103346
832736
260239
102913
553847
452370
626226
380063
149878
772341
269722
565377
295184
382252
365951
334430
389495
724196
264796
691745
189839
877278
114634
364799
858811
827939
950920
399145
223554
862837
703590
226900
609540
863829
229814
977354
316200
670006
271384
366078
442348
441106
831455
637532
637324
197408
785929
926819
735570
950725
618565
825410
828005
633199
104176
600783
375106
869062
813894
498660
645866
517485
539527
169374
295282
669341
146729
511482
253314
318113
691527
595662
573185
522983
147161
210510
534357
833090
137331
183895
697783
655896
909305
439755
203063
827447
854504
392135
696511
668400
704761
256344
999851
244289
325718
209100
727596
372447
620583
880910
504526
312111
390539
977711
649060
351667
188223
997384
998723
139520
181280
696507
695416
904551
950228
712445
731999
804734
104581
342477
473135
709343
498822
386953
767598
638506
496054
495196
910954
930603
376107
329447
156681
580613
307160
705741
832280
309349
617092
744970
348869
698372
355445
858251
516890
305674
484664
162857
110409
489245
405334
397510
112555
718122
684464
780154
270596
994484
189317
995516
839054
465424
324964
895735
860003
446090
515443
606250
569405
132537
351222
818274
644875
606667
590493
161767
812341
975157
224624
822751
378369
443924
134228
304891
976013
632658
899011
246610
627143
988328
156093
380164
367719
381057
275900
227724
727148
605310
733974
296554
637847
899162
928795
196689
505830
433255
258456
232139
408413
297046
868856
600748
554937
903084
805639
444917
535744
704651
505493
976853
692980
561586
357019
960700
842643
446885
102391
483758
952195
736365
594279
504009
635529
437041
600699
955325
770296
673121
187465
992675
784134
870287
593424
339072
773373
313031
597955
223084
831648
103449
113904
438596
565035
284889
399297
321645
631775
315654
705404
497937
952019
213650
815913
501515
550691
416613
370808
234954
903700
372239
141596
601801
242528
635020
840873
829867
762017
352795
866917
593667
356244
880821
846229
735245
979677
159493
956891
611453
375147
576262
923356
241133
689912
739270
556615
154570
969849
827423
203490
787517
199663
245086
389319
256157
694072
144160
986024
456091
396955
852942
863724
567166
647731
709954
302412
627409
769447
259304
152829
144595
735566
890151
199694
339445
543389
656309
394015
513239
483733
497505
214723
497363
642591
504043
653520
336665
462169
553512
606722
759124
320421
384413
326291
868152
994367
528704
409528
677781
601974
376323
636342
337542
266476
736036
490953
709865
392347
784969
137071
690046
196441
251795
187410
652999
569804
654897
803630
845939
208410
410353
519030
342797
694766
659288
124917
603100
101959
434445
280882
603933
710769
731190
755441
791211
467227
246396
501077
673540
845331
452114
277554
855738
517875
364964
508738
901645
833827
226335
747585
856203
536688
266617
199002
145421
739871
