223919
562487
741830
472330
657335
345764
997065
388526
101207
788277
669720
161569
203321
257227
906900
469402
434781
676605
887277
613712
185345
788924
447540
311680
450476
217711
662335
531059
316713
621722
270931
440632
184211
912761
726928
655512
172493
723995
944039
987665
426239
527726
149235
529561
684953
870101
898963
933701
546707
700207
461380
546018
403098
722886
671665
667541
840597
247967
198601
157311
769689
283499
411909
767866
110227
138839
423380
182720
676800
281386
984351
103040
709112
133587
446567
308032
817654
345531
155700
278329
859705
517080
638313
262804
153934
309979
830345
894531
457946
842913
951843
141603
126413
277719
723435
136640
230524
146816
133327
807324
328202
117679
810365
851280
965232
256933
973279
696853
416431
942945
875182
276137
373993
513497
352907
427927
637442
997219
322459
909355
840133
188269
950958
780512
365989
674394
731118
496513
635177
764445
217805
777345
696091
928170
542593
575290
999069
515873
272144
329467
372785
147328
419570
646778
474791
672478
974705
926199
583664
297166
835555
423798
385435
786514
118277
565390
374876
749395
875870
910053
427808
993675
601365
937865
835812
143959
513156
748848
473798
685300
978316
746584
646594
397887
393363
935351
884331
282036
861552
467996
479202
697108
705760
678603
397590
724037
157961
672466
387400
933831
496486
629174
841473
911817
567040
591252
955777
894162
340101
343542
579463
318418
990126
140025
530272
297457
975376
414604
479493
836929
782601
772661
448005
402328
451265
745595
940332
423192
332028
327733
357024
642480
770873
112464
554298
337914
603716
424042
146043
843818
667585
539472
976202
571678
579497
506475
769135
468841
735046
162595
219737
431614
835256
567742
733942
200489
227304
674275
523681
459332
815974
694672
915778
586848
621102
384044
738728
224820
708086
784771
882604
375672
324245
772773
847351
717708
193216
530453
186550
828262
593049
306288
259877
342272
687996
807785
442761
815301
482062
780409
188600
212003
475082
104380
698852
996184
388424
437581
134971
910476
136320
831541
286150
360565
604316
947467
978273
697532
391887
978790
439761
884936
285079
599638
227210
787041
321390
483937
602343
617418
264347
604910
729422
639429
523256
342241
549581
725646
679822
498518
636123
630108
330061
736239
890673
748343
597673
782914
359842
889561
761705
699603
774498
860750
213208
815674
647792
348564
299613
164103
865983
463960
669013
595406
917356
192270
837647
466938
731882
431436
779422
368006
875511
923449
918212
766185
585759
515886
463066
845601
405448
138738
459171
993913
899488
486345
809588
461248
734910
109202
525351
514860
387129
108331
924232
304486
114567
675846
585390
746449
107283
364813
114456
882794
202230
846634
562947
687989
362522
839979
447558
667970
878718
806729
575850
778207
207042
385440
239456
755918
308608
578773
270779
595737
587104
195012
800223
601671
770858
385614
348121
692107
564394
276544
488869
666624
123179
951816
268580
385701
705762
616138
867638
584481
336835
443489
362690
443877
642895
416112
199796
851504
894886
370575
447242
481991
379553
161433
983663
150412
361013
245751
742519
825407
422295
231389
405998
359441
997171
488545
645142
702935
104684
426747
201383
341519
684203
464073
685396
327099
780186
699158
992569
589039
969733
439813
971030
263253
415212
868660
313665
676225
114413
870151
415600
436708
915506
635564
696149
826645
124110
255259
443547
128795
495972
544930
284280
180176
909004
869677
321242
603157
482802
313812
192197
366503
567591
977193
529756
882803
845855
743422
472996
860268
527540
702562
210943
443047
338127
721059
269693
276204
790284
527206
218965
286257
972137
403245
280400
795108
186889
501642
398266
569692
629420
404429
836195
197013
295589
365952
893782
141445
923340
280745
815679
364847
883307
840589
707895
135402
561649
791554
225572
351934
318762
344537
452157
290900
647782
632557
986008
648638
134200
298241
218331
577587
516636
868492
588566
712225
148411
482349
667637
885718
577061
483317
250566
374335
323907
858461
409737
699522
563983
535309
865422
782745
693812
317581
887611
341596
850138
787586
804200
798305
985827
836497
375893
416430
704990
864459
128656
667367
260775
696293
553086
651802
993577
703653
926138
231451
476081
249842
830974
854030
685152
610363
550742
292931
827944
438354
534527
592050
139907
252694
390356
939700
989191
580215
356131
694182
358641
384788
275517
433382
895047
728603
985185
888625
346223
911324
934043
636271
161167
765018
404268
660285
289348
855011
853217
117294
293366
301711
609344
247240
454406
813666
186941
357564
307848
443073
951747
480455
641827
141231
813837
536875
683800
799023
339468
930024
624314
273512
480262
685482
852496
784530
259734
141845
553508
926917
973104
660841
228630
496415
808081
497002
224048
895022
754566
431896
338096
620280
812351
793889
661511
626190
330766
345313
339180
484200
189304
863495
571678
483532
462944
424175
182029
536644
379986
635538
463563
353092
296380
592193
749507
104462
903161
873556
813450
657728
219419
965513
278010
931771
759403
753487
471928
904135
912766
625074
388336
102071
488570
860014
399569
765480
198156
481599
302126
478143
931103
665689
731235
227484
171849
394709
145912
975010
268266
773328
546705
301652
738842
638681
233424
498247
392170
519318
402383
304937
144393
604686
220975
446930
464701
434510
212411
476824
816109
328503
854967
747213
894192
500169
788663
880007
708844
748541
855018
791077
521871
315691
992729
260714
854372
226154
572927
246543
559438
875311
365447
603831
479998
400388
864727
758665
734898
977139
235490
464975
219609
904423
126155
113803
318559
728785
807776
927404
477327
576762
632448
813164
792453
625178
973879
646826
665298
460773
707336
224737
336085
886749
642534
630049
201104
507263
302682
836002
398369
438172
214944
517978
256563
241100
445747
389088
869885
253525
230459
261179
730287
762907
974344
436707
388086
862190
983533
867350
322964
604836
906053
473016
491586
548589
103066
592690
869818
305748
342660
268188
557887
457604
600132
628416
598704
945880
917504
382556
113372
961930
543736
657625
724838
518081
994332
926891
294238
891832
794242
517202
496670
614263
890218
888256
162853
807251
480948
932671
926965
637574
114826
484853
995178
528924
927235
507850
474805
844741
790406
402143
720638
334143
873734
445477
666190
868067
286335
860428
759901
894544
291598
170538
508808
995782
958794
571661
717000
353709
418299
643967
891283
347091
942786
886463
776015
870023
394314
164788
628731
998686
466931
349370
246797
254633
608813
812987
122701
795149
587383
696568
689694
692947
767106
198503
688730
639868
584130
405732
807543
816395
863665
698828
977452
720418
499258
753468
590442
707538
818256
133140
706225
199155
296476
766988
267754
719256
579977
290455
514406
981326
800990
118067
674274
482063
130536
276971
935897
528632
496669
743442
345028
360335
442271
236447
980754
755495
889915
485163
377000
622139
432270
897191
635260
628746
664181
803014
261969
244159
907435
676375
139452
708426
608408
713726
104457
552910
890697
940354
981542
387368
683797
240537
561669
940034
376984
456390
695530
266901
841554
886496
703006
273825
783689
338267
716537
447871
141282
878507
505996
862683
468849
545448
485077
891224
173141
489534
444135
963838
429889
425679
265173
927653
480182
640809
867688
757167
997199
477186
838034
838754
363683
541041
926545
147373
693274
557050
409210
648522
349524
815206
511206
632339
360655
896283
523564
433796
299784
867700
311602
543640
207346
390741
471294
587528
931550
252949
258662
842717
544101
996696
681472
721751
451704
521985
769124
144979
893001
178336
693501
242526
807508
118675
774865
168165
828924
212397
415927
128710
894063
541495
572350
101410
746203
857610
502904
677754
924525
661567
520472
468628
658264
115912
190380
923935
451863
773470
968914
344865
765772
576383
401357
573282
509024
990188
555413
337949
116552
785306
366659
910615
326803
752975
825991
973006
524552
328897
564727
449079
890464
899166
731673
462695
829044
822053
386631
194874
509490
269513
353705
275264
745896
655062
662512
168887
559217
217926
406836
575770
903232
587462
486386
144002
254404
312379
930974
678957
455242
409669
942002
345707
308836
673676
622368
951846
409696
822966
146721
819186
992479
400426
908416
652342
955488
570929
721229
428672
688855
128066
904442
506055
529494
304796
464023
683899
431141
394999
362857
786383
704668
218826
132091
827470
792502
568425
779317
202199
391392
826038
835351
383872
226465
743769
936214
995919
314699
657444
424592
817521
599477
243002
237543
128972
447798
601566
712871
778939
810531
889694
479289
429166
108521
511380
170603
714989
893771
849920
731154
285165
589925
566507
569037
630356
224243
419219
626276
438942
890629
864835
170430
404073
921803
307973
433046
283568
723506
959883
876473
534038
763545
355763
777171
686032
681109
847774
314989
574881
611662
946143
760046
201588
426617
243051
645911
550860
562270
186154
803769
366866
950989
874199
670940
786759
182174
103987
970327
805680
877836
760767
253685
555348
116531
844822
241382
697640
606564
456371
186489
218227
316481
846535
233781
643099
989586
779692
193960
465823
865847
811695
732690
730803
685896
403631
431530
682036
321584
401858
401683
113387
162627
555368
568736
993123
314158
624084
604731
820722
894421
691220
938949
210903
537756
986696
754002
441310
680356
761929
721099
546204
573625
367756
190974
173488
671387
522504
755524
806937
738329
157208
820325
714922
526543
303028
708046
740701
827112
312778
475390
721534
817964
328306
832437
269688
315003
500407
610998
895359
176303
246064
355530
563894
513821
360471
637383
999174
782975
306874
806113
435271
364083
540405
150194
704592
657399
672207
359260
484512
798951
734650
120013
616917
876922
766416
786605
191926
180790
311570
901252
257093
457634
170749
634954
785421
431220
186304
784597
214197
393178
504677
463434
571227
859048
427595
275820
430414
999802
449046
814926
712720
997662
748905
329638
874585
429288
930209
880478
510079
241780
781731
581138
513381
852480
216093
212769
283702
302397
811332
311865
509542
229976
675299
980769
989024
102895
256591
419439
916663
519603
148332
629385
517267
711203
772989
391853
140493
703200
272332
550572
758946
954063
945676
186294
720511
161771
299064
904213
278134
924362
130045
687676
154340
619310
668447
957330
536172
739004
290737
366802
258608
253035
896187
589841
864239
583144
881695
904732
200311
154028
369271
859257
922058
314948
859518
556536
290685
972548
374716
382786
896911
404761
884428
951251
838037
552876
908583
374210
205847
199321
641013
278422
352356
451167
768263
130562
934311
563925
849260
948588
531920
218532
807847
367945
347447
581332
824481
452098
553881
199198
648850
450793
417925
533280
402046
255963
900122
224596
444140
105971
237883
985153
198359
490239
350287
780588
434768
198566
344515
284029
147155
776435
316528
768968
144381
477941
350301
782828
830039
804182
882026
478891
254977
213918
826137
470989
369881
726260
595585
627987
646197
733468
527107
658522
137674
777395
439112
472442
875961
683627
570438
837082
374029
786966
606052
332376
264908
856353
115205
908913
574503
811197
301771
643446
925115
127909
114436
208963
754170
523987
736951
314334
171422
264059
872857
123062
855420
311970
409471
731382
809563
879909
482432
997558
666876
988484
329935
745750
758804
259106
654664
333308
970303
770402
876754
809385
798311
805156
832314
466448
243110
569266
680783
228498
647292
467607
251561
502713
679577
474998
148063
403107
354908
530495
400666
835750
432946
544567
495467
191751
617639
150132
339026
501909
820534
129747
225261
532813
834904
957575
899261
891980
526843
494011
120480
988101
861618
186007
490815
455162
561005
538878
672235
815913
883339
886867
565630
316286
345401
961097
322004
863040
925195
561030
364950
659697
590777
404177
192511
339648
361754
905738
231630
788597
313717
252110
776699
989301
338117
181481
444465
799122
534326
930666
529002
417666
817535
908598
547919
162937
783662
769923
839944
708858
244920
118861
282522
735697
423039
288999
889312
684793
194739
120943
387357
322422
187019
978022
311724
339102
159504
570155
952190
593830
500823
395159
825463
232325
303758
373383
209228
987420
957272
949172
610245
202193
968034
706734
751856
305040
895733
641169
889833
904438
576078
277191
226861
663097
169180
352552
816165
142650
822707
768356
550447
237497
163516
375911
283788
367274
563260
393017
268661
520533
342190
692873
536692
224191
399608
288549
429231
209308
743685
233031
113748
319764
324188
154575
796828
393368
321093
612994
436019
957767
381352
886466
109231
444868
176344
293020
626109
553570
586037
708736
888069
742193
315576
424762
866385
615184
613311
209583
638459
356997
342615
566173
490728
566803
534714
287557
860172
755808
800551
210158
713576
181904
910590
722807
440739
900900
829793
966848
454471
415831
589551
342541
158026
805128
667303
838377
334279
194581
947960
872738
365545
290576
438912
756273
757380
787593
943830
531519
543402
744382
641677
170945
740253
466234
707718
180993
367135
537513
961807
721606
853344
551359
878113
825336
356488
459383
663714
590768
553964
611676
377473
819509
802252
630352
489749
473599
417946
433580
905118
775314
991929
460762
846259
732183
826996
467944
727142
194132
905457
602916
729704
672769
968241
521784
498106
238697
881167
975787
729465
435133
501430
920904
168609
303683
551257
558359
591249
869203
805905
496368
558484
797835
771097
404744
443985
598094
772689
985093
606193
592113
588010
249864
264883
556253
671649
576956
694950
552817
466710
338382
801916
868140
173253
784492
171824
624511
342852
577039
407681
962723
887374
866166
760560
658472
184877
118512
170533
857566
103607
676726
363647
505583
740557
528530
961836
412207
919452
570753
778990
386163
723101
580908
254304
796355
365401
240095
334833
522219
717134
642514
398909
518475
422647
159470
176948
507525
177983
247482
279058
995555
738174
542705
501139
478732
885202
376943
704905
804655
761662
483897
104786
484765
878771
173056
195087
158139
313151
429920
580358
844252
886400
879267
362728
309049
852704
353643
716574
844653
501125
895632
840209
153266
438339
255315
445965
237508
532258
150871
856129
207888
534768
860915
592653
413540
933972
601706
471679
161090
845592
866003
819308
731993
659238
996003
941042
425909
349647
657617
270563
664738
467217
924738
718004
719522
994019
163970
857030
440245
128808
713160
548133
563576
488043
954752
791083
335982
556459
262763
311038
402052
942733
130348
134046
601972
126352
889055
927881
289965
460639
112411
854703
827856
851115
486674
461345
845135
464611
318376
285381
493419
845503
733514
956995
247513
688267
748079
397461
158693
824809
608499
460745
767543
552813
408758
369516
493131
297814
211364
683096
658453
223775
537800
400277
974890
924475
761622
733992
389087
893965
919374
696472
653435
566855
653468
714914
255124
315515
112376
313817
140325
534841
588529
807868
987655
897287
991350
480787
109068
202715
977850
667521
240456
515651
881764
129313
354093
643388
763305
557146
451320
596646
253619
104756
163503
721054
719670
232593
936569
646012
360376
976894
180854
762871
698729
168510
660159
690080
463264
583193
706761
441115
250716
847217
770732
132481
876530
938792
589835
553802
409905
941155
150450
477491
859877
127919
198546
493514
174478
135116
139527
348820
925976
220382
111693
538672
202858
585818
142719
480088
169013
749480
735169
233695
596698
419869
180142
387195
358662
583944
754963
668567
525100
719379
146059
298945
661264
158571
692459
735742
107653
731987
898529
847595
766335
824188
386268
783159
410007
428987
263249
392986
178468
898418
440647
589132
318288
434756
790293
490916
918700
545258
973450
357767
178604
933475
556712
739869
992047
163139
475612
999700
795126
288108
761263
475428
112297
147532
258588
336271
390486
421837
543223
468954
234223
883871
872053
366477
232594
576313
671360
965260
935537
644811
323028
114143
578287
693707
754012
484301
756846
143591
397969
465939
331700
159233
841367
343997
120731
999955
494234
411217
335760
937458
694138
469983
735296
480158
650426
867890
956471
321787
833151
892010
780564
970145
906153
272819
577819
660166
657120
248632
703757
869055
614571
849423
842254
369905
107388
862986
369862
501622
188170
605622
439081
782308
889571
174378
262467
453964
856234
132906
675752
603352
924916
456317
573499
745036
629136
965284
405203
200224
213918
922926
969279
728489
772351
725501
998395
779739
502454
282224
195328
590624
701812
534410
372934
591384
522754
449367
945348
378990
482273
535067
882342
321156
805351
369808
966192
434488
335094
285362
448678
449012
122256
331925
991467
708573
957426
989863
402279
459881
186054
497607
950505
787866
932017
237406
293217
368739
500740
152533
647729
796979
587600
444038
118137
392952
627813
898295
641407
776873
183659
990085
139852
205915
322011
131320
814488
279438
935150
216768
553285
121205
614375
417758
723038
460360
555164
916255
729099
869870
968788
290795
666851
470356
548799
598954
763308
990578
497250
404716
767452
580909
308769
807304
686824
530780
752591
415279
624185
687742
446013
991436
622913
960389
409195
345952
334716
778326
176175
877781
648197
144964
168577
229015
429286
531342
727969
192596
521922
225221
411278
289375
706130
534013
910646
306922
964794
663238
536167
502946
264947
882181
494383
701826
756537
717545
861745
991253
495872
937920
783001
958035
896850
851578
187052
326138
382921
728987
332700
718809
854208
557944
908185
474306
991958
732798
595194
870719
310003
131362
373666
474950
827509
682015
990742
584047
399561
852488
489267
709399
704375
272269
581402
515193
937813
668454
655297
234702
311408
801963
853511
165618
359908
675663
453890
351867
408462
949084
136553
618465
894412
410219
907381
635889
906201
812091
133903
305763
578546
437137
829129
196889
523372
410532
612082
461187
892952
267380
509855
204361
969343
363367
183945
243218
852997
537835
409052
261460
400886
445605
693892
209266
669791
515240
745155
575993
327332
693024
695722
719845
130162
524852
816734
553535
835384
428817
828688
642303
510163
338544
746665
393473
601911
830610
450657
454909
282413
759709
530336
497265
205316
138195
520497
775107
467401
265653
265067
608700
772644
860789
328546
802806
385643
145281
356342
134994
388064
185031
677298
712193
337541
337930
105667
839453
982506
456324
208329
264920
130001
552631
576152
149283
590826
996649
824390
958228
176270
989457
480895
848914
764213
709441
651721
149857
754722
822030
998817
956752
821027
676116
668946
158570
914046
588579
811989
810519
858869
834284
975440
888870
386917
465559
938153
791709
462209
676510
663904
538479
579934
144800
301360
344149
754241
853082
307972
422930
589079
306790
379683
324073
796872
862595
382643
624885
451175
194633
435406
310046
928918
324813
112883
229802
690372
865003
921511
966547
455480
499383
418994
849381
544183
620354
107497
212392
387403
315469
449288
876482
436226
642938
200557
147065
505534
397166
671951
856710
405766
921323
980722
334685
246137
907571
378453
750475
772575
213931
630989
142023
613314
949983
891404
971464
570339
898901
183857
771708
214371
533145
648192
464563
176084
662715
511629
581619
873847
997546
352296
279614
918870
246985
428265
978973
968522
706718
643415
655065
820650
274405
697088
347931
224390
588493
319396
608695
487395
403253
380404
515732
750365
842562
880296
740415
419244
305892
236001
293093
303439
402263
472707
136276
549248
714939
115250
431738
421658
658665
986803
156275
747036
683892
318173
871426
272386
537569
394088
573747
754789
674493
989479
419121
517056
783742
159537
750267
989634
295539
943360
207040
597802
330034
243316
961017
944973
172532
392756
280599
645163
379560
250840
392201
877418
469013
177594
149805
820549
471683
623552
575339
960142
526998
894460
391165
310742
867963
141433
214343
163503
898759
235350
575272
228795
292632
536290
987734
365165
743012
182300
824294
936538
333141
130462
813957
616120
122023
777728
436670
493706
401281
825975
367815
742245
634402
658980
952987
502367
614380
981297
479836
513140
216648
955108
555901
409280
405365
543637
588411
962343
539903
326673
812848
687010
357135
626806
303132
379158
404535
553768
686830
619782
293711
954645
362029
742079
527593
228983
158413
141974
124247
538250
469080
240895
407325
924982
464142
626657
382586
866519
502967
822489
193193
315817
423467
450329
842623
626599
643453
161126
994333
330285
594874
202011
198897
770869
844091
540456
899853
816470
496396
924100
354721
865477
978962
576013
704426
357071
202671
900978
223591
519604
637434
316785
735421
960901
581080
492012
501467
224534
553138
409768
368785
961978
511779
381649
732849
269837
822105
546669
986308
232469
384736
254996
911912
363699
731009
616339
534736
747646
517318
658328
267252
968718
789079
816639
929621
370160
308652
431089
408660
761790
740857
591412
637736
166604
873061
370586
336441
609133
817255
236716
741602
115958
391713
653515
379658
936688
183821
814394
598302
515105
386689
679520
483825
175769
496160
413447
359895
704813
658502
668556
380570
399361
259969
918306
465965
946996
202859
616372
556130
920114
667055
211700
936073
958768
765215
229698
809423
849037
858058
407726
278109
158715
901212
661934
234484
397374
889347
494380
102188
547851
976902
296724
847212
150838
215032
227144
997834
317891
657482
467931
151973
324538
579631
902012
197273
344848
945676
906697
107852
717701
228390
285961
776416
129604
761862
824867
340944
651210
319248
343132
199062
210117
453822
860240
260955
568854
901350
258790
700712
472800
626721
666651
697338
120320
568664
708578
365168
428307
529242
286986
146009
571598
386913
736392
601202
148776
561260
842146
613953
780508
999244
626981
804591
453068
487223
965546
835888
302540
138303
450567
589306
578990
117219
286646
599310
499849
809190
778444
828156
338433
965430
788132
810031
266311
524525
325201
315087
985785
981313
743006
680260
894525
369989
484852
261560
671178
364365
911414
873718
402668
361983
463026
795624
293168
563638
394936
693018
286795
987346
435141
439194
866744
137240
249226
133056
561765
388393
262109
461517
283674
905116
955743
178200
275106
354562
253726
760250
618927
165141
547935
835561
427124
824927
631187
620293
302532
840089
227278
489327
741402
562419
828521
608147
599660
891714
641203
975391
280108
717279
350876
463782
622396
306620
455948
711468
561183
609674
471719
994076
674816
833620
829639
915906
658549
374793
536200
861081
128849
577444
350410
770251
139865
992897
378400
553491
884612
833569
442849
978687
550849
693725
442470
987211
814312
712385
612646
375496
322060
898331
283539
896876
731953
113179
812784
390503
301938
262951
165551
330787
740396
329927
915005
694227
322826
293406
161685
121405
940941
504534
100093
491792
198261
356530
392970
912573
968915
905617
202036
290976
803949
385575
101820
535903
312721
728570
740372
428625
805487
805924
573379
545884
135852
488385
154078
358678
595757
215763
380084
536699
620298
294143
842457
632525
550673
235429
459065
519589
141047
475067
624532
844996
674608
626352
294867
887329
268889
935239
315956
974376
741164
789335
434228
690983
191687
488306
949661
687444
604070
243712
138110
138335
351822
880568
584826
802495
929963
857857
236052
971010
332925
760584
729973
907533
300903
838806
708830
469792
774047
838752
444169
429178
542054
778397
120162
633741
180671
883790
235152
598707
941468
273262
637042
293291
153831
135835
995787
897760
893692
231840
868771
140584
806390
512712
948117
107294
351519
570914
391052
939532
409667
735221
368712
765687
427586
302840
399429
508257
186631
448547
106965
128101
621810
557973
321392
589607
507774
231146
487369
401467
362986
270107
356017
983342
596785
218101
990636
762271
689016
381689
701804
912649
930877
884482
678338
272430
187324
891733
680687
187921
340282
601618
129988
776058
159592
265347
365666
567366
396493
667001
782799
573446
837109
138817
556789
433895
256918
461393
196167
759900
743082
711938
672551
587926
596421
264856
760356
597711
156590
355010
599599
310838
856628
629587
986896
916220
794934
352564
397553
191429
919565
994318
578841
670641
133136
135631
104538
204021
497024
114671
863921
154074
726609
536473
642000
236998
701329
316324
648675
671886
571334
248275
882724
427964
691829
869622
258151
400730
136153
469671
406125
869684
463990
884966
540327
411093
920598
458831
515114
417623
473502
379036
385663
114079
729476
841630
165043
344772
157955
713718
916658
543255
775960
713350
785185
467790
496939
857303
768520
533092
326975
174647
402777
604931
959613
757070
916024
794178
215902
431139
125769
503371
624142
411432
517450
267585
253063
582493
512357
224984
296212
342983
668240
886138
870299
453426
353929
367239
310730
936416
800331
451671
111064
117075
956603
884643
774146
872628
678823
890048
217735
704592
393420
655843
929990
724836
823428
183055
221296
249752
308039
331475
406701
876279
217614
277001
243673
471544
544240
368369
407961
258538
720041
332991
275614
676645
217635
863726
463240
710424
667741
494941
328983
875128
150785
258975
599965
788179
255996
635228
937932
464035
866703
344634
254282
984317
521636
311921
455862
879842
580290
677789
952347
300332
824746
141928
790943
856348
905654
254185
566773
487362
563092
709723
362491
613878
868698
776423
316024
124695
411652
253957
402696
278356
412558
470944
262674
748160
682865
532503
628003
263157
124259
580351
377455
849006
622279
168400
705355
441900
236551
186095
829263
699643
795818
191755
227488
664517
782144
443513
603178
193797
511436
905875
286119
823994
290786
362760
486121
873652
795263
114126
950775
819522
508443
242197
582495
944689
310597
287851
300556
361114
287913
129820
874724
983731
135542
916178
562216
731652
273658
165395
825450
685095
885236
925535
423056
176024
288296
809178
863642
983559
737270
728384
717049
159680
870581
213511
918335
995145
315329
218893
356260
503242
162679
144951
486974
112187
961130
863156
743840
234789
928552
569291
733850
727755
408793
156908
717745
597090
780052
581388
494616
517323
309773
125632
577003
994321
239144
495340
989467
454473
528199
259694
771681
590878
218612
172622
603066
179743
935779
346907
228498
778298
730164
862349
506054
138958
833223
223801
550014
613276
619155
944631
944565
742895
970263
521569
737217
209408
830875
640651
477847
359075
714311
249529
763920
832923
322152
366987
826632
257932
527860
955131
936230
171991
731447
356251
210949
564671
394018
660964
991913
913174
519562
936479
570036
489826
372015
221220
513201
202892
761871
891048
375933
476183
140579
953819
223074
362731
234773
949706
434629
662633
904838
284826
734624
550252
541077
759540
114924
835096
334471
920803
662237
754033
857283
232274
157826
229300
353494
571027
246158
929331
376043
522091
405515
416622
389878
442555
593319
524651
392263
927948
187286
211068
212775
735876
661321
567818
409383
590211
402915
557820
511016
965152
225820
282266
111393
283647
411566
364887
668640
557724
294219
944683
893782
513701
275272
283661
770222
768591
708312
162486
610506
709564
187521
637247
359408
662808
205067
582757
166986
421948
140579
491968
301068
266399
674235
312461
364012
899767
491315
846619
457493
599500
791303
265242
927167
966576
448903
697391
649134
971181
673843
173608
594713
761364
710855
768087
338139
729888
350845
405126
965803
305390
797094
180838
471790
471330
307265
649768
371099
698580
496388
642558
212048
201659
807800
139216
168236
170670
736607
631336
955817
410452
704944
464497
985782
329767
232585
323923
873621
483431
629049
839425
688821
340110
920263
974577
625407
141496
538313
896506
740076
934701
453031
766090
136361
174798
805307
118563
159434
455881
649900
929217
766333
268811
393716
752117
498578
526301
890006
286167
823698
519056
125593
426487
759166
859823
315031
384574
901319
753344
195047
555362
602013
462044
321454
638374
450808
940727
570904
510242
396609
134771
439461
976909
303582
647143
642993
616127
987410
533000
802294
811110
952056
741853
151564
625189
515643
366595
823730
330929
119941
832743
786292
535920
294789
921712
988260
645597
776406
559165
969806
173016
507902
323234
149926
711485
870377
606885
241579
771754
139886
943873
582865
905908
599693
548395
531099
115338
814991
268796
346267
748898
101540
946525
284819
210295
782204
187046
755893
558611
646212
639666
545594
154115
862900
509486
679566
647244
116373
821145
418999
156259
678985
815831
962168
192646
364227
407234
207984
993184
489996
368217
656049
491536
314744
754834
601832
910914
841881
271692
383493
402060
811358
829087
456175
588225
338574
949708
235470
354947
684820
468435
325173
363807
198233
201308
456453
376427
508542
478403
369612
898538
746620
839628
304041
875330
594463
719839
700212
436345
891531
983705
738405
616856
812793
108548
205082
965333
872222
254518
320282
557043
536920
459421
734816
635153
560729
191270
911580
883237
483639
195160
695742
144227
934788
899783
919557
529252
619624
619770
779564
511156
517442
431936
941979
330236
354450
147062
295571
226673
215547
429819
683717
652467
789240
418534
287621
349970
423771
113169
147174
807410
208329
742916
765603
957083
642700
599128
486336
176291
218899
179867
501414
636342
511804
443394
780544
766254
404422
976115
806894
519969
319901
490612
986402
109142
723112
187991
273078
146884
201160
320252
768261
223455
877134
533865
180539
433802
132994
480841
510093
165860
474675
911507
616168
800445
268868
310679
480666
573291
286796
287561
907226
420663
678173
893630
429806
401287
981621
516850
362137
996747
651069
944364
220203
528204
392197
214708
862006
339157
509515
286067
405017
884190
111541
835151
684636
280410
145832
165304
667667
246594
352865
574894
567257
845005
468525
811029
160259
364113
241847
336362
360861
792916
280728
395030
235087
572925
509738
911060
812082
919254
197128
131067
803445
208669
780184
488083
303045
739982
467353
870712
886576
634184
445608
367801
479190
728099
992796
539449
992213
234644
775812
353075
927560
870506
648106
976614
357398
971810
887675
169481
891065
898769
114514
608478
921404
794699
910527
224451
534682
377881
995163
335226
912065
354738
516993
391257
982838
509790
744672
975052
644435
434451
242094
485962
218924
704166
462577
476322
675978
264219
459770
567044
162989
474284
175523
984394
182950
900016
208846
531599
277898
117976
680791
103931
372715
197785
309154
269520
607575
867792
244573
252011
302245
300633
637974
335135
904800
914517
711458
580779
178738
985194
961789
241727
459479
951279
140088
456396
851296
248934
801961
943161
180877
482753
947092
453592
494504
256247
623112
102080
124040
681651
168058
240251
796250
619998
475387
701051
448482
100812
195797
527220
986006
971553
582914
359452
922833
623002
629814
688096
685903
345742
545224
766780
642461
492317
134339
136966
562530
571417
953012
500537
253069
121071
554754
949319
555035
844107
564338
903517
844919
574101
430739
744892
545655
827619
918311
382455
450622
548126
884518
950491
793869
429743
717272
436331
736027
751611
387264
298558
323029
340277
613061
390064
275314
167817
253351
730349
911924
631655
547833
670811
205757
792538
329670
651413
620158
247982
847834
884747
696109
732353
835239
403945
162098
466479
654242
712091
132057
941506
824615
269053
281784
437678
559117
371064
419461
626434
101414
331386
258090
549248
816163
363848
341787
145835
829227
775912
293817
677062
660660
803892
323383
409866
207838
385481
776345
762081
997572
808403
703588
822188
977456
799339
173833
450540
170404
493294
890941
985784
638647
962997
448999
368777
326846
604752
414612
970039
380665
522396
561069
855291
326289
784452
265159
348094
983899
855470
924141
895438
577840
627730
717627
555297
341036
705427
819804
325407
198722
624712
225158
651335
587710
574157
920113
728523
178910
334726
698563
373542
671088
259633
142800
897378
858051
221925
159439
841951
977396
983580
737390
555237
525277
368985
924501
766314
974412
658272
905687
987100
282985
130846
638437
770695
605003
558551
499219
597879
707243
111750
785387
378333
185349
828188
189678
943401
950113
249117
785353
841476
232698
436711
396715
571941
705696
321217
252222
680109
793455
157910
581176
976440
188756
219614
747136
607725
592131
160323
119572
299376
172073
804959
491675
257422
547114
581353
114790
411195
730470
714110
252672
777134
150822
549387
349076
756518
684570
415265
350594
478026
473175
831770
368433
475898
865351
929536
897589
457483
989859
831127
570825
975898
550054
962500
147287
997168
543854
162078
408364
188291
776188
475003
779391
740976
838356
942434
497495
522928
357700
662055
814920
644841
407792
183355
120740
187110
926857
832296
544594
916717
663424
929385
806582
213479
891887
853869
210649
349708
829913
432979
438000
520068
721948
131358
175011
560306
973792
572506
897200
245459
148528
712121
790301
370287
709442
811041
457397
550266
557304
815957
466984
220730
745344
187533
334209
551198
855369
358824
800906
599249
605770
152873
119319
327719
184232
194330
701991
971990
580803
599192
217451
543297
225281
907752
813584
748689
632760
184949
298957
190066
900906
579907
224762
646251
667441
458971
111416
522811
631762
812323
122061
237533
865196
955345
379218
863394
963642
981210
835386
458412
580403
866803
901709
705684
688522
629261
368341
321283
714210
567298
325315
529083
147206
450077
175336
714647
723015
186752
151425
354778
813041
987452
406277
592205
942798
685495
455600
820407
580672
204953
192786
975042
971756
994496
680727
660279
537724
949068
795529
165901
430333
120845
594984
477540
384889
584286
192188
921870
585005
157580
276649
398047
145033
496892
890252
901797
182388
345854
636172
577027
450807
728958
552070
336531
637421
146764
896810
175146
909799
606306
155013
340133
627152
649998
717673
826007
234285
723828
747878
633256
781408
838493
931304
740407
335386
735523
556171
331740
895343
192344
808767
260118
821303
360838
496649
458725
407603
307426
447838
317403
813733
502851
471502
354852
966815
189177
180860
115068
726971
742704
648324
422346
581198
579629
162754
730550
229120
618925
962290
124464
625236
771059
284582
446540
945863
681231
719231
267433
802624
981035
484836
616358
397854
856339
871210
364670
859482
866036
379738
586454
608741
842029
908800
103906
335625
885520
734456
464745
418412
696747
489210
943648
381773
673792
390189
241604
268991
923387
409037
971615
904423
707840
501940
302278
564180
373151
566949
337629
239188
760653
738049
747929
602683
560816
665801
838309
446337
400258
303055
764749
910971
606231
708399
206712
193991
912554
348316
362982
835942
657353
248564
740367
365194
650504
856611
743340
837621
337527
980969
976809
998181
632985
638705
514831
193802
304507
353141
540139
604765
470163
218856
429703
976394
827255
536415
170386
739810
784731
347334
489720
442086
409864
230088
707280
960368
900665
364588
797990
238194
345558
688766
236376
792510
327472
565173
886312
531979
818315
340419
950710
202445
459275
380415
178840
286531
816830
163193
840307
515529
324493
330028
857615
634358
374082
478862
508693
274749
743450
220651
412943
902975
809417
463285
695486
950856
928458
495765
396802
660740
736184
261480
763185
195460
541895
755992
381991
272692
819185
222300
602187
143679
366294
459803
678037
640377
752632
100698
729092
496083
221349
142036
313025
930766
419287
822477
795589
261712
318244
192393
822453
954428
353873
499605
149890
709734
255598
345847
796392
974783
382113
398581
932429
648408
672350
610467
202752
424983
611165
831844
735033
646480
787846
948058
577248
207134
684503
286804
282812
902747
379197
105266
857176
633070
504872
821032
256771
660470
166881
953164
549221
448994
351746
481651
911368
838062
906084
114121
263047
431217
845965
898080
977697
633812
760105
468912
654912
444609
655717
837725
261323
848880
842991
118501
395918
261830
753499
552689
736267
820380
419820
285489
183342
671566
581106
994710
509630
401157
108833
586643
732374
768764
398690
710073
402578
158796
992951
871456
417372
648669
709182
578695
497551
466141
511162
793469
627971
264663
260125
278205
899009
579946
377660
982351
165479
858766
977063
489075
259925
899862
975718
806265
668627
374409
430305
885171
347172
423258
756629
578510
885893
379778
971171
383445
745919
482335
990880
287858
560964
164973
466063
459974
644919
657690
442327
710398
430423
333357
199475
504314
147186
989159
310581
629779
277536
640886
428918
438674
964144
185548
917184
764005
379292
888356
147451
125213
284658
952298
227037
745622
117272
593100
205598
662191
164757
461891
286556
495181
609214
299997
899495
656400
289158
124043
286180
380660
664930
615098
719334
543041
614612
550485
307047
893905
352808
268465
833084
451433
134730
960121
197056
152002
467188
216620
628159
531946
492477
728681
927127
101692
928679
740589
572058
131804
764633
758239
326430
343530
287304
945764
700537
801917
410216
821551
609789
663024
990016
356840
114458
938712
316962
125481
904680
684150
156067
532840
130063
462511
175488
871156
464203
918133
611747
936262
949937
290347
608468
190334
447843
795772
950064
148381
511656
360281
869932
935411
837272
773915
292252
765696
712628
509214
705143
617309
107332
761211
964115
137395
223723
139605
908552
501892
957738
434266
352121
821643
538579
774555
911977
886422
570329
862043
934803
895951
136291
718703
831364
873563
406585
937582
639261
933180
360764
344405
550490
368096
919582
428573
319457
957271
382144
141976
373131
253849
390208
539218
889458
828787
313775
715403
715210
698070
491413
563981
594022
527704
196651
339353
315235
503236
276937
854496
436417
537701
112868
800874
719763
846417
229448
939220
717655
511592
895163
990786
579407
285372
530006
468867
114161
657747
184271
643337
355818
575684
207319
763806
103389
217936
103161
318624
621173
194064
987086
871556
545731
913921
672431
179461
674305
715845
118682
391961
141404
827811
296715
620812
113185
640687
989679
941311
298435
173951
584649
554253
649635
605935
318060
566990
723871
235187
699581
259011
329251
686668
130569
688948
514556
616966
768409
188862
246779
701058
480824
288183
528870
591505
808995
456021
232193
712641
397333
430628
700558
795949
798847
264160
401885
930873
731151
939722
166062
430733
198735
309279
931367
143270
812194
359891
574202
580604
448753
720981
195629
743543
909165
538466
335049
632127
894487
381208
258736
205788
625802
859294
901737
424650
123456
303623
269491
754607
157312
249519
999306
256047
372764
844640
213283
184959
204532
601452
579530
467252
322434
675159
210796
145566
127592
359812
591660
922080
641020
750396
941834
266824
609691
843572
505440
633147
961161
588897
301721
118474
738416
214994
188488
111182
959635
301771
196141
978133
803223
589637
445386
939624
178764
470149
985190
206356
729961
490817
942402
284948
241214
884237
365738
664872
727810
685145
211986
688972
274043
327674
707447
912460
442668
795935
837608
316270
911672
847715
294405
628863
437354
639791
568488
516118
923906
467645
622474
653868
858463
478844
752783
913643
363082
118522
578516
904859
703667
604469
507798
877711
832143
129212
704138
274812
739113
541747
491083
650787
389463
599454
193617
640783
153212
662105
156902
977119
943716
593343
544954
802180
972187
297738
629791
249236
316261
208308
154096
833894
712777
475861
625572
458887
505073
329711
633700
244188
685424
938749
708941
888854
538204
802558
529638
505382
464664
500507
482502
322347
993850
927457
124529
880004
225196
568286
943206
355423
676594
911269
189319
303339
387131
714891
576192
792204
858569
209893
850358
457960
962608
559300
346815
414779
361859
690420
820162
640489
190928
302665
862837
998744
144089
801332
792715
269286
369619
735922
524709
860179
647192
527994
977484
848289
156853
553678
640495
915422
577537
404820
373383
540147
864121
534165
768892
139947
224586
589055
680437
229480
705687
457241
228225
749776
172540
920940
833028
356125
570829
271705
216305
131989
699699
107757
880278
756552
561435
434740
585941
952938
739561
773291
407052
603683
307457
175946
557596
346009
665001
152000
389455
284655
509241
517680
934432
495747
352587
767461
751872
823416
853132
868178
855405
552833
789901
735685
223352
265303
984391
709294
218242
723953
396552
525295
241603
604009
601241
699200
763984
180209
751200
153440
364865
174409
485086
213264
570156
737673
794691
322030
475056
647825
104175
244429
114625
794076
794080
237977
959379
778472
761237
991587
502427
157790
516883
557996
575765
932090
257197
339750
926266
822364
307156
205098
810739
692242
318362
380896
343882
927019
516892
632905
488811
435033
777334
503436
143076
571415
555380
102456
263854
316618
908010
666281
288375
424894
138245
764140
270952
209408
917857
111185
931772
138980
216283
742512
645189
348611
937375
889071
275631
368234
435943
664443
703268
213278
981845
746344
598659
537226
662767
762514
753845
570778
342762
942220
809638
381007
620327
894556
490416
538185
905741
336155
577166
122025
892634
222356
370636
830010
925393
460234
198245
361338
938643
715479
388582
920489
461825
887242
457717
938558
563723
211563
509337
806485
967749
232942
101460
588077
127500
491876
940229
933241
728031
431362
955267
620666
553718
239870
364643
393078
600104
376855
654416
538748
992334
942999
373205
368126
744208
730922
306685
307932
756451
629988
928383
724201
762931
929843
226245
704397
421720
980440
637639
963718
411803
506873
498351
865521
646744
676961
258601
160815
867782
726983
513530
774083
583949
786735
142211
242124
517658
262862
450056
188076
706817
292407
726243
383715
222251
852488
988112
457938
746896
625752
335623
158700
946592
647940
838188
593337
324902
910755
568118
192685
551705
981648
866769
135656
682350
822946
277780
113975
899774
541803
202051
606592
734210
828294
804273
770427
594750
792386
228366
341647
332106
463989
314313
278699
111931
152502
686002
250799
877223
254121
257451
428930
149737
938186
464586
646053
761133
556332
660029
574874
912101
676046
995433
646312
418308
799707
330707
913058
506061
459073
168672
738167
737029
382985
830832
662926
349454
516835
727691
226678
584922
885142
469574
548625
823329
834160
194680
498429
304460
668675
973304
216562
344722
968738
676841
663030
768446
907548
490055
274508
280588
558727
826641
831583
755679
657474
494510
919099
988275
136169
959743
573199
921311
429319
121825
658608
177446
130471
157038
381906
699146
130343
498469
857835
913047
175311
434832
595461
896825
824888
683935
177414
297582
510578
908998
867227
982018
317475
786327
970295
353644
746072
457461
188923
989357
393252
661497
166804
423724
718535
448711
936836
662845
761146
708638
489859
750423
143472
985320
647249
782326
669257
638629
979908
993801
547628
847137
975820
679070
547431
860082
846680
207470
317544
849569
196828
524763
511067
263633
762453
143570
526310
699290
620381
287457
321896
110241
851846
365368
995562
499096
147695
578786
137726
941569
572588
499321
788707
548409
992357
336140
322459
839038
357576
540003
688609
454405
964766
113643
532004
641186
157213
872280
340478
591560
973703
476340
601802
825550
741708
511331
324647
703369
904083
276339
644939
476672
675660
347614
839047
668018
497720
161507
421024
755296
515477
923599
123668
394210
937242
555672
935397
908422
341919
189842
499983
315623
566182
915751
141174
221857
341049
279787
825226
245133
456127
384132
621805
945753
631746
374820
527739
943432
436327
848763
698730
765770
686329
636364
159982
537538
106004
995379
445961
347923
999187
759911
563547
565370
589629
604721
687227
830679
784509
426420
975812
154603
710552
511585
100357
256266
786405
528096
199699
222733
290826
712395
888504
877155
348761
862452
414695
354765
857832
674622
516654
857020
348500
980201
336357
838130
498890
837550
582776
283400
263971
558589
251969
788489
884140
252326
858721
670546
594389
872387
707246
785215
498749
509717
576338
747510
372170
804999
916241
143969
393588
432897
814955
642089
327065
965278
394186
725955
802829
876962
823321
966800
349518
975290
669256
147626
141584
527979
718172
635973
314333
339385
335155
713082
749102
811493
460594
935238
530459
290802
893173
824048
537665
708129
466138
764731
587374
674290
490687
390204
465219
314010
270971
628703
203267
840228
676329
244851
282174
308469
780824
496507
547854
929946
209590
296958
741440
484150
146163
271901
588919
939337
909915
126585
561433
376054
705282
148809
864310
195971
439013
329530
323947
609985
772199
341180
364180
448530
486032
460320
656999
180823
856827
118820
110770
880383
315778
752211
278501
275908
838078
767420
215246
747994
794005
676679
938014
499289
725488
716291
509226
978468
859787
647139
502420
631987
888319
680566
894483
288318
140887
465449
369142
811680
484270
379912
692064
614014
946089
870565
789922
698134
551952
905168
360095
345959
495815
298110
659214
135270
828367
982406
113739
688155
629546
430125
234110
431832
110692
128594
620151
965544
494044
889293
777225
878314
183172
383257
492329
129263
167789
196219
727397
619742
101388
987493
779667
411169
199570
438882
446440
841904
335255
374145
530060
778767
618237
664170
210600
628929
606731
644717
508441
100776
447977
285667
793056
531150
482890
199352
560413
550680
295571
201777
170423
210926
103237
850090
522095
116774
202939
782501
858678
352160
156648
302705
130928
674885
866876
155494
217781
387574
700212
626222
302316
148190
725856
995372
579340
208747
194725
953719
659427
304263
155498
643816
415189
972700
493907
751250
989474
510812
533753
848153
762972
590401
150860
793900
179253
831702
763361
211000
219277
463574
737223
421593
511764
377046
330932
905071
485793
339623
858791
145222
543886
828255
689038
773041
800957
996912
524293
790432
421691
958046
552553
998630
462414
603413
706497
541667
349082
469859
566633
468359
833433
217823
703918
259165
494869
848816
978202
880663
188440
836994
839851
546293
579217
442856
319335
380175
353735
743628
984573
675427
701675
537127
674058
164090
954506
380556
519723
303589
664382
986357
585914
497816
204181
203799
570947
513017
952615
549150
393681
955022
300112
233533
501316
779329
490355
720651
973470
744091
464281
872010
419519
979922
323105
907543
957979
277612
202066
477703
481202
766448
378027
881082
178232
396175
984882
563145
809192
851464
112297
116840
806487
226375
250373
307804
819670
640728
842422
793141
298786
306704
579118
532271
200593
802223
439815
158573
979836
455848
450243
375005
136263
642236
256088
128461
938411
154937
591607
661570
820368
517870
678410
626856
644245
742749
748627
463916
297445
591050
171024
496231
711720
650142
928503
812313
452367
282285
784853
346170
552099
235097
621175
588363
777333
691229
616824
629712
660133
208432
205249
480502
626302
783660
921324
184514
440376
669952
548430
637821
261003
533420
948019
872723
183564
876523
599004
449897
972774
383858
696067
524875
432921
231209
113239
124221
736404
544029
653933
310504
652462
759183
691006
192731
456810
612332
277246
797186
282285
639642
348975
357255
173064
296995
143945
170594
987484
642949
520491
960259
926807
130525
399101
359729
175700
326306
383951
812104
770336
851850
122610
336765
525000
627582
429496
795776
153881
520708
592964
250133
160352
841939
507388
233416
952900
551333
304010
940385
108250
638467
814611
935057
668992
213714
208754
744692
440020
406671
470763
210357
172488
407339
361088
511455
934922
690585
307232
902769
125260
714162
152903
185612
470068
474257
232994
422969
839557
350970
363355
847807
803403
177968
696831
386362
205648
805585
945020
545668
126223
415785
569992
112678
723124
831080
524133
572013
435632
731365
474784
460893
445529
441653
460471
815597
815911
507432
152534
569435
672368
415889
417243
475773
407823
114075
676101
513471
733627
621123
959140
673816
936908
443099
686494
573999
274180
210628
146014
523779
755960
434764
798638
115456
690383
173076
745019
420261
580508
797553
889696
166844
127410
220906
456583
435233
234982
132685
762671
782575
653808
635778
456392
590717
978877
956853
978683
167024
981447
938663
590803
651374
287394
303408
666830
877777
376485
411851
298040
856993
123371
101703
837803
150781
222610
294387
399981
357592
327073
162653
954133
880881
612397
324492
385566
591275
195312
364250
572265
176761
302914
977035
728135
490308
280444
308933
282052
556929
534750
480092
327890
472087
395762
979659
522869
518372
274048
736816
689930
501121
713435
644064
295969
325833
782522
495501
731074
877835
759751
303340
868562
876631
280376
510664
280906
374787
719597
376925
745682
168314
757017
887538
540402
966745
867199
963271
485118
141248
614054
175049
456335
327490
633079
652304
467289
415603
961772
198364
207405
721524
315670
975967
512123
410013
486632
606995
684800
120197
883920
344449
188511
554905
231989
628913
521651
999188
506151
906770
140437
120206
895785
410738
261662
442832
877008
628951
672401
838781
641281
779806
474273
770918
669740
886396
180932
156373
407358
679698
990535
291280
924147
179048
660151
156137
621927
181803
969291
128080
902539
109729
962251
712292
334433
223915
155125
211443
666832
727526
950224
222081
507333
424498
892999
177074
224861
973931
147413
532220
567596
951915
637466
491744
130964
297618
461848
652891
379421
431140
594937
195928
354836
557190
808220
589269
595071
863345
700712
175870
504838
650938
297951
912171
889402
104917
903211
114265
892814
864590
546485
460411
816506
183952
766122
761436
381570
227971
328295
574957
473077
737198
670885
727913
294389
393072
231150
703426
170384
831862
779297
575222
396767
891214
487394
286171
896132
304572
214402
702913
983129
660887
163326
713602
658805
743414
475040
854341
871385
617301
343265
344463
354500
914151
886343
462856
221190
117494
166283
291575
763322
845580
766797
160091
650762
168159
260228
460861
286697
374630
163775
269827
849483
141067
883430
422255
784481
272437
276597
655867
789738
519862
814297
958204
347980
614607
421061
383137
632101
487345
574712
395424
246892
255476
369481
797654
323635
443675
172482
510333
718305
236258
594126
481755
277325
391523
804010
961807
563960
894573
531641
267665
328403
259905
225871
490349
774512
546932
773486
406614
848243
348199
616005
995136
503676
885486
706757
641277
243129
779240
965576
861434
915498
559704
257157
106790
851227
875133
882563
329155
683674
414206
496820
912077
574111
622691
402427
262591
983590
989880
569205
831834
252046
999176
826971
569688
798630
447696
210967
941759
226937
176544
803194
956401
550214
874317
877157
315409
749452
759722
544564
433127
987894
855350
259171
475972
478043
475564
638563
375600
465445
207770
207435
617492
206947
934407
187181
905577
296070
212114
847337
423007
202625
564499
293375
652839
352783
170533
782214
916201
744221
326779
263295
732116
996096
422466
208090
474140
711997
746653
663706
177443
768389
771141
608901
789303
619515
696083
608847
815585
808197
370152
152559
910822
834651
345934
477629
101401
330434
259844
917603
974655
400590
994864
706773
396687
331298
728829
684793
943295
475483
348500
934704
243874
933607
543607
933177
553124
239691
542025
368710
861854
812177
335236
686644
560795
581170
164274
476163
811604
238084
307733
700227
452640
302598
407001
663293
533896
135831
262053
391158
425280
424519
325864
483120
358128
769471
416298
811252
909162
772290
993928
684983
498434
329165
371628
873196
724302
435902
349360
449873
487953
471059
150101
840593
673657
371068
417854
121521
320865
579907
412679
646146
904427
638543
129267
262556
321981
359532
887774
145110
945788
795669
730094
444223
938801
101723
231386
663104
351592
394712
112978
653511
765771
977045
408071
353396
348114
725925
374917
568980
305834
601562
129093
210262
154073
158360
286784
376054
331858
174559
335131
277647
784194
965225
535837
722996
880914
667223
386101
146473
875902
313046
699984
641674
290092
108057
895070
538206
733982
183954
921152
853782
599483
950245
964044
653556
108607
164795
843576
254431
239354
178708
432079
837515
957899
867916
560512
838815
449106
760580
885288
325009
973626
499240
780650
263719
507297
589687
615891
155246
673642
537045
909029
273126
487291
787040
740648
409864
851836
584225
564296
905156
576900
810341
742672
534800
678258
303186
373616
941330
963766
172872
180307
937393
572112
860957
115079
893375
450645
544936
948621
938253
981981
771617
125346
383240
558659
765994
693104
324462
264187
171367
229619
655053
881708
872292
189854
473933
989444
377437
329231
953211
450309
409538
804571
836387
184462
733616
643729
535107
278553
592351
387328
174502
277936
412674
457742
650561
992635
964812
875023
170789
136181
104643
725842
831855
790901
729662
219756
780346
107100
448987
647524
371375
758525
366062
121729
756953
913644
665458
206027
192199
171777
493355
266701
349713
719996
538409
814240
712632
503222
689264
697387
453369
607873
423230
199192
312742
152893
318948
907054
973959
667935
468546
259301
340427
734608
281031
997380
648254
846489
203408
654419
918266
596764
735086
181946
230727
187462
810152
843359
590684
413383
540747
858020
921257
777943
957212
147966
830836
276161
955020
718762
758062
423567
878064
998489
972142
159096
995870
534363
819551
113245
102749
651785
523975
651801
647697
654702
739263
457851
412028
329948
771234
852775
101935
606458
544685
959147
654424
289489
149275
523412
908251
807337
760945
786316
719793
733088
759378
629630
181418
578931
642876
998132
230717
166852
649934
692380
721555
389198
150232
133584
619147
821467
800326
535048
427926
345012
494197
896317
534501
457438
419730
356720
264777
180676
143037
798536
727731
716382
428168
723115
209280
971044
721249
253963
951862
371184
846343
673418
660383
896576
620969
193497
718044
335262
628545
959936
580274
936708
856254
928742
394148
189951
285463
472891
184594
242466
271428
812325
772814
599596
449407
882094
484607
170657
136058
436471
355808
882402
923855
830157
692945
544825
837620
324956
694053
466166
284893
274329
316842
955114
117038
524956
959031
216467
811813
143626
272899
983241
769917
945714
496805
219326
827809
795378
203949
777834
231850
373723
660237
969672
203881
267149
428464
941501
492105
122519
321635
676998
296848
452443
546079
227852
877399
505112
344319
689213
548738
431184
586421
232623
376899
897192
351949
118676
692572
369864
796510
738388
643588
370714
708061
661435
537863
136527
516904
929968
973011
652505
520933
183826
104949
880979
311678
796314
386092
469963
399494
748796
801147
799881
795385
992013
697075
147335
110690
303614
331166
721166
855968
788720
905846
564031
450156
443710
514524
781026
287645
487536
347498
622544
485328
266413
503524
697006
962727
703582
980935
276188
366346
782083
976070
161732
688063
673146
123034
698753
790726
268166
333886
646695
956886
239733
210727
321009
497409
539217
102037
685054
840719
263501
221566
326048
429915
539056
837020
392643
156606
817956
568832
336918
514007
458869
398650
202071
132016
335650
714791
822742
503816
948677
469438
374669
188412
494132
595679
499787
847315
511682
998808
602002
675183
220375
742016
105099
659431
579038
311709
630003
310961
694507
866921
724968
153377
179539
741006
999358
415189
455798
736067
732972
318442
119472
107642
320820
427570
517287
720608
188853
928969
719417
690855
518120
839792
346838
523219
413190
739842
648894
857160
950804
343402
724082
589739
310745
803621
330746
224070
132778
600510
860137
765750
818953
879610
687358
139774
221147
204647
760382
310000
947582
479800
814821
465703
233559
161661
802889
460716
801503
451784
317877
752308
609153
941959
256015
733864
659548
486761
857935
692326
987272
718073
372043
806226
511650
873367
759966
546764
978014
520350
756764
839564
814116
571587
305268
947676
547214
108158
322359
348718
373909
540236
914993
797028
396162
171009
530893
955710
471736
302795
562003
372975
834835
834046
993167
346486
707415
753135
707216
599396
187452
463982
438961
901568
849535
558196
763211
396750
480320
985570
559434
668195
439773
474428
465224
735936
459403
810084
605613
831140
112880
167618
118082
847715
901664
111251
108169
523046
764386
715385
936409
765804
993333
289337
667373
842869
747533
344552
153586
141821
330123
613021
710016
583863
901415
175242
319800
360820
885326
825413
105927
898206
893031
124009
659889
708663
949225
668058
145676
627578
383444
982085
393383
290745
271424
960757
133615
832923
305310
187202
874744
449399
700223
584762
933262
601639
573970
167029
776425
459297
892443
782352
271470
699441
720328
831359
408105
669554
413384
367748
297134
610795
349834
590517
801540
435224
465241
835155
268149
584517
836323
142894
847883
450513
541622
695112
866119
115593
762142
642545
474890
568552
338865
560327
267994
873159
305653
490066
456680
619038
757814
653814
229834
921614
158299
931374
356840
437506
680496
524989
835990
516821
481849
597840
781300
923472
292953
647420
853031
869061
203933
327923
437614
356764
702216
519575
229924
907869
823607
500570
526908
581422
154386
570708
417003
126651
416049
673843
378123
996546
112799
214114
427334
408615
625920
208635
246054
818874
670022
999085
687936
773955
240975
125552
944685
843191
459093
988575
665028
282701
489146
105903
678089
457498
576612
995092
398115
892661
582903
676239
803174
509668
704319
230509
818283
330241
253111
878303
149116
823133
877390
651018
511055
932331
590536
455741
689490
949629
444317
354519
146297
747429
274388
724386
204929
664966
719480
503044
471595
216350
179284
274770
626018
697570
319246
358269
927811
472357
236573
890893
209457
927929
455878
620512
860262
946415
890219
549753
810011
334537
718238
856309
895932
806592
580696
100862
471560
214143
503907
843155
330493
497157
931891
856512
194728
251138
214782
936505
623495
351355
741365
646918
193252
197245
267431
953514
957626
157651
417234
767638
306154
949438
537914
202088
756031
118612
116916
227592
146721
520823
884713
377215
831947
816606
147694
926675
967744
262476
777148
505207
427797
432480
152126
521049
529725
233524
388530
401318
205141
705764
168958
411296
655203
520838
427350
411236
539450
444266
452794
586172
779056
337509
777353
611004
154116
825047
451646
935826
901489
142761
441034
243253
475242
407127
664303
904967
540651
866799
306287
645792
572565
289211
871054
141735
710049
212371
366937
163467
470604
719732
563605
249661
871207
340959
760665
839289
979972
126278
775116
881462
169040
130118
938681
544282
437245
516951
363216
791862
383752
483469
351621
770283
586646
136643
812018
210663
249014
992922
274130
619618
712655
651701
683245
497829
806626
357877
337119
786599
384156
112236
582028
367162
142354
520710
811444
393565
937662
988626
185428
235381
386063
351016
905664
872709
387659
631649
983372
450639
624572
171469
970258
251194
723170
653504
649023
529797
825348
886142
230363
209505
812345
626357
476667
768665
961034
202078
162232
898697
104671
161626
948044
390734
412642
853709
263445
614267
485359
160784
964907
109933
232254
849132
261127
769390
416603
724117
213155
241952
524226
343518
265423
336572
783842
642090
919204
744877
658134
981436
557541
662806
957028
505586
867506
283638
273262
130952
711871
658621
105703
676779
582520
237957
439878
657614
907347
670448
381732
934468
812400
719924
191954
977824
870463
875796
533881
789668
620674
105983
685071
992181
582755
556066
497768
450262
739704
671030
395181
451577
243618
400884
942322
726139
452807
296168
297720
274121
866616
493418
208591
679017
213343
300545
570808
897772
176342
918656
687441
610982
924639
286479
603164
507395
742546
914898
857657
482251
585929
166805
747794
643513
467689
604084
283619
734462
800252
481339
908584
666869
788723
117176
259853
902067
231687
644628
799840
221995
563285
401249
732977
487925
587728
250108
809286
330275
165007
666944
626493
564902
647716
288254
208416
929371
792338
306002
663835
506557
687341
572420
987392
390032
503562
161213
292100
549215
705841
905906
671210
269127
221122
318154
657052
622817
468262
466339
853092
447235
947249
393552
912137
508932
581807
934519
438305
288112
240522
102141
608636
741830
488527
596029
131863
806055
657242
237929
269237
363084
957801
840447
446177
178925
158602
103230
701742
440830
383535
468801
788065
244752
762354
614169
567650
258128
548689
905955
446240
689212
822062
868842
345009
224556
464873
376872
930611
936081
514801
113815
299167
472603
854262
645344
465494
826830
562541
167237
181627
760042
536039
869692
818760
212360
397828
386412
284454
846518
206334
544660
449697
928397
413504
694706
966919
778377
971578
811498
714459
400346
825313
827592
772949
679577
386904
238445
420374
849445
219648
502002
523454
569653
285661
256182
682013
583490
542594
866467
430009
562894
411129
693672
405258
638599
388379
372179
416977
273924
183678
945402
574270
822957
772996
347220
416501
159901
399631
736876
823312
519280
152845
260733
988933
338506
416915
584914
735962
773475
365348
979937
336371
590443
673610
555595
229043
875955
827774
459986
149880
825418
405390
624150
648377
178387
785337
878844
152254
998934
615721
789532
518215
668566
950265
421116
821039
367182
819996
557002
140658
185345
450907
290995
589755
124518
746591
718798
814440
488332
992751
864320
313752
398142
402438
776095
390495
101742
654940
356715
100677
184629
146248
518893
667161
996513
753975
402167
363696
573972
773136
318321
573283
224044
509316
977004
162528
255908
695804
876968
644241
688556
741290
771959
900664
957694
462021
291160
959436
116962
547875
960113
115557
594123
392973
682719
504603
146949
984886
682266
534887
758023
900587
108172
882067
323870
985176
858562
393745
594947
735531
851952
197470
476822
623912
912100
348483
985933
203261
307920
916861
565102
268035
846385
973191
561008
529105
477796
521924
427958
974028
956811
185983
874616
878949
882016
198487
778093
740579
492232
287007
390078
344185
298444
680866
782063
210545
929350
681963
227773
237271
512792
692875
319272
359178
580034
780281
788283
871796
302206
130208
845825
172984
130157
634408
951934
826140
732895
730028
566720
139095
917035
770764
297246
129446
451632
979310
239992
380983
575240
367765
518254
988032
874606
651493
347211
454641
431775
949460
240404
547947
893635
986229
620931
923792
534604
486832
749933
267501
130827
230621
220562
861829
901385
331774
891275
353018
311085
131268
634001
700292
399033
966222
602291
273641
617716
849503
542248
863457
712930
596619
325371
520532
582849
760268
444326
117455
247102
194260
198922
277929
324881
233450
139759
140234
465224
931035
393252
590276
876269
841220
290569
275304
721409
792860
362911
253092
556330
719125
116550
183228
315745
255887
603760
712561
916155
862052
643982
163258
956313
656870
255154
195161
704286
294913
149361
169511
139915
442614
573753
916185
197801
764322
105456
819210
471150
282333
972302
841446
815424
902818
838640
131171
158706
356368
657698
974861
218421
215647
138121
988700
772517
207241
997828
476804
402154
147190
460281
356036
489804
934035
272222
501571
612324
191644
320782
983474
373977
293085
738888
103368
109870
577529
134539
168576
747863
606203
143439
866285
721850
995525
854986
408334
202767
852815
699104
418887
900006
159387
674923
303777
993422
761111
705349
519713
766721
840097
417155
954664
947149
156044
958033
957019
547539
906538
125597
295404
512743
983001
975655
148560
892493
830642
370861
909226
597425
969965
242080
411398
129353
817004
529141
936741
492082
148457
456456
172771
888555
773611
127436
835705
743621
985469
706691
205127
805975
646254
400531
232685
629256
376187
281245
435716
120797
466072
258909
618222
436039
400990
843586
379358
131961
372728
230067
524043
421186
500489
596814
223708
188067
538217
873379
831688
437653
580071
936815
243629
226327
251314
376314
669549
441467
471526
105267
462264
837598
264176
894452
187604
479132
738039
466963
511093
924734
597030
935137
345921
911485
445918
383595
999552
798101
256975
745207
235756
651012
595989
379385
777339
747303
569666
446890
188772
855158
366123
465002
692757
444265
359456
694328
823398
997495
161292
248458
922230
572288
997561
182118
483774
443481
379679
397293
155549
536654
142501
291305
187668
552456
484657
778973
299761
954323
139830
302499
809482
319919
667501
416206
578151
926957
110535
315516
838420
985792
463974
760651
558081
461537
756736
855821
718984
136416
167081
774533
487037
123548
965839
574705
576005
450497
267645
775766
318787
307476
892231
942235
527395
559733
358442
105547
400658
282944
321063
239079
268737
685038
813696
640785
960541
484399
410573
679526
520816
477655
454060
821819
501203
333866
310491
891174
684363
478136
580907
817116
685612
473139
759352
126975
846839
931761
132522
247498
214706
267552
300543
297409
766556
114240
838194
727098
412606
162735
406625
833422
454356
760685
655242
769525
994552
865733
660701
592882
257836
241609
410000
843449
614749
983318
870424
375555
915080
816912
523053
129787
984464
637562
241163
751021
651802
979357
392086
878374
956058
698711
711797
410415
373364
281006
179942
367917
960705
740643
774765
132509
882252
998731
875958
410968
982051
660349
686523
897132
391228
123543
840886
375694
661105
982049
940681
226875
875373
332769
105250
831433
845446
631014
241849
218811
725986
321791
400694
600659
876400
175461
633168
672620
174193
423093
983588
970210
897408
584079
867344
288637
521588
622197
564331
182695
518213
418980
309570
393587
565715
228786
138987
411162
759800
280837
443940
399754
416594
744634
900413
292996
820095
447548
779582
808255
770641
677137
778466
668050
261217
559777
856687
682806
181975
334986
679467
600188
567932
889037
807742
133648
931789
846729
358776
605557
941532
616682
905311
358128
361318
805725
465090
995379
167240
244673
803635
837881
821810
496069
419898
896994
955846
276586
493767
951788
425538
173235
465943
893470
876238
273686
841084
808028
934382
113828
413586
875915
630510
318898
148010
805794
938589
513100
801175
919795
571739
604811
757677
307517
914846
177576
204512
870694
268129
598279
736449
507633
585480
202393
315071
461719
290046
156156
269748
224429
983949
497301
914310
528427
630165
962321
334222
482722
389388
135398
402518
861128
554176
974162
982611
469023
965704
187124
253684
147800
599369
890133
555434
184850
992527
770505
546569
196540
740627
630283
320969
724578
941550
149246
166972
485683
111568
401194
868405
314923
350559
184890
176052
804735
159053
972629
187725
124759
159754
341410
172559
573089
145510
541959
657939
138038
312465
118475
148544
953093
562724
283479
591638
418242
332726
658610
803925
258260
873770
586297
473183
224330
671187
463201
929065
730241
435831
930757
668966
409551
272168
655491
882640
231644
197452
454546
183649
409917
473021
232193
276977
849712
415673
682581
267955
648399
341192
885846
806659
214964
472144
193810
253260
143332
557011
182327
687539
892843
927050
356506
302395
113185
825964
185037
244829
923416
453549
328478
247300
740537
460672
424278
590250
776345
106860
672171
338711
262019
471984
145371
290949
844128
153147
444209
801426
610159
440502
488967
416969
367553
659439
619364
380738
485404
618367
439534
322787
971917
668012
470088
712455
128685
708332
216672
718996
629158
702809
871673
791177
174794
831011
896092
832888
884158
340303
634315
494318
680805
937248
811287
862325
510655
344619
243064
810025
862986
582598
132814
748870
164578
416868
375292
107229
125201
405930
640192
654359
108740
511866
359504
997499
342878
255597
830388
227038
495900
378671
621356
990672
315920
346611
852998
726575
591230
910028
536602
368183
406594
483382
931020
385138
800250
306313
392367
825451
526210
932559
393777
534950
444427
567247
446417
601271
722845
276806
728309
132712
555477
263633
937350
771398
510244
790349
411940
101475
614345
848542
369658
834905
245891
300679
220044
946141
420959
512411
771593
847169
358938
979337
296086
617331
546585
642503
218603
183397
733276
846913
216110
288754
110547
967426
874118
434757
671743
200026
436232
286089
862534
619856
120995
108427
734502
155005
954568
969427
481382
640129
816597
740320
619467
926649
357652
980018
483120
476256
977382
216397
237136
193493
405151
161649
160920
193237
496406
732663
293263
832638
832718
155798
366461
767679
978190
100964
822684
932760
884357
304068
572890
614921
858354
106324
541572
216008
900308
924692
506230
877691
141090
557332
885150
360207
618981
860037
367410
115388
506667
474639
761992
253353
530438
942419
921032
422595
857350
657684
355356
741708
775718
742212
356631
634073
662502
712169
664047
562812
636862
984243
354470
591918
541576
239622
766091
974523
913625
133503
903877
420293
508142
665870
487612
852546
522257
408646
275143
379608
880296
444465
935282
656015
186679
291914
204055
663147
904083
768103
139926
454912
752347
394397
860796
207891
447985
540855
182415
275577
488324
986293
509836
896466
566130
897449
662980
902353
306096
752089
281962
100359
196555
217246
656374
197200
323126
760429
674314
141177
442499
714240
410055
108814
922603
184819
216705
370589
625674
213086
546166
113999
113346
956003
824431
493443
853453
401378
395797
973515
153468
491726
973874
163990
608972
544215
175156
746064
218611
749470
787241
561111
463712
197298
483891
386316
196083
600596
570872
721757
627648
931004
735756
640995
800974
474154
948404
568394
775533
344202
541910
829001
735928
429751
806957
258867
787932
882114
904932
906544
545551
606140
381622
823229
617404
765513
123513
713487
280076
594385
435245
807724
439356
984967
362686
240332
459123
311091
708726
148623
469260
164604
791590
205189
408321
598549
278023
196255
394630
996921
916765
840181
603062
298388
577378
220468
963901
600891
833955
157944
109243
269202
865668
448599
168136
142322
502897
441225
267379
211625
489848
636639
190195
281440
655795
498516
779989
833818
594771
988585
830740
511537
828767
347769
623891
406146
468237
501759
821003
302194
559703
830246
385362
339339
192813
367464
381661
595710
708690
463006
621301
112505
999646
711496
293945
569408
210014
887900
403227
618751
876486
147934
944255
619221
395703
568147
925367
677907
969907
660338
794067
443577
490585
993395
682916
497364
360860
878543
993075
883516
341551
614377
896022
255164
325875
189968
724572
349855
891835
941765
868606
768322
903665
812862
387544
299369
381011
226879
791242
264885
787217
585310
608462
191769
492672
205346
503100
753533
897855
496176
551016
239407
924519
447039
308537
164361
450974
933109
414216
256776
874875
282824
925098
778541
995686
226610
891877
290664
267455
597086
369515
868638
996363
791944
960407
489036
811256
463508
156536
709112
773650
607553
762486
698171
868558
971023
762532
233499
818100
176750
390275
606942
273540
229341
299451
183193
355951
191329
287824
523406
602381
557339
392045
598745
263250
266419
987782
974506
543894
144319
683620
317545
565838
360073
829682
348364
331097
506182
481863
963163
496898
686105
570107
670438
815446
769558
667597
171398
774853
855421
508770
377235
412762
714781
875981
576012
