881200
777730
464486
425095
822049
148107
556607
301855
322146
300256
550219
553243
706438
846048
430374
117303
532154
900481
687741
261567
584006
355340
246931
358860
124728
655701
636095
437490
370483
426043
827469
165651
203774
205922
404712
839790
254029
775285
955611
390141
975542
419797
843384
595947
265846
187725
613251
611967
988206
214959
773534
572213
470299
834432
745039
495028
490134
295102
746484
674584
621145
487920
654201
638886
593842
958913
392643
661837
734200
348255
951978
623709
668052
709330
219657
747864
797055
646874
359832
699229
761834
947333
185409
232134
781766
830449
541128
185867
125552
201580
674417
560663
503466
328619
113516
997309
201500
406159
573113
749666
654414
525093
287342
236433
148390
320965
884298
845445
867840
158097
458641
629675
919396
544051
675775
615129
374501
130871
700997
314019
232451
289381
688648
635917
431967
702165
547193
533467
108325
120308
197100
576706
459367
384442
627105
507757
605407
425370
267169
473248
483468
625811
916889
316831
169863
592666
831961
358330
623537
446925
486315
669954
636306
174964
305872
968273
777129
667032
415707
699421
687340
512807
190094
960673
711215
717199
468431
230590
142571
635600
517804
440005
175378
434695
656836
159207
927361
402764
331503
464865
749689
717818
134820
385997
706749
254658
268237
397845
735656
583945
997266
336963
910718
101327
297637
621935
718527
666068
752525
675064
215636
270330
929035
204980
518991
585872
264188
360319
802603
495691
725184
552293
213511
673970
752256
734226
742595
920494
132072
478252
504440
129340
715216
415159
130667
912853
851060
663160
492889
517552
252191
522491
601849
181227
627471
120841
667100
791659
381161
383670
201318
920311
835963
228795
508249
588221
863021
250845
508716
895093
629097
827122
838399
258280
156248
783033
171135
821275
446194
477990
338828
512352
900481
754643
593579
527953
689451
174646
233580
970612
458316
334898
804890
294281
463693
313140
782502
240681
377951
205185
135775
821015
846273
874175
979295
902521
571175
964396
723797
831335
442387
876592
343688
342869
631236
837268
684789
320688
911914
818369
205267
370232
967233
910158
564513
344893
137265
260982
485574
415217
280133
521349
236233
126407
309491
129495
928928
780666
993892
566693
612003
350246
443286
855691
507082
974522
692960
191872
209178
518842
824207
314445
789074
791441
138570
267554
950300
989801
342502
435875
318985
522635
771190
369184
463008
980682
398679
305903
675315
306538
772596
201285
556785
129849
870943
963867
918338
477870
969705
127517
896712
793913
255928
685787
499321
294499
767307
449622
198267
109810
699463
417252
446411
470654
686436
723385
365303
985115
929289
940619
291655
615852
955870
662406
645702
826814
626274
478007
304686
595980
505524
201399
303860
661452
701153
617147
769917
382427
880735
868184
306204
580199
285437
652615
950853
785839
376002
230124
770956
219258
170744
876577
735110
126615
538984
294779
853430
979224
672786
972082
575205
992276
173482
693031
567696
688601
224145
337614
971029
104881
119766
277234
585080
219169
743815
449900
905009
933783
580024
589932
967007
564734
380476
702119
505316
819460
810864
272713
798685
483652
244796
287857
389895
232244
794854
857591
820846
918999
109173
705842
923880
942904
797042
422927
162074
454824
686793
881049
388609
266819
384948
269583
645519
665424
871702
150836
398851
596534
323549
197537
894152
382311
299360
284048
514556
994214
955606
249369
913214
964779
855211
751061
907684
566220
987954
883724
921044
674749
678741
223620
755534
877655
393204
401054
543081
178873
365857
841932
675407
503372
853436
483526
785684
966762
667575
300241
960978
623182
449610
788159
501928
218788
453188
323579
685008
441143
207304
520019
115893
700011
643640
771427
577668
850810
986448
934715
929683
352306
776648
519058
755678
544051
902584
455329
510815
484126
655570
385760
921274
105181
987885
423203
137935
441074
646782
722943
696184
668053
156930
712077
368065
614536
397472
759699
465347
383921
694415
308997
550193
385031
642021
219838
829082
544607
575168
253864
842699
144705
539624
763975
963852
441477
101145
101788
782551
647928
638698
478736
229948
695628
104781
411979
224131
402253
171680
589478
600140
766095
798475
964299
151127
354464
998103
794176
799071
487238
948040
555737
531944
401632
319713
409763
743109
320859
411551
525661
782753
864215
818364
912701
473810
737111
324681
597941
953330
310327
101386
467437
976423
799862
345703
941516
968292
343807
735693
767364
645012
683735
237068
176957
899333
370748
400686
642443
505573
626203
982070
288327
490420
800435
114995
778196
451513
253642
376139
404844
463970
377525
772281
354360
991353
117985
295877
959646
275759
845537
640977
820771
443239
778046
811694
342573
148795
212381
885016
554368
738584
867087
656661
142971
581490
585622
821168
846969
739264
197308
251815
117201
388799
838062
371561
380154
770014
481405
253767
859739
326943
794745
594477
584148
486758
406172
826721
449519
432519
625704
903887
171104
406758
474515
128042
802214
960137
849210
649185
699402
860484
714966
716604
249284
553029
902131
443404
237010
383537
597172
996749
524446
305884
591227
108595
692642
811365
749282
142162
243885
374987
860015
228956
681746
334531
256998
397927
294669
920174
947112
808037
780659
662079
438608
843909
129076
340741
287315
266086
538244
698453
176803
962691
904337
581996
885252
596980
307329
634536
639142
365180
823489
413124
494136
419202
647655
565100
717130
756290
399241
664243
478294
993866
240290
816903
837777
269366
971610
939058
349418
423821
637512
340187
300479
541850
822184
185733
952796
943479
634235
591939
308660
371691
819029
616763
690894
466685
181864
321991
136942
395072
800200
515236
388939
940490
246106
226717
209857
131683
979741
373242
369471
617254
613429
569950
973070
349580
569649
925867
293060
203885
431773
501721
389543
250803
118485
980437
617488
114315
216395
568396
409387
916595
897599
698327
771053
957671
739010
794876
903321
718753
168119
272793
249974
681549
742743
223046
931129
312394
148914
224191
330245
480688
625912
533754
631491
558363
514192
162947
572678
544553
631343
882066
461150
442909
494360
232204
400582
233371
927080
303904
766090
909166
476697
916065
590716
133407
139112
435812
259767
188026
473969
403979
568714
913847
837733
114173
472211
265893
177120
944890
710446
622429
740923
985562
965339
235284
131733
365922
282621
872780
483792
948712
781947
774455
778744
286630
721828
817856
622442
881596
819848
910378
199542
302530
824226
937275
316703
296439
203169
393823
155296
727582
916252
796219
627111
881592
845469
658845
161481
128091
445592
545273
890769
141506
233695
669514
328136
855524
401337
764544
651087
221187
674923
750629
423717
499151
687905
640420
609556
705041
848209
664852
346590
764462
375038
873701
560022
220508
446513
621503
162565
706071
980743
867301
747577
214439
536816
889679
883929
752120
568191
535017
873307
243115
285647
210991
556232
787519
665377
979754
492561
513587
558573
653117
192016
833611
440785
652038
868085
787299
187509
930651
407337
168253
797953
154916
196658
248736
944595
980588
900856
426753
515606
688130
483835
615220
799121
940067
402740
464499
833789
795301
792052
392363
362385
884069
225976
703170
450074
994061
404436
537583
838679
711774
519802
636633
766690
616461
699336
625252
511016
600193
952006
840588
288325
435842
455809
987446
289876
758549
365913
937631
467817
157966
329996
730202
856001
369938
347340
306077
364000
651776
657626
116647
363551
177430
653280
944207
607857
266583
483427
118874
766777
349400
773428
955102
599208
229239
856515
789084
801754
136395
640683
269573
108328
870679
813741
864329
240618
161082
984372
418584
712859
642000
435231
890376
633396
902478
748551
241254
169062
231979
174094
749805
481379
847522
704908
980587
890727
475391
683638
692483
511786
324322
776022
434080
108968
589764
298411
163552
650847
196750
482137
277673
738750
731334
168050
286113
547779
816601
341333
616842
862546
415427
280614
257892
176917
799489
152446
881610
274881
650051
574094
600633
788339
350117
934714
797308
753848
147092
860860
404696
243842
256964
496335
796559
888299
564385
982672
350045
294954
324007
866887
971466
553400
961468
229360
544283
760958
281806
425895
935839
831857
813955
450439
620198
978039
299120
331473
731888
346212
106300
950550
490055
263265
446886
200581
965530
825237
183254
315576
934157
321227
996430
905625
688594
957899
948951
232878
718858
144724
472739
568664
790548
200662
833069
410747
992667
132191
556186
638522
378403
562486
589073
682424
639717
849925
783005
605248
589129
780226
820825
437254
915419
817256
342880
604014
689122
205798
650859
321947
250522
123599
790611
941070
138227
623681
265784
130895
569838
635936
669417
762208
198424
172457
444633
738141
922382
141606
343391
425479
735798
978182
762733
651218
709405
919579
169200
398528
125378
720059
534441
189866
657624
325053
130938
695852
762700
210688
726747
246506
746625
310132
908714
759015
382589
353348
497157
218939
308920
654514
544418
858684
546663
221118
509904
256069
140698
493070
468563
980041
213130
903004
169908
770754
142024
114812
466607
718691
139467
107322
865197
786092
317454
773912
545108
600043
941226
856231
632948
164114
424713
991332
922798
871376
212451
432703
127447
167115
825773
409976
147157
852869
312982
131032
623625
268972
959809
904198
887663
999276
911520
752861
699335
142941
526774
158410
556951
381968
914642
189900
446082
253322
181234
368881
124699
207651
615551
966111
274767
355291
376089
235890
208162
503037
266922
645753
672009
226733
549952
473640
139976
375440
226502
739312
418381
567243
797722
875332
849211
626331
965233
295294
779653
960433
564175
718319
168085
179727
684431
256818
435019
874486
392709
457147
291490
473597
102901
777466
514296
552853
251107
554273
828293
377609
207552
160642
758818
905274
935974
608030
445573
901208
803324
139193
775608
281467
757512
757660
275160
355911
828444
524145
144364
135120
881292
335855
508718
798159
113322
836980
351014
178395
305220
993273
369970
412772
967881
128790
232014
903857
636820
491553
719032
354112
530746
494642
449545
288260
166269
624705
458137
894713
148852
502501
929834
844110
738356
352519
642271
665644
189500
807251
658005
394721
714491
927976
621459
682374
956766
753473
586232
507553
245027
219231
675631
589740
527839
125177
691966
594108
563849
150104
488823
526667
552605
332624
284744
204929
585143
827015
684539
674643
548233
342546
883330
262726
270523
504791
759066
141256
172231
259265
462775
231225
378496
952373
720965
720302
891516
412932
314411
455366
377002
617200
795999
743573
849824
980744
848502
434968
721726
447009
923578
269961
689555
806909
346653
774044
225667
919685
729266
211865
178951
192042
343090
371413
144416
878021
991715
935933
204920
220094
305266
481922
737294
101267
225496
587120
895977
887965
922088
617704
334975
845667
701631
838496
566544
948284
526507
606177
867970
255774
632008
860887
261782
789064
146268
220165
667086
951949
970064
772006
172044
275331
167895
809339
190564
293392
396460
986541
995323
232515
518213
330299
892149
219845
982761
372660
982096
509269
792803
850067
579009
424813
624922
654757
213878
585156
774922
780965
537106
658953
466938
609151
834285
534834
332457
838815
642192
628917
739324
637516
675398
257538
781781
567548
291349
764543
754174
273446
187779
546979
937480
580754
871792
476369
235512
985670
961525
824401
680602
498632
483355
147542
921749
231607
496342
254207
970423
138535
697090
623714
676051
372490
695218
457833
754004
886567
136343
508180
973980
224122
955159
911461
704876
740918
387831
754354
726589
263323
578756
321159
661955
962112
282667
497672
193720
679009
651879
978109
631510
262937
601824
307562
535427
211009
579361
203398
997577
529670
525544
971558
567758
480704
796986
186601
135589
998783
840955
676145
262107
419713
897304
824062
295792
179972
321735
303478
758981
787581
281589
390492
950518
697379
512020
399912
808389
905347
503310
719933
435018
842821
605458
816742
323526
402445
903343
273082
401229
744299
849227
477302
977978
746532
215331
273771
826504
351033
477250
499452
138615
572805
703910
903099
270185
129897
303012
892540
935244
620288
526440
284229
463110
131899
100972
600603
348310
818281
773685
563505
562581
536879
940807
454527
283412
156140
628298
923882
407173
919514
423335
359754
492320
941211
262854
576472
971108
379832
382979
906353
814086
809420
104549
277198
841319
919486
691767
189631
737768
379419
567102
214316
816298
507911
568843
913676
478017
197143
837559
785190
930623
174861
144945
336911
116073
221765
813383
987181
501597
196363
807501
315684
819749
812050
406848
661070
645503
912581
664667
383272
292001
231770
497588
922265
553647
966432
835942
931664
977541
673502
630821
822131
748363
589732
159043
678402
711497
872426
665584
127061
882756
473086
256712
702506
199103
477526
277543
744606
390109
756176
127879
496076
801913
439434
418343
269527
319833
254286
201193
211341
741755
732014
933472
490119
321748
992516
168523
847211
778909
648073
874273
575632
935126
944951
278140
134230
422478
369649
778837
712587
939792
720682
122631
655672
974082
440974
825199
293916
595260
840358
319223
250982
572374
252697
555068
708088
159180
537557
469266
838089
185631
343540
413723
120758
202458
505829
968954
524937
689444
747792
151491
629237
382441
174122
284910
270491
515096
110111
464407
924323
764435
683631
175306
336810
750294
630374
858864
809474
167932
328132
647564
167530
485638
875253
102254
588097
381083
971208
927000
970528
632967
978491
513732
915409
152615
698643
999866
481677
622720
464274
319967
387156
961871
309240
537933
626132
753580
310764
435607
735479
452862
897138
803009
752467
686358
805263
254531
967442
776473
181532
851937
323407
973989
365670
152783
940570
878279
152650
336215
414966
516925
556182
616089
392763
765422
967988
832862
519004
192719
182436
254484
545582
893540
871459
212016
579900
676723
366547
547343
367163
362045
313247
590571
336035
492883
643354
276607
371164
696005
512822
600096
126897
882970
130152
333626
648394
912106
980454
981364
104827
162892
149815
464375
956432
921274
576391
536333
511964
842938
897642
779128
118950
210890
283666
354985
603774
740986
445558
788904
350958
772346
302967
377855
655318
247086
525448
217679
159193
505903
113010
977985
568795
162825
442361
439195
984099
918752
875528
496064
675657
687138
189159
608573
798028
372825
863559
315769
113813
223084
918639
364771
895431
135574
556593
464716
282660
896007
496361
255819
315877
509371
233806
698639
572196
576167
137835
556296
408887
827329
866326
898510
514468
955486
507085
226464
242278
284611
442233
170057
407695
274840
348795
217093
310414
805388
581809
407040
615362
978170
562859
831239
401508
696665
529879
873704
186800
481680
343967
495687
309011
124261
394198
637445
979747
715249
763909
135992
899860
120110
206050
221523
294950
454845
338616
419330
174200
734392
640336
689562
626529
203196
434768
928038
713828
778614
715709
800628
260295
873643
296316
383272
897904
504480
920718
791618
133697
684628
827610
847523
618704
933660
969046
813654
388506
221630
146951
376672
856022
687287
880200
396518
704450
228936
324557
418279
907550
854233
218908
981811
727877
329190
279051
625782
733670
199770
417401
681333
698364
245012
528858
317070
992639
497905
944690
295112
619535
905608
571785
389524
506862
365952
686043
211313
494888
824566
529592
402439
678800
562466
298218
320644
791656
477269
846426
439294
491005
177794
120628
189370
322807
549486
320406
229413
861358
265098
424525
480894
984672
810276
684385
491535
176230
370429
602849
571118
108962
946407
787524
687763
422841
985742
908407
214498
376978
668801
467758
767983
746595
402353
771319
883368
851839
991726
112782
713198
170791
437308
108060
155464
161551
692445
460965
237781
876840
877780
708900
799768
824189
410391
401498
160997
396134
309907
189461
587078
792674
557220
355062
453236
859573
126382
336606
625379
932074
263354
252545
102866
514628
260605
972295
576180
767016
433262
713961
557823
225009
336828
357592
863164
647219
659091
924161
857319
782964
113624
444398
489605
570844
699460
842841
344384
639809
993413
869763
571884
256769
122309
488717
671397
196880
374979
161544
777862
622207
775506
249652
747217
112335
507245
610382
573521
980302
534545
430841
677233
548169
775240
166839
932979
388667
909680
191330
928476
903095
961093
414328
159865
897369
803045
645228
908215
178025
706773
686079
700233
396246
835731
361417
322547
256943
871799
796068
237246
406345
226911
814479
768480
816117
881318
615426
204785
704966
706756
133263
608062
581817
361557
581893
479187
164603
141088
301369
156594
661827
887448
670793
958073
723181
932210
194588
794090
804011
890656
931337
124323
931533
659783
706770
747651
541103
322197
766403
160036
842920
713632
668098
338704
975189
163958
631857
953758
119012
833226
924318
680840
720676
595113
552880
357824
441290
647468
151915
159268
452092
897218
997557
383626
557003
704328
945244
998106
840491
625614
158143
597378
339247
640207
836082
228403
618131
467940
182162
637143
301168
106481
231950
921844
515560
684831
193635
770817
246266
245550
830085
598358
142770
827643
881985
599773
445938
741196
511846
200397
366811
483955
697775
520024
938128
533859
648427
470226
815765
644555
921335
116934
565002
153287
852744
980563
652084
860345
665347
798350
919862
495433
310676
962632
237044
106628
476372
496948
747824
802184
597345
928601
200106
209088
362592
952200
556913
911019
422427
372679
469541
257729
303580
934543
224982
970290
829073
777066
830637
494421
489384
750500
803821
700060
627099
940865
706688
917437
437814
368479
719622
849126
211047
733694
958214
473639
685895
515128
298625
922288
701773
668166
180018
905353
602710
305001
875645
345751
896033
620249
740172
299384
370750
543994
899444
897849
398826
520099
815287
650607
702544
448876
499734
813591
996536
371915
201197
682432
701009
399822
518687
402783
967988
598705
222104
484666
717672
911715
730417
527673
531965
384556
727057
716681
828551
626503
614531
141344
960568
343785
691951
663114
606627
191686
390672
603164
463601
491870
285597
164611
791692
618250
381361
673648
130922
503465
972280
748595
415181
616664
276269
761112
901220
903326
477794
643738
443796
906291
685083
318332
250077
377035
881446
756704
382688
186085
359869
660255
577955
459432
638833
283615
891648
920194
771229
922570
337626
743510
585132
566773
274141
675367
327886
175362
492661
619646
633067
750423
525938
232117
968755
589981
423118
764168
346686
619772
850254
520521
280029
342176
793919
818862
525791
685568
653023
210987
522105
890649
768463
921204
371389
942604
596572
599275
931933
989233
132888
565001
653624
558826
611084
622380
962773
934202
386550
223426
553976
150771
643947
647971
392947
351833
380800
732705
851367
933823
843692
287439
738439
612157
208644
109829
468728
705217
523070
400662
608417
555958
779629
262042
928750
390714
698389
891524
238884
898905
114951
606826
949676
572864
254798
256590
738663
535598
889295
590031
383388
646955
691436
121828
173079
800081
131657
541807
505299
468693
842470
927682
838617
536066
189726
767368
826781
702081
572859
965665
600987
587810
572492
550664
974640
641256
707254
713304
176855
510517
217302
460243
971438
808738
396037
144518
608820
341660
500291
928085
710353
256728
855769
548971
692795
859461
230306
519577
475509
703165
399209
976496
204942
785667
441127
179583
426924
148382
706853
503779
472865
738121
777988
444304
546860
174026
402788
969647
415686
717046
811699
940005
873774
581435
488977
566570
354863
533249
900113
730372
236415
299323
706869
341357
984990
147997
334906
325881
110346
941759
729660
397177
679881
507649
655448
140708
495641
958236
110356
725293
589249
822056
665299
463025
317458
968242
843561
572322
501492
657642
302695
637907
856965
909565
793230
755923
871528
128137
981804
795840
969896
625432
193019
563744
947047
748467
604453
442690
620670
528775
167984
209921
264798
647250
572946
482257
615493
330474
954579
930952
888116
257275
482826
659049
980806
276058
328939
766302
218161
224710
562143
102025
664108
655162
565769
611157
403630
170223
867813
924301
598999
849763
948188
763797
497014
435101
246055
926474
665575
114601
857427
467659
185843
254220
126709
166650
430278
269614
746918
462406
394324
309063
464431
958433
864225
930200
483557
181823
914390
351371
920090
427356
201135
868279
105120
512116
303381
165142
438591
782922
179743
209985
250582
265586
364205
191257
246203
608450
360871
893121
970856
569162
116151
349254
441562
794343
193421
825119
876166
107812
176491
710223
435168
191592
492469
440289
603708
695850
505431
856265
392739
499140
966250
543322
664727
244423
548545
724896
752873
809417
531984
637696
292546
548136
800916
634108
342480
894337
459228
132613
902150
535719
742836
251285
541277
235306
505540
144987
745122
824937
901252
137862
324079
781470
495150
802772
925893
857662
441635
592733
667080
873619
230430
859626
421756
845312
407701
578202
739650
766929
524781
641801
216615
267618
707053
657892
316890
212594
616845
875978
851498
518099
827807
175578
299570
236924
792316
139430
994586
233952
632163
575633
921537
676559
349226
257261
521872
656927
735463
261523
423857
260246
717291
540472
341830
424345
112332
472687
450905
629177
348666
302404
147277
990439
291948
260813
227365
898230
300243
135918
946148
832406
611552
867687
508966
860778
124949
844804
517707
674378
106329
841564
748590
637586
296004
990421
875897
308336
463109
240769
837513
625741
443174
798757
530148
549088
959570
657513
361286
173781
693431
307435
820153
218950
989088
243087
979729
928003
987891
497437
602383
908186
252968
350974
545773
448972
255362
421671
571274
532437
562441
408789
158180
819581
121513
502294
282636
895049
973773
543922
968830
581171
665324
788985
700122
568379
932072
679852
496384
833930
991255
998767
742118
244224
263708
201858
507163
419071
523530
978437
765474
899937
301193
823654
633485
322706
239915
730087
217757
213689
274011
100554
694861
753301
703505
394984
321681
549544
974836
718065
383476
880058
630799
939560
124283
708474
141419
445412
941511
478915
423851
706986
378853
539010
444608
826304
675683
584523
556393
707406
698213
644370
707960
393075
311638
411467
602025
533319
774977
576862
165352
158454
370887
610117
998014
395170
232558
953400
654549
174070
432316
892366
695023
711170
431377
139632
451441
107061
538121
907834
714467
236335
466171
336395
443376
677809
561828
945401
125096
336806
436230
190448
309227
707117
614531
221208
916254
747090
174609
570804
735126
506926
377137
430150
132063
708514
469782
483504
629542
821870
305306
344010
958205
671477
494371
315549
263254
956199
260951
288350
206973
511148
292764
416200
132232
807295
537408
862452
468352
612018
347223
203480
932910
624360
447596
964973
332876
731345
362444
862418
553216
567750
120395
425388
153195
514767
640937
230415
384933
715855
418765
491906
227004
611529
808106
173202
332791
259482
935655
615110
685466
282879
718590
532343
807240
980152
497317
140117
711498
759761
816501
264715
241479
836896
590104
208640
265630
231042
339055
550564
760863
571786
856436
887867
997281
578510
961070
330073
737992
810692
759149
337425
993571
391706
769768
800812
371860
181052
754895
983358
754779
571397
162041
810224
322261
652145
918864
487891
697153
171886
852421
458018
643672
708859
259852
640954
201336
134889
784994
753294
845581
544144
990719
839154
835851
674454
639967
207712
755506
394864
105037
424252
780227
167078
234478
102489
633189
153343
404347
330344
225230
170735
602328
682868
693560
762180
323824
794896
797070
922784
548191
642652
466929
452877
395773
216747
127332
935741
238425
696804
244572
243463
121058
924799
224507
255536
841255
757697
222845
245603
902007
348075
316338
504336
844910
909899
266517
168735
618762
877553
991519
166955
520207
372415
519832
729946
489163
461131
665688
541554
157936
724226
598983
178994
562993
723491
248496
404249
395155
371342
463818
297163
533383
594122
701499
378294
417988
781982
447029
936751
659537
352515
103707
993710
538897
437505
723657
842026
798636
303313
383581
770539
927539
796531
849533
490533
520023
998030
708748
729144
369373
172567
840273
802756
666690
455739
181052
984678
237722
442047
921430
711225
608529
839103
704936
147427
190576
428595
889453
889212
545874
187001
659752
473414
883532
423253
777914
317522
335250
486663
946666
604623
473197
786940
321346
139888
156646
316364
938532
294369
572378
859964
905594
180908
613034
524498
142301
703610
853093
931754
506790
312934
118756
166543
600314
816255
403762
378229
133778
639012
678859
894411
243636
966022
595318
378949
105911
651965
509279
944443
846334
981657
718374
665895
162566
245376
190394
204867
848986
857453
950587
355777
170388
883310
336287
670703
699566
640049
862898
647310
279063
455724
541722
336665
421747
137042
529580
341624
689007
938860
200035
449308
920518
818409
929169
897051
877751
119565
915884
726739
877018
866473
896482
861373
663750
232770
532077
277283
772820
308942
824593
865849
664667
280283
116481
986414
317325
546062
242006
820298
484923
342041
183573
405442
974416
112743
216460
852169
132308
132346
578909
823293
898819
475392
684667
476536
522129
130711
653819
208916
253619
478413
974765
818286
658696
991246
718668
789987
451275
860674
524252
836198
202716
607825
155608
177133
534535
272068
843268
566843
304414
422178
304103
117200
711537
802736
493736
233667
747413
147556
342583
901033
439936
231315
633286
912598
136528
265921
702587
487804
940561
226840
324003
957243
648632
293577
948343
183168
465646
791612
563977
584026
213792
768081
515193
739295
484784
908929
872962
232199
870452
129512
133233
224355
260827
580485
136954
211321
746407
653507
599125
686969
694314
737095
644214
342947
930672
592558
340081
310285
384171
804058
794312
411929
486106
223472
151225
870891
946367
838153
103091
816820
867665
950289
855141
942458
530775
806062
153781
191149
459570
566872
692085
153885
303968
336300
310798
148608
742824
550879
272859
940961
268905
881137
266858
655011
104610
232049
525903
950978
970203
442960
681765
751835
307216
536908
608261
651958
256937
576008
743107
616507
142881
435193
584359
260816
585459
709123
223390
242250
173970
396249
183213
342875
277388
264037
811852
281998
396086
337757
146943
280256
594683
728709
846058
801900
179584
454320
453859
336521
930328
110933
853028
887175
446127
351354
961957
845552
960478
999313
987803
948414
395564
984982
291290
486918
249020
103143
582882
459072
254866
629826
553295
663516
358536
399354
379383
438120
667640
733242
674641
597969
658141
441636
399111
104269
606957
275036
763788
481402
274350
751592
429817
483880
650541
621107
870798
713527
538216
367648
172600
607049
897474
539861
270566
169977
839215
549949
422063
506856
197158
910670
918791
755299
266273
231870
673535
773230
406906
437324
254633
495222
102883
498416
879103
653424
933489
663868
366952
471707
931516
353518
892722
742957
793380
163289
726900
546562
527204
148964
953419
624362
873600
872211
293628
139875
918047
867163
727071
238920
218454
795671
634143
221337
294088
427213
688727
227579
905047
955679
513252
750531
223165
319941
493489
916545
383230
134357
463108
724400
997286
330494
262729
870888
116673
456357
824729
934720
237488
551801
173642
269908
347473
621751
305212
455528
948964
893939
497073
854012
763586
910325
604544
886751
144233
912000
717263
341429
946357
180372
965829
943644
324833
228559
728499
341506
498882
553229
276227
550336
105032
263835
634211
266471
785586
839423
621999
734551
733363
119073
502531
496950
843364
921041
383702
887597
833042
100966
229027
693366
995304
108823
550978
320138
151348
279478
475610
464197
732708
651837
914533
651706
729639
462711
818177
515226
302135
354144
163745
849465
287183
480242
346416
130549
401284
544085
832112
234328
459017
875106
741660
368288
883929
292639
588426
849244
472118
964036
313442
118793
529841
141942
670499
259481
504654
488677
588673
706789
656787
566384
556255
843971
946626
716638
788486
347912
260724
620599
396206
533707
409672
137867
801996
207569
330507
304389
956813
616591
182393
270256
635384
612234
312198
305884
685681
630818
608527
188321
337609
265316
654706
707830
109288
601333
338435
797774
849245
413125
332340
159418
846833
642013
197286
648830
749582
341759
767185
706396
858350
849578
790618
493735
461813
102817
613585
961460
633636
222113
149783
785211
301395
704489
407008
310683
219789
645444
922423
883001
958569
254765
942419
719369
710744
139706
282166
460327
295431
949352
980689
153782
798931
771308
461483
174712
688091
889034
136173
235694
111149
999921
834871
312544
618377
241881
437194
738167
701291
273584
621169
573827
342315
477555
293198
953059
517262
475364
327353
626659
338683
222009
594408
137616
807283
955891
126294
495376
844927
976432
545036
770042
976355
379909
896552
594733
521790
247713
246867
223082
421298
682002
610875
663613
159559
804073
530640
490787
193405
757993
117447
432088
880003
611855
383670
687287
481714
323930
996629
326642
300364
541667
910650
276720
821576
807203
685419
257333
954917
746253
294381
290182
428256
805256
853795
401781
609331
384436
792568
616702
956396
723982
862756
750366
335838
246428
351620
717552
470358
348251
858160
584688
789918
682777
675374
525461
489982
274761
682794
358866
921014
877175
549048
263237
682432
316810
565019
205730
515213
271554
722432
385576
895536
585190
135943
145342
645584
387563
762894
929908
635814
535022
428564
339699
217800
103939
679126
521748
278700
361921
694580
113681
153063
243629
276919
649462
374406
655904
669158
703585
827458
391592
989161
636962
790748
939070
682304
350299
326634
445199
194174
776415
794187
522738
930080
825954
526678
609208
347703
619344
785095
942284
633026
838159
999879
809945
401588
288252
379816
970746
891837
207275
276305
794965
744237
881019
734036
340508
145285
874637
685708
239460
651053
393862
576164
581134
219817
916808
104309
467521
536154
789405
323772
169181
541531
323652
793092
843119
511905
986874
727832
317709
194150
904138
926641
752354
699124
660678
992862
744410
535316
592537
797836
100336
800366
374001
495437
920183
204777
499746
301671
640931
289152
525443
624078
644649
663062
331137
487769
988933
318012
129569
220609
326128
847673
147251
892448
546798
621896
799278
205175
971178
305782
903011
971515
106149
190980
466953
840299
295757
780665
955936
750654
883784
395347
288699
528434
958409
433802
830170
861309
565780
859739
981918
791908
707413
129171
598324
168178
565033
311569
273354
536212
517351
990331
421694
437467
181312
702613
191733
291035
483280
147670
941689
367065
443017
144355
795499
315393
478157
625670
176703
943937
399376
158623
649813
106790
101760
162104
988934
480759
373673
262289
916971
704990
252621
338667
956423
247900
941280
148157
438935
424561
195828
294592
605592
452811
338947
401093
668205
631071
840729
744908
488975
240107
717497
952754
246897
633223
114859
235832
113983
302498
312087
844921
821455
464709
183589
777879
612609
938835
740003
865510
277364
749797
160103
782956
202609
313017
998015
770814
844088
838746
429690
333064
978853
961153
199786
139717
594378
214645
189516
522327
331110
401603
367249
966531
680278
364804
658377
206854
217607
398381
886331
394971
148179
946434
991893
250789
259452
989910
835569
917506
828657
179226
164538
721477
140381
264324
761194
548725
292935
764676
885018
438011
980246
166235
404543
574491
431039
962921
681346
548646
361303
481644
757583
323449
428079
749478
388204
501498
739389
223774
332971
482013
216967
397509
203491
257348
561833
778651
620039
668735
543329
419024
106747
437542
485259
411291
912033
816299
374213
507346
278912
549482
888990
936496
772931
231037
599941
975101
632535
339331
112843
865506
721344
229810
263017
738801
301124
638816
431419
735129
307552
874748
154154
314300
226257
539414
539557
138292
269680
727736
545638
448592
277219
434630
299055
864117
565667
798996
839219
112169
952293
852062
791641
587604
895838
868624
326406
196963
507442
657826
832092
628960
446541
886247
757226
572799
425662
210750
525057
595342
838486
970695
857900
929672
319292
156957
707756
698925
769919
546976
625060
722214
313006
416703
223785
208845
285328
450192
219775
606736
921984
865833
149664
282492
752081
720856
669257
991709
831607
194315
501018
670094
978977
358920
513733
212236
329843
221490
811162
913728
582433
436223
549909
795439
666892
673695
818250
766187
937853
851991
372924
773804
717826
336554
956296
469908
957411
625555
375585
789019
633836
776603
373080
612814
949489
786814
725051
279333
822270
450180
193063
404704
700369
642972
114110
281229
230634
832361
947416
168488
598319
320341
842292
316146
470862
712556
600021
428274
252078
875606
131260
785914
566176
404340
312696
515667
105121
937747
608966
741358
301894
615995
146063
816229
258969
160174
997458
303569
806501
944875
372058
404821
179184
128317
534934
550046
740873
134956
878320
892951
824528
909580
678867
304671
227887
891563
720338
146975
743277
243272
788333
859137
759267
834396
675367
832202
808536
672827
135773
615038
531669
321797
833826
610853
350114
368761
160900
990988
317683
853186
797906
956177
676733
390740
260849
804621
196270
795154
765562
753513
852392
467862
612651
611660
216225
201986
443864
924762
688779
479637
453767
220449
615400
201560
731303
865514
384287
706169
770469
601970
559357
568377
472114
236091
859117
546930
854678
955388
256051
534207
708902
108444
902069
235521
534070
118296
337507
877934
857024
926286
271538
224758
146736
786938
326319
692005
652454
610606
398176
336890
126544
857533
805267
498658
907590
578352
859554
676236
447707
115606
210444
156610
938015
112515
206097
472087
944776
357570
263988
801801
283857
435527
926559
244560
136432
166845
750531
602852
677452
148708
839743
617962
820207
558977
116621
641765
137330
790142
318002
485037
719714
428446
455614
657731
354927
561711
943784
299704
733248
207773
915471
831071
457266
755998
975631
493699
822843
640130
996551
500296
688838
750261
118259
423013
309240
948846
964778
346570
652955
282781
645574
372670
525193
101189
844367
780121
476866
788152
893791
210115
809892
809264
941187
267159
565263
830785
574824
388107
470916
571377
702370
973721
321639
634595
396735
444845
583442
275480
691416
150364
372227
336991
423035
797420
252146
181369
491508
542978
783488
385301
653094
593381
194566
508248
760540
573795
339034
249332
861902
623917
720709
478239
597639
856314
112836
808340
301161
510244
897786
806543
560609
270014
143535
797610
967434
209647
878979
372910
652625
662468
658211
219686
255850
666743
627934
830357
240539
780935
979689
916407
318819
614365
394648
730424
384646
407484
538765
585807
817728
436552
392351
292304
606566
349852
989914
487967
373465
868895
674843
926091
445330
333055
959743
515147
899798
587679
259471
954303
282581
153127
870712
501400
667492
265361
231825
952138
486811
584556
451913
218506
835074
658230
410811
355607
822049
400726
657540
195515
183588
332385
935572
442885
565440
895317
858032
379206
396963
117504
247476
579544
170631
118189
894910
652089
197516
940701
518194
498293
525258
870107
616800
360333
442305
927611
615940
264355
242304
273481
273836
239859
505866
209410
582744
885273
918693
440777
178446
315657
372247
325922
709167
356844
258078
604078
908933
269560
544780
427128
667854
884004
211203
284655
244338
467474
126233
674244
631829
268537
847725
719631
322362
267559
829041
805106
152833
661701
159850
145245
791324
432097
371167
500492
602907
443211
918536
511841
612772
377283
752936
280627
261288
778105
379248
319592
245580
405481
893836
777409
487984
655529
497041
710347
823088
240050
429420
789887
715717
489271
749098
507043
735334
120266
821501
338243
377444
740039
664050
890216
931288
416987
984809
192578
195093
364058
326136
340673
583505
219974
932048
971489
689469
343057
595803
426524
397073
925224
216412
112791
328462
865510
519834
963796
799742
341337
216006
991152
895342
694023
881369
826631
111011
780145
833175
120071
958169
973278
274710
541675
107219
206760
513166
696688
363783
922935
123213
660856
848160
153591
673647
176623
833067
107449
954386
546776
262752
984358
537930
158095
678382
333266
798692
603360
113413
545835
623431
971582
519114
712107
513259
526333
732833
840391
136988
996616
763327
160201
657473
525455
213792
245088
602078
860825
252537
556465
407602
329255
454791
845532
301316
133174
178800
913974
636534
192213
459810
173932
977761
792890
786040
491021
233190
518874
245379
270178
515492
822673
244345
986931
348129
272103
145986
850207
132929
212489
320640
440532
441744
675431
200031
643060
622571
278831
557036
259107
285010
830812
333039
262773
537670
119080
567760
584826
537955
627106
755005
867413
449780
813316
768311
697909
985420
814298
462083
118350
926787
596689
372848
282499
272121
472880
739525
794693
565677
210528
867766
750688
941341
200806
827427
392978
133853
395188
877804
485774
922294
546776
267154
372075
360094
935465
883950
345515
663730
346035
277831
590519
842724
550680
686984
928812
837526
426510
637472
403204
537039
505239
967858
392347
520011
795286
685325
553864
190476
477096
939638
926736
923873
206793
212779
283968
956225
996729
443449
619956
256731
621280
124442
913422
985926
711426
842235
737419
137938
393674
140625
488943
798913
922449
781290
318925
717737
380582
686756
722179
757678
540361
648916
595518
647155
761695
779486
517347
672392
136902
137304
743089
658183
161747
656512
558076
687139
498748
295497
639043
792422
250088
127987
505302
172538
723243
638194
704241
103826
324951
426421
675471
679278
975338
270990
326434
651000
950477
743781
237359
987379
695052
880449
559529
756799
536962
931572
357905
849677
227070
896949
556066
291124
924936
961369
277628
648181
513530
881870
565973
738481
308292
241445
331726
197597
412436
472127
748598
276880
215909
799923
178226
724927
680373
637756
395693
131303
569329
653599
794946
610365
550549
351013
715455
389452
226349
893083
937633
639879
774954
417574
292327
983247
559019
524054
180845
871455
896181
743409
148336
926056
457300
226563
650985
137674
678285
946678
982942
161581
514244
777889
585912
878759
942869
301368
268213
169219
194452
119813
709099
869407
437387
901426
766621
896407
425481
761432
681829
321663
418809
730166
247721
776109
770695
712672
727749
362947
573317
710693
338494
987562
402549
824406
866322
345419
125775
134536
414639
134193
968315
123739
817566
405703
839131
584188
216077
264614
259588
797907
400243
578397
442040
461930
354507
212736
174603
982256
389649
647921
606916
628143
549450
823432
452550
415773
982817
392291
364276
397457
426484
332592
335162
244052
552261
174295
642206
668339
252875
801794
380213
553118
294158
722253
829015
548665
748955
903618
444889
138605
465506
865771
666748
914956
689204
933264
330731
672023
325556
508973
883446
566006
655531
132576
710058
121759
120837
266232
604064
273712
968026
884277
640796
262186
606531
469812
624817
355487
287398
883672
308058
652904
749445
788772
567862
352616
722037
712559
838605
861559
135499
636019
427567
691030
668595
951591
712789
689432
217824
316855
777110
999817
201133
417907
175970
621631
701686
614753
877118
889084
498427
999143
455955
161839
787916
923817
328421
509955
550343
167028
285481
585842
617013
613048
276873
285609
478607
803629
875041
510397
934450
652152
424181
949549
884025
414117
571181
499678
928871
362267
388763
341265
361411
744719
317070
149328
582503
545491
473249
132848
526485
658731
618690
143499
185746
709530
329108
478319
427126
118116
888717
361577
584234
226865
311127
382227
540983
782309
781905
383821
958542
984635
625086
319954
643321
842156
283248
139791
301614
656498
986604
642066
315230
605296
685565
314942
228793
828640
693262
555919
760722
495946
731462
258924
622811
942589
541151
163795
638865
237023
447616
597408
135625
886668
817362
678946
642791
100612
718738
844406
571076
705343
400439
786306
224606
986004
915214
267365
728611
608477
637250
403301
104424
368713
562225
627236
225270
917342
604997
764135
154366
866580
361545
189992
753249
992873
682904
396042
907451
315609
154415
478528
834919
368820
178801
873491
354825
994016
954823
897403
516460
592074
300705
520885
774754
762930
962087
900024
594239
481051
578126
648605
347632
753637
652563
100883
660478
335469
310891
567930
465044
279272
860425
299964
548092
853192
173457
716883
761175
942246
528253
277637
534321
642924
612488
223042
319821
488542
123067
814060
869593
515160
462667
217227
268798
929196
132076
829276
264666
342967
311174
543677
436205
171600
743641
798263
838758
731064
429113
599935
673311
857367
777572
121600
500292
304027
244642
720114
692569
181676
534175
562163
596836
810808
593356
679600
740006
625432
508878
818638
782365
634018
362316
132537
619584
919924
830800
458343
650989
259915
958278
238268
931248
735851
173834
345507
853844
318476
879587
546414
400152
327730
922544
810954
138539
515901
490556
692511
141335
813400
511151
737666
447419
687433
770204
967003
607358
601005
425347
172315
674886
383627
310583
520101
933444
384417
765609
787290
516859
559163
247671
730978
786893
170216
541933
825433
500084
932489
517945
455385
745890
843062
193052
107276
530497
863256
974279
137856
378229
399628
210171
867081
597221
334720
301150
444632
533103
880725
145889
863929
439889
293561
594908
226784
277743
136842
952217
677827
883298
384129
133213
543155
227193
140232
550432
571656
817454
524712
609512
109650
738306
633650
790698
249494
782336
991848
594127
229407
872574
640016
993336
312464
747543
588245
353214
925287
539053
305432
603115
422352
503528
550295
865508
544687
590527
415941
116344
321948
754619
539822
331599
406893
987438
122298
556387
683742
114147
150515
813149
800687
604498
720452
927117
352042
308698
280333
191296
747751
399731
608378
984070
803259
158674
763545
261913
563167
993452
192223
699081
748072
546012
930680
154966
533451
866944
525320
131160
881091
489801
844309
595745
994299
564762
522864
260309
687426
703197
351605
349145
916894
859983
247182
634121
832623
910727
796034
309757
904180
802224
908839
566219
348237
839520
535152
695654
620432
960472
726815
501524
450274
485091
911236
358541
863820
434101
518850
551247
951264
770455
800392
782125
544406
947574
416247
377030
772268
126249
500754
590415
828473
409594
156636
176711
163081
591788
772365
683513
466227
413147
999004
730467
798239
910241
989008
662060
258309
507859
213308
123540
192282
827667
805665
550654
689208
135880
741650
375444
162129
242405
865859
804568
465965
922495
881279
529047
428250
567611
126527
708443
880759
939497
438912
592965
849739
427921
255026
922014
749747
282300
859520
755995
923933
579153
220616
527109
615033
862266
802553
591128
104673
582379
395697
384604
504876
190943
727617
747092
658554
754145
455537
453280
693643
708415
946245
457350
950302
115238
293331
614016
211505
152853
370012
135439
545972
490628
476514
161006
266862
193034
566100
185501
675414
861797
470105
994256
952740
197724
741349
525261
765835
110853
878542
373445
633234
738754
730795
583538
667959
838093
197555
779464
804912
381534
728869
350885
686128
205385
325857
766956
212385
791957
852457
787799
567721
322564
782056
434428
334254
437373
859689
100090
362192
652198
373535
895427
390954
918297
392932
958913
670357
404453
652344
475270
599953
381214
640121
200049
400565
779944
867005
512951
571902
633430
300751
953589
769960
896774
388018
104215
334148
247708
918270
510306
799907
205772
319700
104828
938035
612632
877707
608393
831052
530052
897629
431006
725232
537751
531055
125799
317696
312028
452716
703564
845458
567433
657154
615419
464208
945172
533600
612322
106848
451871
122630
720721
471609
342330
725549
409646
768929
603257
918039
599982
947275
729636
930988
672508
267388
376011
612273
399051
502005
964989
102616
261430
532424
573737
776849
810598
432876
224416
422922
439724
490253
359518
160446
861862
515814
699961
185475
284744
217185
103516
698692
164461
733152
543648
736970
814506
733625
349244
127524
235631
228201
130141
397061
574591
517844
987876
385190
850720
126259
622078
204412
516512
795562
178824
292341
311378
692752
377817
410088
809937
295299
108782
874399
842417
466396
525336
570890
200022
774580
598415
249619
816747
542522
460646
391339
960366
448523
590496
725053
474782
212575
743431
805260
908138
736222
997601
133483
428975
289385
443571
238913
484684
366319
927278
241068
646681
452615
711959
746703
141163
310375
810288
857910
752897
270935
163217
713264
619458
653713
352284
908206
680254
995716
627433
588393
731939
539002
535842
974880
728387
793380
213794
127039
973665
141074
268107
620348
493689
880066
281018
448818
190442
991307
306730
843339
262243
369947
470570
695668
837626
722855
517841
517881
632538
959241
920241
364478
498244
456084
339359
140598
249465
367119
167637
223132
322159
335745
743480
629815
129778
838464
978633
220221
829772
285364
877526
905982
469277
262064
601651
220870
884919
933458
638752
517458
892700
558994
695902
390945
915078
849227
345510
164545
130313
413147
201643
352473
562858
759089
796254
592637
597554
774888
712858
427328
874219
504351
247277
257463
666415
748928
378334
465301
596353
917086
796725
489055
476081
492628
693966
305126
255822
939476
283637
200102
266591
385280
452575
729449
144370
162796
322087
641925
837684
848911
883219
625870
353264
130497
783334
833645
693391
161669
298948
289745
892721
995673
592766
368803
402269
200700
487895
472057
954142
671533
572159
220734
956813
838700
850184
915150
901496
172272
557076
653148
835150
354262
279019
188415
298725
962353
836026
892116
937988
134975
995827
830710
944615
502561
113480
346885
603261
501376
632908
557404
172910
205069
678139
943689
857735
442290
858840
759233
428528
415917
412382
263679
584145
591401
266060
782870
467722
102088
588953
405711
951028
584782
236423
895644
987343
249903
156496
504571
565245
689405
875941
638155
708440
468047
581846
566176
810337
354653
325410
152833
584537
551758
316512
168683
957126
396539
851554
338815
312593
354474
644526
263622
839256
694915
159268
740566
758785
129730
159104
324031
719135
935046
776153
427576
403094
271966
807719
127399
526619
947095
180232
111157
498855
310710
179841
369948
607249
845361
608763
819842
199836
253290
897431
853059
762172
956699
507592
520958
900395
566697
744989
619532
415710
521143
861074
718804
693109
668794
660169
219730
615891
740401
144853
928712
951112
224694
298661
472328
884021
721390
206138
897824
874680
103570
750884
636853
874235
172443
971777
774631
553106
716768
394164
868816
151878
169206
501588
744988
651966
161758
778684
267858
716126
823537
110537
581205
862198
309198
867499
746220
844554
973637
644045
633202
977207
308896
270056
851443
295306
155801
540042
748412
772569
834206
531196
824447
817378
932784
483402
469346
908508
262087
551170
538601
899591
561708
119807
761790
684872
887307
421977
529428
774911
879989
162631
752120
102852
246653
517530
298158
302454
957572
860537
888989
705746
391734
713438
437091
238485
110807
806437
146994
186861
271575
499562
986452
733283
519369
662209
332122
320643
898152
675516
909521
692108
738147
575608
694961
798767
907104
893119
915187
864678
667623
804178
484391
959357
431583
821482
197843
442390
541887
158804
529251
627428
558366
429670
274678
891701
905845
506800
126312
803999
182318
935833
496108
734431
425408
105036
447165
332513
898156
362354
111158
479746
166533
409515
439105
412082
144965
450914
754472
586852
509718
197691
128247
968084
527361
302925
773753
433208
709725
714031
151174
706009
649865
461248
354408
889239
466285
701573
221753
278408
877893
232912
658154
858392
542427
997259
270475
587392
448175
838914
988210
771859
936605
116458
653911
377933
233349
427665
625107
757041
141697
676281
463051
605528
137531
631425
494768
417782
246966
530487
596190
124860
663399
254345
883253
119794
165572
967694
521152
427713
806609
423330
199573
657181
353754
753484
935115
487104
995115
560223
244146
136813
150472
521163
556307
101969
152590
865041
419751
299556
395530
829907
238382
872895
898218
935601
892689
963790
903297
327809
391504
623873
651139
405044
195022
818859
158529
130138
305964
967611
504327
364076
918390
468765
785240
474699
470734
837830
339741
704451
951352
635271
534359
103701
508168
346545
939303
314824
310336
756567
456599
515807
294407
921704
820851
389429
740565
793346
333533
860495
674924
737861
224573
593316
120593
823779
968015
405294
575576
221723
109746
526929
670961
458072
530630
179130
704617
383900
307920
828919
140468
578486
344727
334876
500191
979544
624305
154723
686858
771805
915219
361783
423633
953758
855099
444226
777538
737081
749520
353115
858805
673233
694010
529767
945271
138607
522863
563855
422508
644749
392775
462976
223236
551469
611818
537394
444980
150091
592117
945804
821896
507337
307589
245530
375062
976654
503722
152601
713737
253244
405716
486509
740443
913692
830242
685715
952300
267072
249571
374809
811821
456312
651751
849024
821747
177537
386419
266729
227628
792502
212534
863490
213807
334089
922986
488869
310745
426709
541471
838448
493919
761153
238924
234363
588813
969166
734044
541114
236239
797581
729889
862026
253895
381641
625017
889608
459178
911436
970303
500772
617906
182839
364263
731713
330894
201216
220583
541639
527926
576020
294054
921845
251141
432978
970175
739954
316111
704220
281069
366316
415769
910958
228344
483630
206566
753361
373239
479711
578765
343544
794449
110638
340349
972679
742351
571243
173896
776900
926849
601822
352922
220904
437635
418029
467849
407811
157984
683960
925997
253019
950277
341767
977943
992587
725397
998475
659915
912603
478187
152647
256148
272638
163285
496497
245318
805636
881706
319214
582538
808556
735003
749426
843427
986604
167456
225243
394416
139406
809203
234380
292425
673447
390114
184335
580001
929477
182811
239918
842081
474965
292565
998229
561569
269817
408693
620853
975453
204367
754033
471958
826889
489037
135351
670317
475642
116773
795560
684024
156179
518731
732371
262570
106145
122486
260871
586147
951963
257649
726065
794046
632614
832596
706242
194184
102414
928902
629003
891834
133270
383037
277759
774125
686041
227077
444444
975649
243850
153971
573641
213996
572702
306013
290532
578848
328499
451404
978961
194429
609053
618993
888475
155634
365556
508685
163784
281937
437588
692787
173772
384824
889790
265497
158950
575832
306540
417360
551483
364357
471332
939090
478353
858000
245104
668885
350815
473603
934255
243743
568032
457275
762736
370475
512909
128294
779160
576693
310231
130715
183447
297969
329505
973238
377432
302421
549071
583973
619782
914520
848330
905080
853611
240650
677047
912681
723501
841829
300251
657758
985572
682250
115034
662276
952725
441910
690570
645852
918603
900801
590533
102052
112737
820038
889256
390169
936425
352294
788108
470174
266816
636439
375255
934393
691055
866269
847076
414558
622065
147328
886282
521604
729578
815282
183881
596270
257193
774451
156089
989763
589219
646622
905781
515922
466661
795038
806092
403088
147333
594201
773262
228115
144608
962484
162510
649629
742720
823552
964187
278752
784846
850470
700356
428392
665754
784238
924662
736913
472656
980752
726677
875842
627375
632459
391765
908003
427498
111824
225058
388798
519992
812286
516913
564600
688737
493389
128196
345424
316942
992384
524176
915755
756821
224534
344148
336542
908772
268811
973456
295395
163530
700134
171238
604872
246561
463004
512876
488025
474828
551900
776823
894820
278153
207704
373387
866891
601093
401584
126282
732002
307935
550459
647758
964756
674993
891906
215266
497732
160718
188723
693127
138215
702823
764366
643087
763350
141337
969929
251377
516165
521830
842166
324953
613949
949870
598340
480841
550965
813890
421090
282968
121826
871549
830726
900549
460509
636599
115816
858241
611283
118505
465335
649498
635294
143668
292586
398646
185005
176482
463989
515137
598312
306156
654056
126229
256028
166363
421036
706993
880254
742126
803927
816046
613676
548620
716596
974185
185220
646378
746393
696503
578849
211730
259969
214145
169364
452555
426757
254370
529038
790746
583473
941316
996902
237530
967545
166897
303893
388583
687856
998113
944675
491784
814161
558353
854370
444724
446505
853556
991103
192900
550061
569953
218596
710030
598064
287960
976551
838787
356296
419556
629534
753735
274840
540404
805231
156352
521267
109126
358901
209125
921205
303578
514875
735367
675897
369247
180093
122403
222804
985162
129269
586831
469082
247865
210828
881113
349792
101347
719901
520054
420903
263403
187757
509709
617773
892988
566062
139041
816080
824963
248166
737287
942507
663042
472655
618405
846255
466714
640809
883025
451877
584044
469858
820960
731910
494652
702074
895668
495999
335942
329689
730869
499345
417446
240579
117119
310436
620607
156161
126517
359538
218293
763804
302046
695301
150427
820452
541557
517141
375228
424584
782985
859272
708408
603946
505149
203061
219987
314784
513027
369895
544474
243897
769241
775886
298442
700326
986322
819050
756487
926806
992554
788747
604577
294601
484049
655004
929019
925607
986112
218214
264158
769098
891453
786532
287011
396603
803559
320964
525354
316587
590859
883794
374450
274067
659681
486859
874394
559971
219876
544848
400744
212431
333596
905321
407032
717646
474293
250019
557220
460406
368233
635344
143471
259687
335843
330482
470257
139403
465412
895611
269957
870237
779406
458373
144306
353054
845232
918700
813025
965108
377515
213770
177540
611112
933058
398539
242725
407352
548558
613911
681724
730757
163222
639161
890445
399065
783609
274669
352434
249022
984246
522391
119260
763653
880765
163566
930673
639964
896232
743700
605074
187715
771436
596580
698827
618461
895119
755518
839779
357644
283396
521504
988402
260584
974631
792814
559649
758241
967483
812083
821229
951730
248442
840490
629350
943173
818022
560024
583138
628222
217691
102179
715937
803094
598760
328731
421556
407846
898215
261337
665491
995577
596807
567860
256162
571440
360675
715811
243648
242125
441861
964878
107822
590303
719335
551138
447443
451324
925128
930582
893512
142821
846727
609450
845915
445488
752147
181438
667301
650363
342775
246759
645941
839583
714619
716069
324990
889260
431881
468638
945351
687709
347483
867139
278013
966818
418278
625457
418144
257373
470006
311657
300194
316734
735074
960075
576189
401188
955480
157457
865518
298256
304216
425426
951805
918835
141497
190762
722062
473378
559401
667414
161088
806884
534554
253068
687670
766798
692491
919780
924171
976463
231438
138333
293198
780478
912374
683353
181668
867855
740810
947186
980078
945026
372613
845850
777828
414110
936613
499891
701455
409981
981271
676509
216866
515826
743543
718502
196591
436035
638283
934729
412499
683688
973062
519664
464167
799403
203018
459801
667260
843829
320954
561305
702822
593568
407156
480652
821644
343770
794509
437066
653751
775782
113577
684584
205575
757120
403087
302167
107123
941371
236897
419622
625060
123926
753252
903193
823329
856271
362996
404556
614067
497916
865861
230856
905450
273019
525474
727096
516789
319985
978128
984507
909733
905671
669092
115309
662793
886145
231442
583882
741483
282305
817470
280510
306231
570724
183705
129562
340962
360667
348084
855029
758583
213947
899851
578001
386966
425327
305098
717721
559278
197193
616195
469012
102866
285288
398287
579625
985400
529730
163508
726884
712035
880978
907395
832233
451703
905066
775761
692665
179700
123846
461661
752249
237793
361514
330251
438725
686841
449315
970413
160086
546509
586609
529098
549375
685864
827385
129001
671265
271082
106475
312116
797084
887453
219512
629318
253124
938544
405080
759755
932210
342892
135384
684461
480686
310864
828678
733377
811671
191961
703791
871757
638470
290402
400856
101812
876266
142208
944778
461498
313291
951253
673614
110376
752673
707093
553660
819763
645638
772706
493486
491816
115599
528870
990243
410251
653700
818922
143630
465372
824849
661387
337130
463320
765755
551952
379098
555988
594160
323877
917486
721417
189097
591102
645759
755737
212162
199420
489467
671766
872126
882953
163583
887726
325790
153827
211944
879490
786716
169540
344863
611566
730928
495959
888853
496684
947911
267952
866639
542073
405796
784126
177457
408859
289195
723217
164597
315323
822637
468031
887090
608731
350985
950673
410424
490742
918467
522368
284199
705184
591909
443029
230717
236804
838988
119571
547454
786901
201490
414094
242941
421252
112188
320398
730111
301383
857581
708675
516707
680220
990672
317764
288952
341658
268438
513342
646366
100872
935710
830566
620022
441586
273596
750740
578390
926550
684277
125846
627418
699733
439940
770359
120986
452128
904724
665064
567478
762306
287706
898151
356493
278379
215916
459411
434003
298320
872753
894336
299193
722431
724903
819215
164018
812465
483922
642409
652982
168201
582221
280402
681900
922161
864727
616853
288257
769452
281918
755735
445726
383590
567853
616185
475935
683769
975597
809938
796055
762317
704275
995248
484749
343145
728431
548768
969576
126320
105144
622560
108487
587365
716928
690388
423493
581656
307242
611750
265076
403126
281452
610802
686716
663271
226988
162652
347041
116552
786556
957063
778870
404799
866278
177586
561910
594710
540320
531488
621031
545464
968014
543484
946795
684943
233873
284256
180566
355081
709972
345642
658207
891425
856444
258890
554697
897399
235508
715705
827917
922065
586735
606788
240831
453014
598341
702741
861691
138662
148196
396689
498093
930176
840173
358855
529086
974047
543111
609653
243095
253085
855295
801303
958476
625707
960193
427140
437073
195703
956811
264991
931734
543547
685746
172566
810528
284088
775307
672220
236716
823504
882875
634809
753681
723049
807631
196735
611063
350743
706388
754159
417794
475650
469429
376271
101358
429623
617378
352397
439292
574190
517389
371027
931704
117102
357559
742233
215156
132868
328420
351872
770338
211296
800648
437986
748311
608280
534721
273342
772989
155076
841467
190785
530727
310897
381022
532085
554486
898400
698449
893779
386558
215839
178773
232229
232941
436333
788428
262063
383167
116849
513935
967471
142111
228550
319424
704388
736830
668112
877730
509821
723188
633164
600606
253916
844061
795594
599968
398549
693996
298418
206295
894520
328223
285068
126750
375130
535367
815178
537193
732500
745993
865094
613938
788104
993645
833363
406459
644442
415442
198157
154264
952596
731321
568836
120480
575384
364432
534414
787899
872394
732832
894194
766915
875021
993228
793665
164118
528597
608844
515277
175064
354838
380372
689003
956908
287984
436333
277334
832427
665741
375491
886691
618338
106814
369495
638818
496164
547893
173233
284064
420288
720031
178259
187204
509019
171488
794835
573137
514051
317646
988414
589116
486450
368788
192086
357325
556772
442385
534659
303166
922092
810151
189859
540431
730931
373320
993216
227096
821213
166450
325126
241502
700448
317351
242672
209468
388839
851473
596572
716857
169120
584987
219940
555570
767741
225992
812895
238481
482343
347555
441647
404436
971672
445472
758833
616570
718792
752050
657632
540006
732467
882758
595474
432916
200110
652112
456350
402916
503586
952922
119774
572706
537911
239714
128277
219619
365706
755138
358100
662015
916660
699748
966451
888333
145221
725285
504905
677980
477337
162538
131953
209805
859263
627428
456687
959373
279541
813037
276256
683128
679927
296030
169801
217839
349710
112045
337458
529382
767183
509525
191398
683844
209274
157850
486145
168461
697102
805016
660407
174440
781520
692361
198211
640784
319790
468864
514125
413297
195868
690381
910391
775795
800378
980193
807600
964054
992238
959025
493438
673388
468551
498802
271200
491791
470619
657345
474218
167722
376328
134627
156128
157849
726988
168305
612600
860744
537169
126726
274042
633037
631073
184435
408834
345418
978594
216435
309474
884799
175461
702912
558188
457978
115681
729388
849769
486300
300700
323989
554022
577028
272582
524116
548844
899570
592421
161445
760315
129591
102137
848323
576595
547176
846724
885429
792595
825319
915830
102070
710119
905258
618948
182275
363237
548595
811663
126974
934896
926330
350963
402885
503359
523545
827002
866169
337082
333390
927614
911363
362982
843717
759687
839577
390895
520379
638973
997456
259665
468770
913492
869785
374029
446407
866026
551233
895002
677690
578207
829899
604021
743136
146752
921347
266682
873754
787517
417730
121111
629099
329094
384093
472817
902747
137637
677678
423127
590576
675135
582793
959347
502594
366545
247343
849001
232572
612542
744005
724228
190750
487871
328251
833886
534623
163565
914534
322344
765048
332265
343456
394148
475325
541515
680932
378074
579153
272577
701201
983695
761679
283995
857009
264274
550540
104354
113277
597078
616896
757282
321308
621613
245154
463525
455500
593744
527090
284002
816088
292139
430233
973510
500254
805559
515027
995152
183634
908146
267730
784835
891842
929409
882797
748853
193685
347304
667173
206962
844383
198036
778210
165692
719649
923364
529217
175151
431075
870273
273119
247165
976378
603352
220676
476633
408912
549669
471786
406512
457816
553483
105315
263626
482893
888112
912479
490544
149383
493619
597506
893766
591655
289683
873424
311306
213049
316608
300423
544124
186882
473542
605255
163262
890860
639898
539895
213740
103534
825648
520252
461351
293098
439533
624977
589957
327646
451423
980502
290996
759008
491975
998728
350664
681659
872154
475936
708674
188763
676359
166765
275646
963867
585987
338908
854729
225886
692769
968469
229420
432384
402688
504737
539448
742222
943680
129407
883834
309070
109910
174831
968078
415851
987526
232710
997510
859681
608646
620151
862410
285007
686917
138057
162841
272905
290931
917570
312757
797667
800006
442177
144018
116662
760881
583467
672850
704562
526840
556685
827599
450716
545483
795678
766567
533010
928388
764079
306658
451002
384231
169069
636009
885114
121093
612816
158020
312024
444354
370777
923657
244361
626921
881642
174989
387803
465110
747839
906331
805916
218492
733931
256633
577941
443577
923200
924917
285932
601246
231576
636934
799444
300645
186910
684559
321738
699727
656546
447729
144082
841289
371387
202409
468211
253030
277399
669980
532106
839204
490279
338023
957696
138177
408622
535638
481754
331824
374522
667687
833070
506098
304622
546481
620710
391533
231042
842448
905226
701554
204144
949308
542844
389498
151718
825022
456494
243083
408969
888601
982288
799248
140591
853951
837426
449214
303557
233147
595004
578079
800834
342041
984178
105458
788523
604889
310957
919565
361304
216184
621120
465449
979458
977930
754947
131177
802953
125408
274261
125890
914009
170516
825138
868567
924467
576531
231748
228025
709679
726752
706105
424480
882759
604250
429938
671283
209140
554861
590849
384410
585011
125936
749859
564470
917833
418773
595648
720787
444182
683875
660643
272158
668357
485783
954691
592825
876280
100406
634817
499926
641124
340923
824407
523885
845173
168312
195169
868279
537140
599985
252690
122152
625921
816516
586623
543755
235290
996237
178510
493438
594079
739153
665597
262437
138903
534255
755262
829150
534662
390080
329077
175787
544969
967450
599672
304109
135764
694842
172389
572904
294828
325080
509022
734715
955562
995645
192438
190853
991883
184914
584292
499929
738033
163856
662366
690903
512077
331596
520054
946739
535642
663097
122528
980612
630549
536166
284722
580279
144975
271078
967149
339803
410124
476172
888485
365687
385785
980923
370506
291635
979803
768764
691565
717837
832620
353932
408741
344699
585528
828795
205405
121172
405860
141899
915750
850375
578066
114439
430655
623041
199483
311771
776811
509607
687943
579263
689260
887694
474153
959767
179331
453957
728532
770896
985760
475120
124829
394503
633785
524324
137265
739190
459462
443125
695056
375213
293501
273123
303618
538122
710130
403102
749893
400908
726675
351804
880171
415937
239499
268291
375705
232796
622248
104238
903692
608010
393324
842488
816479
927109
280779
853744
580267
640241
210837
275324
829420
318304
362413
947004
756427
972543
350107
420287
287419
976783
586057
981556
392721
639523
249849
582392
772319
772097
500596
589979
294074
793921
346434
110554
721031
527213
864299
215265
981420
889102
390589
724807
207407
653002
671812
777800
539513
835886
112055
726932
726636
598112
708489
933323
237636
858338
515716
823922
544403
916312
413902
738477
710234
660336
749032
345233
187550
527298
460498
982936
330367
665054
707744
437774
318057
379557
129542
671536
129410
141597
398469
756046
639709
920925
689370
691312
779264
119053
515235
323668
935366
829137
876112
559567
403440
625145
718766
404956
966409
993231
387893
296777
658286
909603
634551
790309
203127
578059
461847
232538
619656
674282
888584
259367
595208
491922
764645
374474
510975
279881
512108
360308
922984
388221
733842
240391
827332
452609
545347
793742
445841
747206
990519
918093
656810
539038
622370
759937
931063
984217
892475
550721
572466
695027
624054
167676
100916
388700
356116
425857
482547
682190
686166
405532
970412
420009
545923
711711
686584
905236
505455
946392
652443
409941
778452
309254
762945
400823
969191
694010
299007
775634
158698
771474
384628
682752
839150
385544
971452
109233
625367
367966
691423
311534
673498
575802
545509
133388
287515
146061
938624
606936
992453
591068
830843
684872
714288
593790
985696
597446
201767
284704
287047
260465
870144
571675
757183
623261
771185
642602
632494
396554
910568
237885
522054
584067
713687
881530
531421
901202
927591
470046
508139
834011
875080
338984
518884
503335
746740
418547
100782
762473
517218
201796
836904
387363
673471
594088
910625
358624
236691
457086
655178
147260
594971
991198
545293
308660
872729
890680
123829
800321
274693
445935
634333
149774
598885
967184
467075
345626
385732
381823
922065
802950
483619
758970
104281
157092
353059
828872
329682
403716
285959
884860
364942
694897
876059
810235
817523
748790
700916
841352
463078
875609
287288
911378
839349
700139
878563
220391
859731
178262
502214
781797
795179
799800
454734
799460
770858
707793
542299
100541
925475
642224
885401
290418
337122
675427
914619
154646
338184
529502
809965
701263
319078
911219
526608
972393
611360
405172
106751
471092
397400
508966
166857
192580
308767
521591
806006
979625
143352
348306
894132
968827
804497
779534
173213
141620
368928
901798
110233
607113
345268
734164
222343
564346
559350
648951
450707
170711
868089
457458
455770
179456
780390
436593
186003
903123
858184
892009
796715
901536
154283
690848
784331
858780
384349
771510
814366
653278
673309
738565
174358
918577
472730
210667
396891
932081
759618
661564
916758
541674
119023
286495
621130
713380
623088
707133
616504
481274
513110
413221
296777
481359
918035
981108
340140
302386
752619
968472
769630
339896
707039
757954
172440
993735
868621
469331
925817
542206
130896
756543
983880
963885
943038
518977
677266
566128
226112
293771
861368
639222
520958
158146
120582
438995
953221
274688
555347
619807
243161
238944
859703
764166
896898
846110
757903
679486
315442
597687
221693
260305
354231
119540
224191
211237
538517
801457
677365
664629
909194
452700
217818
430154
424812
152366
683115
378034
241020
152429
811808
298148
291373
585478
962314
102238
431589
634184
681724
647032
231873
717383
807337
486104
736923
931528
597341
275441
646952
188673
754037
556147
541373
871855
800267
866186
838188
397349
158187
979208
449778
869995
277357
555117
455475
153639
471321
701030
687823
967011
348063
819696
684395
969366
219768
421319
814861
631075
510727
461814
719749
264765
831928
175089
950586
632196
855241
788775
929546
827395
767985
293291
697391
859308
748409
966832
912947
219731
667864
600772
186744
829893
334435
685105
713227
454203
106426
528089
985279
431119
803870
618995
595884
635799
608050
460437
267996
463293
249214
111509
204655
831165
304801
802046
604440
867176
682846
517389
900873
264677
932127
987617
908536
180529
672724
621764
448699
593116
149855
433979
838201
767691
866940
434086
403491
474991
794523
485453
752250
857703
410929
856905
602835
615730
572919
207277
396873
169732
538632
297747
248375
384726
285366
156912
465255
772056
678677
813954
279139
642498
161900
117341
410190
928840
365393
627647
317799
973882
113101
884015
745553
424030
654888
348389
853726
141774
455666
250600
211506
894298
362314
359881
279025
461646
416793
558247
233703
909436
372202
326808
465901
434103
258115
776091
276910
437474
317705
494709
325323
244773
292692
970876
482769
847580
319267
250463
889354
588899
401063
914826
397165
663377
274708
576190
125024
505467
134438
172693
328871
320607
313467
694772
654710
471582
384831
745586
723022
602536
154263
948346
661275
346955
919223
144046
108502
152457
294509
897856
641357
509538
812683
852488
986882
901357
428679
925872
320791
377084
998566
549662
511657
226000
158402
980333
511549
443233
725920
234572
859735
780183
996884
521012
941104
916109
565058
949606
882532
673533
847463
437856
183072
574113
290345
169955
389437
532991
995828
524195
724041
908361
973857
235699
134362
946225
216033
459877
389459
755919
594450
163162
536104
591335
584174
477209
421411
963198
340783
217911
636732
188247
555767
719804
576327
746113
703726
779730
279105
699555
303926
903146
607917
191751
952811
556245
137977
168845
916123
341403
824764
424540
404565
274835
829841
802705
566011
165220
765904
806794
283131
316603
809007
652864
850373
299301
398978
554100
979032
492049
253656
196925
309162
675539
288676
261974
145752
240620
244785
875841
482023
883516
214348
786588
972317
944189
589294
452295
923375
269165
173056
120473
399734
882064
673338
250108
995331
886282
704209
888330
378333
857865
985256
501461
447372
187899
577402
493124
328519
722187
282932
710542
519670
397280
411097
491989
255436
814357
844284
178813
897488
917341
199286
297223
713372
686590
447332
622670
572874
151542
511002
765173
823373
410225
266635
270746
412090
744037
577836
640610
380192
760768
265119
799862
158049
490183
291852
313486
218507
950103
306265
115997
781411
319517
313220
494784
906108
574518
117455
392949
626060
442423
158123
449435
666614
324758
534147
978705
882762
925950
533282
262955
686719
612367
962817
658735
916516
168637
872221
135025
932706
992452
151022
714118
311970
278208
122869
132045
752727
954289
424994
292754
310680
483117
556155
877294
621842
990303
769966
418571
830220
303249
581526
516940
729583
458310
175676
646100
440913
861863
681125
373620
768282
646113
901704
980253
738288
924573
112299
491016
878864
351260
683770
189545
734377
153893
880805
270186
958162
650773
