588757
788383
767988
984249
305324
497572
442561
294967
957639
697440
970796
638765
971061
739080
198846
786732
633300
837134
711307
559565
242117
504138
810825
739853
507649
459170
793746
388455
629356
751909
939228
132081
540293
621184
116331
659584
118757
372858
854551
976396
884265
739314
529129
855327
478395
541941
642060
111696
379076
267334
571262
435159
671472
382088
175013
993087
655224
868760
381544
198548
534636
234739
230629
974930
755923
160926
634515
688647
347751
403033
665044
232017
142348
108140
901310
434710
550081
457337
446406
743123
624672
831634
178283
210111
127690
253297
203200
682914
936023
484744
781462
470660
533449
912091
359557
289374
886984
894072
878021
234736
211072
457032
366753
253421
465173
268064
588131
829220
539367
848503
572345
164040
680139
650628
274152
707829
717891
291318
390744
653915
676062
986173
124577
123478
812231
384134
226818
699216
192174
104840
833952
303246
375839
114672
370633
654978
196702
772730
484199
636070
535201
870510
614076
215341
521140
788228
737136
239032
893512
941846
706914
569575
928020
645457
507020
740253
843557
633838
353436
935731
552645
101356
152945
828484
116028
337544
397429
126697
924241
781628
576733
459443
652140
190810
488750
987246
793005
139853
140245
686518
981699
747159
170061
823687
306583
577081
563941
150142
124886
817377
985873
577531
818733
952784
319982
748728
290330
617411
689391
128538
313007
266125
487981
779113
270901
790697
766360
963906
830550
720571
650426
812250
381698
634453
635938
588281
125501
113846
638423
150387
745190
538264
627919
477890
491049
847901
140585
595345
465314
729976
623883
678321
896101
925830
457435
167004
716528
137762
944876
547079
672299
509269
359331
953997
143723
809235
542280
169224
823082
994669
133578
482239
532934
661497
860129
837950
509399
900715
433296
788679
630692
871146
380967
440761
796977
652368
421731
513507
690130
366608
960586
362431
775878
233884
230395
733567
943120
586641
716758
680169
581312
750336
162409
928212
411834
922538
766163
735199
737220
113427
437846
367914
884573
718813
622641
595517
371183
944372
922990
875279
224947
883578
151677
900825
931428
282073
548360
788515
768714
265119
468685
263993
829421
445060
192207
155222
281566
858370
704387
918786
871797
142234
200667
670337
675014
723308
179822
946197
667681
102813
735443
792629
800357
787121
607421
731787
883160
969747
520303
565841
148833
802955
729835
878254
161982
822042
933476
343548
680413
551831
262336
466178
594065
363003
950481
269080
900278
130304
129244
481926
947083
678654
274556
747441
379742
695944
479229
262903
579658
813499
728744
628492
530421
372546
506747
592403
194589
354191
749918
688969
806022
912254
969113
314054
189224
919595
397101
989502
863866
426345
471430
810950
105000
559952
472358
384742
169863
765554
461611
649522
493020
104323
191981
923441
376869
598728
429811
385425
766885
179730
974394
486874
905950
943508
700929
909141
777070
998030
812610
554903
338342
284041
279820
257309
657960
652179
456017
641789
417734
817629
205278
810754
735918
297259
648162
112788
709954
891939
398213
476840
885636
286574
777681
791587
230083
392577
614695
821120
304574
427307
376024
542916
525314
555845
614191
183275
121991
970209
639031
439725
701805
744309
164446
437724
941569
626574
364478
651524
518514
576658
942330
404151
763232
720012
109706
807282
112590
624401
628403
231130
951708
818393
588013
477024
288205
202205
474265
310196
172415
113297
563887
688186
671573
542299
125911
613143
168874
390390
264668
587389
781014
206999
805506
544247
740978
729178
351530
753568
267547
793899
884699
219256
612294
472713
510246
714465
488884
798478
924662
561300
725741
402516
163453
397315
844816
189365
910458
913690
393721
989092
415046
174736
196093
134520
532949
837071
763698
698446
504606
931245
492346
303272
964468
918606
589951
388681
633073
978836
101126
471702
454103
726868
774218
517556
124184
619035
520887
848609
446693
728574
837702
761739
717276
847761
710225
250227
598799
387891
848673
917372
319137
254986
220645
197572
987559
624563
400220
534599
517366
401346
906301
785435
128215
594486
216958
966365
127489
551812
814975
474182
280387
566644
149888
897664
414407
760114
961857
827172
148006
810531
744545
281109
879483
779157
292648
781009
403721
592868
315609
735053
808180
135877
434455
836396
630364
551413
716728
571819
917191
445670
946001
197580
912314
909855
995244
240688
583936
957102
967861
545908
681600
712407
640984
475050
491565
833632
256061
709252
340467
385636
358272
148648
335480
692727
799010
779810
158108
515739
351630
975299
861409
211598
172880
687691
121454
982090
828379
519357
853159
710207
965265
448726
422616
520216
737743
728147
353849
807770
351367
508282
193407
523605
556931
428887
216334
269908
208698
188408
685648
460328
163708
461024
485892
150555
962681
421313
946611
791062
840670
713738
501270
719902
162465
737852
240120
800208
379967
407935
607979
631334
816218
615353
154940
287116
858206
185240
457024
966905
273648
956638
341200
251323
331630
727093
301878
294312
148407
162456
899340
803043
776194
400612
522946
752626
952430
663066
552835
332398
971002
974781
863732
701187
504101
832639
888303
362308
831845
259294
243180
105495
129900
484381
170784
361530
125441
286628
469808
987813
349084
369150
704823
125280
583728
227770
777906
536159
704803
244708
768558
675806
133456
546257
290960
537557
292863
179264
799866
124710
252524
943046
944170
282424
341394
114955
457920
280801
301583
741695
182581
550667
110846
787404
489913
594574
915175
267820
944699
619979
326495
713258
209752
359951
173483
400712
797509
366346
393942
511342
391056
460432
368355
335227
556823
523716
264148
914743
704517
465731
656439
787099
830365
581251
574504
320279
989791
403646
488100
934492
923625
714595
561717
947343
888512
549166
348056
686022
815513
555964
111331
120536
916397
293653
269730
473221
717369
433878
387965
335853
713576
858371
122953
543942
353589
511424
764221
257348
815070
166288
191841
738697
780883
567524
686041
583363
116692
848064
183352
746171
404029
194684
680673
320427
388337
850403
693648
919672
198249
895580
255526
811825
667918
192446
355768
835473
603870
933955
992821
418941
100245
998628
971604
695094
480120
571613
278458
410778
333644
361811
156950
637673
456495
737623
772067
658798
501994
379682
492437
600243
189229
561929
412069
671113
654375
581803
506588
258246
515759
499410
491154
516004
412006
376725
125066
792126
762304
303524
202905
995948
565335
173821
547589
835796
811444
233623
408561
313439
427271
714964
727648
516501
276895
953683
187615
831270
535487
508169
903483
865213
821546
308604
295184
233553
585329
320250
925679
261601
523775
942550
257550
903076
116372
619105
652840
827816
752728
875367
955222
180001
590333
596837
510468
681194
550522
598083
512465
986009
920219
329915
851223
741766
538519
960374
875319
937815
280625
714965
199417
618366
657516
270933
435410
673888
790039
988250
415671
456734
777584
284860
536735
367918
781698
861169
863078
246187
373220
375545
232197
293440
519426
897387
935206
871912
857762
724492
809728
952353
439458
909145
570721
910940
994044
906131
498795
784084
808348
728432
240820
585933
913293
591521
767818
608958
452692
630897
755145
725912
820408
801308
919352
339836
612662
768525
211749
384391
493018
835443
336746
832476
658555
807467
743417
652600
627565
156179
436686
435914
784611
491472
921847
611871
982993
603632
220830
349652
234531
789941
889530
868905
505217
722849
208742
117880
491375
234457
402272
884393
969900
552984
630836
628456
360452
288220
281058
888017
344399
531710
323932
129012
923182
159746
640883
820142
663379
675680
983761
711876
379588
873292
580782
698771
596143
603491
630618
901484
737948
846856
699845
621816
399841
330682
164239
660293
432869
259263
462277
677268
690973
600175
620246
528122
659921
175097
262232
237267
664743
245994
849143
944331
933252
343893
557070
443362
847384
187689
344848
499299
934545
944693
121116
334387
189342
185356
808646
522211
344619
270924
113447
849559
771099
633693
377682
344987
622756
453880
396221
287500
513840
159331
145799
447094
403224
602869
790456
250609
604524
949270
563875
539070
893964
584991
687423
897273
584313
496070
419485
828933
580960
432932
592459
266026
880592
784107
424979
503349
237989
721200
604816
651829
780532
650615
998923
997722
167451
703347
162299
671975
652618
626174
125012
460550
211166
712435
357824
695480
122472
591275
438380
517398
924208
930839
683424
804801
714947
108404
222117
766902
643571
726933
418733
338070
291515
331623
335793
358966
848936
398092
844907
415522
924266
869919
690038
949399
496321
861828
644880
518793
453104
897226
936191
377313
742032
533582
996080
370946
455953
218199
137850
999524
759098
370549
251561
950614
516138
487354
309581
279042
785447
968455
594564
623680
838375
284603
573080
334698
146432
131927
667457
413502
843119
517616
690816
585152
951198
600863
770065
407152
633028
807915
320643
392128
992430
472204
342743
422535
773525
466290
601577
472939
434746
196142
996619
187089
294711
569701
421787
255109
515594
903210
568612
358715
420827
173395
843867
285993
674258
613933
507111
221254
335815
727755
513382
242212
113926
670091
564748
701417
136382
980291
174357
385095
176435
170978
472184
285112
554645
707937
440222
970239
611148
822800
242921
845942
896195
986789
131936
484420
514689
539047
605674
664471
180769
933022
720649
108662
603114
199364
710079
553463
179657
784437
838558
170058
769381
224709
355170
324027
832646
609358
208233
357761
346125
351155
117670
242321
251911
149606
540708
580566
502620
960348
159004
497355
893372
779654
419983
410453
879018
944029
863916
958675
642433
616441
942699
411815
741150
297871
549808
487763
721195
572007
659491
967321
823162
677161
123609
889039
726768
478283
469607
143355
438633
442577
454676
245972
222232
774660
556425
101252
718690
334309
873893
361124
850750
816594
586905
505868
928431
950679
807597
563593
522687
467089
444881
259817
144252
382457
148857
684986
760740
432430
642307
113340
775008
996983
259312
811206
685610
629704
726424
318267
864013
600319
493357
628730
330880
980262
948564
259312
930942
756163
636871
367597
137219
981753
527414
995436
278177
490237
680423
938917
736634
236697
866224
425609
233682
125537
236816
733258
655241
863241
951526
433221
377527
444884
961952
608407
339114
910517
681685
184023
580647
232523
451620
617867
214277
793000
527270
306420
197205
207695
245339
833839
344392
111564
173415
392040
951066
224197
125300
520275
901404
890792
853496
278932
249643
815449
701305
488757
639934
296957
572781
134548
429481
838367
566381
457724
631369
993652
664145
642540
115314
723450
390346
273672
648980
463761
565713
600047
587958
504979
120323
403330
309738
787786
496228
459381
603236
197535
848139
157137
308458
334887
191686
551905
173255
658067
823596
618590
565686
487742
261131
581000
125159
465443
754673
674139
829204
234353
188153
331130
553298
122443
634460
763036
810229
130689
136384
327432
142190
798489
384570
350649
133377
390222
716520
120599
862255
540117
553155
427943
841825
628253
822909
866984
993696
577583
455090
822902
625902
543244
967998
993166
479653
516425
670169
289883
547114
706554
517315
503271
505044
715851
667886
538422
920039
384407
472987
782296
824525
926142
124206
666351
554396
847115
533337
548094
338666
802393
284963
778534
259604
252962
771702
639257
669387
441872
743106
130468
148427
174389
533739
467438
790240
115592
905860
710281
400000
292814
406544
138492
218957
430750
704843
673354
191832
152147
135415
344464
854541
320378
123000
928111
473340
794702
567370
956693
236575
310477
987161
198969
384866
434868
566407
989073
450460
386234
613321
664426
579048
919865
702918
611971
264582
321729
285326
356414
373876
320741
600879
142384
455085
623879
970496
828425
332548
451833
785119
383089
662310
686248
482058
861143
935082
862431
850217
385543
162632
377505
863936
555646
297371
566855
167619
375919
788584
266911
632333
976427
487653
147179
118812
842738
585024
903274
585131
817572
355108
284217
114629
831385
784431
410653
606495
719514
273086
456713
919024
249684
648184
782961
705331
845555
349817
772950
221475
952368
939861
667774
928796
341481
628920
861574
998186
213945
764850
583318
845484
119959
681501
774079
765310
465934
184733
371806
185449
357819
642485
104474
507504
290670
787435
126802
950191
951219
799752
985632
903588
739614
653408
832385
981096
196295
693960
893249
310240
372777
476568
969690
306703
158070
743770
972013
524004
828504
257787
523420
100290
800272
527894
421760
990943
229297
448562
855101
180517
162281
840735
984105
801896
494144
730457
696959
590439
424418
590209
714645
611162
880743
598303
817865
852779
256040
789879
290751
898510
947666
714171
898801
661906
156032
234528
566816
285329
497057
421918
365846
559338
262654
263918
275201
570764
894375
786126
975169
232761
290302
603782
743923
985011
202086
561789
837792
358126
265635
942509
256638
127269
656681
969405
689175
626679
117900
169958
812009
428923
491876
177856
888262
654531
341775
977429
139262
150117
677523
114433
282878
781791
532181
926801
766804
634267
402557
518563
806359
482159
461073
876963
509428
931720
846369
112570
558400
778236
182528
370410
207160
488370
362233
909388
956867
517974
800785
996130
568091
478309
924529
750970
174067
456711
591738
840871
990978
894296
273401
711304
376456
634474
588269
699850
566195
348605
712420
124597
940807
708914
308973
147969
197285
571206
957357
154154
903146
758143
964250
471239
150419
888780
222210
224487
345492
713948
879324
250437
522211
152727
775707
798667
687201
363977
498518
167364
526549
124905
105927
467357
733819
228866
429292
745071
614039
386651
713191
517186
958760
677442
888425
923146
566223
924601
961599
725681
638551
840924
790084
160763
893651
565792
773397
494820
743736
185882
476150
270286
210788
482077
551609
758573
524909
880902
503645
138949
181520
216837
556136
954246
794279
444562
877393
274469
369165
752959
814116
821682
593885
604201
796411
401503
169995
483775
710289
813731
569658
186440
897983
680446
482483
363559
439020
821359
244462
756632
860308
239948
873469
416445
108162
581716
674974
799521
670151
944139
552482
484269
679788
146368
988470
390166
361837
158466
773942
886093
786163
343601
886499
684147
924047
282950
947707
277034
104310
106136
933666
864618
160051
807137
281065
168213
302820
856039
867734
872971
714145
420217
357241
307900
380551
259679
598066
556355
318145
372009
442449
918275
615610
328949
516389
453624
511899
464097
630659
516209
384200
564326
294795
358217
285430
389826
426430
402216
245866
294165
275189
773977
528349
446396
981877
808900
606075
493910
279222
738187
765920
621671
570429
295497
764587
986818
649122
276487
364883
279782
606663
649083
658074
715424
907300
843505
105251
247697
245722
165083
441862
334877
839060
784177
595240
734904
507045
115282
228815
686267
667435
808701
307940
237865
104200
972527
224685
653322
162981
489568
747070
583610
952617
405145
299035
859918
162617
304286
107616
222306
283335
363444
371149
122396
147623
866389
671266
554668
881672
714048
240936
549108
522750
362842
600940
440916
249336
725625
908204
312318
215194
655275
795928
981777
960421
908930
841696
937004
127183
763278
159311
310519
940688
430461
332915
902277
210817
818148
370912
992489
446163
425815
455565
782879
688657
870471
223797
837994
596097
132002
150313
625257
601244
760207
607035
475632
583104
362698
412637
610288
939942
385915
820807
880631
630342
967688
782910
741159
785837
153823
647616
145967
479638
917147
828847
982262
787619
952644
820257
383717
898612
784536
822940
499857
458710
343942
789455
941815
606640
202094
552104
546583
488009
372912
427215
932317
254567
124092
673477
940405
991881
321094
986372
471520
238242
729186
367749
839827
595797
188007
137511
494411
786509
860451
808234
159187
204394
597691
101003
625000
613751
467073
171584
915726
653951
412766
848044
808518
436858
521522
662890
428740
656583
649264
714227
708791
292417
981976
548620
788215
983950
586131
282627
770460
360550
904827
743613
464944
416485
744616
903911
930236
125656
975495
845963
679607
388262
694008
488127
639087
129498
151018
881793
686081
614248
596021
394873
806666
491965
757459
594882
475916
257558
691475
160343
518108
596303
803957
797018
912789
462540
700930
756992
488197
590393
602957
981770
792621
296966
469898
431709
240430
434883
313504
826511
949131
723491
135352
669764
129423
792811
264647
505339
864335
770088
479649
382444
280359
197573
993429
107115
474079
608326
764107
862276
198720
281031
844048
891342
391964
227913
237018
532394
562796
364488
358907
425895
987980
308225
995659
117404
915002
174274
436710
779339
844362
730325
975749
938687
827898
969179
859768
301978
577507
623877
978221
590193
804908
736236
395502
196873
864149
532521
543234
340913
797009
802141
666808
698956
110367
576434
630327
925369
650708
881003
618675
409038
611329
594426
261692
353194
477572
121462
555172
869045
645339
447360
459240
364214
183597
754742
375054
861713
201230
818288
116593
898240
534396
683401
597197
458729
173802
141491
298065
724511
922494
816741
947515
533824
325134
209208
787018
702706
144636
256158
571753
603941
517484
930993
868156
515048
599702
157177
376762
700933
789431
307321
513140
237794
804688
924303
596523
878490
965795
708554
516968
888290
439262
464484
336082
664396
487659
937066
367104
532295
107191
838857
136238
524676
683817
818360
939724
197486
789503
230453
798419
578935
437774
311560
630695
242463
235865
227219
120954
115627
749739
537923
903917
189003
816373
153966
753399
217999
904999
934469
564261
912190
687293
514465
436867
371111
332826
290558
468598
936295
421011
180984
515231
672751
306511
959892
815214
442376
187112
750135
458003
750817
202025
275887
839820
832364
243820
507187
950364
148820
355623
428592
961010
942917
843057
311845
227995
989849
502403
510559
926145
737381
591544
355343
324099
798055
315236
953280
154398
316314
617382
426367
967131
719407
602254
720919
465738
746074
228107
416103
708860
483730
744695
669872
340614
501719
881717
468610
491569
298087
793135
417715
849434
384680
587024
987500
996701
802260
940781
151100
118575
558164
477467
899673
191538
893688
620593
557276
553729
662666
787346
262591
960362
446008
746429
300978
847728
542113
583554
339298
654166
376690
570980
503602
575337
158005
405069
572039
774232
345851
537106
792807
717981
828539
606447
809519
636194
227041
366796
103891
789707
154143
180448
750071
414118
826877
951049
261847
368991
448570
415111
837123
725260
800057
254692
214564
858063
559761
686604
546262
805612
137677
253036
523594
780182
759484
247080
416378
886525
427843
334235
676234
481986
414683
340272
796104
241561
205288
871917
424518
553858
287030
261642
193085
987087
416335
307650
759117
790062
808220
305380
595676
845897
458417
933236
540046
131868
994283
770390
918393
422127
104626
508594
804113
419309
748866
514185
560870
854154
300069
799354
321979
401065
960997
415065
302120
291299
622715
961237
981361
430936
180585
491004
190800
452968
338208
544812
484836
332492
315204
317196
654619
319830
725791
372699
639140
388624
700850
113977
156746
900920
813332
378725
301986
688296
607756
504106
879595
230472
379311
774923
475374
459896
179895
480140
726830
418103
924953
125633
650595
240158
342829
305215
459988
882586
577914
913094
185178
278766
927072
241924
993652
740405
434615
295639
342668
942372
613712
136230
986810
893023
811153
462186
266886
891048
756292
807682
223118
681246
833315
773713
735370
176145
892894
109326
872698
384776
922420
957876
477508
763459
113767
385127
417831
362348
580766
660499
304721
108445
696729
205499
815434
421850
567685
982320
226865
237944
790003
349984
733157
537285
937663
468528
527397
744525
391820
400096
129302
228208
271939
420776
891667
199672
705903
309500
462020
200636
869999
580708
209082
480696
686207
924516
802546
167859
820804
929411
305803
524774
279396
938960
962060
131027
321456
489458
775552
613276
703520
718820
741484
875459
139597
547119
889097
659466
756619
351118
760102
540585
831826
783150
921281
518034
621634
723828
585893
442439
567207
705663
867213
746603
644624
743240
691596
780046
232699
467149
393324
750185
185970
948774
539611
139533
495894
428709
698999
166480
679828
373069
607066
511655
156220
442314
843656
591820
166144
343516
934259
547317
949179
715440
293921
507771
372647
885518
287818
419313
266634
495108
169499
352605
357850
609111
392138
667710
937820
905104
734191
617649
278174
255224
943271
248360
597538
700894
740181
577648
858376
588407
124966
807557
217814
232854
229295
490462
932338
331079
809775
198973
640154
793240
365544
898004
402352
571649
565715
340174
476754
213873
771789
568894
369097
629027
631220
780602
243888
285368
272217
102266
687742
297184
723789
805556
344004
853084
209985
276343
998129
833726
289282
638284
626968
554827
536289
929320
940442
915971
183461
417197
129845
769217
800057
312909
398245
345244
907477
456100
530613
179695
458366
218356
290845
182156
837878
534849
849206
947864
625158
847336
781591
814441
485622
408560
283235
835877
251848
223678
665815
249275
454841
609627
918492
168865
822536
230705
414109
643980
586805
758688
723675
945171
791010
914521
941293
628890
449371
790500
576755
974530
637837
272313
702938
937425
494840
886173
687270
646688
923817
353086
795963
378659
776679
628423
447524
513182
759128
675599
157163
259900
434289
780839
119038
225300
695361
960331
668156
958698
664798
244912
847195
302636
331192
550134
154029
726032
350274
655265
286687
274092
822317
896616
466717
598998
525040
728207
112181
198135
403808
983310
272001
652063
764150
291039
691329
373478
165337
359487
332177
730135
418365
179374
846738
649557
543474
900767
289556
793749
556033
476243
881807
292317
372861
348526
791315
711867
890699
717463
723969
294508
700774
895970
760537
378891
100977
451868
652369
166314
711355
798512
796450
129721
877886
643189
679279
335328
457923
868835
943043
827922
259046
824851
120240
445873
987343
725522
157741
878044
442986
695676
986518
143761
591648
747057
422652
506591
198926
888987
572905
810281
687500
283322
753968
479354
740477
433248
714682
112367
216051
657726
840289
289063
396544
774496
634936
383889
500019
606643
261934
756971
302321
248453
714698
707935
895510
951316
214527
908402
840304
687432
718684
441771
784721
472654
821125
525199
719868
449774
537567
749885
921466
291823
938948
318012
966319
573885
515867
380305
180530
677801
951242
296817
740220
665941
904752
549698
617258
119280
372067
371529
620678
904718
713301
405400
291339
534427
830600
911207
798168
282134
575060
719635
473957
427975
937647
354244
901861
367481
548515
896357
859248
499759
193175
599470
165701
997927
963134
596926
117208
335202
868455
551852
239921
581757
857253
431260
930151
601820
256435
728320
783954
645461
361922
171878
973436
213537
426122
789264
481018
874638
685622
340268
374398
692763
753704
354065
604657
716839
850991
535831
866007
719448
987684
919895
215172
844938
265122
959289
446759
335523
687610
144680
880984
863499
216558
854422
977036
456647
557653
458055
331286
157243
612289
519650
750006
365994
687681
354665
896799
538674
790496
762808
172089
778181
596670
201227
537086
761792
160518
797811
997316
662094
842491
792267
525594
873016
560656
416597
329664
118311
688619
474916
175554
300909
894566
739526
480870
496214
994191
377670
848854
698655
954444
920943
390803
551115
936137
741856
226875
996655
539668
138158
658750
296127
830425
998311
169144
305049
414909
312774
237326
917494
687690
312880
218405
496223
952406
599275
892437
860565
790911
741293
473187
745357
576203
763990
210439
512341
505847
337314
422963
859482
289438
981714
155610
119865
893992
138720
238880
222868
265460
376206
140364
853150
589086
258769
263340
455459
672010
969743
229991
376888
625003
603178
122246
201208
281136
146652
527515
600949
297932
850479
460432
487371
746160
430008
421202
640153
382694
560082
763021
548154
836288
803385
315271
339341
876120
392577
608766
462097
362322
738758
738986
887325
255903
675198
902499
437039
635816
430016
937989
833749
280496
312388
321121
926656
642397
642323
480776
839057
202406
243798
387213
852660
861150
516450
192002
651237
809028
700768
113336
171351
353493
666288
872642
423363
255453
775143
674368
791270
205160
612358
625020
299622
738713
846141
140245
381111
402431
521021
220169
504837
578785
421348
357498
439936
837799
363466
991174
560794
878200
918476
632145
145661
498731
504788
469024
654184
193898
143393
445455
299058
569718
884441
412646
308432
644549
452891
503509
946980
873912
537644
451818
452699
858993
623282
706601
610759
886748
611742
171554
678916
444185
617665
724577
842916
936419
193602
411068
130319
150961
670489
243343
534645
554932
555990
743077
199482
822847
160553
146464
610727
598198
412248
877392
371158
935531
583994
881917
736246
109704
867437
415163
453889
485103
139741
210773
421523
147309
521841
365808
112237
106297
423118
546882
561229
879108
203927
574678
615922
264480
535108
226650
676644
761322
918008
947802
610820
502004
743686
347068
425674
611124
576197
693529
910193
529905
804302
245684
491180
240110
511492
503417
160374
834610
864266
621603
627685
968193
110248
243609
232674
459322
284225
723285
220646
202235
671088
731466
518205
414776
892500
757845
839866
382665
451375
750061
726536
169645
895745
217717
223721
321204
535101
284095
969781
399368
719665
597467
367562
729913
655042
414202
103203
753234
137488
137815
769435
622543
683247
287641
851285
489715
859452
691152
772380
310828
355180
498917
380473
164892
530600
504195
300063
965701
688290
269845
365070
321922
681278
546598
951836
336322
860801
869005
903522
812255
906820
672958
434799
590068
774565
286085
979783
634018
791204
752164
844846
146385
165048
139287
125244
595649
457448
325307
475317
959704
495152
740388
281628
176431
200953
147431
326719
961754
916436
230242
774011
737223
717166
122777
327292
491732
308863
307077
125751
914033
873207
784564
874384
852222
737817
899628
361838
195266
138902
737155
968936
534054
391510
250565
524452
492464
211962
665137
368185
128399
795380
142197
765622
426513
978940
906881
818246
287804
127925
757963
115804
901132
542528
890188
667321
280346
703784
929159
289578
742686
580282
258516
190708
785758
323047
529126
278223
435010
194264
460375
377375
803610
416538
956964
230125
395479
863846
948371
497249
805737
620301
513053
706870
162831
317209
288159
257143
920993
131285
360688
663680
611567
433170
668354
311293
656217
197481
489516
905193
205712
763857
196536
909322
180397
153501
139448
475876
831313
901785
873126
637051
522088
300146
257888
498885
517355
360013
569994
438349
391299
830682
915996
816832
177819
584351
128126
734037
595799
431609
553197
701511
195467
649733
610834
275864
617200
564249
651741
448514
380001
438834
899531
716055
638980
971386
128907
156337
331400
598902
494686
622699
343551
324649
439533
421371
809001
467659
969374
318767
799268
522572
920278
808702
172307
445079
984566
689507
823294
550274
951988
203297
889108
851520
819352
528090
822907
848260
498393
968274
361129
807045
590974
604680
131696
844473
840017
754663
226100
809392
973430
839334
331966
807675
648037
318239
252755
632605
821712
890016
182880
773701
993313
885955
539189
726632
328012
362097
488859
726405
244338
749988
533451
735313
268636
479113
493753
922619
147743
619853
732013
121174
459189
877945
742815
921192
196185
809537
467764
917897
699554
550645
605566
692868
350567
144756
333467
578579
320819
722327
304985
465158
386282
652402
114438
468884
945482
508191
391505
993225
128046
937484
928366
401201
815430
671182
322394
825581
480720
690159
657445
994240
154771
263012
687109
319304
307768
834543
797883
528588
470837
916834
807712
757119
483203
822150
139971
428686
330342
345442
421913
272354
282927
350280
573555
912323
835428
709916
651871
316150
314042
309317
310391
282779
386296
811467
502083
594064
559977
213933
936618
930814
130768
658297
601900
513971
480448
641871
756624
710791
801279
178538
883145
898172
342784
370668
810496
178213
894550
462368
308329
208593
585652
432687
305338
871948
244155
707421
379979
618098
821354
230565
548913
766088
788862
150814
194026
269312
606652
850650
794069
321898
843154
591181
220072
185939
775815
930568
178119
670366
306904
386448
692925
706522
719135
898263
578471
777256
519651
772416
395355
254972
902981
758234
835026
605811
809049
929053
689089
329668
779704
483159
465532
622860
888306
585604
622765
664123
430140
700884
248456
551010
987333
841382
257533
620435
653612
649970
311659
987230
422387
607014
156169
239336
365250
891196
745147
988265
820250
434237
231900
513921
731362
597432
950747
619669
183038
573514
197759
427144
188365
346216
878154
989664
187599
135688
610101
655177
685658
821760
556374
922011
342741
612544
161348
521957
417707
720461
510223
151924
968664
556089
565845
700027
153523
430560
233664
150527
818040
331423
477671
906405
577639
269792
896071
579204
305480
420139
148349
805104
241900
604723
641082
398607
131234
616397
820565
448941
336859
330789
414831
219491
786879
794643
733484
754368
225204
867148
718861
943244
112539
110499
763616
590178
280291
659688
983349
399737
979827
945664
118808
135694
550388
659890
434302
495589
276288
254868
844530
427114
399623
173329
546605
100469
867972
194056
668803
993176
875171
387665
850387
887710
398164
614004
391855
492421
273694
375205
792158
167488
320870
810966
203183
685225
384824
451451
180815
475078
606319
839311
802192
819908
912640
262764
820378
780613
356821
489182
687756
231993
690814
538144
933669
902944
152150
325525
395367
239810
514697
101492
307298
649533
726425
324447
248725
111250
675898
329540
486328
196184
982818
202488
916093
809425
279218
650438
504006
450005
139621
105729
495964
644401
543874
429634
547347
509990
655160
756680
649800
983823
758172
857098
633357
398564
995512
782083
409814
671411
925589
710109
767596
822374
726563
597656
545767
905781
248095
949773
355788
201682
869468
751752
660050
413343
181388
207398
737299
650514
778044
387100
634338
536217
158166
181662
834782
153679
777711
158563
725090
703302
682638
406653
439643
409202
818275
885410
314985
880336
749150
484739
895985
618620
236492
556036
931963
231846
663434
669264
782360
441479
870330
330665
791662
928496
326294
540411
896141
104006
512941
535199
707308
195580
755818
146953
504783
574095
846329
633734
454432
595481
118474
350418
214102
168932
720420
960031
300779
383855
629296
897105
639300
413594
141738
344930
256057
368032
785341
152200
372038
212249
587399
893313
307830
343218
854232
626579
817313
700562
260314
185713
296044
192754
350097
410146
261686
970518
284145
376431
268340
727407
187504
721607
141002
229242
966537
297060
411240
665845
349260
597244
778095
836659
490558
899891
993843
258757
526471
725124
859320
600751
810837
969330
607471
974900
293444
683123
945419
477589
959555
127727
204997
961025
749334
159966
190268
629838
357026
415474
209650
520252
912718
801711
270878
317244
701603
264722
476001
142041
889846
249288
556758
614650
132586
164230
589552
326030
747354
448938
617585
620876
476665
636548
581902
139966
696514
586136
669804
867506
901610
779455
387759
814329
495133
472603
945539
196738
637326
421542
152745
441139
570830
609504
955790
517382
673734
459309
743412
421089
808247
274964
855931
198880
725479
437834
238846
421994
923970
722617
203468
739547
502073
405193
467844
811172
777797
413384
907910
329090
734926
874622
670229
219724
484127
626020
637106
157862
899295
294486
392918
707544
383416
248850
806424
108896
500651
859236
344857
338588
581854
448325
978136
897893
753518
359947
709067
445282
673331
530944
674372
322225
405567
344603
355915
789694
784589
806987
761523
683886
915439
968407
391431
298857
131224
111822
307753
531875
785024
552610
684430
366880
814901
576533
264774
482387
836480
873841
827669
423778
404787
502043
646003
624320
746646
815884
414016
531236
622873
989505
129089
538313
957913
334486
651136
989137
346308
772856
434980
131334
239433
119411
312180
954335
509910
476954
436723
346391
264763
178359
584135
483516
580402
144106
107837
327049
859990
335819
672252
396830
239291
701341
749110
197205
935828
400247
100310
196103
173104
349256
141403
226504
282633
353583
180840
692543
644504
431529
852900
723233
509888
437036
206750
904257
481142
128553
145273
341134
278339
631491
637964
417630
246800
301041
514836
182629
601289
429112
192698
588359
678368
148068
628829
861001
315617
623635
467511
860121
955164
320412
497321
379020
657448
604071
197244
138592
546591
242517
379726
724930
774009
831656
142561
920809
132699
471363
917404
547954
714441
924068
950279
392810
972136
579110
167778
201721
202746
535289
961842
971877
669667
373131
264864
327117
877202
362108
365709
337760
418591
559401
876656
106567
391058
919218
841342
337723
304548
758747
699643
918990
596783
649924
225767
482886
229035
207512
584607
245747
556767
460417
217625
226436
733548
296455
453553
524717
472529
633228
762478
791121
192630
639135
797688
397654
472320
552998
635378
590835
311746
335022
423792
722495
798912
549559
205383
841913
571037
689990
987661
127806
964373
119253
254242
697922
315709
521761
222641
602204
154990
799085
393326
161586
438221
104982
459240
724508
557980
908584
315344
683692
243608
639136
406189
942520
102662
425538
698401
573700
929494
686063
515472
893869
619282
583680
591792
748957
105442
628399
351163
974397
427485
558455
135984
765707
563437
409190
404182
935383
317776
619526
533043
461384
172629
753198
317871
175291
178737
830238
562957
108232
516302
978429
902101
135586
476076
407861
698509
481518
936260
949672
369882
363747
508129
319832
943420
885532
629023
347603
734883
846799
781095
267927
222150
767690
921125
353987
756947
999862
184227
319906
922060
514495
212302
738129
464047
588379
145991
162558
883863
896217
112231
167713
259965
434326
387545
117352
319860
916568
278921
868709
677334
873982
136637
799484
641673
957762
153473
398622
871591
151666
532494
707618
566161
644796
445748
930209
147142
491739
992767
931006
387958
918964
998719
461889
353292
300231
393208
487118
216801
572129
355828
794135
360079
306431
507587
901752
178160
475026
300375
949751
526692
646835
657370
906819
291633
917085
750995
252741
408825
657729
997713
610749
576695
996433
886605
743953
210632
279814
145038
327433
665909
314832
935534
925988
521263
357088
741708
513389
732114
856049
463141
172773
502886
934477
979593
608485
851563
644555
761226
174356
302286
758941
599071
778981
669341
485677
436901
779973
579457
395905
921372
159334
610737
770874
899288
945966
127963
640997
459356
674044
497048
736463
746817
899934
670941
640377
508420
436472
284934
183613
510828
487220
842554
109900
180168
511897
409544
431035
205837
802967
726940
127211
776267
251644
798085
675557
111577
740014
230521
470933
414059
541535
121363
160878
355436
606270
615221
763856
942742
714121
761436
367537
201342
603991
291404
195476
929854
600948
526511
135693
317882
167418
162904
908116
319062
774955
583674
330639
514970
628161
615538
829030
169698
636901
803874
425134
243173
333062
102958
999881
947184
764394
367420
962492
368386
558824
157970
298242
973738
498447
333935
291621
565866
310805
199738
784928
985760
597378
929534
414697
225541
545073
157694
209205
181976
775534
534339
239115
108598
537297
238997
869748
301692
506417
832241
484045
965241
890211
596253
938980
302626
744154
144569
768492
868925
158273
467387
854686
569618
396922
183350
695159
841996
241045
804364
837938
916579
252670
977053
839143
689968
130017
708892
805626
536435
541135
203638
415643
345313
613857
268591
547939
358012
227126
230398
226938
285399
511752
895590
755017
808674
978941
364143
564637
133953
982473
316542
864498
235145
207562
617609
739079
237580
326502
458672
587981
681603
562311
817590
840883
176169
986181
302789
348148
213308
433188
389052
312674
844940
284644
881657
567581
177552
245802
946185
125471
142242
262728
803935
277387
370291
421545
830432
421837
648048
289106
823784
329652
665383
641375
984501
655518
627558
287292
817632
654832
620480
206686
781472
379387
305296
663131
760934
296814
808933
707120
322285
851175
869849
126221
942529
154107
447767
686928
389910
909781
790000
213695
153400
455384
755070
137903
924869
296595
325195
742502
851428
759641
849188
632901
139029
154485
296033
799963
351299
918932
421051
487550
684075
204867
427738
540571
258974
775505
227500
462850
599253
831467
576545
652653
286852
331616
690556
125688
442178
829717
768191
293607
589359
617380
740474
542354
585832
850474
256285
751097
683373
577336
238649
367449
682203
566387
721986
755143
255859
763453
217994
755112
594921
694539
321732
781773
840121
826255
807462
282300
655973
489620
389873
245334
920966
944314
601654
506799
794789
757939
257898
478163
335276
310513
659579
831445
690866
381566
586589
760691
145020
618549
429770
639941
313089
651502
335682
967177
477758
957110
163444
133733
360697
453318
193033
281664
311599
608653
688464
106389
366594
760328
398518
515836
884807
958097
347283
575674
339665
747838
250332
298651
366389
580102
752559
493444
231605
902207
460622
609364
773284
438033
557063
133982
705317
564062
315646
916916
172716
818076
923305
353276
578405
321824
769113
377179
193889
930362
766819
347520
678201
917151
460137
944590
497254
212697
438036
628860
928870
712624
152191
702155
150658
523220
736137
669941
901248
951784
586858
887930
769861
424130
241208
262234
559921
824287
539413
653810
754650
306234
901330
432852
137352
361468
291410
534607
388132
629446
977433
317003
256037
129625
833125
220662
466811
569263
790603
282026
435014
377463
169957
118843
615559
225131
195043
175481
949418
634456
643257
704069
754656
544588
950888
792009
720023
242299
240583
922121
771745
218017
153091
841748
161608
886216
962410
528419
455481
753015
624411
704461
944444
694368
723304
560004
819500
818347
635486
768919
366771
278744
386956
935393
637299
337845
641369
271289
480144
781952
107377
165856
899969
160468
907604
875543
946685
870016
403963
316133
536998
842340
834560
481443
536710
557866
941447
270177
290180
490900
939096
556951
583611
240019
406312
220911
477864
947681
306166
771974
729635
313543
837830
543571
287977
659402
419116
148629
443385
637045
364762
880383
479387
113290
361827
830063
571156
217241
100241
675302
608142
853303
146221
191754
993323
452533
226631
385154
400215
432797
157130
943816
560306
808926
401355
748283
382295
720471
796913
725680
271483
975641
606064
564836
988931
867891
394900
474054
899099
395141
149358
507242
248446
195579
512962
155736
462078
639593
440890
676259
886356
411986
534043
446663
134880
835398
108913
417175
469836
805826
142857
641319
695435
648921
206157
684367
430780
501057
158423
329880
710165
121747
737122
858611
131292
164051
828313
493370
617610
269204
983595
503967
495157
517639
764596
530037
353038
687475
847212
722874
493303
804035
278161
102705
452958
298284
687072
697704
613307
659461
927584
323473
595174
578673
996050
626466
642724
824364
933802
260335
907535
917399
578268
316659
435039
342865
746696
688078
930340
507875
324919
337610
311912
417046
340315
578836
615330
841354
276541
228639
414782
118092
366078
909957
596765
362130
536424
153456
100461
470228
313791
907996
387628
792059
224656
636633
948890
785318
238678
793197
207161
463598
944774
333039
780644
199056
811875
309942
854376
902382
438581
269160
920474
704659
993083
431206
880755
529508
484662
881217
813702
698453
703180
115297
404479
741803
565897
267336
441088
704575
874499
548249
168174
819274
781288
762785
918331
507130
972727
772708
323479
325275
855834
243954
843900
848918
575160
724657
292394
959822
519841
920062
572242
136988
935360
790687
692757
501258
958023
947812
205834
832524
496062
187975
565765
191318
764726
484097
512414
651420
170773
735894
790661
926607
793814
634562
689493
368976
273186
881887
242765
606993
801950
628974
557948
651277
419662
250706
152536
291653
198519
172337
124178
508548
174278
589943
513832
752970
888007
926246
404391
958780
662141
195053
799354
455957
643581
488848
638899
730734
284702
695630
337728
986653
324605
709642
637931
558234
860349
604434
749887
872834
590737
774065
295349
578981
277975
709181
331952
165983
635429
550309
938729
211537
559328
652051
481460
202910
140900
934325
747610
325603
629957
899305
226223
768528
608948
678120
326763
383264
282555
976650
256100
687258
664682
451449
266240
842658
974597
498192
822607
610027
948501
761338
635530
507830
327356
116992
524707
282222
951317
272318
421791
495241
171624
548014
263771
680573
226136
490534
963837
322657
467186
133904
909916
131869
399320
176157
788493
373918
488316
611102
797911
436818
286407
347408
758615
513763
364400
197289
695985
229685
369607
117778
624926
355198
479758
788697
849737
519860
193199
727541
742518
560385
761446
652435
506220
974732
642558
294715
262617
130875
805817
960528
467694
906190
221903
140276
419954
400270
237565
929905
529955
421138
861649
968847
676336
341409
671512
440040
761269
764711
167583
417754
239063
742995
970189
645283
717728
612749
753964
794311
643624
559782
668806
925284
465973
790709
879526
699893
190980
117092
629800
620935
352197
405416
503750
928533
560791
175263
282541
322062
753940
350124
553782
893003
907085
523973
452253
624814
950688
206219
419126
508279
666001
987932
347531
945941
692608
227058
559801
783589
158117
103568
318491
410314
408985
722241
252814
869776
711470
435355
105805
465411
685479
559588
358415
506531
897527
624635
131346
848216
730854
364438
270462
310822
266337
517993
170730
858946
559018
630532
556502
617135
634100
774993
841415
943085
411202
994229
812863
122673
429586
732634
488085
929031
292223
660466
435564
189751
285102
380876
851933
829922
559281
122397
140746
639584
454356
211476
412497
827340
742008
868999
358442
376110
643994
199858
233162
955196
108055
859991
891835
437641
592627
379921
280639
784850
854354
530169
788568
139457
725012
640502
869380
284294
576865
824092
823878
845188
935568
236377
672529
591544
919342
930972
781620
563337
944796
914782
432500
952851
688741
324337
304459
281369
518224
399065
880185
372579
829234
668754
326003
468213
223224
109350
652507
614055
747408
390353
459244
682977
440696
945740
188488
360039
790679
870108
737343
735476
698858
983809
602295
387600
222113
806754
482935
554304
205820
363121
740849
849021
845842
880818
317235
883032
890168
783709
497088
637577
988028
770299
234522
342691
716040
323010
602730
506720
107086
254040
156163
705944
151817
658458
993544
187896
465214
476480
642200
485000
653567
297017
247988
499410
177836
379190
296409
968005
162900
693498
519549
150929
463798
568037
393620
179839
705014
810316
500525
712100
878323
556688
418045
844106
215148
325556
932002
494328
702036
488170
793294
355604
685187
941283
668981
763023
320474
779356
644995
297340
472855
978511
262235
750619
460515
469821
744424
165530
280138
158916
691596
972427
615605
109642
816534
644719
249164
662504
139048
851200
964640
746308
120772
649828
601558
603719
326818
735998
383076
785780
933338
669898
764292
109540
334484
224808
479361
978909
204305
573466
951791
795901
545894
567397
719510
276396
212117
868674
838900
165131
633842
717507
725406
568580
367336
326965
172300
508120
962964
369342
293901
810269
939240
958193
819810
273726
996968
213138
166602
115240
686604
932359
725107
232500
499758
444618
408896
525841
227260
161763
590973
675068
693236
230346
243649
960572
457311
315949
382659
334242
585291
576561
958478
438499
448721
778289
526191
359656
891427
506759
374896
491999
439119
913970
624499
752843
358589
847361
278686
399815
823090
683625
974883
516327
813971
218533
390866
271283
348448
673525
419492
747706
164053
377971
100172
512775
970226
526363
772431
775620
847088
961294
267620
286208
875265
792119
853018
147821
553447
131705
361603
376538
629296
336487
706831
443268
368987
997697
528517
617435
671224
761975
279108
735277
139947
279280
162019
110174
705643
748417
785795
466698
623678
867381
566873
412910
659502
419892
460731
126916
451597
636300
403455
894859
872788
110287
338128
155742
921951
680611
587143
507142
442588
766252
156386
482535
859498
218406
406676
565143
780789
106438
845807
404468
873819
412681
717378
447288
732573
992075
474205
998136
628377
691626
892996
415132
615879
145091
470874
537831
725703
871983
944973
168292
638236
915326
464793
497736
133733
685435
876845
728488
691873
722653
132957
565694
949301
664301
912982
681875
656377
387188
680013
284755
978814
486976
599887
594695
532068
884727
946492
257772
756712
805433
240030
308915
720760
518789
620617
668459
204226
411429
396948
796099
948049
429905
275760
897351
908172
188744
579227
564550
389898
173207
663272
282680
560184
177126
691341
992252
961854
637834
250025
632533
443268
304021
755414
164029
722810
376033
732488
741002
687462
943402
451069
635512
373308
626829
532864
195447
629539
926058
659998
833404
999265
323271
116085
559450
400397
707426
465669
276218
259227
529660
722717
602496
733681
478133
580491
370459
754166
226947
111462
355595
170350
376497
891108
357625
903327
337939
453072
532867
263998
113071
366272
177231
250308
296323
550647
464672
817715
916317
640890
976943
445978
363609
493406
993626
655708
973897
364086
409875
200845
289514
665470
185162
566012
470545
442787
383306
708485
795859
730139
786449
722897
910378
863680
787171
206702
414329
251844
924418
244613
706701
901362
590591
884276
394769
584218
539985
282633
762270
849860
297445
865751
429297
382607
345730
713809
639360
629036
422295
435220
359176
122711
972083
269555
800358
759256
376258
128654
825066
214643
273267
531768
929971
677824
416045
238707
176010
769996
421340
838280
619857
532751
617998
863121
815358
863728
576931
368685
492765
813192
617872
665908
749869
589956
749429
550228
263179
939653
492848
902212
154297
666115
433981
984268
257907
663993
222976
333917
433990
458283
986163
867814
891034
604163
644902
620360
467892
221834
889045
774624
848992
420884
440533
598862
910841
189963
149092
987986
943583
455906
890199
997880
122023
238148
896116
193896
802141
119093
427813
150098
391342
413977
831878
196344
832106
476781
716704
300000
598615
519716
888590
447608
840601
243090
860437
665409
247019
823495
567362
190603
279402
457563
188485
301425
595711
984601
309287
311819
917660
637100
275883
309004
865044
107763
319314
697151
484544
936018
811117
897126
369701
699708
258701
124269
756764
119139
603644
903784
842634
171008
908353
122038
442537
996838
237429
938248
895406
446717
164034
727034
897783
339917
850004
762828
261646
169319
459981
646191
919303
185065
457284
289005
784774
615985
227241
455505
549091
730885
359290
305692
801893
267645
327730
244431
178450
379126
996645
887823
639809
974645
614858
537593
228530
378829
300423
390176
448148
574370
936367
367452
659435
307618
470423
358176
823604
597664
713682
286662
242517
886938
492354
858376
968549
634051
916774
147001
913177
913420
848790
466953
802033
377615
904546
930563
656444
118936
320740
104593
593306
171075
286011
166709
378693
570400
338851
116264
982031
952533
302926
224549
753439
609247
982925
721989
243299
899700
682956
970442
727088
531747
437396
443088
723328
255909
373652
379773
274846
594392
298332
768152
665467
484343
748827
858127
954744
987679
874391
936776
854179
177319
975291
521585
600532
872183
243576
743831
685851
740498
628240
412940
186213
965636
756028
809541
221546
943646
189316
396392
538039
301614
978511
117474
685958
641305
875601
554669
628985
749993
405412
397132
741278
380704
818717
341811
166854
876259
899608
752705
616759
527849
165646
616938
407452
735640
340446
528999
679287
343728
739357
131294
545343
631835
962733
145268
273142
838335
599937
716093
502295
819315
927191
157541
113986
745910
313318
180840
536136
126894
833546
966861
554743
813158
583800
776162
462766
824247
305162
956019
981941
858485
901279
527285
404288
864013
572553
577430
616315
986456
207490
932577
805772
134683
990118
733724
694559
217403
728531
230696
244297
562078
197559
613007
289203
595325
389170
565935
333539
508298
521956
315482
280750
423236
742767
585038
201217
229288
976434
717532
215745
183926
650110
835484
132575
554195
483175
641100
585565
211707
685762
643828
587751
783321
256836
776955
292614
459972
256857
440119
782236
678813
655601
962987
916016
312336
548026
117234
441624
524462
648732
471335
522354
212810
220786
468895
580971
603962
109996
166537
629635
695758
710366
217388
393047
781168
808309
499627
241142
965166
839746
923378
557947
495349
800332
473964
621651
348360
405164
877241
686788
867862
348577
123109
980672
383330
405970
475611
801258
415966
542148
430894
925690
166481
462248
232704
847650
184524
632331
902758
149692
472079
826137
607639
781394
540437
895569
317012
702763
214700
194254
303518
982562
356797
326627
877202
640127
632597
352814
355352
862529
708928
686247
702186
775410
962461
834891
623061
146987
381189
525820
196679
667234
265924
618284
362595
620327
427820
579607
323091
456486
673861
526609
353015
844625
753236
230218
398719
299800
396998
654072
976295
919893
254286
678483
695304
216748
427341
232332
263735
622496
572118
274380
289732
652008
706630
552327
272337
948416
945901
495428
404903
619763
922038
657919
378355
589241
788137
677075
703008
999102
331148
679304
832962
485434
271754
528267
516148
513061
574565
679884
135559
146684
768230
325291
612658
388828
691584
784995
337245
637486
280425
642149
171217
116430
300069
449572
519637
902172
940613
222646
815241
271762
715917
648204
571162
801637
990437
987311
228666
565003
581162
264225
525653
263359
403482
138313
552187
909032
823308
789433
546520
917699
431583
531703
848095
545618
881275
367734
447791
735856
404346
263034
907618
934229
811238
392748
649834
801677
294026
778500
280647
689154
856691
706301
852513
174140
744614
318668
983172
481889
108102
443659
313556
353651
875362
161652
799269
670605
343352
247061
406462
561665
324061
228047
409861
949266
520795
959695
664910
628787
652162
845557
317942
422820
551859
984422
496960
210440
303091
480134
592330
311193
823793
719852
478810
613123
695470
278080
283729
938823
339107
504157
414455
477135
632204
724316
426402
966966
597979
991312
595754
164108
836870
727663
486929
302697
712086
883889
413137
915177
277990
819433
140337
915750
539286
519147
528874
234758
611193
626569
987547
850300
130727
315969
327436
662931
854251
567804
543864
452231
559117
953585
430306
395989
681249
817235
598686
307302
615091
825789
222480
793082
645224
262817
622799
998476
595930
965639
147201
207124
592209
948714
957424
622936
264684
198828
199834
118937
666632
557665
471168
139717
511251
715440
435706
106467
532676
848358
313769
961734
588114
350215
668783
147305
426998
291583
959748
922928
257223
106950
130053
663398
955665
901443
200301
220350
914237
300135
239287
494837
671766
524422
534554
183018
239863
784226
103451
586506
632585
317220
548241
134666
567435
130991
181972
894433
322574
141721
731328
393763
962636
761381
957161
918302
576792
157463
952619
404996
271564
105873
799833
757297
530295
334388
840315
584125
118615
757733
984597
565166
974953
446805
599833
456356
477796
681805
264756
614336
637492
896085
908099
600129
571433
779227
432399
962191
750656
385019
367189
836186
390892
167023
593484
735154
401412
347767
319280
420027
105501
217844
799160
894420
478615
398994
264743
856411
894765
429500
384714
532258
239552
206780
946353
710985
886007
378753
673178
550630
663772
940367
386817
954665
921356
794268
689820
322769
142036
823066
556763
961502
854876
355924
769889
333492
568884
934633
103870
463650
364134
388584
809874
417652
495364
670194
128638
295338
948948
615782
745968
526687
470116
946751
481353
391474
654986
985139
528209
610988
722172
898938
572491
491015
168829
256348
724507
637713
190982
728377
915329
369082
930927
639170
686734
426292
309366
629338
535596
172281
159088
195531
598968
529204
956249
894288
734644
611236
793394
176821
222226
429534
975759
608683
820549
958555
765031
459024
596269
856013
187402
425566
139062
932296
878702
725796
272555
102035
269102
708152
174316
328190
803683
673285
757394
759933
481540
406006
371171
274935
482827
407363
604469
372553
916046
338986
331109
681079
698010
741345
451059
699378
980877
490122
631675
859580
129885
804231
861616
298987
512384
935932
527177
230034
523184
198539
889968
904724
418511
175106
993626
715304
482469
512062
987857
312482
751048
232934
893561
449059
788245
258588
962404
769123
648710
594080
628704
592561
312278
404287
791549
638628
254187
318727
768663
591337
331232
572598
496063
649743
647704
403656
365048
944139
815718
266873
256622
566768
399807
964150
829793
188053
222739
792198
857176
685415
300246
399847
277977
512524
618101
969526
151154
772288
202221
733783
363626
347419
306382
673655
897163
768052
891277
262212
626158
706997
429085
696746
187732
642858
660897
917525
730911
697602
623691
502054
296984
823937
715868
474962
250428
333970
358455
215548
920224
374642
849331
197817
622062
969679
771473
433192
737732
662751
595404
277857
283715
838456
874604
371447
481315
535502
202940
126194
147072
726631
528248
344056
464535
158083
632984
614963
392053
805406
730512
312278
994014
493810
410096
616077
463491
995535
949269
115190
572253
458641
293048
669935
211064
167653
941382
506345
517121
144323
532539
478159
684920
874754
722216
149456
932837
269167
664420
238858
974573
308899
365102
968589
702709
589164
498633
166201
498666
361870
181392
884886
720511
374440
554822
745541
356059
410171
251887
687146
368461
598393
165307
953381
473148
787523
102839
319952
870656
581225
458810
759197
704090
637879
641753
406800
227044
140387
473002
625711
316223
468360
510598
936734
656766
965420
596242
912825
375592
748130
599972
558019
346524
665279
511402
633638
366769
428207
853590
151393
823398
226368
810590
527489
764247
452344
834289
891291
406697
221258
430969
622921
589618
841567
473622
160351
720954
969865
887142
910513
631962
487116
468533
878486
966361
793901
512125
247098
222109
279682
212457
859473
406050
923047
386963
984263
289358
135220
789522
510021
256478
220492
946908
660063
876026
420532
720414
510947
304364
607558
421461
836326
908640
703961
628779
788968
497863
954870
850032
533939
234553
962489
393413
454570
799503
594343
438834
902827
629563
142323
412850
786041
262816
359759
360071
952808
594257
894452
463756
798621
502011
699184
548914
324618
317112
991659
927552
628941
946530
777586
976846
181085
654042
370261
535655
367513
778570
788455
270341
408134
830779
583191
108142
907561
842951
282180
860370
437209
176633
238093
149798
492610
751243
512678
717228
968355
504339
558747
597298
450870
336334
574145
445921
804343
758372
881576
171857
536943
583999
342198
759043
414779
739356
681152
236307
582308
863332
996677
833483
939965
148737
797247
432576
799981
309927
963770
768337
628232
522518
365636
979102
672819
753748
338991
391129
512121
134534
462986
863031
618533
619150
536041
847278
358507
131160
983585
754781
894492
894229
502232
748424
942967
299480
994966
742949
423373
872703
511287
951605
395223
690890
844675
882008
358605
183667
187104
684692
218201
550090
461690
650701
983206
897732
497980
255681
842858
481567
910462
737352
375797
412695
399743
318765
612176
394711
875680
849515
181381
300935
801122
390570
805791
645798
272579
164397
643431
359683
749089
675598
723739
124747
326300
620913
836445
724281
776594
679304
119815
601023
416657
309578
913719
630367
442310
439862
839044
317991
289378
920425
518926
904466
310997
238684
464231
397542
303081
107663
571192
866137
683262
208898
890884
823528
729811
727330
547810
420372
406635
481591
921396
637259
691170
749082
181593
133481
188945
920637
351472
292289
755029
684365
196757
966026
823049
560988
277536
940097
482618
748728
806235
979846
771592
611086
803375
415371
252383
265153
735743
472984
560710
571106
924209
251881
320189
105803
285362
323100
840406
450801
429356
595437
949132
526113
561464
686148
901067
652966
626246
297652
315661
346448
191465
987254
771500
808807
402626
837849
973960
952335
310835
534671
523443
149011
600519
657598
154815
699847
794665
895221
964614
224022
490659
913747
564101
866090
513863
379135
433023
954075
490754
648685
214491
582219
635940
885991
391027
852532
723842
278954
804868
848643
627592
242278
897654
228112
713843
866435
827959
508509
675624
792575
546497
980249
620289
110599
846340
134153
303700
279365
988229
694454
742016
202721
276675
377957
902678
481668
144456
540487
660623
763290
389131
288216
905569
200753
330294
533379
967188
972219
855854
642813
764795
402352
623064
299052
326917
383371
247171
530617
476702
149367
225073
218719
166054
401748
410642
968733
697382
455098
423187
358006
218390
712319
460188
937925
727038
690482
385271
608193
662703
241126
164974
341465
543478
688038
454483
684361
885375
601655
214979
276045
564988
340052
394764
631043
555766
619373
513743
253150
888437
836930
511156
106828
463216
785311
858719
190255
389760
157957
698449
866429
299083
677389
121862
656527
365428
476345
340889
164770
891966
455869
340815
456956
609887
549546
901965
165655
982885
415709
318805
871323
252640
643927
792118
615857
343205
650838
620078
632966
622762
232494
499396
821845
809883
521258
392340
989277
811570
633229
968014
617503
903064
222796
974459
512953
672342
876425
578608
655228
206101
711379
440519
358742
269273
232638
788565
426445
697442
322610
959411
320205
455105
372774
142052
178955
707999
434392
168234
519570
881587
950214
137074
784653
173011
925500
211573
745354
715892
604147
314549
821994
229493
655068
994702
398766
787706
783268
639177
399116
105879
598589
619321
374950
785330
661373
453906
493330
909731
436106
912900
791320
300287
863940
489940
373298
789441
601513
932618
505335
205661
161135
241296
335154
716203
235999
547886
417877
919267
187065
716993
839112
599620
250281
128030
384951
811655
395902
778281
635353
645974
605148
340640
846261
469090
644546
219560
172498
246060
152180
491799
265687
213315
633095
414807
743484
769094
862694
975327
602328
863725
606287
441442
377312
756569
383438
662264
482191
679340
354512
931510
325315
773627
272152
171577
242718
816698
291137
229182
876725
257283
620982
142413
284564
168044
371187
928049
837139
147848
817343
439468
911573
337598
694876
202852
994167
978314
765116
390325
571621
933595
321836
796936
707223
407954
868513
763907
138620
973617
893089
915345
230901
428038
871724
329432
496083
242912
171448
247189
204726
888791
500623
116300
226390
195501
133119
134524
987781
798235
338815
559404
645797
474618
270307
353021
782572
138822
930894
821192
926405
823985
650504
971272
165990
522230
300705
476039
579108
372153
623228
683835
260946
123853
614101
301302
133320
647220
249793
935067
359423
488608
408438
905220
863226
578746
172209
559766
531534
103104
380959
457940
741055
845430
429213
721012
367661
629919
197052
760735
816038
634247
444571
890950
658100
872639
192254
605386
433826
256013
454420
693249
644621
762859
512437
421815
255572
584646
881581
687106
501716
176507
145047
156739
921937
388226
777751
203565
832111
874803
864301
648151
509051
222839
539102
981117
909444
545322
500470
343272
701335
854891
850487
259924
531717
362925
581739
687289
761537
377287
288362
177221
367760
247375
233960
203665
535601
911711
307230
281680
700481
985497
829831
209534
122304
282900
104618
931748
728223
419055
188987
343525
273947
939475
503449
619630
216367
899154
220886
877905
276442
409248
955126
544203
556623
189087
647868
906190
914764
769064
187871
615246
668529
831668
638746
690833
114570
557331
536548
656759
876386
625536
900284
964299
478978
317701
583930
595345
216856
704816
473251
393299
928030
342344
751468
484654
345397
313303
390845
260162
982367
392683
689375
564863
224352
328122
255697
238922
785453
606212
709647
575806
231749
523899
540106
610727
741600
124037
120039
858456
642819
407257
251756
570850
649601
817190
869470
894999
130494
260317
969127
926828
466966
658503
491692
591318
800592
647390
644207
500012
253603
353855
975819
299318
777754
515926
724011
433321
453930
744050
291779
996749
965273
443535
481567
614876
174693
351038
423842
205187
425321
306936
132016
792287
865440
523709
383607
579999
985065
841780
980011
152635
109602
869797
265919
787357
299691
803896
220679
653621
461913
326424
564337
427188
583926
945904
942064
658619
210910
279873
763806
536231
486809
709789
328520
266216
147465
526093
746215
946496
367874
640194
999131
377476
509992
179017
978799
709683
882913
113446
277271
344827
253836
741609
672015
737762
601480
528046
396382
712390
707919
160190
248623
108696
683945
391109
274912
731410
731168
835094
677907
999042
475289
591005
290485
799247
670022
183252
422898
466902
110664
600169
711729
264500
255745
297712
902263
757226
725758
298646
383583
347645
272802
532206
270307
856747
737281
445219
588158
468450
280314
180032
381459
569569
671037
571945
282784
255026
569163
519648
621928
493793
933783
247625
658293
189530
445337
474523
760722
985061
587136
144306
246673
673904
490479
416980
530653
227761
676166
932777
596212
770446
112811
791637
253983
597814
277549
436767
666807
746712
770381
288736
154472
704165
350327
712766
707661
695664
101256
468384
594693
502358
426657
655332
176264
731102
886279
606917
858863
562446
453661
369042
332893
380438
160681
400842
792219
338230
737609
459027
898909
507991
561729
953381
126124
812057
580114
733785
421688
495337
202171
916381
897695
442794
485681
973959
173897
371961
494843
846726
748373
762471
129736
981266
142910
104383
382110
749095
256579
933685
208123
155489
355644
669853
922837
381768
481911
416918
115554
803599
812255
131691
633948
709952
388451
933595
597878
462348
305557
992722
223042
953930
669160
252778
849163
626036
257161
145240
375133
327706
892892
483256
383196
248537
967075
220000
444271
362953
536918
373791
980519
349175
405483
528434
873093
607900
462030
470972
970249
581553
377661
107258
449450
946821
260036
298614
572859
331163
257821
847992
558869
150714
245215
756031
299251
126258
876031
557488
303177
412951
831279
283697
576092
150729
626097
449186
658630
988127
820158
542846
483647
197821
550104
833097
144643
624106
945678
531468
855269
203500
379461
328105
254214
438643
898103
367431
464901
774135
824919
668078
101053
570165
765742
577145
620895
391840
840297
279526
293935
660457
636338
591548
672244
186443
424647
630853
710549
284292
162323
479785
387792
355750
621856
455972
608359
519960
637369
887226
294097
376255
469272
209116
846420
235015
600228
467316
440821
440526
560808
548722
914949
197147
140272
501160
197556
378885
132015
808105
563177
108304
201857
764935
278020
723714
220908
786380
243675
758277
673607
351738
134533
956845
460855
794919
105827
875049
176203
446649
229542
550977
809337
144493
562091
763575
545653
659647
956426
491634
381720
519604
413904
483577
198506
591925
207292
319414
292272
264934
891657
865879
516672
840156
736692
791493
635077
742519
666543
625246
103135
710052
176224
812473
754545
638315
490015
214165
297964
446443
519766
579684
866047
833670
963261
878520
339562
984520
197935
531834
249455
903559
311681
580093
743716
948373
371588
292760
690893
852097
818006
694029
562150
808197
420469
230662
446513
810484
258794
558443
256928
678560
138128
936942
426197
915356
815463
665760
813843
827364
197595
963298
730924
409276
457358
388608
271616
728946
495334
862510
495011
227308
556540
957161
935505
877009
187825
382019
601460
346619
840463
758389
839145
792557
609298
265343
707914
424762
831103
435724
166093
842665
312989
797018
165908
670348
999592
337525
399295
494927
200036
794306
622235
570542
665435
471707
361518
753260
753727
776944
913845
508157
535334
752991
300715
958598
832300
822596
297327
663405
258321
363421
420037
471311
974405
399911
955625
973998
637436
354921
382892
651438
963194
819094
135947
628630
290802
397465
295857
858495
174411
123669
280619
523711
776660
395301
482311
522927
131864
679638
100299
204151
857025
420336
489428
831431
720248
445054
719396
271651
613942
102290
823090
577137
735350
859037
119734
840118
170470
229557
612581
158847
167192
793200
582558
843852
102468
878835
280746
134332
472441
281046
238484
329467
601382
627912
974865
235597
972967
694262
407249
586910
610518
230340
978013
345869
903343
911713
999954
973813
955236
612536
946626
122429
319703
443152
780247
322172
321988
960993
270470
608395
242040
408954
751829
657389
850833
726695
792986
823801
420958
200236
324678
845443
244542
216658
191313
961852
942337
105234
849632
897574
531736
796260
920003
751440
239413
614217
887578
375367
575211
158049
883763
717252
467004
549559
374642
317838
276255
981594
955605
511179
995797
194250
356623
240340
224874
361903
202193
167212
281103
865792
878752
712840
662053
712722
464281
801466
326940
265826
176834
716117
323875
874563
433370
604845
424123
621978
736649
514344
517540
606221
839490
513338
614437
196114
567644
739311
371983
583804
720489
553087
449597
513208
265928
111651
225931
544175
727083
366837
710001
803917
982955
933876
592448
330292
538723
830537
766237
189339
258849
283778
695561
998339
611082
309999
108420
178727
863277
380404
662531
583767
833491
926094
910942
913385
937745
136874
457561
664829
403712
981528
382714
300634
915405
789128
530926
368095
533632
297164
371401
692481
394908
966962
690821
905990
276962
699242
984718
954205
893612
561216
537974
641070
487312
362883
554456
339024
399757
825983
817820
617435
807512
114501
732035
636884
717595
262963
818946
251228
374093
190348
843710
669002
157311
448498
488959
248239
961706
473678
202446
855319
848861
554386
496390
250140
817269
950846
403130
130993
690796
134917
562395
498309
149418
294431
135195
680979
457394
768107
832208
645454
858455
589885
314457
829732
938383
617382
891937
814057
991061
908349
669377
753889
376702
165769
817995
107938
930581
221126
952897
621379
256044
515293
933654
219428
623690
882815
800408
895051
650923
546583
540506
423345
136469
668929
167044
888818
286312
872948
702876
191340
781298
372255
759195
971967
351990
577191
893871
196538
698318
846769
717917
768328
276029
651573
801722
799720
448355
602131
694772
999279
148715
235279
422625
999149
804208
403636
887969
904486
276585
504812
995827
957883
691033
755023
843817
943023
332216
737690
139563
844500
584460
671446
526795
760490
236986
328518
474177
585342
744616
168950
584622
707297
304229
821213
706448
922403
224850
508384
740856
315401
827162
736684
187252
518197
405675
931069
375187
551857
582726
328716
310324
167188
900163
737119
741644
951115
879603
129788
536458
624220
198738
935046
245485
316933
670227
851933
153303
709043
274284
794159
924445
101447
444811
111698
433610
664452
942767
708798
216310
439461
937514
340600
506649
751644
891685
162260
702761
771289
192048
153186
309477
204752
988233
454962
421685
572427
220862
474988
281471
309112
183114
205917
224525
527925
131581
558136
192378
888315
180901
222654
327777
932381
463254
648392
684027
268906
624618
300755
854162
630632
353941
163640
735384
256141
432568
157070
728568
467396
446024
910040
676508
529138
929923
801033
957064
961505
273136
963408
763787
354037
186064
991564
286420
463284
639957
870447
632191
264576
985168
400320
795208
339110
377926
444559
495252
710494
501629
223821
991856
761619
947827
668365
290758
791718
383365
161789
753224
556502
125199
517012
810539
125229
422543
996959
402479
962500
781373
934670
141043
766542
248957
750217
919619
526883
194777
414872
151344
510372
452659
143201
271992
314454
711566
462750
106173
908898
438506
673363
465401
377671
104342
275941
402900
426885
186868
705379
389386
782207
554017
344395
462717
702974
994612
382337
143825
189390
611175
195169
599762
963834
238371
685720
192255
763903
962436
198428
672802
400943
685757
138204
678614
690099
228112
895480
116985
228946
514827
320337
825119
882810
564732
287837
499751
473311
570174
543576
562701
181350
638746
976429
959151
777117
662150
151407
454987
538554
163802
127791
839497
749559
979960
432079
353626
122039
327560
370611
164951
656353
504915
890071
539164
969647
177909
938916
442960
562050
482493
819627
643400
121240
710024
516518
712323
286141
481892
167312
724695
459660
109069
478160
123186
902995
810239
376812
925035
951765
561390
903952
608120
966305
794024
147285
935953
871934
986201
292880
347951
468696
926474
891351
403902
550465
321837
930192
650572
703729
911470
375269
163390
920539
667395
100542
737501
477635
377355
576503
429401
838745
480457
851487
805051
274482
898773
654971
960382
798941
761818
308334
267638
602259
113653
485507
152725
249456
415700
703297
853185
327171
892532
830541
161677
559928
831083
713144
851529
122405
289649
194898
861150
670106
946385
580168
758554
759125
149107
632904
558068
810925
755204
639672
413185
682823
125180
379876
832279
354846
897139
599431
495983
789673
429973
471626
263568
175024
184772
115099
197429
374421
123963
872546
858493
970348
366681
531014
643441
415788
163919
201510
226714
733090
655148
453865
415914
594295
733741
248195
849141
630882
747626
345126
334522
991566
716752
412056
166591
715490
427155
177986
989911
365084
950532
762371
335434
317215
293387
878875
546969
271272
894351
673684
904362
549500
941515
320278
143796
675258
382439
806904
220107
944031
965996
368595
935598
596715
680651
916155
312207
921773
908108
216085
286858
772607
878457
436258
903788
985810
229100
450759
257083
937417
124444
161447
486919
879925
295691
444681
469150
492096
165552
589257
350094
131549
771818
285694
542231
366437
115816
668404
288211
837890
784489
389035
610499
576913
725294
514288
562724
768360
865047
719808
705779
803457
695221
106665
683384
804878
365312
152535
296975
430865
555759
547069
376380
327578
646729
818611
594015
576512
487016
696192
414403
185473
985228
924902
662386
624489
439192
225112
392850
218206
758886
998629
921664
454108
919260
605049
172953
284574
657584
369928
615439
127310
730963
805785
268855
291660
538364
676836
768172
839346
373030
182576
924819
272225
921445
501173
710680
274604
540251
917496
392810
299138
830093
314475
567212
749354
733490
640165
933928
305042
824059
463334
332352
555023
269121
501207
746683
621451
178045
428822
460798
365041
425365
385619
451232
346811
700758
161913
435381
241010
979409
728191
354114
809503
856633
821326
558859
590124
375458
406754
795166
199518
770089
941485
568507
853176
356659
229158
474628
434704
557980
835426
613711
883345
135012
964943
144123
735770
126857
479504
790746
920233
121663
144861
729737
878296
780153
202563
382387
155612
423284
991520
169096
193374
933006
