551570
860516
289666
680728
335145
538337
152675
984537
152049
849987
933516
930959
808076
583253
871782
201548
374001
792016
223211
418862
435721
101508
199017
452250
383895
168595
775534
375416
151658
782874
222389
603228
643391
326022
197923
792502
764359
250598
691007
730374
914551
624524
661334
722629
207778
533118
824177
395745
239101
861354
714608
488788
862862
727591
841039
160724
710152
616574
350107
761810
313416
472496
365039
770773
698518
376928
563277
376844
527527
168251
107220
356045
692775
582520
978674
714519
929604
716818
110266
982672
578173
638840
471461
355002
280398
312501
329693
890550
743042
579800
566328
956458
952296
745333
727232
564782
122263
204476
841626
463756
272727
762812
719801
865502
259300
612443
493989
188905
243228
504255
171578
635368
143096
543040
890370
237460
669507
220064
941976
412550
613830
508305
282975
480094
167606
910208
944876
189869
928650
700469
467591
201379
377249
187393
880847
536549
613802
374837
539420
670997
779092
610999
306366
736154
968005
110703
787580
551479
230768
729558
864030
744598
151830
147006
138659
219436
871180
983535
223271
799832
597972
590862
901211
875221
592222
696025
411771
206025
970863
765157
777022
663922
290123
897354
314044
258129
908058
101625
623575
952792
645149
487606
611357
696980
448578
650017
816416
233726
633553
939688
933558
145492
530551
748736
920713
936739
444762
246451
142766
329592
911609
733754
807481
201733
631110
121526
273829
453135
937116
797404
405928
582267
198977
917285
279248
547555
567303
909630
681281
114824
763285
528806
160316
293838
277543
894996
230578
536272
141448
187310
679830
867023
735031
487312
882723
280108
508838
156553
633243
359922
767923
853137
756155
866900
770423
935403
328422
251694
759000
823670
180484
522287
352477
154766
630091
443987
863728
674635
880259
819143
675912
474056
686167
410944
861369
568891
505018
284174
539410
138262
544096
307334
891399
300252
988200
575789
149622
316624
641449
808623
140295
635899
244877
306738
690666
688934
650725
468361
363570
444951
287505
939482
819008
873673
264393
680378
356531
669411
864552
795942
621639
322616
917242
427005
522868
905444
816761
486457
136035
372177
209047
990295
908077
353924
297034
512710
942858
761726
881071
220395
120644
168578
973844
839652
856217
152204
433997
212749
635582
212517
822657
257222
435133
739901
498194
771967
559312
314956
172391
509313
587133
281438
413575
409177
449328
524575
821887
306153
286302
616926
426549
306947
685504
314360
960565
455688
366564
308530
568437
902146
421047
305062
973335
670146
858929
471530
356080
418242
600452
428472
741521
101552
523876
155097
410730
787171
493638
146584
993324
679941
663510
333840
800854
262981
548200
761420
618669
728731
883916
101074
544844
304964
306136
518180
789076
165066
889710
145158
397274
404129
387596
138796
405682
725438
107859
630378
512610
501497
676962
505936
995404
254440
653742
710225
417421
201944
385613
850057
744641
269530
851131
289486
474495
971233
707667
263572
136300
511344
222696
347540
815474
424258
300302
135123
149698
308161
665501
562308
623624
256430
968244
532996
410870
621988
243222
642258
637898
528835
406282
296506
698366
171380
485992
986827
142614
107626
250400
992879
518971
287063
340420
248412
611321
540722
197501
661019
662849
763002
223329
286474
833398
105540
633436
158236
541494
776659
700494
993358
219461
920742
289865
817827
992122
675858
804655
948702
683484
869022
941582
116422
156086
282003
264834
581373
636691
276301
242394
299541
853269
279689
399981
686669
199195
933418
744905
640690
624044
359366
634049
743505
280109
823915
475300
272232
413740
279956
220935
911190
962944
976483
927613
119031
258487
106414
514371
795178
282716
656765
908685
135986
750420
308667
636621
849615
156052
381527
490306
680096
640893
938322
337569
734968
676204
712869
907200
989944
892825
942101
815101
855771
918585
742715
788768
991038
663096
303140
700183
845812
773871
608869
795764
524292
731503
432387
287875
787555
627880
592147
381619
268775
530470
619188
817709
206675
332058
724911
110586
138850
580979
825688
808587
499566
482370
597357
404571
145467
714463
104756
805245
402302
527591
514977
740560
259095
847364
928435
946651
389211
520584
328271
471952
865020
847459
289663
971696
993483
828540
896248
132334
409520
635903
840922
723052
118275
352246
127625
977707
880675
946346
696920
282978
473938
211898
837505
633034
873228
765941
493652
262440
200492
721923
634393
965513
483349
824056
851176
390799
652597
747425
423133
876083
297296
178022
599137
315571
430268
540728
207245
224911
487075
804165
407889
861013
830029
245395
494048
703258
825303
887700
779665
925795
523590
414059
805275
820905
152082
656452
211705
618645
317845
534839
494729
515141
526827
907832
644678
771062
448561
751923
895973
835636
470056
217829
696651
300086
363225
104666
817311
102495
806333
596977
842256
329924
825002
647533
150831
877084
303986
262536
409696
435797
611341
718391
850938
952135
626225
495617
723198
888752
161508
619172
638356
445530
737001
335008
645616
914192
253640
376894
916687
959973
873871
672911
289899
698874
320445
254696
489925
438397
331198
799621
774195
842540
431980
539100
794676
872171
934718
431841
760924
910192
951013
399281
355723
601981
548255
815305
430141
615862
192201
260795
575836
880038
833706
679701
578914
154152
834397
882805
406516
165597
596394
180712
822103
928374
619812
530746
800546
468497
862587
475437
292656
727567
688685
462345
243515
150907
277652
573656
666769
283819
734452
242607
163858
568159
822308
556738
536278
570673
439545
842794
636270
849905
923506
458374
778280
457285
803086
492793
739749
665674
782196
932405
307208
470882
394752
450723
435756
486370
924380
102526
670189
572799
159099
648013
140959
795374
118719
577237
366048
372230
333998
902318
222136
257505
274659
900416
528757
891711
307176
268507
471352
989372
200913
678560
374222
409631
943249
623944
796001
867630
626470
380157
440430
685570
842137
395356
394911
860856
786559
660959
147053
120559
477244
269189
192030
565869
983571
620787
457581
204714
703260
828933
194087
718140
507494
382275
127772
450744
906219
737740
232342
446657
931863
486738
946193
774001
782094
341105
548824
568655
902064
509843
503180
293275
679032
595210
759144
662604
215999
216726
767318
819259
945659
775372
451366
367120
971613
479139
631830
791800
130846
678138
238458
962709
164878
184652
650678
760938
339723
113469
243560
155754
523313
646740
349029
202346
241952
108174
678917
271917
224900
360202
905142
984525
949540
356510
351646
835121
649615
797442
626922
594427
475582
679346
557137
454426
677964
121782
129331
917687
135252
272892
973441
472531
733598
322471
488843
789516
330645
167761
875399
369511
341930
780543
354037
205437
951019
519649
940558
514601
231058
481447
109029
520606
160794
480132
875032
738758
415881
904364
656446
451133
991222
543854
737630
638787
680291
226474
428305
824902
208202
303705
194414
450132
898214
362417
469535
763200
696032
410095
191768
827091
791542
114763
347698
852337
494896
136698
505062
810777
855028
975475
175877
846251
519330
813507
485039
199623
853947
727310
838491
962149
844982
846872
412282
657163
209290
695784
420365
719289
105880
426099
546381
711388
440863
708045
477692
749725
744743
882755
560503
599772
858231
550346
359990
291528
277820
745030
305117
131768
386307
143610
993918
231290
890482
320167
788454
913738
915951
122786
633028
835797
448885
993375
547187
703714
701422
838845
453440
446166
721601
827909
859905
493799
292222
219896
599294
470042
864926
804411
415777
165201
761987
409696
210457
566436
543829
898911
480176
373748
835663
927170
209546
198516
920547
570699
716196
621970
409546
169638
882102
131148
897547
742008
438914
189771
861905
938208
473779
640798
656586
789556
705999
418575
113219
816457
885011
471015
629335
279154
744763
378966
206326
854309
391448
940839
338976
107645
562810
648522
177283
444913
679670
888797
186923
932550
892534
862794
870759
280280
503593
527347
969837
209594
759888
897022
840017
558866
282004
469353
651987
926767
662285
672279
695044
953733
613119
934020
961379
175930
582543
952628
434809
176180
841426
435698
108732
733961
298493
793457
914242
702087
320805
798046
725647
894659
609035
479631
453527
791040
762950
105515
631774
425237
677794
326819
378971
290914
174806
254317
280810
571315
206947
529585
647496
948373
779250
570194
596302
977743
363652
424511
593797
498424
136524
233411
393084
645559
613042
660577
350566
375994
666092
796307
701231
257853
123127
894168
362733
111900
962452
543543
583215
169400
887095
144678
931739
666346
528838
528042
558056
792491
766519
151855
204882
803043
285266
497966
362570
712275
972510
527102
988269
638603
323410
603467
710423
260504
411602
973156
272404
374055
430667
669585
443455
317763
628230
375196
798075
157069
717204
356132
763526
397691
407987
868408
114701
507220
280342
377271
133462
252853
718340
121732
705422
941750
539165
415846
202255
850767
302970
288625
138790
633637
772177
396211
765366
314374
585373
563442
371443
302579
819574
948936
514236
141529
817345
528937
548749
911653
720175
582211
164507
438516
517909
683896
294233
871040
913708
310455
635774
216679
499080
674564
750316
185224
970776
515683
399598
556150
893091
585008
672695
712667
447911
186932
754196
179223
529836
216912
990877
250012
699123
969350
502494
130999
653247
696727
902039
566957
907182
537814
597602
320230
212380
347920
319420
997122
677569
532985
553273
570662
117994
139936
197296
379871
140834
765458
459094
570670
882370
449972
634648
495460
419324
137143
526459
886537
647837
342465
367461
555020
780279
865064
689216
806625
126951
908637
803748
704520
441623
270989
189149
373583
224891
200411
653454
265725
865869
112549
650362
748240
462522
198977
243701
695812
236121
584126
496316
697924
826591
763778
252945
606872
542809
842162
327464
569760
750800
945179
188247
106390
130135
277397
379973
255026
291774
933427
334717
157645
945976
799045
719851
322465
898023
863553
832243
948110
447680
328561
646035
188239
906305
712946
695111
449115
555109
922575
918875
219876
781721
107123
226266
811856
198486
506239
966882
390261
353633
301601
361872
213577
914612
981723
436042
812636
759243
268287
760747
120891
496848
320749
209130
317120
933696
804241
666235
402772
640783
585111
522649
422506
592234
562881
234363
604687
883087
115213
808914
150687
230780
170787
264264
145393
966476
600307
858030
725721
682560
532744
746612
993374
753494
855742
310495
601157
573950
876730
903929
128700
461842
340545
365172
868042
803427
413502
472730
600481
428715
195611
651168
473461
266398
815433
518854
232876
415741
290851
858597
912267
637562
519176
905642
305023
374919
216138
806180
762835
992868
710110
791535
454711
950656
156709
236720
754084
470211
523417
268532
712892
619028
819700
186354
699393
549100
519174
832269
778807
710026
604833
691075
261555
124010
596718
466578
312895
712856
272759
975730
705725
882869
681232
974402
747492
737941
125090
501577
122119
548507
584075
735011
981501
317743
735331
680895
766843
254507
513165
545652
778499
931964
236728
940054
955974
647413
406633
182836
360270
493358
158567
879962
376228
739800
768331
123722
391708
793421
439265
413828
255895
837307
962805
237398
155051
698138
732259
821894
852645
245426
281513
545111
991356
418242
485166
947332
965655
705765
130169
239892
199124
102703
933820
389318
656469
702153
327006
948177
409541
580238
275972
565437
417546
238779
616801
472597
750883
349061
208458
517495
408453
389972
962606
399811
622180
447773
261110
501802
153539
205245
555660
166629
207948
489482
455947
678383
191636
682954
626562
415143
177159
802534
880580
494705
855279
411348
781268
606163
574376
803692
123659
796795
107631
986265
196607
629811
348005
271683
945579
315510
376929
501241
382139
398843
890723
738087
977227
896325
335008
517756
311469
326133
234257
106017
634804
989537
331331
330039
509667
805707
133732
533327
516470
141364
433559
527043
585141
681565
698727
530722
897075
889622
845929
279216
202432
650619
831269
179660
546945
980243
511382
672380
306377
645640
592363
841181
635178
823695
171221
144846
543369
118919
492139
959839
160283
739665
486884
559391
421231
185612
904079
232273
889200
663975
325455
991632
314595
970690
985259
761540
950934
496642
347887
171278
956248
840251
826425
505393
663947
897646
550240
121283
916566
856345
981123
890815
596011
381974
364173
831208
381552
182219
877448
270753
746194
202904
176352
960789
987561
161612
636296
938496
472221
884184
923741
428470
638402
750167
833864
216316
561781
298071
237599
392314
968382
132689
197096
564395
414663
461270
309570
696215
457455
187019
866968
203651
203890
943321
164441
191452
918899
614704
943914
391121
412855
867656
633558
951257
531791
381389
167574
993572
579460
219139
385887
461809
251829
482983
926204
566492
758219
149742
176675
215676
236761
943643
233293
340651
800931
211700
432103
719832
726404
376019
924919
139260
157642
472444
904483
589433
753833
886023
583006
247260
105164
782859
609070
170959
179810
535275
551417
751995
498983
628092
867671
635745
485703
914930
790362
286635
126632
136433
820433
753036
326418
745354
706263
384060
217799
610747
873494
785599
496772
370467
932859
415902
967293
541930
486861
147104
891172
852244
799099
390156
480338
580738
839867
866041
495669
630231
966642
522301
666664
787077
189305
893082
446398
795568
191109
478163
320282
878569
263763
631020
163004
196624
946922
130298
552520
347750
177402
443693
199996
876501
647816
494300
371206
487684
360342
766876
117916
326985
203144
598546
928028
292449
405595
288393
901983
410671
666557
222267
289241
744286
667253
352245
754876
614177
296509
307398
775893
373911
565057
789855
164380
212874
284156
435586
600559
458464
116429
532441
599416
219574
944954
527445
325989
350550
715839
227974
575187
296363
264207
764429
940649
831460
930640
609493
359604
227151
816891
949464
415028
381949
739320
393374
408790
923477
728961
909349
381942
745390
441791
795324
778930
386746
322771
104921
551263
852576
146861
126451
962905
225034
704846
903555
870460
549454
427015
230066
590571
157873
993496
819565
439823
732817
212941
662579
656295
755868
571929
852204
415225
827686
647529
194157
128400
784266
113044
493629
550809
973870
520080
513715
112871
138894
331238
883331
502314
658253
927363
906851
716127
920860
726417
969916
653679
753324
632496
223941
509193
204426
890111
824419
846078
451608
832542
874478
235875
845586
368108
686685
733423
702155
200401
746294
655015
431639
629626
157330
903859
470957
878147
619987
391818
604565
589904
859463
357891
136367
983405
681050
240793
787483
505470
900837
239092
338013
775317
374968
997565
143426
875619
730989
659547
976020
477284
314563
321627
920877
285859
225487
391835
164007
659440
683653
582539
163311
457084
754396
199678
440490
435447
254437
227974
754884
155275
281033
906863
830592
556001
904430
787985
431621
549386
447533
321608
840637
576063
457201
761515
761922
496654
153351
739896
156095
650970
322436
219406
922020
890798
319084
276477
240212
473521
318418
895096
528797
499451
801961
273356
955452
620358
961341
301040
169745
408876
436614
910382
798905
793816
585864
560828
290471
553181
214691
346567
118119
351093
379939
940139
241892
599024
216618
382105
886511
435036
191168
415309
834487
807095
588666
703906
341420
463974
904946
411166
686816
341561
235515
485722
949343
721380
860517
239816
274562
975208
400349
206647
326303
680288
146788
468195
193279
263406
664266
979791
512408
669401
309067
346896
476497
711699
950802
717918
175675
769715
943050
762491
925242
992531
248215
788553
627878
922698
842335
716407
897907
242685
823054
224211
736939
869842
506373
744185
947214
984605
723977
459623
654007
847010
620485
944471
558711
485254
576356
634386
168936
433373
310844
908145
425905
373025
696699
953784
295724
539035
670192
107599
595686
493247
231810
332626
277057
552149
976811
138238
536756
614755
411828
104730
461767
932313
863167
834444
331535
439524
382797
400471
686863
593641
308617
926735
780633
819282
880520
976357
358318
464679
983956
854004
771892
129734
100598
948949
581883
891375
901154
932605
506132
312983
851302
781865
245297
714470
616310
390798
967961
813073
691270
568791
406715
813853
495527
187349
547103
376048
977673
805421
654693
875596
573393
426587
905330
573991
289503
401181
379333
190658
247753
699431
403641
913021
481297
462905
627493
911573
753703
509421
638613
358940
978212
945329
986760
473741
946644
533864
663755
838284
253252
318450
713882
726645
559003
533179
214603
748506
834360
493937
753131
896080
107335
156773
809102
402599
433644
350562
314173
187349
673949
852787
360255
566129
712083
347016
939870
572694
780880
517592
410980
934133
650008
124863
574745
209012
558042
689349
771485
306370
997252
524617
202451
104588
495356
825519
407187
829001
990048
535327
830316
663998
302081
190572
230128
828130
437589
983964
400825
132436
501558
711805
880535
965532
650634
455282
988511
208678
144632
673963
329014
955850
198581
345431
960438
507903
170951
281593
250871
161000
716920
895153
638965
919001
899692
769093
661098
251248
753059
961923
283684
168584
673730
164221
134117
238331
433469
936594
347009
478101
610558
489989
347918
623105
735420
308357
131010
806372
489950
195847
781338
120837
904967
420304
853804
804660
103365
514903
955908
756424
476828
239593
738974
964524
217780
773091
116822
551249
623653
363832
843316
234212
667787
191235
757318
403209
313559
702294
123548
617475
798141
804886
638313
703109
139158
492118
507770
142523
820988
377645
712913
211783
517239
451888
176308
548985
138946
107096
914201
662599
370928
757518
796812
938716
762720
554131
255892
976279
170392
279440
593755
868533
898292
146035
485610
851416
538154
807346
893939
273109
184993
520819
384892
516198
872707
375166
879149
825620
382262
793351
488220
567157
464837
198999
419840
227558
567096
575732
117804
637488
669138
611559
419989
567431
657595
805599
418849
109716
526912
226755
282825
525871
647575
567717
856035
434249
842883
735186
259870
139112
528538
562057
606269
807341
575022
926109
934899
142120
501842
952703
679608
170981
478230
913563
552379
949791
633129
871228
959507
160043
911949
156299
499880
473491
537982
355917
807741
380866
991103
881577
333944
433608
357601
840214
240951
832624
766324
175851
874744
182134
942521
468319
167081
334718
381884
619460
284510
828979
404655
244018
889022
230572
214283
302870
604063
652265
558787
325771
847097
549891
207350
181042
797465
464951
921256
938416
297576
601548
928234
986286
683682
784722
454607
750763
119441
650457
284191
303951
479437
502812
447969
282427
633384
476218
485297
237449
128484
944084
463220
875581
407942
484536
956623
205408
763454
877881
957791
874996
393396
886026
861284
977078
670749
229858
641808
690190
694281
739965
894141
987684
242779
256077
270112
776163
632295
569375
827578
574745
427426
290800
450327
649334
589302
406951
668709
352757
198799
626501
227755
492195
426494
903005
383240
911209
132864
839015
601400
641111
578981
409508
628796
721760
479551
712875
411891
925812
196217
239470
500558
523644
344236
850885
172979
833539
171803
655654
186297
270603
282156
228018
576764
522616
131024
860005
433826
977853
699021
849192
618965
278003
258701
161729
813730
552218
688570
139588
391997
784787
279058
706521
308432
523295
557407
295378
270801
543177
764998
357098
713780
947155
485117
290545
469772
430107
964516
717565
407962
663538
566758
840893
755508
725460
816588
483205
191645
505159
522793
483643
289948
615817
104131
412346
953078
561539
521690
223880
918682
286690
480979
546429
147812
780062
736974
431550
124136
615458
149116
432098
278997
615875
186959
848471
255302
817513
331677
346947
322674
668436
644556
426588
284255
648688
738934
237334
124194
174592
361215
942876
361282
656160
489306
409094
436223
140247
740644
374325
655705
789761
706424
748669
405637
707349
597141
560939
524863
828819
721852
661503
411222
280376
988091
595477
829064
640993
732812
767224
715585
907993
624067
976867
564154
927339
299928
814343
967586
854538
188669
537259
644300
709059
199895
863903
330375
697036
338809
669205
439822
874628
330709
751045
155005
232768
260489
798035
687727
807267
565260
403313
715261
103294
294147
193382
930633
408041
821691
812186
262580
824327
263412
720847
447353
363307
584751
677729
874310
737527
260901
314133
612156
405576
879144
581127
452310
139635
379163
140038
760868
758389
443351
476131
675649
551464
483479
606283
859505
305172
332436
936052
943465
495849
656900
390819
759156
155618
882514
547433
793145
143416
675533
319268
362959
554678
714361
715269
508279
993524
755308
269149
665880
112626
559246
341530
478057
856691
761779
337563
975829
994216
273616
919295
404032
744482
224082
977154
800101
106597
524589
507213
963979
200123
726482
326939
654801
440844
942208
977047
348336
697517
160163
828182
624110
533375
983679
102168
390067
659425
253697
365898
653642
341280
199160
957674
985762
323242
934830
785864
329840
459420
207045
293820
473509
833527
434725
128311
188338
376934
919324
350640
888418
979487
992789
512529
512863
976469
428663
716897
635895
582360
896761
203505
823640
995921
975145
723370
319165
823942
509235
462971
197329
530246
570757
570838
363774
905482
599150
366079
196383
432441
530685
898767
325896
523475
325263
652725
413911
653926
369623
863773
236288
266385
967278
873894
176274
942424
597265
309405
680334
920467
586342
777663
450714
157100
348503
628455
876548
761619
894534
886897
194061
339186
785666
419957
762662
110930
972683
990539
664857
256273
854313
715111
336625
821592
589006
412899
677984
186273
536270
358319
920706
122613
949948
371421
993678
298452
899876
870227
960071
708377
671091
968099
947564
456758
302023
624193
381655
188673
614733
860478
344947
469048
575590
495538
204607
978562
722403
696557
978801
258674
868842
899508
281287
818792
270931
274966
117245
984773
959159
891283
607118
544217
859383
468649
814942
161407
906808
196598
164047
435508
957076
408994
804556
446633
718498
823130
425196
440902
519688
403999
599576
388532
303508
694829
207325
388405
783761
138536
287146
656887
929819
708230
201105
703169
176880
916047
678543
897654
112646
742590
333163
883688
965550
137721
330322
684049
774817
655519
124952
294506
873484
538494
497004
176993
147290
518295
379365
831051
556832
480477
487939
400618
188708
503010
103789
179554
419059
682332
977208
345671
338889
310372
143327
304440
262059
373649
802455
936876
843134
741373
145350
716619
279868
542354
707579
327158
874616
986944
972175
345415
467422
460115
646033
470096
777091
563788
549650
110117
160087
526859
355789
398976
737231
399116
517382
899291
586731
319838
836168
429867
961211
795484
146487
155046
251806
754066
296170
126423
654977
268346
285804
936365
542427
831837
406462
319520
309593
770078
329637
369680
296938
499392
582623
848136
712474
100006
661394
299207
233811
411529
629074
108989
207015
589527
164036
358821
257561
360206
299210
812538
528553
485014
662871
970980
230818
883299
204467
440411
653379
348071
624058
764283
747463
120648
612420
459939
934619
273815
659146
168431
585345
202187
177421
606326
605680
241457
865147
763241
415629
164358
489747
844182
463338
152619
729130
594156
935918
747563
848534
503264
995634
472593
267549
743099
493241
693935
117005
427861
781717
676151
410259
367063
692304
487680
787355
297985
543103
652503
961227
772698
630827
364941
530848
908131
417560
259979
502288
353479
821508
350823
670710
817144
637382
838259
560244
944589
532195
491215
372452
313913
167367
596677
494942
673637
898323
282298
785588
355393
748767
660782
128092
293561
925723
558940
201693
343284
632885
517948
510730
454395
682737
181441
271540
320121
919700
645750
264711
365862
136966
451129
493742
118299
947806
888684
605902
760096
984949
391491
115490
647683
952274
143583
755211
877998
516489
770870
221284
149376
288819
545980
503771
871557
627421
589277
105645
461088
148994
184322
726950
185960
535452
220693
118225
397225
923344
624127
971288
822260
915618
986778
383910
867893
944327
139122
745893
460818
809993
781143
510194
912778
327124
827931
698302
768511
417209
703947
229600
466203
788270
770516
466129
237689
805176
484354
448880
728521
922447
420169
464748
838066
320915
748658
619927
265243
787781
279787
626061
511741
960930
950221
424520
202021
778153
122824
870532
109329
640737
100133
475532
342974
684615
841661
394629
489792
239982
657476
132280
162430
891611
497028
814463
212527
159654
434391
291737
761401
528144
731764
273143
489075
681987
511629
505062
374107
448419
375595
383437
989157
289694
672935
246098
874309
428564
540728
364103
482512
112171
396383
544943
903782
707378
273373
116311
767032
521730
222014
528434
949874
853778
615543
352916
449732
941138
757978
723840
389559
947539
921243
292683
237234
594179
438781
925509
836709
793475
203579
319223
805646
413929
678132
623396
121308
851505
553673
702306
373236
675687
144707
323111
529466
660250
576027
879199
601389
247972
603040
804914
195512
438250
997597
246712
846395
350346
172222
683106
957787
275802
816295
677401
589731
494428
300798
525005
259900
754471
227312
447102
430159
272019
584179
859625
746235
160207
652791
347625
222145
169798
152541
317657
508048
964104
464369
354445
314451
536591
851517
272240
626359
667813
763607
130057
976207
964405
555062
236108
718877
682374
497176
963002
854393
981355
822628
600629
955528
389387
762221
177674
459185
728728
395331
867234
606799
673666
135646
821251
124224
887163
907457
650584
468943
671065
680641
359117
549437
149671
495225
268315
732045
806367
145284
500406
787723
781878
915001
743252
171266
677223
820926
530452
319918
130224
311653
826718
703890
347299
561936
728114
148429
383360
292665
431338
868391
787273
690455
417829
836944
999646
500110
482956
806014
545394
883362
593738
327273
798365
336991
398540
389555
971883
742958
523440
102108
954611
350159
705998
215877
726061
348079
264306
109422
454711
595644
791779
155951
286100
209609
806861
285747
609719
289818
991761
969079
987147
499466
296353
785513
736457
508859
989034
708341
251818
512475
624415
120396
676600
244380
236273
316628
406425
314545
240016
761136
810189
931795
731053
910255
141405
537915
109969
565090
727734
915696
448136
628848
415163
644490
414362
965586
967315
317363
587894
133101
643805
212310
153497
234372
356690
203737
451001
663116
418282
591017
338219
142439
436780
969273
866660
392151
421155
876630
771208
962855
706293
219345
591704
935423
763835
820032
901010
645118
137397
402872
678219
595168
515182
645682
729540
685839
749419
180542
262922
167703
585526
415107
124108
836272
384381
890768
228424
619503
681365
899632
582359
387660
118979
174065
323084
696780
894097
138061
341899
845460
440933
834084
440629
856116
479768
170171
455922
143154
164679
618844
124823
650205
933951
148931
400444
232300
939700
528869
751803
621066
428502
248129
822692
361447
322194
145777
872194
216293
997804
128060
875719
438738
862145
316350
208821
255880
386521
564743
213000
365166
997553
237824
829338
845472
286755
229783
891738
140422
658652
643542
575455
901121
705637
398148
262569
927832
357892
948729
958091
355697
976790
833811
608401
838936
964127
717223
908782
350649
195933
121783
529782
107454
259607
359121
852926
360329
488904
744665
400751
147558
302174
876206
862645
907811
188322
939180
835644
446214
887911
707702
615877
864702
455481
224279
617605
419609
755468
526388
584225
765368
462137
114008
772822
535711
373129
625749
796040
762033
370415
110758
723557
486555
800931
586203
394367
889253
525385
143979
249434
413297
751681
679277
191966
207163
803556
709571
440739
472992
149926
924964
238361
512063
938972
911183
947774
312102
536933
743815
974135
721314
668540
611660
207870
469472
197864
416203
272692
537215
460182
422126
764478
125831
101404
856444
146960
718926
479982
487699
105885
529908
412664
244246
941972
351637
969395
803713
563739
420295
461496
451842
141610
130037
963502
163446
499509
975332
393616
586167
426515
667764
908293
190994
693595
823663
861405
654522
456556
341388
142222
462442
771297
454887
520654
627236
620490
490051
430950
998196
810346
792446
364005
765923
736449
241474
743335
235959
216807
136952
722126
457288
704717
544386
462249
312279
282016
323655
866801
638573
479009
909024
914981
164273
277878
435636
691509
712334
825687
936426
710531
550001
642839
974536
315925
379290
216011
959260
429215
246785
910179
965308
604073
614897
509695
880288
827176
605678
117910
607945
158218
496920
516970
973199
475159
608814
408836
980635
321149
148491
917062
931681
598492
473868
820184
728383
753158
850162
601610
182375
996947
511790
961649
514987
940653
471345
309243
681797
890989
327153
289743
949207
638039
620679
922407
113200
229494
245211
907801
450643
207668
738830
296291
620126
212699
930442
348510
865858
780605
850120
862199
691519
275878
823849
120473
216532
209161
329716
712295
914117
556870
902038
863325
194910
522718
785734
122076
566178
844911
929877
916822
952579
668708
127080
572706
695374
957522
735182
475199
652094
585303
251365
343614
675147
889180
364088
791680
998341
507770
417942
912459
964640
319982
689752
973517
656666
389453
909559
222846
234365
753404
953634
100911
336079
980714
573617
931453
852204
308800
320619
418265
708069
471984
661880
297184
361165
839934
902830
273474
347705
320773
999899
226313
540755
689652
113797
197423
979105
837322
234235
213471
590727
187870
214382
740773
982550
601965
672227
834755
724731
806813
166988
346768
278798
728868
543952
539964
482769
446783
713438
644440
667556
713338
684719
122279
402992
698516
133668
296064
449806
267903
409536
940533
269739
437884
681307
252290
853816
267502
901012
578548
974315
968000
825316
167080
610835
283235
607044
993604
543984
234449
552011
125508
761754
236732
961752
978712
749214
995420
274777
199021
177290
498279
953521
347029
750130
548795
499319
603947
630263
314298
996461
518545
282299
735745
585626
707100
918980
106637
700705
376932
155053
166684
402440
816807
303416
364193
709486
866596
273580
798229
965618
350870
296510
919140
597899
860606
381902
911184
464554
912166
139450
461016
430712
235715
110728
830304
842816
929709
836942
457488
306642
891995
524172
523048
622769
641554
787241
332256
508152
960821
944451
473771
311692
154928
306878
723557
915534
588780
548708
294055
414913
502124
569038
659592
637840
579766
489897
480657
509476
326840
838145
630084
132802
362319
153133
655571
903873
754340
801793
412026
715162
746246
699763
840820
801174
820607
478344
716710
323355
841019
910765
638268
343144
393770
297861
880984
873537
687759
275608
296980
828565
113755
827065
861368
290040
794164
516940
193914
548506
232701
419907
177635
878947
933636
918456
680122
754245
310767
310799
977600
965752
135532
529835
308898
429302
641663
103849
302840
329423
193424
499821
971954
207179
240853
833323
397219
935017
264231
405099
397490
396932
638972
475126
275880
572610
307549
769968
326856
432282
980768
218423
398036
930266
648258
606934
359569
289922
524749
476376
433311
618173
790163
405267
639318
931016
152557
850503
780000
316788
255604
991457
613720
708542
466584
703566
281153
588099
387502
421975
920381
368271
540398
318418
212504
188658
739318
472073
292546
178035
762415
539824
610174
552579
759057
249494
397562
811614
999997
991529
128404
169568
982987
556090
778111
363538
173624
959264
851637
461126
381241
685985
643363
735605
818370
755867
738229
557689
141907
930776
549690
804323
384567
159866
270869
143625
223326
568432
855239
223324
559962
797609
206859
456916
353701
884970
720454
341291
758201
572092
702417
953408
172044
345781
689015
890414
101649
341211
362071
957521
185954
811761
761845
470521
785593
846681
514146
908919
415114
283353
946210
789042
980962
153070
245959
248630
852006
780379
489921
524174
266438
192339
477584
338482
438120
980565
228898
353735
321777
490969
311258
407732
216697
887069
692219
902291
733751
206367
811211
962831
389720
757422
665840
284649
724458
725765
433280
576465
506145
823201
100641
672583
829507
392191
911066
181594
286723
139965
435330
422466
444900
560554
644164
561597
447624
336385
377855
995342
356718
189068
958174
560404
760456
537982
745053
484916
263748
178334
875347
669894
815502
789954
342478
645010
182146
167511
726604
282835
121442
975900
605302
380308
536455
249467
841906
798046
399818
133728
707355
656536
222796
579496
216941
797219
117479
861995
196102
281228
854295
885415
765088
669798
675371
921532
228775
671483
989044
855380
854319
924452
745247
373588
304762
195670
437021
960634
893716
736840
994362
601072
307343
131126
180569
338251
828345
112015
114213
838413
293243
868508
723829
872297
452274
399201
793830
581049
884651
782875
436430
652937
707329
181679
926525
826057
277349
363547
786692
985031
914353
781055
500070
135664
812181
494605
373915
554493
506620
388128
306873
613829
170603
930703
486127
522877
243871
279959
103928
128523
876800
354324
681460
498096
349969
521952
324154
441284
699466
110847
426316
613820
705869
740352
649484
518051
234959
837365
886511
555545
139460
193385
983341
210064
938054
469469
632941
181927
563394
550835
124416
354162
805160
619843
752258
155130
141796
890379
410381
741262
901226
736697
355084
521062
391017
818534
939114
439942
569867
739592
809453
609327
746943
792795
719391
684999
176232
266300
766926
639626
717135
791342
807754
436262
325152
560014
405359
366949
364360
715740
108212
179553
366404
277262
600616
657421
909763
453697
997363
479631
193290
806818
902924
840233
513580
622317
525233
589812
702583
206126
143406
419719
811435
851160
669948
136588
325141
975307
403537
589501
691048
325716
669055
957452
416944
269672
614875
240674
623369
526205
620305
630625
246990
523231
470859
660571
959514
810059
250384
662098
916185
207756
895783
641587
958917
565732
678176
198025
541040
895679
687527
232089
135362
270549
103509
452307
440221
532350
592981
877556
958555
127254
422148
205547
464451
706973
680084
337932
517033
830468
900030
347186
938225
709780
888773
811109
275514
480916
909134
716554
376597
510628
762610
325925
681177
680085
592198
935364
212436
185181
812921
984957
126401
149036
190505
404818
756010
684555
556716
273044
428991
456747
434196
367217
980493
322971
992292
256008
617853
901427
786529
808416
326023
463106
134343
907200
143192
626541
842566
255628
625688
569454
240586
566055
618491
245058
870873
374502
743579
427590
461512
172571
698303
795709
353754
678798
932646
346047
748772
550500
161442
535302
272884
387465
812374
307227
208632
855566
833768
951198
925160
373424
434620
979713
839479
867077
138738
624320
155546
782317
865876
517058
854889
478147
226734
208644
970911
159381
454692
719684
523848
430100
168954
696732
631531
881328
817925
740163
650862
565660
605329
576023
839084
939949
555737
592531
720993
594475
216852
776539
376794
982728
293598
145650
374842
334299
254294
345754
307646
522952
965439
731494
853052
948359
342193
398550
829688
974084
138715
394517
539746
644044
870541
292797
497960
340245
785328
218954
748687
816146
895493
939447
712842
103058
985097
987684
337357
239392
333440
545004
576311
212846
190465
343330
161206
346625
641881
804860
234676
680596
199379
674422
238607
883886
781186
636567
224132
480481
669487
786785
296629
564981
726233
909471
482005
625297
897156
719363
678656
144563
178334
254968
257409
182765
498298
232581
343356
954145
937442
478033
634742
950787
966421
687315
748640
747608
237849
786738
228091
807336
573525
424720
286284
213725
248158
668290
739023
145315
301620
417680
103845
293920
572648
261254
376685
884912
393836
620042
839059
245245
998075
387768
109999
964497
975084
758639
626073
126900
545378
668130
834237
118904
992850
120522
232630
241009
602778
785619
200290
718364
203300
204135
912284
589914
279356
202937
388793
487158
636945
141819
632403
548987
429588
556368
427451
318639
315008
953524
259505
760386
621655
993742
693257
528472
928231
739853
583447
531010
525473
597704
163342
542739
701839
975626
946619
795161
992529
335413
282320
629475
377233
728689
178463
620787
285058
505915
753392
500066
373406
912897
174420
895062
820607
681643
337501
748839
335463
820949
193816
760936
418654
257158
217642
934459
146752
164262
729622
953247
399675
911942
582724
590874
554599
575153
125628
739657
895034
779020
153691
268442
605885
142077
977470
340459
723720
314972
989298
959183
949887
997080
634086
368542
168206
751728
216969
214958
729956
846591
168206
129632
672500
564896
534473
227100
140051
560101
780724
935085
253089
834415
117494
672940
876492
994964
913399
514179
223904
902698
387329
173792
813745
835381
356301
881951
501076
473270
910875
231033
233828
979082
260665
806328
457945
609104
847395
411962
169207
628120
261015
236262
462536
278509
809202
252995
187441
722602
581140
311345
539267
868469
385137
353013
617817
555404
234966
118894
928674
145842
249927
162503
938890
324558
782798
396837
833663
630194
622765
816836
258315
783780
953098
620851
876256
762301
687812
963697
484904
268953
189009
838137
951388
388112
191151
569206
843517
326117
502066
772192
285926
565959
748662
224817
790517
531461
435620
538147
975621
872352
354984
233937
656133
222049
668754
446356
798316
356567
324020
197187
439486
413029
935324
390875
701142
126477
774047
458626
266560
190080
144785
452486
656039
793447
491270
446557
238875
826890
798671
214497
699243
967621
262400
269344
189672
831154
529666
887988
101688
753687
985176
355140
980682
834467
559981
681825
860944
334029
954417
127506
424109
999203
393958
894114
706617
785228
254639
759459
526086
953310
787922
139296
834898
950323
222606
838536
695444
652273
640492
611099
405961
539635
866239
386644
374103
426222
882436
235049
574217
750820
176521
812293
750024
384445
706408
370609
169675
861047
130069
509727
728324
817991
549023
563224
768315
671630
401761
377727
237870
942253
888826
543831
481889
669032
744441
755993
995254
540844
805008
569473
205632
795495
295733
855656
179941
902141
226266
163582
763190
256335
573309
405481
888293
936299
868705
570575
521896
184434
848302
659766
126688
651095
117564
422544
320129
762005
992503
229350
216817
797512
612789
322449
506974
808522
992071
500881
624631
132305
564464
301788
202606
951739
607269
990899
802005
475976
561476
323902
560410
323745
883668
501064
788807
815198
823608
922902
491171
730078
966218
607988
441557
579009
744403
848531
301498
650441
349414
826129
682746
727844
941883
785353
593550
549154
776253
309523
839096
251696
533425
313473
389408
331061
628503
178216
146260
452113
915084
537431
996157
881303
959385
437716
460313
617755
286248
575778
268198
449628
315874
850944
991438
257759
636298
584990
620879
326519
708479
459976
392181
155871
587415
681589
300898
215919
673771
347159
481998
588856
698556
478157
470161
571909
815873
744440
189665
916087
320219
271829
365717
450060
122775
357156
607819
573039
756112
228699
713524
464592
502641
919672
434430
990056
515228
635328
205976
189001
882487
501941
591823
495011
880098
875950
880886
609938
620392
884517
526026
754577
156348
791743
204638
993088
962866
626423
480094
632945
755122
193620
997538
171730
927258
431969
161787
442487
967297
181730
531488
763752
583671
937278
172730
377736
813229
867582
887674
347588
752100
413701
102167
722414
119412
120771
715503
982278
647195
195599
615224
402318
203185
526729
388015
130444
772664
449802
472931
653929
445498
818386
331648
843135
669631
318344
220872
482861
185927
922512
730450
751993
250181
646583
474409
269593
667354
103879
165838
228516
199478
595028
444801
216629
121759
732816
161039
708389
182619
447937
362319
442084
180290
593967
285220
749921
812311
320059
146749
812204
156538
691165
564199
306719
337749
938608
390278
819070
942487
456116
947586
955932
951145
392388
986527
886870
125205
961533
595260
121791
409471
857580
463875
489761
365514
563061
153649
991792
783120
200398
803997
839659
791564
368197
960344
943279
220772
350624
762350
977226
706740
623904
933159
571852
916292
833653
458723
855464
795187
953984
877255
118625
811565
255097
508386
991045
718158
476001
982838
415246
490366
700803
254906
195897
882966
215251
139177
103740
465875
715494
894932
986582
339399
742058
558435
169658
575712
917159
925122
370901
785110
716344
389526
510642
785407
711879
501688
503567
101847
398494
818813
492213
999297
887685
588110
882264
916902
541254
799970
296745
256749
694903
283328
496148
436962
655729
479772
826641
486855
318862
111509
271966
849172
401035
596574
634581
926880
998263
952114
842694
310724
770928
334908
310022
572580
736985
106253
489483
278240
720190
686228
434989
415094
783522
745103
666023
353219
138842
492665
740074
357704
504174
826007
206878
719175
422582
655425
560023
334812
607540
402718
545536
292435
551592
669524
765015
288578
675778
168465
466818
395969
668660
715773
625029
452183
374843
205019
619368
413686
597684
359444
671390
915824
999417
692234
548967
335966
261626
108991
570779
769166
325675
930281
875567
777267
599807
554549
965846
189552
623015
346631
399487
291676
962405
924516
557825
251215
129537
177195
564901
541187
350605
150259
370979
263989
742493
819946
499955
818086
742903
884700
587253
968578
728949
376788
745846
242723
831337
625659
332275
454353
872291
545728
559995
748663
384211
931787
899878
327714
922948
378747
768902
273554
429006
953847
351509
171500
773794
751464
803552
516698
550132
390807
485277
279082
581561
145090
421805
412899
670750
568046
681219
457008
927740
241215
119638
311952
986968
919516
539667
909917
298264
222536
997437
541236
176384
348947
526703
850178
914378
330256
280843
464511
535029
666120
557559
116591
711210
793330
429491
295927
275343
110711
652935
203084
165892
672573
415036
152862
506057
854703
876745
618287
977239
874184
159525
153624
223132
586228
817768
951476
816484
998611
415988
351515
578698
873547
368106
203876
580844
611563
399803
756187
622274
866705
859271
602133
539279
274309
568961
945336
942978
359673
477591
834185
233858
537116
801775
270957
123345
619545
222434
839829
532123
452389
105311
924788
239903
373418
128665
720748
884981
342434
476936
421223
209140
336209
837322
562386
424484
320250
421689
281429
579923
799280
115615
713782
336397
817391
798705
359742
350903
835105
113539
696992
287495
118850
621781
427399
306234
564412
962113
105183
806847
439050
426406
915987
589225
177695
478374
827675
397945
714030
109106
877868
513311
938686
505617
749709
756078
218289
923417
920947
953395
850922
531907
154857
783739
153689
396222
989973
618102
358336
995156
424950
697387
335529
254904
200579
327190
547245
928255
539101
261276
851327
416971
588553
790014
736554
338263
460060
768810
175648
381008
722206
926570
812915
691029
624276
780571
987252
614251
312640
345589
523374
551556
856942
672870
706460
957522
814026
167672
885778
353129
242914
651072
584066
731468
441087
320621
883697
801147
903397
959345
996122
625604
799883
723004
230601
424160
417542
217854
852377
630182
377409
289719
181739
234353
862589
702166
191876
590582
769838
891620
843711
826719
542693
427778
472154
797746
648400
355852
512861
551798
229165
508984
991369
929048
145955
135937
267175
463498
253791
119554
907646
531200
223239
989386
665553
899794
691553
671395
490377
375358
476982
334090
116044
919675
661868
488198
631389
224235
744051
144251
590000
787182
467201
495336
630197
513156
531273
797372
790620
599030
730892
698268
130231
854131
687655
609751
753926
293175
195113
244305
482499
572096
392361
498544
405738
954229
886742
937127
178466
544760
895344
582432
331943
362546
977768
862140
775703
509042
573480
480290
108073
304373
178559
952269
972471
680180
475987
640364
873355
485067
698635
269822
957163
990996
668366
276868
859193
469075
127963
937659
913836
923307
434058
159746
285855
411827
835853
875524
820869
409334
355815
742908
527673
434375
609144
414111
928521
985132
954476
715844
470200
567078
885666
341330
558076
554033
518198
331236
923108
460127
268896
750911
383436
602954
810658
483257
828747
560478
358782
563583
869812
614597
306492
311452
862938
815636
625564
791461
714735
494007
507306
998901
875051
392973
254198
347094
760972
586363
578330
598047
946490
661192
348960
329927
264147
973584
627150
906860
534063
885932
470444
317842
414497
590902
529294
277436
320506
968824
882863
935241
376798
304136
848110
251851
511075
102309
498945
186014
588672
977276
684062
535164
638469
846988
679057
716583
820573
306209
623444
268603
106108
907855
486445
420605
498758
829705
512008
719264
712497
308838
568473
989295
512975
416584
155113
838016
418893
554059
924031
821532
445302
608094
356697
897737
455083
849720
614321
189623
969895
151733
358226
976004
959588
658637
310576
458347
488343
722584
991578
114807
931423
560052
104104
358365
876636
159217
196382
209496
527242
934379
931028
786510
456440
201692
684249
725489
865379
298571
815112
835275
264270
987304
811280
223859
645942
121858
496173
948252
658408
487752
963059
503798
947804
881129
762163
738407
940347
772512
847903
381556
620858
778933
168068
977299
794591
752317
702789
659971
864854
517903
495248
129126
505208
220495
166951
965117
156319
563124
913370
628694
950876
876430
132493
812647
757561
794657
551055
611875
481136
398960
807397
101995
991859
875465
893260
786451
541749
596051
360390
406605
927920
669604
349697
347095
704065
416648
312213
760385
879773
225584
389080
744616
915981
335539
471231
673543
944162
922286
199385
425299
235213
906782
341261
141039
696215
234522
741457
237965
644539
101848
458536
572460
585418
708233
819556
289484
938848
945735
863835
818622
985286
166882
477205
901268
402422
848436
488778
346585
684690
502129
585851
733869
408912
827112
774909
919093
875600
516367
971025
520141
432181
429562
906567
917599
951762
640090
121050
890611
585827
884886
623200
571114
951768
100406
386349
354191
762809
689093
514743
361466
191223
100595
995335
500135
741673
684211
333196
617274
114545
304222
137416
446726
633784
857950
278292
499513
498041
299343
304091
983868
184230
827291
468949
949964
741664
669264
218123
418440
358358
632866
679906
449581
547427
589208
763683
289101
273421
996879
806375
287966
301102
757758
548659
748852
615709
726951
162333
927716
840260
366424
825552
924490
193717
294502
788422
749347
863767
906545
167788
136092
453378
661660
485674
900805
250869
249358
189907
424290
160204
810248
526223
275272
481973
974882
838090
911648
615800
900423
839366
456062
180815
664919
294519
188498
773387
982941
837845
551121
803453
819599
587214
256832
481260
886854
971603
632129
950178
975476
870386
110383
785726
396610
199621
181666
285459
937711
993315
801259
838136
746648
257322
832917
411568
365808
921415
998921
348750
759261
550044
966170
578861
137259
136969
960121
924113
108574
506217
874292
984050
376604
798641
769777
587180
898262
765410
772639
835974
758726
487866
588077
505375
645188
420995
730909
824962
342411
729831
987679
915638
279876
953850
408466
231101
990819
282554
969180
913359
688772
757439
897411
879342
470047
581155
466524
368310
346566
153130
118252
105293
540996
520295
424634
100152
841291
155544
825114
997668
699342
812794
827274
879218
680611
235741
924286
585398
418296
807433
498758
921034
478840
396170
800377
848887
877326
180868
217199
137859
233999
149417
957118
588961
569712
381753
589113
411004
351264
328195
322640
950606
954955
149915
743791
549534
285656
582044
134933
517918
389479
533691
438953
768319
743828
153298
617207
535121
234166
648372
572980
282131
697789
444065
771093
267503
725819
274173
492473
977083
416334
715113
841656
371291
678994
585448
820825
778617
981459
769724
296536
370939
217382
635490
953224
861210
602754
570432
310298
736920
132772
697245
919052
730561
141311
604112
812030
767130
778285
304505
658180
194621
833584
413803
379878
512580
813218
114670
291198
794678
784394
401700
165618
815742
851156
932808
590920
453911
503241
801218
190833
449979
498464
923851
180542
539776
527964
806538
220873
306250
111044
693020
314837
844629
920789
594715
271176
734008
523351
376340
528687
307746
678040
508271
937455
529198
441080
528376
883109
758288
329595
887908
208268
642026
811760
202776
995768
339725
909315
130608
459942
834325
723628
588745
592921
558385
183462
764097
292394
606813
954403
635048
728526
632445
143320
665982
161644
484401
108325
858719
156656
337920
746629
264924
879946
472356
281667
789681
712082
190983
820290
985990
839274
457885
574736
432197
916270
572164
110261
122632
992944
964665
657680
635437
597111
701000
215386
572721
999367
223711
345407
156024
461631
992036
234915
255545
464394
416582
859192
990442
421531
679483
890399
174772
137370
465136
506969
867606
851267
431197
890238
758178
395863
547919
393616
806940
162887
509002
293628
162255
632713
539035
132246
908310
445039
181127
977821
809433
411675
837015
713842
733206
430465
604242
721944
381801
883344
142881
163375
648578
474078
953613
406757
683907
415500
700373
404814
478387
123342
598442
454608
570021
951443
486854
392299
396483
567981
370121
119883
879656
121103
733725
526829
365535
251934
162741
561302
949245
205622
624677
597824
579700
578292
904582
263608
893792
518922
482388
286146
542265
980830
640754
112287
846240
941575
318552
242725
423523
588674
262608
217147
523743
810300
557942
703244
962234
620683
264548
911480
726305
789225
509306
306006
367518
327855
383580
175277
746777
765968
361423
203009
660765
816144
129263
507007
757720
347815
563698
995209
750455
726306
212357
188166
536607
670300
791410
412809
204950
955958
238256
831256
745185
647562
951228
926669
789383
334810
915913
450128
914744
191303
467103
489477
907447
496366
810450
579134
658148
374149
574345
322570
100456
600668
410736
451030
270969
202148
677805
289886
972072
816061
121143
717258
377591
972371
557895
166975
221148
473809
431069
949859
565112
798173
353303
472561
208506
163754
865661
766654
437903
440007
903191
352325
940676
313928
617321
125612
330042
295127
315498
302116
111190
250607
833340
388781
136946
391236
369722
258094
765045
700792
121920
244125
498966
375223
530652
521438
438977
396314
202060
690846
650288
105252
943172
504931
319180
560494
444509
549223
669588
573974
665305
680778
724581
498646
883525
761527
789883
253248
833588
468895
768006
855508
613020
180939
230733
143673
602378
483676
439988
704438
174524
904242
623656
117697
409174
756802
492157
753683
306026
161746
327658
785297
656490
952240
283945
540016
627734
973828
607231
461323
356690
289204
316833
869711
370144
361532
827350
872522
745208
267339
490927
819732
171582
928549
751395
394722
685352
243554
148407
805345
219266
290031
590643
775757
156238
774588
229740
683973
662383
650937
959262
919074
840142
190062
788786
210287
451594
616137
896775
110770
697443
301669
830502
682991
230219
495865
977714
815571
639419
940087
620917
758685
230119
211562
448409
286358
800116
578150
784297
462501
229088
743560
381576
969230
833623
984328
993483
199184
514432
890259
209954
211876
191929
854423
708834
322148
350289
600515
951686
889708
540603
572604
562360
584688
598132
910770
771046
398250
402887
469310
760751
445941
212872
956293
415173
946495
854588
408657
959645
369021
212884
169601
480898
304813
924024
103699
440928
274314
604214
392615
977988
958783
779185
454315
543472
377319
279052
228486
589535
581939
597796
264253
927881
710668
220547
257021
571130
975135
479644
530777
344157
592528
514344
639021
711308
438369
556686
966202
526649
160901
358818
418604
119685
138004
772919
563158
329289
951972
605610
818824
533912
203407
983077
375760
728042
117591
446747
213139
906692
826392
557882
164817
332887
972226
617804
858161
324562
174492
824364
751211
149359
997148
169816
169045
135154
842736
546169
278409
708675
151780
911200
242588
169153
808244
432315
797195
825836
779062
824301
646495
519421
382184
625278
666275
354412
243084
524437
492940
231542
262769
244153
280901
259918
227935
349946
209038
884637
710081
387448
593313
675827
298649
649868
744981
106894
982183
456143
746696
675212
280445
307159
194635
476596
832437
760910
644974
975521
199314
137915
207064
362083
196034
387966
522002
323970
551878
631040
208608
175927
832454
615888
751754
945069
265757
496736
865930
161907
766846
526593
737119
947291
733752
745720
423888
566191
420597
882828
455679
519912
920744
562744
695961
116779
764676
131930
254715
230521
576937
277290
306448
409392
793178
958203
268429
958935
368906
134360
120843
135753
560953
671928
897011
294707
417650
234866
760898
738247
117696
216578
172126
938440
593288
768088
869185
271931
800018
123902
402453
290922
301192
608901
600315
994370
567105
768744
867272
749978
803104
802081
785731
278024
474010
682743
472731
705626
817610
147596
443875
835306
178141
429967
687713
585395
112022
556899
757327
726007
580801
973746
916929
695959
582648
517245
690330
963720
199956
471569
713699
817026
273651
413397
995051
561628
996141
381749
267255
813752
343312
525096
563025
335419
855064
250739
820814
867086
621604
492108
507060
116373
465855
423991
712332
862470
755202
316630
826191
855159
688199
453857
586152
775817
767254
581204
337446
677362
776920
418667
405081
934198
843764
868106
269618
698829
932811
904398
479882
554417
310474
886943
484756
676329
224901
197089
452766
880103
413719
278958
735263
915885
546781
321417
605669
228003
716587
757081
805365
407474
175749
210448
341673
919513
892520
425257
532309
825333
329657
826158
293717
540131
627068
678473
130427
751969
775562
483194
632073
103249
576118
281304
833100
936866
502721
352736
164870
133275
109818
870235
440750
185567
980683
596389
105082
873205
921647
537391
612505
165271
277516
720188
519368
804584
398662
463761
556554
988190
846955
188629
905405
337041
369933
652472
273908
686620
905208
338778
633861
915026
122980
888577
100595
103665
484968
105677
790836
320582
457034
317308
385853
634551
937496
719187
439136
336159
182949
809657
238316
929905
898286
143723
180913
182186
696195
354821
682772
601405
507565
316634
516432
530545
205213
430993
448176
504147
436670
239013
724729
707671
370287
924548
256189
307784
643736
509291
457909
726685
318949
596226
570557
131202
553915
651470
213388
164077
820257
710126
665482
327823
926761
995881
672335
945940
426875
120512
450088
677512
173492
988783
299150
443779
913332
455339
565530
471035
778596
923439
197721
997546
433632
582245
942714
801513
147682
156104
865591
867940
766230
445040
109730
606958
354888
682065
552899
595730
702578
902987
187209
776070
891771
386359
133816
719070
655664
599346
190106
348227
436753
201794
345774
684351
684039
288490
399832
645687
258560
265424
513628
838756
524430
437325
445716
693285
933356
812581
289016
635935
629536
290191
325972
435274
490516
273755
154346
960146
773101
158418
308374
123821
260212
554149
708173
758217
656605
108006
403906
729131
187396
731500
481854
525792
168826
741536
219078
916149
554119
322060
466051
183656
512251
692024
518930
902767
865779
487242
776880
552847
545661
985255
576669
705873
453371
198809
378058
923942
120781
681964
653074
122143
413465
134929
547935
396258
776466
667014
226374
244552
889074
592425
328208
315293
198416
661104
132027
878161
148348
808908
431010
594009
794164
821645
213849
247536
834420
491907
171479
855201
987837
638519
877344
315270
673448
425280
525494
363881
906260
651868
508433
709302
244294
650607
924595
342711
311713
956622
220873
274027
765531
465849
682002
473662
287495
795851
621198
121916
201726
606643
791083
103530
245163
582394
318800
732578
821641
744294
910425
727902
396163
418860
437205
540458
883433
275767
697135
195147
232391
818008
369174
811888
283859
951176
285552
385320
660995
720716
321203
676687
241327
926252
680217
300456
508648
899018
933034
330290
557279
757427
958192
853443
176288
309365
307868
873687
485132
905003
968835
617523
636978
251976
343379
734803
117120
528931
120125
678115
163614
255294
354803
304941
181547
848986
505398
590195
748005
352399
820485
305286
109827
692645
972695
100081
902010
194530
873769
301109
913499
842605
732599
550478
908547
975978
285283
925667
418876
219374
517749
482490
374668
772552
687432
456215
535506
192831
860377
197478
359196
680863
316730
369024
287475
289426
369105
103452
297922
156841
304562
211422
813412
937161
661901
721961
913140
761150
647629
245983
880524
165380
628473
169159
751898
315906
439340
287405
322703
299718
298850
581900
880582
515580
764890
982023
618973
947961
985476
816895
104804
290039
928318
818216
227201
504186
540178
954307
265337
187809
200291
959827
167155
728764
942952
733019
858637
382293
834391
995306
582012
133242
491173
376561
548822
256064
358585
167796
204027
344062
884692
208831
534101
813011
927047
575268
231164
381193
443542
396501
382968
543833
270295
450123
186565
213248
997108
859168
495541
831500
768441
977553
864742
259616
268081
413566
329646
526667
481362
433673
770729
280021
456470
218798
906998
297485
608032
138163
578678
951575
434664
861646
409375
604959
225736
409906
632173
222845
183041
127716
954346
851483
919235
819089
111100
101284
146622
254712
527951
527985
588386
212647
708006
858822
245411
615006
156308
753444
653169
548952
618986
901800
410599
928361
420726
450301
338269
952900
487113
335276
894582
441460
186760
727784
174516
111826
729068
221139
266539
170986
563090
668891
283634
185063
527714
429045
614035
497989
996455
181172
946941
615442
982972
271508
457771
317665
621809
610006
270566
922888
845282
979114
364349
932043
620866
352832
857835
349935
473971
124375
420922
851027
607232
518522
936090
134948
761533
550127
446903
757990
631299
393845
287399
528238
565353
645170
745903
101130
255177
830436
924018
914426
809551
202335
846470
430418
455167
618272
594320
743104
642648
829208
508098
249881
347731
444189
198795
109265
808282
545698
681221
439582
753510
782587
781786
232830
341724
527691
147926
410868
358128
885911
325295
981645
988246
985731
412065
357380
604004
820351
914450
246653
649560
422549
310501
897291
680704
323262
820522
488988
768961
415711
742536
436438
112265
524324
569268
353989
952015
617195
664857
224110
503107
890152
205756
405320
875884
431787
576666
393856
252139
491117
454475
715665
727632
664976
612957
408337
888239
347447
711291
571167
577124
453829
907605
589389
878153
390840
757344
744135
908035
422203
868245
325109
226322
974001
630429
916173
405790
207096
310030
471895
512179
664505
187562
239812
243449
614485
462116
945654
775898
173408
516822
266989
527237
338394
670344
319357
629234
427690
963492
451237
749893
745704
676346
790181
719707
220743
706355
939463
327839
916385
325325
653985
494858
326853
793797
552273
841339
169880
497928
531204
243289
828716
698194
584492
981076
368539
717816
610311
696229
595275
875514
360089
340981
465828
150272
874654
586571
670593
728084
728376
500946
867375
382362
895804
194230
176161
448078
849535
160007
759972
380740
303296
588689
892900
701755
569766
175407
333538
994043
685602
828813
869559
945692
169795
249354
909930
858415
735925
580524
500466
464302
895436
367843
746665
705207
376039
736792
153286
225575
796799
727224
420281
914062
315914
227149
529784
699646
302556
763322
693691
888158
592136
477217
747817
575898
626571
571714
348280
276463
966205
748747
640765
861642
930556
301397
566851
306596
852155
534103
432171
562922
261329
666418
476985
391209
793567
820735
990856
996123
584058
684548
798249
990160
975731
460033
480025
516269
845714
728306
692732
811920
391020
247464
587529
321577
448862
968346
528173
301018
502451
774310
677906
577746
440729
968857
868955
234298
789593
859812
144388
287618
458327
756603
277780
348025
130604
571771
764294
876318
300078
457027
688239
505064
604492
189735
726641
867320
158083
168781
982304
560534
843091
660212
952246
283822
629070
821202
332086
418665
594982
290440
606283
867275
947044
698029
215302
977648
269802
793562
853967
383846
164557
456173
788911
669049
545908
429519
450336
603991
498301
432641
978491
255359
992853
930738
353147
621925
665908
499199
854556
174857
689640
460840
942132
636685
972836
971400
528300
156605
678930
296234
440451
743487
566373
143329
326503
112282
386815
676839
530240
699082
109481
422698
854441
916301
353438
121556
538227
833312
520755
392784
908169
210396
667590
764268
661047
640427
735670
103314
697032
414601
299548
951450
972054
679887
908745
298558
606136
295561
789363
136377
808609
798844
459075
577018
629112
626479
598574
167340
459792
933295
374090
281928
143693
941681
946197
618706
496075
681868
535987
107075
910435
735535
872491
796456
329390
695203
995014
835526
804731
698344
871903
613341
411155
244945
190360
940268
685391
602900
921574
959149
536197
295666
241079
493856
151314
187277
926528
461355
683111
462516
382396
507513
112019
254888
303970
341409
850092
212951
176936
568790
811295
948839
182132
222451
107751
186459
162720
693142
689359
984295
652293
139523
193928
793372
533379
159208
880649
459909
520563
477727
736391
716926
885240
748410
871814
189211
989819
635873
302162
166756
204664
113458
929561
200763
149875
937313
287222
126562
544422
876581
924823
196716
916105
118752
804054
363451
991925
598670
637326
512489
976397
373719
229416
861638
122130
915197
950849
111951
465037
166978
992672
483668
994401
922235
584431
958243
859549
685619
984805
403972
476167
909629
414655
306239
842347
132676
569691
834273
631347
120984
260729
521711
394703
304112
297317
416834
133276
162133
342751
412279
229112
335424
795947
137480
257660
294345
995723
931175
879964
980529
249115
356133
804125
477736
562372
646473
510412
946029
394713
955725
967014
555443
477438
275684
673521
588721
506484
620763
650854
749235
933042
779966
898626
728991
817447
970252
837302
813171
815395
631234
707668
964510
801333
511794
356213
363706
158269
766625
223703
452982
636318
190718
822391
927722
366402
409879
516444
772887
930642
167299
436089
863686
847266
248682
506644
578680
218936
257913
305818
934331
789147
913486
812808
590481
425282
169022
768154
483551
835647
891857
750499
385932
896541
486858
313655
176910
710703
730099
763763
641347
797399
113820
419000
558632
262502
739610
951278
381438
897523
257097
229736
686672
170585
942544
277154
495867
111567
859274
793384
761181
751132
457850
147114
561640
758674
274736
552517
469379
818801
316281
924692
616201
244067
343693
988799
406570
983303
940078
601974
794793
111143
731711
481466
181728
588222
572587
491561
513756
431862
198912
188904
996961
556762
149984
472568
229404
324720
925085
598783
143523
155334
437442
573690
299401
595101
476457
605971
492371
416536
121913
287165
341645
667590
668632
337339
255813
241220
728900
669569
487048
827812
758473
397976
298542
808458
770545
427946
947144
695631
840695
990667
664931
278138
564359
864333
687205
940816
384271
179577
271319
406184
366742
426931
973774
935374
664270
143555
990560
393172
713124
391576
134951
385565
689552
333493
107990
460098
575405
955134
969696
330067
859769
634628
422171
338095
412928
109377
192878
697200
188954
364197
917350
455697
691128
805092
305038
355400
848647
209566
562538
475738
501142
597489
761303
104661
744949
683259
378726
234321
552361
262389
378355
412131
797017
700526
650226
123913
623870
743104
721113
712824
921267
552430
982487
526363
357523
201493
695729
206171
311059
258268
495876
626167
669723
171146
544794
328639
754406
823520
376927
306768
985909
655282
532865
696894
269775
183092
720807
793645
740162
355887
420437
661430
722283
316891
187794
979807
418384
697489
999944
543409
769723
409787
983542
353414
480934
528338
582053
235341
265825
772946
356075
165702
342195
788940
762596
425937
785998
397370
219583
526161
567223
453986
187592
289507
670878
189353
183281
903228
700808
183227
446639
470533
493014
344148
723947
787914
772486
219967
923255
852278
892914
193297
917980
149076
796203
680577
475013
582202
977947
508563
108364
459137
776515
109923
648644
447394
113242
731926
264590
714050
729119
525195
184584
136100
769343
808531
824015
541831
842465
661237
308076
735380
754535
226057
698422
550739
806634
173437
946908
698548
495966
955272
157686
272482
879161
620296
533843
892403
352223
698433
520421
981342
223629
605005
117444
892972
327504
755425
348770
169970
416663
556846
719316
985164
682903
417739
535905
403504
405142
396780
916018
715074
352053
887670
887557
145182
507968
335367
851551
760191
933800
371973
655501
971395
790945
586911
778334
118450
342337
127106
102386
572966
497918
635668
558132
994788
867373
908003
312259
186483
304784
228279
801557
470803
115950
603081
515985
523918
752414
367538
198077
686215
639511
667544
571577
344423
168422
349913
362873
324725
290985
279225
797691
688903
728859
269790
597658
596234
177794
809918
682717
382578
938197
398241
753382
868113
815289
183334
305999
567704
450872
318042
167887
904350
885586
639464
248774
867974
889377
425614
192700
994328
518805
890391
683233
247666
160183
194858
743900
151943
904776
340584
434522
756940
552791
101871
625055
368081
999170
831054
835786
364010
149097
903673
268361
848649
543138
331101
716624
346483
656715
809324
340812
989487
613682
838011
237154
587831
846836
795020
639775
751613
949570
888263
508555
502362
804100
133611
684410
803271
778631
520197
167282
827728
337837
249609
676378
694941
480711
306969
855390
951392
116294
110170
940880
543942
848181
992000
131775
695018
700987
671550
360599
650558
559814
769154
966887
277881
716731
651298
981152
495363
985461
148436
323092
323299
298045
813436
918240
592722
934371
773632
458082
950665
783802
398963
408574
545950
304931
440349
154936
905918
925865
415535
470444
399646
998655
437332
577527
715387
902596
558681
124717
888058
521083
261775
211358
633094
889177
943564
225818
823549
631163
583900
688181
328932
796829
996755
774883
915726
437106
743785
821646
276938
973286
206057
576585
885908
457355
154113
515262
359952
612794
539979
248011
947843
701754
273335
580939
504898
130866
620723
328448
662030
118590
916629
890962
815419
827351
579812
645113
178424
237564
380726
355363
210851
486783
831948
910725
844138
886061
425988
204091
412823
865967
266068
360667
481688
353369
755572
886586
384235
376296
129001
946265
394886
945630
751195
124273
686949
244974
669386
765373
382539
950112
120737
407356
436896
766651
318083
195001
566680
644071
213058
879503
424006
379126
154137
719660
632495
809710
520214
830696
999972
549215
776963
394860
494847
442125
333099
181797
587099
902485
761136
869638
766564
781874
276996
117427
548526
409045
212428
115207
867082
325486
808676
291089
518578
776780
910750
965039
500457
430965
795736
500430
794146
486666
709256
202960
828791
942355
284757
415892
758807
859860
199497
525372
641735
290459
542799
104228
599504
569193
933401
466588
794679
742078
571643
313258
518859
396360
278298
919316
641291
888001
333714
435439
374668
942970
538399
203461
799293
637123
433319
558101
496984
446782
897440
952685
637242
354206
956913
150713
823400
890315
517301
532046
546361
902911
745305
965220
299272
837569
798504
840564
725571
132219
189970
914206
975189
628369
931633
774483
179459
364953
246552
576443
711735
143993
529129
262944
398199
400010
313658
135566
290326
644925
567613
736687
547837
226885
615875
661076
964454
414380
501641
603993
360565
505577
432166
249721
947912
363800
838171
127373
628753
984723
603816
254455
942682
946912
417400
254848
346923
631058
290415
451215
275984
758028
187904
637788
884913
703779
298865
763334
932125
614472
281294
292691
120050
613460
442412
967962
877260
194550
909301
419980
179274
513119
574436
121957
373998
805802
190772
620921
436861
381187
972136
526811
953181
974006
978565
752061
591752
277431
429362
437844
791903
610657
544501
725919
138084
800880
607849
829311
895430
517151
249292
974705
844236
637694
910628
218235
443497
101401
653122
780358
296554
539226
221137
249736
513233
199703
901797
918952
291101
331161
356797
983004
755784
801299
622891
793868
602180
230741
623180
497611
647892
686439
472317
492130
324134
296913
524331
667632
298314
177455
361957
494869
530647
397060
558571
943880
496764
460370
776799
687865
605497
133598
584836
275248
834897
207728
883082
437078
252435
420230
748655
800328
106670
134940
206425
330804
331853
544722
812402
444133
536143
174361
752968
966790
471421
311541
824638
782151
585877
601438
383983
105341
635036
782786
280589
383900
804480
163672
634944
956916
483902
383601
671211
404538
418541
691602
635343
564360
236325
361712
908493
672469
436073
661463
639260
721461
786970
377865
417579
372848
879304
615529
378189
428307
398316
558778
712208
116763
536416
261119
973679
920319
544720
558857
238824
777227
250460
688133
255554
300752
949846
978014
873221
299886
639478
426448
921347
426449
704314
252894
613263
583619
768423
891452
825892
980705
364197
452067
997468
800613
613187
885115
634899
971873
357939
773724
663068
508400
461858
818622
709152
411705
796637
496340
611592
350082
822788
446906
590497
527103
513766
203761
924688
282190
995213
750582
176862
273377
202650
174332
973991
629803
873413
608891
601678
231353
296582
264747
553719
658441
897335
262872
884112
693974
573178
495705
858022
395968
756578
448521
737037
270345
552282
575693
366502
461463
240242
443364
634840
342892
517696
522798
786662
305076
945656
388341
436430
242239
467054
804115
800680
364390
880954
684794
958364
454133
994465
730354
750101
751044
178876
401106
835356
545124
876799
201859
820553
117042
545223
369361
273900
876886
792159
960562
181963
737816
348904
432359
880056
715958
236476
594703
894315
931396
193464
852680
385530
187931
497001
949598
752941
575877
350705
588298
934968
227505
690157
755522
244547
235382
938849
332413
926234
731010
292977
108198
382793
455847
354524
176816
171807
404966
585486
880088
336363
678950
732769
621893
766881
143738
571492
433790
619615
822197
922088
468550
863668
612247
224074
922181
661595
976889
254596
587830
707900
447573
509994
904660
803420
764518
895442
789193
983450
480929
669282
319814
159881
316019
755674
740728
359757
241133
174519
793338
877297
996608
261890
740966
522822
299930
663149
998383
276820
731711
500180
798687
179285
910174
617314
796671
588660
512757
499832
572111
893687
983080
705892
867534
213066
461567
608263
472823
602700
596749
180129
479998
593358
255985
134932
930146
369881
612047
928530
460667
343759
428711
173321
337010
252852
690635
133682
741512
117360
447480
227591
825013
430562
747449
692548
543628
209017
214778
830418
625683
711527
824513
919648
218852
894464
954580
962964
264346
566628
805461
538979
724353
234173
612301
961363
300992
216903
909011
856470
148229
356493
898027
873242
687055
645477
479757
144650
668460
508502
789034
294145
133996
613548
127760
252849
508013
896306
215814
586325
462935
921276
