810392
223616
349344
192813
317312
154230
706531
780822
803775
362039
965740
723235
598812
638627
347647
218429
333443
386067
709908
354415
643893
430848
683246
675784
638616
116188
566050
585904
303772
964440
494260
114165
188058
743604
206978
405370
711800
727475
100160
429542
989515
879866
152778
502294
518494
314391
620723
751937
514425
244599
106354
972284
575447
603566
562035
214064
619755
128086
613934
823527
992527
108195
837693
994551
665765
858637
399922
377567
586114
314048
707109
489596
107882
673854
891890
440342
802211
426581
192281
316637
571180
112601
202888
960593
530133
664924
988623
149889
693010
602558
787383
599504
610753
539043
594056
276519
397681
807945
468052
797761
935959
175163
287358
943841
662983
993215
384185
465195
333763
390432
595799
718909
316999
698687
679503
747132
277578
668127
710988
784555
184652
412338
384060
695405
851381
878117
785890
249063
600029
253944
860791
535989
243073
148150
479832
806056
955331
677983
185218
289095
968415
681017
821970
199381
293672
501474
846513
471250
983567
471468
255806
168220
783806
539867
677591
549154
331951
377449
612184
745946
445359
472976
281936
502398
435092
575734
222421
390425
253718
307639
493486
136100
888657
315458
235481
996295
630898
895961
467546
528433
281396
537319
510619
879169
977186
102178
428324
223104
293593
940508
869050
638952
413485
964952
955316
748578
540688
177738
952969
608372
385377
446456
644473
188001
575880
693920
184297
206780
589882
465810
549179
771279
903129
959798
564415
794282
961976
892739
917386
255570
833249
700403
708488
160701
665356
663805
723245
120011
741543
676215
542350
940887
936638
186824
128889
512519
694710
127153
533265
284594
492963
982444
869839
396093
856210
434255
190376
732153
240961
921728
887724
888176
536098
510179
948878
115421
173986
586090
949398
729495
262307
491749
584349
198946
492539
613239
525431
187250
554358
872663
285810
947321
769074
969615
257381
625285
317837
261723
271406
458799
997417
159131
346976
533516
483276
209821
462903
471228
695912
412302
200725
772185
804051
685074
785097
296591
212280
224495
297808
580604
997158
483618
527926
680200
367201
599273
305486
585038
674962
476892
943837
672380
449989
204781
119863
747232
228568
482767
218461
738446
795069
233152
510632
513088
732193
209696
623645
844473
334192
821453
425079
331351
219039
766971
911551
486240
280212
131005
885244
855174
421863
743049
527556
685819
847830
547419
433052
890364
844152
551513
628812
553189
684666
953410
966277
416860
163108
503889
175300
311266
239310
414345
542617
272315
995283
368136
658555
275496
313107
543800
944636
548936
200816
472193
234756
862612
833579
481774
752978
591698
933288
295757
144888
531921
163134
925131
762747
226242
429022
752013
437508
568332
980325
794092
740647
889575
976194
313169
979037
203268
670935
923674
652204
771752
309835
786961
634365
957380
268736
301310
549079
115991
497067
593968
461878
560202
519100
138592
600410
762088
790606
851885
330421
684898
559944
885034
574474
450105
112170
553512
553373
683106
477187
205578
368825
600988
806505
817156
558369
889208
118468
107450
819165
429501
515384
281045
803669
934484
319637
318047
696574
924209
983898
840961
609108
457809
639963
183583
807914
652133
551061
361288
249206
842215
380832
431997
443204
187339
249155
901574
976547
181589
822990
709679
511090
338375
890724
228727
272860
124329
446774
783400
862504
344639
538329
471614
702448
178293
469163
510363
730426
920225
685617
793599
676407
966449
225597
119612
153789
374752
835152
944302
456341
658143
567949
781398
896518
458674
910125
983345
396969
270866
766746
259475
515505
219042
545055
217954
297335
828184
542283
841728
662376
227901
635328
338784
194351
760925
358397
162107
949644
193550
920375
405986
751694
488325
101351
562179
760966
825442
545525
971901
910274
226239
145343
425780
345281
590398
457700
542617
418584
899983
298312
894926
941850
833640
233712
950168
594566
492109
112276
544211
499625
846617
764164
165286
334944
679481
627466
909876
504925
986957
881778
415200
213197
927122
654947
372445
431487
926613
729028
664037
740564
927340
558965
682415
760981
692677
632584
269514
998752
558826
713726
412344
405445
391857
477631
554355
971338
105098
464232
390230
906021
259977
619397
119220
187100
188311
305631
432554
114925
934659
996591
669455
775966
555557
265838
450914
162201
712388
620428
160954
271216
248121
473299
490627
539978
764896
944982
425284
683960
323181
715514
589982
397124
248878
523168
484225
337189
728799
730745
266081
577425
727337
835536
353392
196862
101375
704306
259063
713764
238702
233984
798946
386823
521249
203540
826802
286146
962488
166053
870106
285670
695533
374055
582794
844412
797224
880985
181602
439990
611731
347683
917416
253036
997186
184775
349898
998561
703048
422927
626292
841750
470877
339205
228574
892126
442745
869342
992238
405234
935395
776311
504870
630930
150368
987665
475343
761558
782617
470911
201549
308316
632561
932931
375318
629748
117708
539182
542276
634722
776075
168570
476473
246954
407775
519013
953046
664487
388357
945286
969721
237719
635564
474593
682615
599898
376225
157959
275423
972808
442837
376973
195091
975398
223871
470409
605147
241579
909591
147424
690267
685668
129960
166741
746588
351702
585755
699635
916189
788078
558888
799877
925797
108420
188437
608414
608318
378628
580339
697708
351438
837142
974681
360495
812541
112519
730905
331655
168065
554463
293046
758332
154098
323006
825074
800686
574708
324796
414289
404864
112875
787143
118709
852638
795563
207146
375019
317849
485775
855359
915557
651179
692502
804205
825640
419011
816724
556546
650666
884789
924976
843712
643123
893040
980685
382164
607694
469360
520926
921983
774225
533801
709127
706900
300406
418658
814046
575426
636507
213788
344752
466031
678933
937254
270237
504575
270232
900927
875087
820899
785718
800064
578578
342808
607072
559264
538938
214767
928625
959864
136751
616817
407632
659844
323718
608038
892468
951730
997430
528976
979485
342183
808973
572385
193405
979210
976960
363637
880139
766015
998502
579824
480046
577082
736598
987118
950312
275537
201886
792904
235402
152603
323688
457000
626414
461372
965038
518883
413104
876436
861826
306556
218620
670800
778941
312025
563978
669869
575663
444118
435885
574166
837908
815931
965214
574507
803051
915528
750044
818903
622399
799412
871507
846088
256413
497922
307461
135418
830771
534531
911854
692598
741087
944441
277366
433996
256467
741344
103866
646096
999428
439751
134230
837337
169649
999444
411845
872700
828939
975855
691605
451340
775268
477079
297429
845647
788967
418856
795031
619739
853388
706887
226305
508442
565295
403671
842438
721762
145016
846304
281826
144445
200022
316056
795748
269672
315501
207594
142373
144442
183450
647944
409748
772684
125024
607177
618332
813991
926033
413364
347698
693388
934217
474003
201832
499513
691640
944270
135243
650622
790576
317069
609033
890598
533125
404782
974236
748626
512376
116611
707034
509792
578521
116783
282477
517512
537926
800809
245470
463961
214174
493168
157350
962358
781137
173148
461872
472778
117420
497115
123401
721962
714184
632434
526527
161276
937216
500765
723869
363559
431342
430904
773351
909863
361654
955828
427376
713546
670604
572847
177508
698745
879981
148825
661104
661120
135939
936942
947864
153359
434059
971266
775321
962209
517667
301850
123487
368851
616581
747356
546376
947923
992226
319729
857787
267847
189524
199131
881394
674095
671978
872868
372841
465926
835659
933945
127047
871599
784854
974912
924958
218914
860145
614247
995090
291779
730063
118578
474596
346645
679900
920973
294569
586093
240703
152357
753941
244193
165454
549302
818288
737432
422171
105096
203360
257832
853007
144373
943397
637863
933251
868356
756777
707363
396570
751868
813109
126634
684412
287706
373279
278279
208680
481814
764373
263349
448138
432281
407543
513592
881583
139798
164992
303755
144895
182318
375553
897902
226691
318951
535766
973909
101275
206511
595239
397845
772345
408349
424480
456759
596056
611725
635038
704736
907506
313378
782052
355645
645659
189596
683203
527243
143360
748195
644965
188255
830513
834484
900124
871171
153437
435891
759047
154712
456368
354287
366523
228715
662637
604969
585474
258694
216696
134479
777396
938168
261824
559449
293814
807483
563011
877017
248694
520338
539180
707625
522559
369694
542110
422684
154832
509513
672542
813879
564225
128911
168168
830749
257626
644771
349685
657066
717431
466381
605512
494828
318516
767336
868244
512330
488786
345222
303315
551446
765560
742495
173038
288121
926155
615149
524771
980988
124663
197314
794868
502855
140192
777002
247571
297818
421774
497256
768851
139206
777604
374364
448001
996120
955666
230212
422418
358419
475434
625733
723832
154962
282195
796870
257049
208351
325986
681820
189340
350650
693101
798175
667471
733293
575178
729008
845077
810919
226265
613929
764091
817835
802259
126059
813957
671892
256271
150342
930312
545672
590041
654145
514600
772236
364982
671649
880587
590969
267436
883894
755585
860537
682070
423057
507797
171215
966031
352876
882134
192297
866805
560193
824099
583032
586252
552023
254925
656490
602365
999203
116129
192407
567315
530729
864643
832298
116345
659197
337234
283781
543092
992819
958285
225163
329843
466083
296379
295875
718959
992479
302138
499732
552673
126238
982764
138927
492227
151656
609383
994592
964826
625512
187000
446108
156242
865609
192373
986552
524808
429607
270334
881866
422427
228620
107031
566236
508670
217376
676077
227630
209856
878216
627362
576496
818420
524093
529389
310649
489716
138773
219208
368509
664285
220175
714617
634493
985784
806991
621046
424559
236599
705346
306427
472993
747933
227424
853195
256604
258766
529274
384234
368622
321457
825563
759084
139878
263623
288474
264493
653339
327247
383702
835814
805498
503877
550433
439992
403628
357425
875004
642154
494024
494318
848581
780983
242252
889971
634180
398856
148738
163455
683090
331326
384912
422620
990411
338756
586244
278886
417216
153550
420100
700918
889365
225599
118762
353765
479558
422390
611190
268529
964544
919180
662847
727092
700165
805099
531030
248312
203956
579768
311767
701013
811095
510645
123634
715473
663367
523844
894359
980583
491361
314460
681502
294693
354026
614230
548458
733584
936621
973614
902113
815132
892795
564962
456192
506927
370062
887222
655239
387985
466992
780972
902964
192054
205584
840564
807527
768952
364410
615853
749536
669737
830314
345006
864430
184341
859236
326855
731891
709824
300470
547971
438924
193266
112934
795116
514160
296963
682339
169400
498914
963297
764339
401879
155352
869923
242444
776845
552842
420820
392700
216346
990557
136981
461352
768954
135288
234555
995809
767179
758346
296280
315151
197271
303513
242052
806353
717673
352981
488693
701039
751895
451992
465379
153775
421310
249270
210185
198157
702112
531006
404823
818458
521564
441804
193777
290520
477092
242299
200296
158238
900645
396577
287355
911882
514056
343373
718236
145696
596354
120896
746735
262216
472888
126082
315991
708165
275352
426177
806322
791430
857183
211146
609890
292714
466916
703667
397200
757974
845966
497497
816212
660578
794074
917533
572461
222097
260908
204664
267793
671228
225561
828494
833445
512415
854576
963402
220581
943894
303546
926903
735326
974695
952015
345217
267411
418932
862850
564611
176907
622784
962108
807085
197329
670149
638586
669791
706212
713460
688421
874005
384689
813982
702501
218135
326399
471044
995504
446980
414940
299051
287851
150267
273748
153833
309450
355125
386732
986266
819736
377605
609051
695812
184692
620347
279928
637244
290139
886141
350705
792526
674113
635394
606510
376615
667496
746875
747660
576967
107822
976566
776018
295673
126834
863732
263473
250250
218858
550205
236517
852561
827810
659535
462340
826468
279883
642268
463713
383988
528410
628384
176515
116491
177746
683025
393106
659208
343867
954732
236176
351690
931299
912194
461329
872099
689894
624802
122350
808752
175008
258868
661314
902819
818403
123655
643254
998286
579890
920934
382275
922266
549319
372756
938757
627065
869748
245831
286274
213616
200564
336416
465306
131865
162578
826636
903964
752472
451439
840281
561225
440414
999149
136507
257200
817553
974127
800454
729806
554018
721389
926047
390252
184676
298804
329010
711741
168553
474841
811982
282170
575406
148399
561442
521237
210977
388079
339168
777415
653485
179450
338642
993899
992565
289115
251100
724085
177209
865520
453892
545194
586911
293906
835446
671587
492711
164457
297295
475230
453265
923243
571366
842637
885609
132810
277841
910552
334855
430975
687969
888340
510426
840577
882240
416958
129693
947306
141045
120868
812828
494937
566062
313706
602810
401509
799259
995521
379933
996554
384718
733198
833765
856085
575836
719375
888895
667643
629928
223751
998618
317898
112093
423011
972441
808299
739970
102135
755607
781015
936969
482402
189919
503032
696108
692729
804542
495368
602217
184476
405889
886936
731640
239655
743022
221443
859030
545884
789086
402926
669635
701671
534790
595694
124684
507233
317961
764654
423334
887534
545670
360304
369937
549555
763337
966045
242286
567880
461414
658469
566322
681269
545406
211929
820925
202395
247338
593922
648279
936424
896848
231882
638096
345606
641542
576746
752839
859503
341401
176174
747038
701037
436479
930941
250594
199817
896987
306846
581663
272368
865315
961951
853638
324689
987846
588530
427084
235185
182453
889330
985575
893268
121213
623672
238875
662755
200420
891714
522260
355787
881854
183265
956825
232300
114208
121386
332117
825161
242198
727746
911496
107514
603664
679101
246169
591511
181598
573254
640662
264051
462585
626238
971285
397764
163878
124127
960519
178264
829807
396746
434051
711663
393978
304843
843963
408186
326229
990047
147314
468427
631760
872776
389908
149392
551878
536077
554869
633476
923297
195533
711494
299849
721771
596746
597613
699615
620874
472100
777879
450682
682812
211932
976311
976790
330741
734242
298943
470937
724290
346258
753330
270017
219035
143239
319409
584880
493283
688245
218357
330547
783778
743817
444363
419516
340565
941976
119133
861439
328043
710978
226088
910856
822910
202401
887647
967618
836643
186592
438556
474900
346816
191887
558883
465851
149093
692259
950731
456342
380505
983055
686889
978249
726873
131253
397766
881404
887196
330865
742844
129206
941844
868933
940062
678721
885300
827711
646340
635910
828269
898862
924776
175086
990750
483660
454903
953809
175920
319602
410152
370391
302658
911007
348641
843497
856227
646408
724903
657390
791239
381714
686596
647050
164614
626660
325773
949914
368338
786079
499791
196608
684943
424568
185660
589660
808229
540563
543470
798115
760165
767588
168508
876789
678596
331115
634254
534824
791489
359158
106181
582730
554838
692778
229781
619453
233405
369520
569368
501743
155601
969160
512317
654510
307695
511943
244171
929890
866472
601607
728007
626639
369196
710481
417395
947792
941596
951649
396584
733087
224774
402765
229784
679613
909509
273531
213033
142915
543052
596367
544658
512619
479494
870941
167130
687190
382885
225267
617081
249359
726874
259055
689964
996070
783502
921325
943863
725100
786942
254414
372154
825682
557180
415904
419262
466690
589435
532295
423572
132488
128664
782196
545107
508158
653139
526203
195349
849990
651470
626397
913315
378345
785452
517246
374416
482922
352539
232247
121989
139482
386661
394143
779130
757807
710047
198394
138465
213449
630689
462037
245938
573319
244234
605011
895444
711339
131216
904759
475297
596652
531157
302579
788964
230577
719826
977346
613499
886331
209594
635488
925813
410222
843597
704944
981995
467611
717304
934426
581060
261961
396464
726998
735280
454665
245977
630725
979970
191159
535486
369234
687811
880609
571814
476776
111187
205607
454124
538652
991938
477684
174141
831718
701872
831704
450629
683869
299316
167935
618296
780377
329896
828727
421342
879142
197359
567319
423835
177330
658478
773287
446565
260257
653897
832345
637033
579051
937952
905123
117704
929891
296775
105812
675576
898647
837516
126206
496483
950799
108107
928746
731177
251969
671440
966485
131113
768799
447772
368914
760095
920216
142202
206661
180474
610065
852972
631474
189117
790925
536598
120788
634783
647339
126600
310360
459954
778082
250533
856437
728882
258640
699150
374026
410610
370591
254479
355689
139391
602251
624603
799487
522468
580771
820114
602943
190837
673088
234418
279955
377980
584982
214709
912764
232323
241309
137091
592277
833357
201590
362681
476207
274197
961832
750233
584807
332424
904712
754462
285782
420930
293032
985269
843399
773803
719350
446343
864640
306405
494727
958561
584386
893675
987236
411117
939964
142512
362174
446208
875870
463765
708890
352078
637962
584689
916277
136736
731079
734957
705164
916861
155888
898196
816097
813253
585966
535449
173563
364573
655820
482256
237102
240207
375933
224339
465290
315898
266852
727465
576073
956688
105197
284964
308767
557125
683619
139011
507827
414699
687934
126958
331562
657789
925154
147660
385009
511121
497075
458573
689660
152897
840829
826762
207070
130729
951102
572361
260594
131921
213793
736667
988609
132956
835597
211343
504047
519217
164320
911874
833916
752255
938832
979444
324011
777953
127106
609020
203041
438147
967593
792701
491044
722390
619465
598115
753119
484534
984442
913713
516455
198236
650381
419031
145158
485979
530374
549205
819162
594694
375046
653080
260916
313879
546491
484927
905798
487563
993948
108840
825711
875508
801541
316756
597899
334973
728837
264986
633473
627246
178700
963894
725482
643048
382926
684606
942993
813300
233812
762157
407996
508858
329204
568912
636703
775695
867806
542502
263260
861755
465308
988971
651230
180817
219694
249131
329756
762498
328083
863230
389745
406783
827125
929194
863797
210053
613801
806792
923353
661580
568950
245316
170439
798154
628195
621109
487816
496002
163612
651076
271724
442887
640048
822954
523704
673709
886051
753460
436208
214135
616691
725953
434885
357784
569114
298683
467837
182917
105476
305157
744497
488392
364440
728902
200513
892635
350012
588330
302604
327591
239407
474328
584444
693422
211249
108149
367132
997301
761609
617306
125403
292268
257226
460288
550052
726341
658972
831855
723224
578414
950978
467722
966807
315419
110591
167321
122021
274570
655651
324625
416127
709025
612919
900571
402448
724169
822686
583546
635437
498262
200853
660840
690530
272045
121130
154549
898386
594068
800370
621611
172483
751350
903299
139291
880735
827857
120579
902757
102428
590196
227383
332521
299222
654269
233093
515636
378439
869745
999182
827842
368008
114002
402649
872505
286048
337745
927054
998400
831813
641392
533979
818263
306709
437279
857554
187445
265137
792099
990202
181531
382297
217587
414052
581519
685822
461111
997156
964261
330857
910305
706070
598866
924308
108720
471372
124323
346466
312393
936689
992245
767751
470669
810509
974460
721915
582031
161907
801018
374131
152110
882550
570394
183663
210569
151915
769485
485647
963037
647713
630470
873343
353784
143303
711618
276471
428641
649907
436903
641035
586598
429149
322753
871233
153626
297215
593149
635657
359122
394169
823754
325198
190686
394150
408862
215221
360031
992313
600868
237035
640028
231340
924344
807778
274643
549930
898215
603285
199838
335119
158287
600402
578235
295006
385603
631861
492221
878752
181485
665309
186888
819205
890508
277574
213356
213337
306762
387353
205651
807630
524388
659645
852936
448734
381391
941546
812630
279607
458798
912468
428693
431051
426838
820894
626057
712441
452756
932245
505160
448207
597555
592049
267413
402030
683589
294736
515367
890351
582089
534985
697983
920444
108597
464886
283145
303954
320399
995775
397528
679197
822210
726221
924214
163015
547116
550273
775456
813838
482519
280618
176012
894040
686633
343425
296072
370223
538161
625405
260576
934217
974356
772525
768628
896920
151378
951773
200875
371778
861515
498403
950975
683726
224625
789157
746742
585707
339431
436165
313512
635916
616783
389524
443923
217383
632950
553961
487607
985077
179368
562149
833261
967690
248641
601890
864611
300019
467630
965487
571797
329146
463891
436740
912873
502483
225898
573582
988190
379295
909747
215670
829177
440498
505194
187067
557881
952110
641029
859454
851155
634363
335570
598383
602054
484211
114241
380633
684231
481871
346121
169995
624984
623978
506735
537858
126462
546599
925406
928619
825894
835154
144290
569038
275653
463450
656106
647501
415562
297136
506956
266718
745465
742527
765101
347520
140705
779342
628153
724936
175181
788240
794932
700165
412220
215634
151990
352648
662234
977396
281268
402095
812551
239524
785100
902171
602975
441207
463639
918537
552309
784561
999221
297775
441055
678289
545295
481761
371599
987415
206698
446780
775656
815596
146946
101843
845197
198936
354492
507432
990298
449726
723493
716816
589251
508594
532954
192227
849801
896593
924730
316077
681156
923952
513852
122212
602242
873114
503973
873841
774496
524638
234588
464119
254201
281534
465963
999398
294436
634421
506831
198701
984147
144292
815518
573399
552886
348473
579592
316655
245068
504323
532732
740190
342242
860551
762402
758451
733666
180343
546259
508163
604981
680848
872282
759182
776348
252212
758582
884751
786633
179380
983452
770782
223672
712937
258148
590525
875377
651707
807180
934411
156031
253879
674602
312240
114431
350971
970691
662063
431314
430917
984192
936295
111766
770442
609445
702081
922654
281994
586833
623255
361374
484252
308004
399013
111157
466152
889538
800500
117860
610685
734912
987857
764564
323481
300098
692962
574452
184756
355026
905767
515673
339220
756029
441406
923628
279441
143488
846283
461435
544287
383505
722810
842505
591509
121824
767628
957662
825328
568129
889488
436014
303042
877346
200579
526523
991410
707507
914942
176167
962534
734676
505807
215721
490706
847213
953315
584114
804667
713565
945549
262921
997071
582326
105427
588581
518116
773056
460210
343445
255152
349700
679459
458195
141013
694005
798684
132425
315479
627593
122558
278014
362270
442331
307701
666943
203511
261017
251058
908178
788549
196608
171100
785621
592901
176528
374203
111018
763550
734414
354464
918702
898080
847889
290864
939093
455861
903515
885484
671341
531109
822009
763321
793380
264341
884989
374290
367853
959972
525348
276032
748522
535922
261099
534144
128824
251593
808348
139843
829109
456729
308273
747812
354810
156163
852643
293904
512025
756159
993355
997332
287269
815365
760654
894615
893672
645644
268906
261526
605618
608220
351525
268107
144144
512624
702252
986933
578183
424567
126777
407293
781296
335050
155106
950072
305180
821715
157943
717205
577875
151299
628504
679111
780630
389159
487693
674304
848770
656600
835830
368355
178787
101322
536462
222931
427912
238715
209866
906095
563282
150609
313389
258545
299626
282462
208618
504806
104178
266562
135978
496020
231827
664482
989097
912458
953641
476791
586763
716378
947357
336560
984733
126146
337883
521197
163043
665795
659912
186875
485858
137162
237485
699247
295707
437111
881709
318292
755883
799854
398820
791861
295875
530647
456344
284973
443106
323952
575730
929869
940331
523089
266431
925065
549235
418280
360229
612278
898041
920142
699154
383900
871270
750605
983148
980943
101683
778824
299236
757566
492645
598056
463394
688520
942670
733704
787459
385777
957656
363191
229614
811954
786280
310011
650987
249482
628291
911216
675726
440299
745325
288847
724200
616596
939452
621315
597541
855101
314106
710743
612668
706752
222767
890028
309239
165438
623733
996699
365181
495357
273857
494795
221278
874103
618772
772265
123586
161030
597449
613278
501330
342775
802126
225531
773338
655545
660812
284846
424614
874918
809555
851248
495637
932322
741278
704877
911726
365012
615543
190875
760369
789400
585670
881648
577470
118410
567880
515022
179440
165330
128301
580770
322072
744393
620267
909376
313906
195046
108189
638520
969965
817744
489769
379569
664034
231048
984446
575761
410027
599990
666636
170397
303357
166274
866011
694793
998649
433893
209816
178090
413189
152084
572827
549227
796477
193095
458604
924349
202108
466793
562870
986039
198505
866606
365609
762539
911620
350057
338301
321648
764013
818904
392046
881337
799144
172024
576131
797794
505917
685948
875884
819107
738032
362678
282301
448476
369740
640906
372827
471848
921665
749663
457888
120171
616270
723497
782710
527892
973554
934978
663506
651535
667849
869518
532873
466994
941543
109005
178755
447461
608919
868605
180535
346952
231285
362837
609395
501025
817709
796188
872873
653341
545852
244728
673513
976089
868225
370190
503982
755747
305169
981454
407283
786984
850974
754122
253979
792518
763127
246700
153946
286014
115307
234482
446932
246592
411285
956327
561583
142961
752516
348423
696302
212336
493151
283782
188426
275343
553973
592408
931090
673108
573863
252340
460094
338804
906462
528039
131323
583557
674740
185270
769571
604013
233718
130470
750605
458969
986798
226155
501930
653281
474578
112199
765617
867729
295982
854043
143073
749955
360418
888130
337030
748248
954436
611090
987052
860900
139131
118377
358424
627837
203647
941961
145817
251331
972431
796422
610300
873196
836543
112231
526479
311122
124430
292097
992817
320412
960107
949856
884333
320526
837987
135331
968774
792425
646421
955828
567292
599518
888171
825716
141322
905784
681644
187139
157116
568042
797527
667416
441240
634071
593613
867719
759159
618043
973782
751977
752422
933890
701835
550722
254418
539823
500019
137159
246215
146442
906953
713507
559926
795125
453190
601249
700910
948800
602354
671992
516844
399883
339409
858084
847920
746988
639770
607081
278999
613553
359059
931421
547445
960894
396110
615829
414685
796130
652988
560900
756538
559943
188375
230431
269035
455531
645646
783912
404333
248002
455905
821177
547885
609281
593228
395806
356270
232999
902887
535269
746552
175914
380657
207964
950774
590734
723793
365460
300831
290749
740327
957369
664658
742668
101767
747659
198200
647414
531572
416499
795416
887478
237677
343302
496760
730905
553074
666996
863904
369929
202267
524424
359809
396890
632388
310584
887624
270149
490011
188456
374864
230339
959791
853488
786973
961559
601148
885173
608974
132722
301674
404391
834166
353317
561659
244893
898189
928699
811889
762094
212595
828122
200485
472404
225014
732874
682989
112639
816989
173001
201096
105820
217306
974853
859308
818245
936413
460457
617385
545388
493179
733025
849779
241312
986343
325405
386205
884533
254106
198096
560594
366701
840184
661080
653072
965198
307921
336062
891804
124911
323029
906866
944696
354301
881720
804005
172547
818135
264463
689932
277490
571609
422959
941236
712921
409303
266642
913093
207803
334714
111190
668397
515382
765340
243444
168455
730540
451365
404517
536311
390242
541512
443178
334939
795813
324899
952910
868360
957000
217375
558293
234492
602950
795218
175729
229838
204522
256337
142932
226291
491052
968087
708655
820400
733429
852099
888855
377936
217432
207339
814247
421640
648851
171392
570546
444665
310257
523457
226992
267259
554798
685285
315717
971714
394471
305412
201554
498993
461749
158452
539251
766767
940506
247907
587168
673936
913972
389990
865838
945370
497329
680086
367012
146181
665444
751524
404812
875701
188948
531804
142961
643747
131057
272644
529428
425528
478056
630982
738487
753772
603401
277739
434506
543908
425646
835641
131811
253586
225632
811615
198957
622962
405668
379935
583109
971112
945425
887922
846814
134375
419727
889776
592088
364750
976386
121517
690278
368410
566466
428767
122183
169868
606506
370655
527742
846119
120263
473519
913671
245896
285135
926594
682824
590803
306531
265934
561916
251957
967822
408731
200298
301517
212474
692386
566267
188862
713904
256547
457272
280371
499280
393421
264205
919752
578042
691947
765872
598306
165467
593510
658168
264568
520106
340993
755371
640603
420893
317288
706526
302683
626019
806825
504200
652460
499212
970467
741322
127083
227015
112561
221420
626295
405982
385625
460015
797990
891538
225888
396297
870971
633365
954465
135540
153472
209425
790911
608041
444285
922165
314568
646968
548186
121394
151169
200647
434573
935602
755935
375622
976584
768496
497043
516846
988444
696634
876861
786435
588174
916716
996699
459146
550082
865131
408653
517520
974557
199565
125562
332809
121732
254096
793743
483884
275491
758878
498497
524030
694481
254433
799652
671066
836895
210662
187914
739306
807297
878741
525742
395472
795458
436408
668584
259507
301541
977237
677027
190065
990769
616555
422874
112502
770652
130584
410352
860109
789462
808849
384140
483944
877248
997758
968977
714144
208422
970857
453451
915719
849599
793159
225158
645059
229569
793742
718532
345076
684947
395561
435141
675717
826082
671981
602185
596735
702565
912537
456845
492028
635353
654951
789938
512602
566677
758916
140713
675099
729774
408130
504785
579375
115256
543909
138401
158791
251618
756933
403867
836565
966460
652974
426249
792544
238922
928434
303246
841487
754938
660092
247482
304258
229010
937421
630826
695687
610304
671539
284753
340080
893635
603504
733421
908892
147414
685788
967683
299033
356688
285518
949564
323150
838492
375815
929660
977415
218216
232907
732869
787121
706965
880352
991379
835976
731740
622207
445630
256011
207713
630384
496091
101350
233889
143479
910242
195270
729267
791892
308269
899922
977410
257834
137039
815904
447615
966699
707286
479798
113573
440156
266920
634505
234475
172266
470482
780181
694473
730078
936193
716153
360463
346251
717503
408319
389731
541712
503589
932964
333605
711858
746853
224983
783658
783892
854853
145241
664558
476106
525039
678132
816262
605925
226604
864704
592157
511052
644886
286632
241131
495046
902785
501595
741298
534255
723880
944995
975967
227470
877960
223539
753294
624815
262488
450919
322674
931307
496160
887233
407414
835165
479332
223678
355057
605936
902348
847215
116989
461201
947813
172086
856248
764565
573681
511513
298821
211528
456509
188755
252964
248436
226260
906258
687217
302715
357179
909892
234023
667305
711092
541438
502472
190425
579082
757529
610327
481431
604745
541282
756598
466525
613368
612847
231091
101017
124361
343878
212545
480870
432633
365510
543273
472860
185735
230491
675575
442914
140384
723564
110221
751476
265003
426659
755867
658051
184189
366195
953448
602901
721443
710048
969426
334813
236862
200519
335830
261224
358363
362341
556060
690997
627851
999333
977823
713587
143792
567365
970467
998141
204896
894654
749619
283866
321314
419453
841917
405504
599615
795367
822371
321059
419382
791798
555872
556244
806283
705668
631434
164648
968010
101462
669611
595862
914761
561401
223416
958553
942732
193885
956696
147629
988539
620282
331495
223821
853701
173414
529325
453317
782747
265663
674377
202130
871427
144216
572340
677712
663851
203776
656326
631862
119204
239904
141691
933965
615271
265108
892520
558004
272959
763183
605633
175465
383466
837129
299286
237168
824509
642577
504452
607257
808240
992795
623353
679669
950977
109660
271348
614829
127402
741640
246692
146606
795510
202350
980572
410782
281424
787059
782752
454383
550243
388386
443814
747675
139482
557067
798809
863991
199645
303262
385215
821852
296058
822534
415488
247037
832195
500802
761866
773563
242443
822525
820170
851919
924875
800743
176668
120266
501769
859420
474649
952012
161773
732429
613654
201256
289497
412464
879213
303109
615727
264430
938927
725751
900930
354416
786754
733126
755218
548622
506691
811627
285114
240828
663547
123956
855537
740215
144222
357307
513602
432837
223286
575375
979232
736940
676631
268731
149405
555846
385806
665132
634242
324734
304851
535173
493116
991605
182267
248335
454194
502924
873928
553274
643752
451442
577230
413256
105624
535418
670563
519226
868255
793849
994601
847489
530790
585200
930186
494161
955012
229959
973260
589255
454693
278112
938394
761775
269718
934627
824076
537879
437552
698005
991153
895270
963413
568385
308527
969037
103804
793056
488264
786026
586906
396832
633516
931662
882032
477669
425825
751011
607628
399086
254233
876287
491164
192629
638063
574848
941222
462140
112728
292742
974111
103883
188013
937525
486234
310507
906563
404004
917529
308794
190031
418403
519592
637513
350066
315592
115183
589857
966603
536777
802909
220838
413065
208040
227433
951128
682889
168656
327235
695617
361398
215313
613466
363378
152839
999700
487851
873368
403706
405381
996128
407703
723784
515722
945217
887817
731314
960400
391641
697918
497179
194552
732722
724210
302592
774121
589306
799447
842778
816541
409032
118143
845821
922498
295487
898660
836166
683338
685996
153839
902686
682125
461542
626471
197848
406760
428255
829162
281128
719897
441048
592273
728415
987736
316484
844973
761859
719756
644422
604638
450265
953454
536747
296087
789919
732235
194748
626086
329540
780744
679925
232227
376837
141469
672665
474685
362195
100921
217815
543323
634784
472829
949562
363200
460566
180014
122141
222426
799770
666563
641030
250036
533984
177779
360089
323904
723980
454838
849991
953520
149549
443883
999714
340352
485352
672380
715038
747548
587267
746819
204838
136019
219649
154402
313185
580215
148382
335326
702642
848152
815855
257639
912155
349840
335418
272245
573745
959398
541049
337703
826886
504565
681586
826601
744917
980905
412948
373922
728454
814181
120742
747258
850200
240391
715626
163387
720607
764008
312679
337216
526128
128536
494855
352250
378376
644240
438461
766087
517605
793477
917756
258458
298043
599344
985059
856926
580250
311974
144816
222671
940122
165558
783895
790323
219916
499523
767676
754489
177498
894322
905671
517592
922858
400527
683808
215201
858733
122271
881289
376340
815748
713012
534798
927757
312357
433825
698650
706573
559765
743466
743210
499888
809025
441073
290213
842907
754562
871855
597397
832060
766178
503069
263620
603003
717562
847428
718205
576297
783665
513461
766603
599414
226474
301402
441138
352798
549193
139790
873337
108960
783256
616549
508848
506248
871588
613027
349156
626151
398850
760519
372178
165029
263589
535798
668033
881152
297194
300205
371416
980859
713666
138020
494241
840140
339422
835379
192939
702582
789135
966277
711542
486359
496793
134357
806573
368382
647385
155731
808499
946235
730216
180678
925230
893806
530443
507230
688925
727637
707435
874307
708497
421102
912327
116705
175210
165716
766051
268149
768298
555187
148393
393807
941546
459152
428165
748121
727534
889516
717818
536034
835752
362001
616713
674949
169774
961122
996146
758699
688760
703582
633007
311224
938651
459301
327930
113862
525018
907947
195977
207283
463135
158337
501091
318649
517489
829256
880736
158991
632739
512521
595025
382458
774522
125705
957407
844297
986827
953554
516963
589554
571104
963937
800779
423722
423239
942675
351550
762223
850623
447527
869507
227725
419830
370599
360340
837320
113822
241077
896311
646561
567564
405303
929019
342088
344975
800393
100352
245769
667915
431281
735324
239020
395219
450070
562742
632425
306712
814292
308615
157336
175786
178123
199027
409583
362688
459368
246904
290476
514411
957181
751003
981976
276451
593989
238031
521426
394384
238383
667196
876265
569664
316487
929251
778850
666557
491994
325242
787235
220253
447823
758537
210005
439913
857564
519588
702601
230899
580458
807044
645311
537640
558048
627288
714092
966004
765319
149485
274355
817668
630647
150621
301299
847134
979872
894115
427658
385833
219358
214894
420052
481148
873431
530057
821061
730997
863612
523663
861896
444071
244674
507208
795678
616689
948462
423737
582694
713782
473222
757049
531451
103871
807670
732751
764971
701509
540833
192631
987342
660192
307525
407395
141341
994923
751418
776368
725921
528997
213998
501784
873069
358673
822959
582714
875362
771422
906451
372023
399172
293640
129073
744589
211477
750709
391307
876449
452219
832141
969080
439562
406300
190572
660923
361607
185496
326308
137976
725383
755306
251974
141135
628376
424613
864094
125057
213942
549483
931508
485965
762621
139115
515038
421178
250593
265748
712485
127043
617967
458593
910089
871495
678859
914627
532419
940466
914090
672694
892408
553440
428001
958349
594575
870343
382963
372636
895400
496906
736086
740875
882871
412674
779990
311877
733852
844549
477625
360305
871592
909559
718898
695648
781055
397759
524243
227442
252192
438334
800136
144602
891774
142104
102952
486351
912447
385915
672953
721814
696787
409040
462690
579660
721715
156647
791537
369534
901197
183129
629839
686756
992688
348739
382406
687711
560464
806649
729119
712656
158950
529256
671224
950724
571360
674176
351042
397774
874058
923996
119589
570846
247003
396245
964472
782684
452892
669976
152220
354090
753106
596025
940847
659761
758730
237220
347473
319195
943869
976592
845818
102820
419815
517043
867510
805141
105187
218554
202916
879245
956516
136471
364058
117486
432716
328532
714137
785609
898508
680323
953665
565581
276349
808479
225344
935080
945699
472817
168242
803535
363377
828026
806355
683192
345071
587833
402301
264224
706387
419183
143470
576870
455655
407528
508322
702337
550026
222460
401913
448536
802783
355580
828083
979133
164060
953427
828180
109761
340212
896422
813296
603589
638416
533619
200748
797453
121453
503049
961677
641806
736199
919113
132643
191855
240608
540965
708158
690635
663426
110073
953137
380176
279619
781221
273276
343679
648616
101457
267406
888828
811846
894669
492418
450263
342255
507132
247717
277674
824148
123361
819480
560348
942474
766089
566169
183083
307055
274328
687684
784447
284401
640822
164625
464020
336011
337901
621666
884627
339359
703038
773456
965171
511674
179841
329401
753929
500939
477118
931603
325088
414445
665050
785436
356920
431140
265572
353969
638196
439901
941654
336610
538268
496443
401235
816255
732454
639137
351888
531048
792462
954926
218471
671600
466602
298312
901001
134498
613218
292086
966102
838306
606531
545119
537710
863451
876260
703282
217421
428423
957149
973041
665033
409385
469486
880235
225641
201941
433339
477529
546956
225802
346422
665427
711368
626990
777706
612370
661489
390925
804456
541558
229232
324954
986677
580908
102372
776904
198158
219793
205328
155308
192836
684328
464693
476288
564564
504300
578229
897903
795795
125186
937671
142219
604580
649040
669209
382287
175377
244665
673212
879833
686223
716410
118754
586868
297320
121126
363773
395478
240919
469102
364752
247721
967396
643412
537975
445927
147713
116206
343831
843509
955357
195469
799694
473904
658475
382870
756191
733852
527536
429404
527652
127726
145816
546406
614594
257102
567532
878368
466546
622417
261437
731298
684105
142800
288677
222081
488727
250357
152253
646524
993866
921577
741993
707527
395482
314435
990397
151675
948287
431900
395045
389906
373593
354827
836312
888187
511929
317811
680522
878475
840228
755925
523741
438300
798725
626384
560382
287453
776741
526601
833977
684574
448179
489937
392102
657628
704372
296467
623269
566626
628367
918314
856532
901960
273143
692845
704115
599038
824622
384638
391481
664852
140565
729188
917118
839290
355573
391467
940710
132316
818069
688654
630856
180215
178593
922959
737843
696931
219427
361113
263559
661760
193395
120092
477688
280504
626904
995769
779542
451527
294374
171024
930345
334939
800212
847465
988196
969752
238933
842873
916034
870968
531528
546891
951184
610121
469851
602994
307054
503244
778074
384579
978971
785435
318637
370626
965939
759507
366396
745482
211036
560770
730473
955347
709676
444652
716779
611839
414405
855713
454713
244406
640648
886241
691298
505799
410330
975115
108795
531350
392327
700835
815929
371299
486271
134567
555891
452211
708041
822287
111660
819077
297024
656099
688391
820666
100753
405172
432506
329124
260886
787219
473531
715500
587428
978795
221301
897758
953911
230096
343075
346239
830931
159005
531504
231169
107538
987395
583380
715579
723649
595040
448623
834640
251141
137016
655307
165860
442188
901780
308950
517040
689000
596447
232541
190395
575243
267808
902119
529156
397904
245195
689361
142802
304200
220867
273971
225705
122229
671317
755250
659845
180325
203875
494486
245432
154857
963759
225258
497045
865540
434208
828051
468508
930656
874558
558903
505900
142368
461024
849022
440272
520185
538385
397041
724386
659252
484978
764057
595447
970262
519308
255293
964553
537149
563745
209986
592006
527506
335244
903017
393047
583418
731069
761555
514075
605629
234426
833942
647997
509416
682965
902235
929601
221351
213243
567954
694569
512188
332012
203984
482451
665287
359277
360971
116403
736989
470957
608410
264496
620167
425394
471509
203586
970430
147032
531628
576060
281458
365571
138024
604840
948536
854225
534442
983854
881435
102398
592390
307590
248376
696374
604007
813663
869618
864978
744033
606608
335936
352444
771104
770069
591804
156580
873655
562235
203612
319250
952261
299036
584821
904251
803876
447325
672444
252286
431180
553880
254684
923570
761470
317026
533912
279444
130691
403531
144423
688690
910139
380359
855100
595210
964394
446905
651790
752016
909141
669369
971267
775369
782371
556089
679622
500215
817380
352067
652501
248561
719913
721151
986098
395350
938177
520011
574794
882834
737508
533183
571525
647648
727508
426626
242859
691903
773532
708615
443920
596640
291951
415188
372010
974323
785244
865598
474539
602625
131632
127041
665153
665511
748192
651252
960861
686370
985229
449622
569206
722738
882805
140732
284353
610314
467359
341178
216184
154858
949793
560105
651498
241746
875293
837474
216070
574504
703074
504575
177131
734706
531616
742284
314185
193775
307503
189013
694111
206699
538636
263318
743403
335408
218017
927756
759689
499342
268935
789839
468166
132695
349945
119665
274441
139206
771105
304477
613710
474180
709052
690841
122854
154635
347092
251005
162376
554595
340018
756488
661294
692620
833772
404698
928029
865755
246421
601685
365098
415356
391525
647230
448052
555437
580861
536459
594643
351968
654903
208354
640114
277922
713162
576934
332558
960254
727939
308900
428817
967958
965388
990111
660579
799162
308777
502575
664918
455198
918226
843983
770555
309753
405180
132574
765190
886042
482999
273800
238011
137903
296120
692091
315826
909282
269027
462350
783504
896966
671250
212322
778891
550606
116400
353438
263735
325177
756013
742619
680376
674241
500569
364898
797960
805750
311438
477117
691793
694437
650917
743770
646307
847037
435862
776099
670287
604889
152416
367758
415823
637632
480080
194715
188239
410446
448153
265940
635624
118134
908560
229967
692375
409130
408831
404302
128847
534235
781419
720640
228673
432337
464411
688946
193341
800274
379012
763628
319130
431428
131387
634953
969061
425433
643635
971266
649846
905754
151174
199437
837854
959734
329404
530230
282831
552201
834532
225645
986436
615952
846285
129076
862255
224664
718023
955597
924938
911001
633192
158035
342431
578546
692989
225459
817945
250591
110692
467792
970311
161866
567229
808167
935566
710599
338398
132365
262801
986897
258010
249238
516816
918261
278315
379073
142926
810304
248637
881830
721306
781829
939866
877703
274342
632856
917128
992288
697413
927821
460081
667725
903653
841277
475893
753187
551877
628258
785552
714679
529122
857528
777883
945938
775790
870164
238978
818717
594435
301581
700548
315743
897377
554381
107413
171720
187238
924542
164009
698617
852364
438057
366344
669984
193301
656203
423172
645178
284462
122691
273824
713584
880219
865674
573490
656011
735839
626434
388695
330276
828016
903209
459985
725394
457592
467398
711080
458796
305907
775090
157415
972237
127114
337725
642223
220415
893928
965395
679559
992357
902053
853384
619908
782273
719059
107365
352251
368865
633800
640946
599141
375783
544157
873092
915143
901749
254458
626224
274512
460365
315281
331927
432604
256361
483618
974827
376776
291514
854189
870302
283872
756243
723687
717746
452484
356713
725112
704735
539544
272879
345683
952652
548662
703806
825745
463806
519522
980203
903996
694034
354536
219279
839928
687140
375640
323547
575934
566383
515061
344090
436686
612899
914300
974339
330647
366785
245019
955759
971520
684563
228639
231170
637216
591267
834976
376929
869039
354499
271099
773036
862500
525635
806281
702429
126742
995888
839942
602676
476238
355005
760733
726890
781870
675034
701230
112518
855785
760215
882243
741272
358745
924848
872443
809928
516116
621386
186858
385156
789852
271923
972159
652353
697559
778441
268749
724301
774330
108692
240945
250569
277663
901678
877459
873500
490679
492656
886018
346465
166838
682229
901703
425584
607078
774147
149479
937161
395535
150303
236284
999353
322226
208444
651707
919785
800852
734422
558054
575183
657080
612965
639719
748710
514644
431145
622211
819289
737768
508230
979720
804606
104426
881424
144157
611505
655573
193636
462633
865074
243939
598917
864428
380132
707362
430102
299918
508215
978490
671938
897364
635571
284904
537084
384282
613514
782196
906493
432804
519965
328691
326491
324572
333117
207917
282696
758588
677456
376332
221222
456497
434238
720140
234892
714370
341469
478960
828254
663650
457451
500194
561015
993022
599064
912066
291272
212580
608229
197766
459350
128195
340423
685842
266733
487507
793759
449429
246096
385182
639728
281285
741679
887932
815391
876571
516269
156861
269498
344524
634477
626949
658684
109459
533938
171716
921525
725210
284296
443721
736943
643646
471916
977366
243455
552616
378840
851180
902045
524937
236363
455740
620188
878042
257639
435580
668580
673908
406407
838078
832399
940884
378994
405050
950343
812933
476766
785836
452110
661062
229558
189054
218676
601475
980387
276097
968057
273194
127279
870103
698131
263642
239811
232286
955651
397450
567866
538198
885325
874273
290244
717725
729124
569238
936741
679469
296138
413509
465306
648249
888537
508830
651269
921179
924271
545623
197278
892329
718818
224557
676400
330916
302165
816211
463203
257817
127628
845035
609982
826919
633276
800226
458611
362401
283431
395354
941870
393536
622829
321143
855751
511367
729974
507021
432548
568212
866611
443792
460543
499396
482315
136944
644278
684480
767121
921447
756264
708715
766484
366247
535636
399761
166474
808213
662162
263871
203568
518000
557407
726397
653109
413159
151732
297050
734147
398246
765263
600759
742038
225807
914121
224354
176717
558400
722800
757804
393815
479065
466520
160300
745312
816122
374027
725752
624337
850155
889624
727905
368156
447032
368270
921266
674158
420002
218317
408306
718248
797546
823031
374253
923353
737153
412573
914036
209520
135374
671841
503335
514440
138363
477601
259753
768451
751628
799472
392789
601785
689097
934661
869941
950095
216898
705174
624254
536900
737458
932560
169115
535005
755592
443368
372326
406712
755941
286363
516233
705281
772171
833534
219722
810534
311137
293442
492952
962765
992914
785742
564551
595978
634370
348460
546074
751268
867600
170330
202135
519025
916856
271250
867997
586416
528584
240324
893128
198492
340653
409362
803773
112825
156864
837462
737325
368001
130905
144245
330767
123820
829987
709285
619798
378324
871711
979838
943558
653278
964134
145694
172305
880992
230910
854268
467409
573460
994592
360538
585918
249212
583867
389692
176004
640731
141121
727295
822698
172026
771540
153466
109812
515494
676717
543576
793818
462395
523416
651343
115675
487551
697037
101946
282510
741913
856214
563885
315374
764773
824424
715258
827951
322258
104952
903955
776955
146073
545218
599654
132066
316759
567086
141878
646220
157771
499421
440039
520166
922837
991383
449807
324355
602387
451753
420832
258268
221934
884717
387608
886707
623108
102868
714660
759332
921785
532582
536288
881824
977800
949908
913890
208527
430962
869735
754747
402699
369157
108753
822865
205961
914102
186640
344282
430457
452359
579080
588725
574294
463799
876333
374968
986907
879201
903594
746241
714953
436178
196496
596779
327945
960371
424636
350438
305300
208338
105186
607999
477495
113940
344831
497422
842008
431471
655671
272466
697797
234752
761191
272092
512517
551492
461026
413392
344660
364622
973599
959614
614766
170096
556394
756677
944433
794996
107117
249734
903335
926268
757733
294797
854174
102566
692220
696184
348003
261858
868650
945800
310576
543809
131859
723094
995301
492886
136487
339962
671474
110087
299577
200207
994148
669937
856884
938583
464935
777967
102284
368271
704237
760018
563068
558412
676550
169255
254597
924553
245079
937214
784321
455656
481024
816180
992716
476326
223033
943169
716288
708473
867222
829832
808680
775337
499770
579532
713921
778671
357500
630172
146943
875703
304157
523978
348083
880707
593233
416646
719227
652279
353861
503549
107936
648851
233697
914618
125178
270696
771754
655433
879170
638977
485266
687851
414315
799002
181350
942203
577675
352817
572376
538584
228521
776533
962562
390570
571207
469763
707217
290435
122043
875044
607951
943944
523897
741648
772529
463041
826310
544284
118475
705481
183262
417707
307300
411543
216711
388650
353747
608352
555433
740089
146937
597921
430589
923466
888491
901796
393230
595709
192233
329239
384721
614150
187150
808618
269765
859679
271660
996075
317930
204102
701558
315158
521809
822824
626701
552486
125441
794415
160839
580875
534505
121743
178797
865095
945209
967288
766892
252406
476965
773091
395611
761686
301208
482761
484271
470973
256407
569897
467050
474337
673999
982574
689495
195810
805399
230163
648296
830840
924578
623102
325682
459085
644845
404479
238147
590055
285735
819005
656427
576666
506064
952038
252319
707272
348766
636590
178247
419139
206488
459263
793476
694454
441838
396938
790264
161204
527101
352527
806010
451681
875629
131694
724732
520475
436173
862879
924496
535874
681885
494890
112541
187950
360895
264860
709189
609661
715416
787436
928800
821905
246700
636243
516360
502504
847147
220591
563708
288216
473118
283685
553863
262715
315379
278596
683190
565519
955441
521654
101394
551293
916544
927901
553210
277441
192762
262400
701068
808179
863802
543836
544051
110503
180080
874377
426973
841194
994968
804647
129411
382053
988332
497240
544768
217679
675836
141926
683198
545244
563580
598558
996537
480125
440426
463714
571532
533189
626114
272602
255335
403883
716438
699386
328352
710484
487730
655325
551679
396665
459973
495056
592684
362273
892296
137454
479952
482099
993345
977116
841309
556926
489641
751814
851017
830068
215529
422551
277224
655610
509119
432559
959493
225558
945911
287847
836042
347608
757138
301689
644273
131079
610711
236958
393352
416975
188378
687270
799074
995689
578353
554351
466582
967994
306166
317601
712029
335661
554118
889253
891271
963237
235779
764732
102762
995656
866545
838804
343265
623684
954459
801504
654763
565172
852429
862081
882147
854773
549352
595188
850464
127706
149540
317047
909667
355706
448614
621697
591368
902732
424918
396606
779936
474663
161339
782698
384287
841850
535470
627552
465536
403896
343024
934265
869068
195454
796348
751216
864193
259667
260372
714658
201340
309912
931706
924973
479585
380321
460637
970953
197021
785555
281526
790923
174186
256832
573623
458473
998682
923059
899991
378185
326956
156982
312452
109992
166402
922766
675174
930596
996399
835546
645255
111706
145460
490928
936679
439011
771250
397318
409965
782237
996839
505457
573161
984991
662289
960750
443465
660973
797776
257424
939158
124734
314406
165577
948691
380809
988343
623866
311406
898710
459414
856661
910416
418840
261557
847097
757851
932807
158382
981782
629011
969187
401206
202173
954180
963496
976890
397646
624470
774667
469036
477595
713367
683443
543173
662059
964252
445483
199893
275659
344194
559307
946286
168578
792113
207844
829641
463931
954617
801989
359680
497595
771177
660886
513735
725358
624383
490626
936971
162820
179260
406008
454382
792628
989451
897555
368654
867670
257005
468547
957295
415166
841820
903583
483744
633934
925393
227352
911831
793978
929341
271512
291574
700519
746365
705309
339845
370749
109902
276817
347536
189163
496791
701918
795757
400210
513440
164412
267881
670445
446926
225178
985611
288747
942727
383322
736648
782087
510674
648480
576066
440016
733959
681607
140537
480325
386917
380382
665040
310786
471165
912576
399949
867956
528461
195707
268167
941901
174085
350015
612348
521011
475193
511926
623725
417921
795249
360374
200009
305924
822820
590042
645941
470746
271650
600444
851071
472533
794792
430079
683319
265958
256622
897234
133915
685084
992941
216049
626986
980993
466064
239335
502005
755223
651262
939696
987110
360478
300071
187120
566402
936858
591128
126310
407605
762778
626754
172644
149279
335513
502723
732598
501471
659345
543800
449353
344430
450708
479368
785383
431702
845432
924718
747674
514622
489947
687371
501733
664391
801409
502819
230795
738268
993948
171071
145874
670693
611792
132484
719972
847305
535207
366538
348778
108520
810338
612097
266916
261047
991465
952299
592750
750864
790985
254391
265487
194899
841762
667220
759291
557138
170040
890086
295407
977954
875123
255248
648649
486916
287732
368622
334223
636906
549126
496967
559392
359465
923030
726308
520513
914496
678609
927229
665361
383561
995586
744814
478460
751315
412035
237752
308455
396041
941804
503862
373997
816929
573076
922646
217812
674775
205235
366001
225648
654362
676934
685040
913827
599965
325315
348307
514462
817890
189503
993789
201452
185090
738604
493879
836406
964605
631631
144862
360648
487403
462690
548611
218299
849733
385224
336111
438475
490459
516079
564123
144822
193014
163130
872616
692980
388445
134890
121409
206337
224394
115200
221755
223450
667770
615634
959856
632377
161233
918684
806991
548636
295342
269569
666935
145076
554793
817012
483551
945252
333092
861640
904041
426107
924770
690624
933053
227182
725514
954462
333519
763874
883628
369241
887325
551400
884875
761148
997743
946108
593800
718701
494745
789142
888270
975646
748184
443064
792660
145702
388317
939718
907342
206325
279792
746079
796949
212846
873261
522465
981275
120748
200306
864904
389989
987631
330271
274865
748781
328015
220975
256548
946716
529686
945690
834987
419300
693875
278052
211961
653543
480336
965645
560886
586661
159405
220932
383612
272251
994193
720043
167493
114942
820349
932398
318897
721948
262670
493763
384696
404652
528704
541244
351369
872356
486935
100324
291657
994776
278376
317584
648320
572678
283231
123173
159341
342636
244105
356919
428853
152265
890928
410313
981173
711278
256678
300071
347193
333314
607800
631889
637966
136505
173134
803302
822828
474035
803626
114486
468812
895968
246037
117133
468648
343234
954271
441955
499836
198377
698874
742655
250643
589803
152969
231817
215048
309647
431888
462242
542962
853655
994131
994894
804126
981232
798197
626955
455268
601824
555408
824081
497794
701445
755180
780408
858645
709453
222364
358482
721796
821238
101138
786405
325008
154108
918222
354022
277721
264078
716264
634649
117734
624363
629545
821860
605596
427743
362783
874830
843534
818191
698912
341329
433603
368060
121738
206215
891479
158068
464697
613276
879306
379801
399683
118281
347875
231872
372303
525597
309916
902534
160247
327650
526898
689792
963477
946460
931502
326261
821291
775037
958418
434171
930332
305988
616197
866036
412203
507677
924104
690866
934919
717377
970667
248569
735658
318544
380442
107962
658107
590358
824462
632320
731975
351361
236080
609419
211788
167583
749646
847046
756586
622031
195184
686919
828019
711381
466922
154189
133025
391027
745055
967944
922370
629689
216515
658029
848233
410923
579957
420307
815247
404421
952628
461189
569748
188709
970608
595503
170258
720255
442550
826844
256253
537734
513764
898238
163082
794652
952427
196107
185680
611449
164052
108051
241140
194533
580046
903339
505456
973969
323648
234671
378391
190243
595860
762106
278952
480436
357610
349210
114658
614126
176055
270912
965826
503785
169151
128909
298438
935545
225016
298084
546995
203034
220101
602101
297568
614113
505442
616990
588083
643056
751661
780441
647265
261489
456514
826217
641925
714124
989393
656583
242217
979414
827495
208044
397166
810613
150919
509570
746159
275935
707654
207121
292935
741721
709223
490503
355835
128632
921460
757884
585654
587088
538326
232920
748577
894840
959137
390503
522931
862497
861053
579114
841912
602515
687158
153045
413129
738077
562615
159289
827978
270270
180377
120915
825957
789600
425384
181793
818232
346845
839677
317853
833934
291971
450773
582512
186812
323877
786982
523710
186375
648036
102825
842253
250552
603950
895298
477648
255994
457914
450903
983973
542150
531280
918854
368108
234847
344239
449901
953079
591085
203545
184899
338986
309482
535672
735464
396295
759549
522447
733971
759890
984449
650762
602144
148969
254713
411409
526617
410708
769323
791486
308648
311474
322768
227503
493548
457615
471742
757415
324662
876793
860961
409561
215780
170444
759200
851245
380705
518750
287659
928642
278642
272110
579406
694752
235045
648085
106163
575628
958793
689452
367115
181408
814893
503849
308911
308442
861465
594620
965858
100094
471414
740786
323621
501161
725196
982821
266373
919868
415539
367998
762477
508147
540108
255850
116866
589119
803936
123029
164748
676696
626448
431864
758105
441342
835713
967016
563750
611145
561637
443575
525205
847018
184362
748827
262146
723525
645615
428519
557360
875120
696517
233804
383268
150593
389655
314101
639712
107558
337130
618427
684254
863578
950291
442360
218887
786005
323344
682638
311118
698947
126214
736323
459932
124543
399117
622078
662034
944733
864563
133361
733820
475048
267165
931055
439607
470786
245157
893285
478344
396253
511713
162600
173799
462005
418926
292686
161978
642270
789290
373096
255185
815505
923385
615117
754014
322504
151163
330015
181204
915726
363376
815024
390775
444507
746080
730382
815294
891237
623669
293639
287492
949348
356239
361291
411355
589132
467943
473333
145369
257235
660395
300554
886706
583781
729638
640721
806285
780801
784702
887489
696528
148079
616481
901270
492586
362562
545619
307881
167767
983254
415487
269225
932604
671726
444482
257926
174825
812425
545225
220195
883626
205621
334715
684299
603368
964353
325021
323621
745155
923689
125077
355651
971768
641558
170888
464356
818087
616507
586203
799820
513729
901690
969045
446334
487384
327494
518226
562209
953885
963451
596370
837513
169073
831086
521813
586407
709406
660801
810028
368529
584491
749072
624180
470227
390631
609034
748549
122685
139508
334753
822505
553237
150411
705517
813537
451761
933011
331764
827936
886898
295216
424308
638378
278255
169361
974157
764663
778767
634959
488658
147297
133418
237731
585443
503645
442329
194478
252195
465014
233987
400914
201487
601190
451325
807004
414729
803086
740017
560459
631024
540882
755676
869298
179261
933931
938659
153419
612561
631393
602345
101221
678691
635763
152918
264135
953374
495247
272580
205570
860262
320533
420450
961749
821723
771776
682720
150419
488829
422738
610879
933819
777586
366556
717084
770813
214454
655744
738199
727016
287139
340545
642203
779796
790274
695121
857897
743649
104336
130478
763185
864598
264977
183636
740314
986701
769378
423035
137121
172175
659740
648000
919960
351293
828522
637046
122108
942977
292791
760307
583960
393896
914818
140130
173693
619059
649217
845557
362709
653553
876035
939860
432118
141014
937462
986398
941681
620808
409435
978802
692983
883141
540770
612944
234435
369293
249991
256543
226237
356749
830816
710197
564611
745635
664293
638305
364695
313512
483863
541370
781031
273865
395197
213151
228845
332661
199550
170527
767435
422951
963296
374385
306093
418033
887329
440529
687326
951287
511038
813564
222003
341856
437728
686614
901457
102023
238886
180120
229501
622749
621490
910532
710581
830654
123684
753392
977281
137201
823920
744717
460152
701183
119103
666246
119217
820398
920741
620509
685652
345746
348040
807655
501568
599735
408237
403027
601758
547123
397113
731259
983839
832569
641792
694421
663224
579443
361780
640506
616644
185701
299190
890762
700850
318293
470975
634033
952658
391717
168510
638311
551430
416550
359934
952998
916285
668171
269992
432010
215295
567105
977235
113101
399676
532995
621488
962900
112439
883269
517374
543049
882936
716564
433812
583788
848824
804788
131788
715449
110472
200298
353761
475868
516849
613695
428868
347101
195833
512826
679112
311129
979932
656348
324230
293575
189344
759685
170442
115749
642955
587816
558798
525892
218348
806577
109681
881138
611366
141470
596588
535804
155734
850349
911673
572583
378012
254508
819685
473845
667334
412764
598940
647267
969112
737137
754808
972423
496823
825251
988172
139779
413068
460938
565671
445382
267516
489319
326521
692848
444755
823109
142619
500489
587426
954292
887039
779404
208801
620691
253250
690102
933455
666157
251336
816534
317261
906145
788958
714084
731397
691098
667829
958431
966002
233501
403815
233519
536786
630336
740333
881541
367413
782952
295998
768805
651212
183038
548210
673979
703729
615426
364082
637185
281584
515419
453720
498845
335531
156646
126896
966928
661710
694725
839326
627713
742193
243142
675198
192946
687445
329498
974488
868824
112451
270487
637630
577629
353525
185841
251610
957254
701267
515692
508406
796818
845077
776092
209630
994574
746704
236527
875469
408415
831252
714797
850094
487412
771905
439259
580359
459351
668757
468814
328176
595175
553267
865806
172805
806792
865613
238381
678013
566882
568040
100386
363701
327084
776478
473331
321660
523184
523824
197130
831599
269044
725893
595661
656456
497800
848886
150782
857151
431611
519596
999294
926786
972863
865101
913557
693622
730716
965905
285602
211565
533946
285988
389232
761030
962467
676529
896656
399618
200355
907753
231218
283365
633647
640845
753787
131448
489733
804570
802566
821344
238133
801861
662097
124964
580929
489621
632552
225612
455527
818155
337177
803439
918109
540375
478437
794543
216906
375094
194162
231227
282848
239347
414592
816496
780192
168380
761910
183892
786916
564477
819202
839016
366339
481300
863980
761235
784888
410499
886847
154382
142621
224026
857822
960731
664401
336260
755275
695273
525320
763404
740466
708169
902751
155059
524666
596910
137406
286577
680803
738288
665021
500006
577305
845326
795273
355252
606562
494128
665752
493411
462476
708373
617437
320299
583071
195805
470525
252314
705045
895846
915718
445512
517982
732436
500572
942648
329347
451944
143192
824116
190233
708213
324124
667539
553541
933363
836757
160104
341458
502510
467481
703934
124851
984918
838200
607922
994690
222692
674202
699736
118539
589921
145249
536521
322358
459787
393136
465672
725697
350295
289789
815931
872474
427879
397437
339982
275209
148161
314053
516667
550672
681534
220603
575523
580420
872769
997411
575111
995461
671615
188814
927967
175503
148029
378455
311828
421783
671592
677500
147481
835853
867289
777378
708328
295170
988781
948311
470379
136944
176331
887047
501582
757865
921616
977105
252252
708352
888483
641329
703814
474065
730143
631782
549569
692139
910238
761397
113923
495797
438898
975369
331651
306188
752749
853945
415324
655497
716223
785704
692441
792554
586718
194024
464387
422301
985095
616639
130654
787546
257970
648434
261612
802079
194184
711181
494219
104423
472579
422108
414186
725443
397479
559803
931632
150229
327715
260923
619692
943939
946627
312135
650460
447312
320125
928813
683579
305222
459420
628199
992768
617390
276635
168347
333436
370819
779529
727656
289208
166075
963730
517360
791519
361210
977163
723152
325405
304879
798041
845098
162785
658636
971199
627212
105949
291325
556026
689529
410513
915446
317729
317248
446803
408330
385596
680240
679149
165126
321863
782323
231201
285594
299684
922720
546805
190814
559839
686176
309660
357882
531275
372445
830484
502475
813623
836433
693801
369651
439929
918280
199064
571625
235530
545868
879955
521126
140075
473072
500218
275904
255396
545385
461498
455081
382073
822269
545895
841912
508447
755555
113761
853688
941967
844245
270131
755591
594646
777898
939208
848541
696179
952239
420167
831709
412074
214090
266802
452149
587162
580986
628053
656524
126373
903517
111606
408446
725788
471468
164325
148202
140990
992052
815856
896923
750264
985987
566482
344911
763886
505691
193454
460067
457931
427587
205743
683971
541677
372546
136121
942805
853532
578140
599331
793871
481659
610937
202318
121414
896371
266644
983581
851328
172663
799438
748252
822927
785427
314735
981805
549314
634393
989225
909381
906290
416813
115126
590263
772457
301638
540350
715263
155171
118492
314595
763009
414117
739499
865327
349497
549837
945937
333079
401166
118601
132518
963385
755495
817945
192087
737301
281227
640446
640493
190609
546738
957306
119701
950967
643730
321339
491318
358995
290477
423776
487556
953486
651859
141022
732780
901356
590860
678719
234436
805992
611286
266955
769378
280748
898866
861466
918049
180094
501913
558543
184670
862617
429817
204371
727551
887513
339677
132837
246509
530154
456613
548032
397607
108474
589054
130388
823796
179915
623073
958233
885908
234361
139155
569253
415109
851987
430720
247126
846048
746600
619635
930718
523184
863418
949055
250737
750933
288733
283574
811408
632853
554153
359441
844426
476593
848496
874815
300391
842377
411855
258625
728286
546216
211746
297541
775292
963733
542227
836384
809782
202794
369986
740501
625979
233406
603524
776716
884339
792257
960290
609714
339078
428410
869156
183505
805004
631619
872286
105396
473997
284143
264021
116251
644325
375767
227758
333584
339501
669985
169969
963250
772780
439956
617718
312726
487328
221243
989442
285634
827467
863699
795348
166546
292110
664505
164017
997114
210091
936304
102511
584089
134414
180498
600340
678739
370231
642064
826290
523699
312050
896259
486950
898796
250182
104669
211523
637510
225913
114932
823144
867346
792597
532460
933892
984708
110932
911875
895789
221024
762146
898301
705113
796560
892765
219420
389267
262998
675450
215558
686697
887500
925783
987613
700264
989932
992282
725753
541409
132162
740686
278521
899508
447250
710981
747367
431959
721913
659244
327750
842937
335357
140018
462017
945884
846749
495403
249118
109748
170854
278642
610411
872321
204426
598025
486552
108325
504275
212306
549735
450403
766958
728256
349913
214210
439238
911246
460135
975117
484457
601851
818056
719815
641869
194040
579666
488620
503410
728784
412334
488230
907426
922746
360552
925818
434738
661070
934144
839013
687343
483880
289418
454302
212137
453297
482478
465341
364544
842614
440459
662968
358432
172482
296750
900302
180489
776416
302889
583899
505201
615223
972129
412628
451936
246649
338447
786675
721685
272592
539655
409029
656472
643039
763332
682575
910302
159777
147917
274848
816357
488377
751782
174791
474825
948532
889059
555314
724949
191949
139214
230151
621138
925310
456745
887041
985925
609158
587683
707611
781751
127339
116642
352190
584345
693940
848732
494648
753717
810615
583462
484042
212959
335245
558833
587785
197744
447893
143100
822693
453808
996280
866810
974946
921591
237522
775954
821483
746681
363638
529095
442399
304944
459703
608555
789289
153644
457288
283938
721328
267905
681367
205371
380864
916612
578170
868649
928323
926063
825716
751017
379872
821997
531795
268785
657555
669317
944740
479039
329965
308379
822100
672364
513323
281805
280921
216579
249415
552175
314484
870743
720080
895851
890080
100946
726430
468251
783561
654754
394315
609278
319739
588153
345242
751534
670905
902797
334818
529612
295803
564784
737991
117905
151115
165282
213676
332036
195827
363091
784212
410311
147802
418259
220129
937882
333171
846560
320101
116734
501315
528382
539978
635020
116537
699187
386555
601408
601985
535340
131021
711755
100125
682978
643626
151240
662226
757302
297243
758054
934359
981455
982331
982161
399715
202462
834011
632887
862988
154113
563587
278270
582495
917531
813291
512998
616719
199847
928372
132672
635187
959393
744427
549278
642373
388054
514485
218566
959322
711728
876620
893682
693184
772919
875845
906865
875381
623823
453719
652336
591902
831272
830606
174398
748805
643898
501363
365525
657712
429736
398197
206866
303097
956590
656145
845470
344645
170631
964036
303968
782359
754624
111618
389510
441510
887463
210342
316892
425253
478028
869228
917155
309301
613801
905519
958106
257701
406883
237599
815413
650586
535796
836245
853683
406354
492391
613120
564965
476988
491123
768934
173314
245748
780552
376790
587258
581982
401099
718116
821201
779127
501311
738357
988428
115114
643877
946536
186781
864727
998101
816160
429280
447864
652406
282964
754218
958764
710050
319185
435753
201174
902085
423034
260889
596604
699824
662113
178587
100924
380231
813754
780051
695508
552112
682447
624588
109956
542950
625335
788649
541052
441496
217930
888916
907869
314860
643136
866634
838876
776287
216354
940051
678373
539388
200941
274978
153180
763054
267531
968069
957251
981285
662088
566727
447364
344536
105282
371286
787486
630618
159937
242505
886080
191833
131422
793950
320660
588524
574551
159537
278778
690906
913554
771117
230295
928461
860061
197441
605483
127593
165512
476701
922844
727600
943428
284175
972136
948711
555462
673589
493296
529365
730060
379377
535164
675448
987294
669790
263974
561846
643294
356718
166719
556849
127837
210981
485312
887898
308422
990795
829458
373934
467497
666269
915500
324893
850445
801603
187571
319874
475193
580867
663205
119220
774210
198370
694669
675471
768161
772609
151285
411456
129328
218004
782271
157165
328985
181550
859030
537408
172346
688489
725308
453810
268725
640810
678703
119171
442414
680240
253011
731574
175074
816216
750794
763250
914587
359430
438723
596715
132040
403974
822137
161369
521978
604409
132500
664930
685960
805496
202339
672272
493986
741613
940048
662712
296390
532718
595849
552771
212959
748861
284346
288033
565078
849106
865250
393632
208538
303974
804313
154544
521914
626451
215913
943892
144828
162380
608823
644754
867876
625128
230993
275830
366743
171043
752508
477099
517727
262324
929870
630687
911185
128183
732686
390231
791256
597937
597829
899794
715877
402144
868304
237792
842561
984218
995651
801355
960564
604475
360076
828441
143571
405036
918237
324280
390045
584712
701379
807772
747037
631251
352426
572189
659434
985113
862420
450691
497017
374217
264452
212896
590327
132758
264654
346855
930942
260306
148212
891507
764782
322254
633915
