722319
627290
466120
946599
917335
950832
647979
639075
697870
193197
891501
270061
666598
876615
946447
117290
373634
320665
195709
400496
724958
142433
565150
971814
973375
725457
933992
778849
404206
256247
326731
126526
697504
692851
887091
614840
643685
535071
167882
341556
542235
959384
425583
208834
749966
372032
140090
123601
506663
235799
338063
231623
192198
803214
117404
979539
528672
951396
758389
746844
207644
899087
773370
805148
591939
660462
333956
149591
109500
401838
305114
551735
275189
630697
574535
925156
816695
614626
948757
323360
664391
200788
368949
756590
904002
386353
736130
346641
337750
408487
993485
359360
307575
680822
978475
799514
255251
312432
849106
178717
528236
154221
544419
703426
598884
118955
628583
415581
633581
491307
638941
297974
592095
821856
868530
410064
208210
604661
570671
359926
913148
564157
619286
220724
158946
597762
834205
228163
724160
597278
306881
252398
565465
665266
769790
164350
684221
312340
479931
231770
617613
932838
343710
209710
754695
212241
433740
776871
630868
904412
136798
544018
382536
570051
578708
355449
167814
412914
483612
791975
824158
604459
858339
389624
269726
542096
453975
767914
754436
747872
813650
372050
680712
157361
395726
349374
183568
729467
940212
628402
547846
890976
172421
744348
461028
565096
999797
442809
791976
483411
148751
616136
901836
907090
905760
985529
449187
273702
753444
117590
921575
567095
389640
516254
538422
599333
679594
535956
242767
619807
164359
690613
510785
150747
348928
871813
615843
348727
314623
321786
646104
363374
837922
547941
184431
743684
533471
447584
917386
200882
379140
752928
581943
582747
183149
934331
182081
762744
470288
324848
382552
448614
829427
707303
499361
178356
493084
929170
427083
621673
250957
887153
799014
902846
435096
883445
646531
782533
244997
477884
797382
524137
144780
379326
106885
227929
313659
102932
890673
597913
327780
187193
946527
971173
708462
359855
963496
201547
202992
304546
723221
267916
191701
522236
170763
440763
319648
631260
137263
378611
109145
834645
716715
967890
213973
637566
195821
341598
640499
986494
753477
782245
987653
700006
753420
696117
873827
630883
797664
976820
835429
434852
158703
927130
771054
229466
281860
990703
760726
319124
283281
683837
153770
899996
651729
181709
537564
747550
337273
178064
648011
990751
774275
549632
604724
527696
245750
478552
158580
857380
369339
807976
206200
428042
649073
877254
557508
830934
781924
232201
150059
965206
816039
117795
779169
467769
199505
316734
129286
350744
308764
677297
341496
983040
226930
846220
424703
286646
238740
397250
144028
508079
205227
250228
836122
754300
941448
307597
585235
723374
353765
549260
602547
169805
567056
381717
451540
580527
598452
480826
831271
807216
158124
172769
704223
199021
832955
128928
385667
971695
426178
343661
479776
531405
407855
229865
199672
349305
351428
684908
886645
605193
234169
489193
588964
615191
770910
940504
195719
283329
421331
926991
904512
393422
913726
608736
492443
660648
637664
692076
632345
877808
849704
926087
409214
171526
969918
508887
334797
235313
107762
221443
740507
155897
524602
243438
671089
209480
183944
766808
392809
505275
607766
211288
712663
435459
633991
119073
996108
271656
711150
542420
963431
474821
468508
286612
546347
352393
609465
781145
487706
617227
816554
142180
673125
341158
285619
344215
364604
369563
924989
571379
688804
532757
682668
401469
868216
316660
334508
864325
402282
859624
320712
365714
334446
603186
552327
780794
855579
161793
475906
257253
592987
292461
213399
266113
447585
399018
424294
712189
582547
349284
283570
185319
696007
780204
400754
564225
996864
635262
342517
313113
494888
563230
578828
643300
166417
945121
424095
835963
920880
713967
993216
513868
820395
206616
593947
267981
419601
832207
794137
816114
995458
977707
901433
691466
757912
216154
255692
668743
751417
412176
881856
160272
875406
374651
703572
855789
233739
941634
691753
154621
569568
684970
482455
389964
705553
890369
557946
125155
722577
266050
841269
718036
157724
656670
409504
729602
686790
479162
398346
352174
791338
194169
412446
580711
468821
929985
436502
602560
871620
128256
571147
441189
713227
953603
645120
332747
843973
117033
357902
480517
283083
113138
198555
340807
583774
508059
970409
270566
887221
282722
522740
592527
376891
749153
173239
659678
679139
509741
176206
464726
537998
647353
719881
165192
514923
365002
397939
272863
382035
569807
653381
565118
496911
665902
719891
894652
173962
690301
165219
875149
786989
501925
381643
163882
251079
454883
637526
830218
778590
713732
294945
316589
275053
828793
295747
603942
193796
507652
690772
475832
891425
258120
940950
388338
824022
574809
282991
811950
265111
262176
687100
952101
664101
882710
929949
815181
337594
481442
559366
116185
195176
668278
246741
284195
497072
442488
702103
590868
764107
392876
880666
655533
464962
735584
857837
288985
310394
140829
100936
475505
216971
602003
341573
695039
484714
185489
510221
722308
566932
883553
652459
576074
465798
799200
674235
862870
155656
290305
367706
819763
583182
248373
389263
862110
797923
247102
151097
108318
201897
152033
397790
318869
654036
553329
913908
138751
638819
338096
675025
119718
135616
327486
595792
501415
940652
270028
278252
910274
460333
459924
644004
857481
608298
933268
633559
406222
994336
684656
328507
196234
736689
626297
329069
304693
179627
156944
257410
632412
309006
832436
652130
344623
973888
247923
660004
828507
331917
838256
738783
606217
298182
382788
377665
720446
230023
911224
940634
224360
595881
269142
234561
246538
709405
377596
365197
789033
434541
522607
335412
557513
269010
887543
716102
156865
135467
376107
799339
281351
128331
538123
787568
240479
734877
979199
860925
778867
804391
715526
903227
400273
798635
951754
460777
422007
329352
639940
125007
577859
976514
360420
135373
245525
247964
751476
216357
283431
941549
915696
378748
969880
367786
166317
210360
916629
959483
885251
695497
763875
514745
512692
978114
313381
464447
352859
635388
607765
892799
574362
185625
869314
834782
220999
928806
982746
786441
959129
180144
727991
874826
458893
697873
156579
439176
722199
973208
398660
607452
668707
162536
936163
995365
954617
163511
459813
307477
612865
881545
200277
187228
967170
883558
922010
188170
726331
904757
874611
685461
984902
516570
474254
357762
214444
530833
696938
836643
418008
995599
358062
900681
972101
294226
896047
926719
357737
269828
148163
870603
151374
248441
957831
118545
945965
793809
120682
672297
698567
809259
271725
597436
325830
645979
769164
440274
990778
466104
190885
408787
375670
362913
309470
261738
471106
205518
188459
642809
375346
150588
513413
340686
299029
385212
359232
158961
992987
379914
731258
691555
103140
902983
202959
328971
462929
872123
583211
453708
252194
588062
762496
527864
850976
885932
689603
236049
991450
692028
778858
280764
742616
206239
521450
855612
491451
694648
914573
484439
888528
559799
989960
891669
376749
106886
220641
739679
792976
617818
107354
945170
205882
769850
387002
870824
655783
976605
106874
561201
582600
699698
655931
239183
805937
991347
994795
211355
685997
823336
509760
574526
297102
413688
380162
573851
420574
414769
227497
127517
932588
234852
972688
952436
818668
273657
737227
388419
164229
744101
849620
646829
357766
419518
786012
163705
410866
694775
275060
910829
518112
684821
399323
629180
998509
679485
203032
333050
994255
330530
360568
926844
379348
247223
879281
198017
420880
530475
486436
485109
274577
250023
945904
532343
483507
645883
510014
794374
254625
685075
619170
586703
283863
918493
215884
282373
597980
318917
515423
592236
463413
689957
433047
742761
837180
312329
754744
172027
742804
241182
471102
831347
305171
330973
277657
688679
876857
687672
397020
131483
286714
916190
532153
470577
834685
648037
566916
432666
866954
896305
838868
244334
586264
271916
801061
337411
398211
555807
409439
954981
696989
694507
700295
816126
925481
877952
504806
716305
479591
715792
661754
580271
631984
193908
864814
380636
741946
431731
627268
522867
328038
466137
667202
814302
638053
468264
965679
850230
924071
375119
805212
535027
883593
505508
265121
809075
297427
669927
525381
590985
385721
187136
985222
831671
281045
850038
212308
836957
281770
653542
359825
509808
119680
927027
238077
571699
309259
203758
335896
147297
392843
141109
582325
276437
460583
747446
899478
658010
331340
338826
162962
531027
425963
148186
276665
520974
812190
302939
271898
993960
856481
531723
417736
790127
372718
469779
361827
581977
573537
511689
629274
780347
552798
125566
870750
913381
686978
770230
485359
918319
109057
462287
363313
348986
424439
539979
683926
236630
742918
855824
230592
599401
387549
462294
303495
660267
832073
479289
156211
319578
890978
599451
999925
443778
625018
870676
271126
311997
640907
570451
144283
563931
846705
407597
812917
271145
847576
496845
407776
504461
352670
452334
917828
554185
728594
221325
214453
560668
600614
184630
780246
491593
684082
780172
835371
309101
564816
920464
435064
119690
404882
479348
583621
251588
786945
396540
422734
548488
793385
644476
952949
960021
910776
870779
514208
639371
906070
542627
200040
506685
627258
794253
898278
311341
488392
647617
434408
953208
482048
769472
886865
786930
248821
470487
938519
935766
767027
275220
398221
474379
819696
351172
348368
644439
135918
762576
283811
941988
305204
297817
448674
746428
992070
260919
871735
394430
808536
306144
261605
204551
889583
148471
891482
138405
518959
830002
888138
199953
919188
286360
488299
738885
451498
736667
297291
487416
413210
481102
343371
532380
592885
692045
278810
584957
766931
964511
793353
575468
270657
954958
593986
160241
103431
485469
112612
522390
229438
814716
536309
148627
101078
924608
701478
366542
575242
898769
667925
888452
293838
911296
334800
786723
603343
513610
285647
284241
478122
979000
673675
562745
933960
267662
536952
937391
653131
549565
373748
782569
278248
810057
745162
193292
734667
446641
459835
309910
259377
127761
112330
453215
939057
347130
153906
456367
674706
339553
640608
966794
318555
314285
443507
166482
481947
880459
103874
949045
343991
377622
645581
522240
187680
390745
615532
736313
651352
889333
860190
810730
917094
786486
177912
770119
133617
231818
226487
622289
385338
681062
589084
603893
809313
846557
670375
205227
727018
588215
154273
884975
779803
699855
321182
867483
904566
750681
517764
555919
640015
377955
280616
471077
164442
272495
241197
112025
404313
281650
634314
689651
776678
137365
207511
585992
883923
691852
691220
524908
280068
659459
323850
959871
273281
545033
741322
177848
209681
259087
547734
749696
451008
642316
134740
429416
814811
275937
355407
133092
371554
803687
636709
148233
755018
744221
548192
638942
436074
153379
977816
530109
712838
301668
403947
800086
660667
959235
877934
770348
132289
339635
434011
483297
795918
468752
726679
610730
558655
896052
643822
744175
699740
280533
792409
454760
838720
254568
907668
188761
307947
799452
532836
834751
915086
836784
634838
575754
796020
426740
260069
828310
666375
508046
225574
462294
790764
766220
886991
349421
662273
444780
993596
275981
539279
699972
630741
378000
854540
452376
380728
976453
165795
813564
811206
980881
564315
446045
470602
274303
772785
630671
102614
353128
138719
142154
629388
829483
808374
516380
992870
384615
861161
900434
560596
400441
600407
105304
592408
368915
371646
787102
259335
437442
600667
970541
418324
978949
416588
788927
253253
103340
333565
169833
356468
286250
125953
799823
929700
748294
316204
922571
132910
991331
736972
507472
305740
251347
426742
712114
520262
698388
499217
679597
949796
913850
564106
368122
892800
794660
971015
960019
798000
304581
129853
968435
404798
155807
768259
334499
804101
898429
171037
750977
803728
808010
258450
109469
959357
585192
721583
393586
197547
134767
973183
147345
948617
451256
329433
841419
245917
300449
801439
857884
418996
745259
826320
637760
715032
508546
872259
519134
320942
943297
270112
124671
751308
342528
134140
624632
741686
669689
918218
839233
704456
805368
886578
567041
256626
129978
322427
402543
330427
937832
174394
563390
683092
814680
201151
398125
323227
887377
731225
458136
830675
815303
482807
495950
157832
430914
120583
799518
914569
852767
552719
532993
658136
353264
100035
814762
383243
322462
131273
527636
260295
205667
991026
757354
920348
106145
969445
157542
893522
700672
515678
638164
515976
812452
948080
487775
157333
882629
287294
885868
735397
740013
418862
307500
993278
332863
122264
376522
469291
967502
804158
543553
173170
709152
300908
907484
629263
270354
965027
436752
784992
394672
888882
300970
121091
836963
688745
178424
633559
790005
878259
282923
443986
297122
490423
351231
443952
512687
541719
813243
394156
345878
356797
467327
868996
557705
374812
498260
642026
253806
748978
427019
548479
637861
541955
483536
388791
144667
475927
922350
834673
354187
205274
278660
465275
595698
529891
809227
922351
971610
622472
230475
231455
879269
597802
914418
350942
786580
326645
806934
854353
975624
147920
316799
613486
589876
700335
816244
634543
176263
738595
383183
430450
757836
475809
795726
267501
819666
604954
103819
705243
141393
234294
750665
834629
732096
665084
185572
432644
805695
892506
286998
781320
940426
503797
308774
444269
204133
125019
892779
194363
677580
275963
524813
435417
651773
234506
602918
385406
653427
520704
990650
694820
654998
741316
443416
301062
320367
528988
633706
126063
335461
734670
721350
189855
152434
844090
448090
256567
783075
340870
264896
460656
430800
689710
710040
896539
738182
226925
281946
391610
647629
272597
900397
302629
827879
343814
503691
148247
686769
951363
174311
836196
686034
795661
840017
738468
639752
288109
809001
422828
442945
973898
697450
773745
577575
407491
670285
315758
534417
766198
521335
182047
852761
335699
384676
680642
493479
702333
728889
994214
653697
717166
830412
253698
512828
584396
892166
966546
772505
615135
303341
129418
503000
900792
803163
980575
308284
387416
210300
656667
153615
631635
738715
906376
867334
937357
500985
274781
639692
229876
268996
207356
761008
913374
361055
273838
497772
167188
154351
184244
682323
357693
213662
185324
172452
916826
979865
294702
218209
190167
851370
185790
721802
504052
992166
503104
441410
407119
677885
981102
536995
760847
102426
211970
674223
363481
385808
171996
430669
354126
256240
926959
525785
369903
926249
598237
200696
906116
792939
232871
996283
558276
318661
718086
962328
310828
135157
403740
617947
627008
298809
968908
387857
301235
180880
876046
478682
380654
948042
723318
548746
118249
650278
974531
302118
576528
486735
316780
482645
193642
449651
392895
651918
668312
924948
528214
793107
960105
831954
325021
501081
944729
207897
702904
159932
202743
578951
538614
397363
526994
261933
846110
459209
726177
734608
661328
216673
221345
792074
599318
228953
241727
806180
780871
810039
731129
309086
517113
605201
955006
742135
106283
813703
763998
709187
873635
866741
288139
326216
264105
629099
488150
924181
988309
128294
658791
563604
244967
694102
355679
658252
823055
411372
464433
517893
135379
195563
640946
552492
614730
595953
208594
621014
409657
872592
244168
197259
653300
432308
423476
817406
875373
725592
655554
777649
753886
314346
255220
812820
822414
510900
471073
559436
736238
749472
977330
771617
845035
618277
324111
373732
128197
346671
894746
351821
219265
952881
449080
686531
385190
686522
503938
174530
412115
973459
852180
979968
287806
921366
792789
924187
432267
177829
483624
982472
827301
460955
754090
586303
893198
892167
860035
835362
238840
668749
187184
272071
621631
450230
858602
820787
136754
276508
895317
448869
249968
661464
342804
351740
582832
949559
275928
829065
127389
573519
811538
854690
934474
479596
440994
741640
371764
214997
577003
424570
783746
578153
596641
405378
928383
369211
226166
965137
459685
935449
327974
609653
596915
484744
775359
993713
434305
951288
822779
461694
438774
548285
316386
373249
927881
571346
928855
299646
686343
505859
624217
470090
897978
134825
689434
826363
318002
815600
791501
677687
751051
933441
287341
261933
418187
876667
255647
752492
827956
892392
128153
180697
440678
344539
453946
368560
729852
296769
482173
330162
616594
920356
614219
514574
869147
303654
340938
187151
933221
946405
764838
684273
793814
866146
760172
212002
742814
915819
778460
484737
722178
806613
565434
162858
965119
833346
345384
694972
130116
641523
839100
646711
561880
453320
975251
344995
656975
316190
432146
590197
176562
196985
188437
870376
877097
848609
896344
619912
678395
674805
104650
400574
481420
570084
377398
360506
317398
622783
869444
347514
178273
708545
808191
554120
161867
783443
799115
718842
913599
231262
223006
990162
242213
311443
774505
119312
974018
670851
639224
566380
345657
557841
780920
641043
941891
158320
815515
259290
595069
684960
420771
673342
393507
228963
227463
455374
826373
840544
988182
739973
971806
211189
644102
127987
336598
418609
147299
224583
903426
600489
690963
163050
158331
471884
618060
914189
444170
433576
173480
939239
118538
494251
526549
412045
537181
567978
681385
363555
408524
669568
917494
294297
694723
561598
322284
845287
794173
283549
883836
697600
698005
488766
760650
670302
774616
378711
584492
218788
626254
657973
971993
644792
966190
498543
870803
503372
966522
552189
680893
289013
135724
598389
483310
644413
973953
619561
403667
768127
803110
287504
379694
415082
590236
954310
985385
364853
246989
569878
483641
773243
141818
455636
418036
921975
768145
202806
425348
734668
568961
920208
837647
518651
518598
320959
977030
492552
840520
380698
174646
557597
482168
454340
872680
972404
322617
858066
337258
469606
341911
634866
242850
297696
904468
474852
219672
672614
491624
458986
321250
960585
379195
158898
479237
711759
379857
456268
204312
134344
650932
192924
505908
133101
547264
292555
919471
769882
150622
256731
153455
306499
705563
210272
504195
610032
585124
537833
282647
890715
810786
417863
851301
189982
476762
244506
801742
670585
514740
820020
618896
165674
912945
124805
112741
374176
317360
932213
958024
281948
102911
111481
402413
708474
221753
720575
232473
620843
258409
329086
511559
969195
646950
276828
973144
937678
421334
688853
608264
836074
508874
141127
815714
335786
979897
742422
609963
211224
588602
567988
393172
591513
493435
609552
213954
529154
330128
260393
149999
402503
489479
475524
371700
950395
566318
258811
888074
887652
847664
410306
637694
270505
451433
367375
506292
345298
109798
116256
456522
598400
498210
663661
103880
891646
273214
131800
334767
503342
292193
298732
719811
595639
674257
991511
546035
240576
164289
434111
942195
911953
658383
493856
182460
109817
761231
588752
269081
684996
518974
625604
197363
831150
289266
115210
636763
462480
147010
871531
779788
253170
170264
499600
662775
658487
405079
208811
799064
469368
456888
655226
295289
115272
149083
291715
939055
724280
780467
208137
323243
213408
647707
334573
944558
836973
349783
581323
213420
310759
366821
893208
377895
437085
306776
940670
995573
611855
963448
708604
895189
420337
277797
104445
349576
326880
296160
202598
865126
890593
224701
102337
104002
772409
336910
862527
609383
586693
357817
722804
797452
624638
529979
175349
961723
736755
929985
871263
262577
893434
579868
971733
227739
757665
976178
477315
898511
272340
493879
677605
162934
532546
679942
980902
304956
830818
843430
728306
417512
115214
365077
128931
639852
709022
118246
515542
445779
948232
386807
522322
755633
780641
494056
883372
452274
384202
274654
264752
470508
668533
756323
533442
115047
350232
428311
320003
181051
271742
862275
498563
286956
227353
441461
740774
836376
459707
256318
196122
321906
457091
532410
977540
151699
840433
860913
417939
224636
135569
496658
595144
618068
252982
942552
633115
503215
370865
767085
584266
456573
629361
896796
557496
670681
338258
212237
421024
611931
282521
431112
833838
553578
863522
811379
605278
617922
672293
837183
742558
621828
333842
251669
153864
400791
108189
686979
804006
293020
368031
302239
649593
811359
113002
121056
396007
351260
233294
717031
777158
415815
962109
610997
869394
825632
422377
388639
357522
908636
139789
100081
530466
373632
165717
584330
674423
987871
185276
392396
280892
453308
508601
744451
178634
521604
765508
474641
686830
812768
191673
463989
142550
967748
974986
825910
707347
397364
128516
964869
219968
168306
878917
650434
441938
944634
148731
930327
932506
234007
236690
127365
501281
645291
771816
579915
166896
451291
868522
753727
178026
960195
131683
220577
927944
106671
860453
549259
318001
888970
514129
437969
871242
393047
902369
313181
251648
951100
157475
998120
999074
294165
125486
500356
839456
711269
894238
820319
162561
762761
574047
154554
636924
519696
189097
478835
526367
949550
928094
658335
752487
442225
910270
623730
649238
812641
750877
800887
763742
808352
799008
762817
916483
824495
177141
755941
535765
885345
576261
512292
648107
964274
566846
198998
397937
655943
577834
824305
519461
419895
396607
271949
676086
306878
795680
325326
119520
546558
126214
697229
268878
825222
460047
185362
563684
451154
755269
999449
336500
245497
425709
798574
209772
892555
897572
507710
462466
389373
245982
881927
709269
456555
153877
385356
663433
763523
610682
682954
224049
636896
380184
392927
376086
654197
392255
839770
919318
147526
753187
255819
293023
178897
954393
316762
971452
851967
638438
347885
241341
784420
229813
764576
240976
197657
149934
718375
861180
574582
315296
899195
125446
509446
292123
401532
163645
584379
155269
982963
631905
808456
152749
738894
887353
107144
955656
772773
773077
594095
120659
828384
292482
250473
592962
433458
262096
556862
965800
123277
131445
281097
836439
970856
690544
128563
372389
668155
526908
427659
565085
972779
150082
617834
711675
937436
538944
667332
710210
225988
175395
730869
954373
367877
795308
461302
615302
957404
832130
581103
894648
777541
762200
731088
748399
452745
673617
934754
934866
114493
276380
499952
987272
326463
117788
612914
263900
470698
194214
788076
596687
269609
432912
465027
451452
142188
740295
966754
999592
572426
547858
808207
263934
310060
453262
912333
576771
940846
761055
511639
955339
937435
911591
856578
177865
843345
383460
255731
228011
391640
943807
724698
561249
290687
103692
912701
332875
743987
793423
246434
230380
341282
868608
308280
465308
321871
220615
942080
176684
795636
367686
945989
733072
193244
716535
724904
850556
999995
880635
978567
391636
824444
617232
766851
115132
620924
593519
261973
278878
386943
408407
323224
628226
277016
531504
907500
412854
566085
763547
489538
361722
131234
349495
908761
138445
966030
633666
889001
966026
514302
781535
271629
252713
398768
852446
181811
833658
445966
343784
112537
646876
652192
249727
189069
829208
681231
996569
156029
247318
760118
545568
423006
705318
795063
331768
743763
675060
865434
546731
555053
293704
328267
726682
446417
541001
493095
528229
374660
839061
772013
301163
399904
338172
450890
488973
981347
132123
485544
137377
193407
159629
496911
516413
678913
205941
662148
422678
781001
441549
783375
336055
635253
925609
876703
895637
466611
369799
423867
655238
122828
109847
856401
422732
261986
221259
725672
243334
167348
125183
194677
174721
184812
505555
505100
763725
611496
167249
100370
306465
508799
697712
456486
958018
623322
333191
853656
903899
516956
277524
473104
453750
201338
243473
776483
363324
278698
416122
420624
346046
441305
429267
420767
440083
834822
825867
117775
446320
807083
118146
566751
229849
629824
923237
187868
167113
256429
941525
884978
587352
133016
358084
941102
148320
415523
631552
325610
594221
947674
646234
840267
302946
975502
175001
643029
810325
814834
660805
170612
535884
592917
637363
665733
136708
474568
753602
203821
544963
609094
988799
132316
556076
260850
887385
604397
490339
518938
830007
984560
380580
476243
738794
583526
365712
727761
140523
990003
456563
615294
974582
892447
122178
525912
558182
158886
900480
225751
176673
445445
734845
979438
391727
290922
240290
279113
795319
544595
698052
539294
443123
892598
829503
181918
476125
195216
723646
430614
999185
180210
945908
973768
972657
968086
413648
444806
940938
314129
570557
117612
659574
305403
997051
865268
410292
151308
144382
205612
595903
742434
644906
939026
548999
388376
934911
839091
483592
658558
269706
396745
738768
215616
284480
625392
997668
598128
970199
938608
812258
540757
956220
385799
660127
953272
251068
970419
104581
295451
989997
514451
851851
548871
453478
400852
837247
388390
239944
234807
860914
323616
531552
513649
353198
716032
139043
350868
314162
923208
289477
940386
463966
159664
326186
938059
926903
391221
908479
845450
500638
898478
359902
352490
361316
627347
567308
198564
829703
621218
333371
690619
758801
678889
204269
112000
394923
157278
362868
523051
980486
466311
463438
358420
439942
689624
210446
366846
894811
118927
212297
395450
831371
386166
561907
192688
913513
129216
205218
657183
564401
352556
347803
237169
931445
366039
249169
326369
337283
512038
749420
231737
792315
212859
404123
232258
716450
514569
413070
611262
533496
439334
906713
278834
725500
468621
285488
552980
411803
390707
210164
790170
643263
371934
927339
488675
551939
176510
629011
789222
502514
378432
920959
208796
405258
239049
255021
935674
653619
568091
460903
101082
907425
281583
279917
546892
564170
465405
999872
875974
670078
124004
580111
227308
309904
421418
615984
761843
411894
244996
465032
728374
437394
299959
837170
656618
439008
992191
592293
992627
560284
867163
993710
381676
148747
273628
828569
612918
552999
742408
402859
223079
766412
882970
264353
890282
304389
780337
566092
530249
839299
931125
258624
276695
231085
995795
833313
570093
901953
339574
476688
462238
206738
470399
657881
169451
557993
486451
682369
924958
228860
985228
962003
809239
782166
226358
613488
900521
906695
179582
430772
659962
110708
589396
836657
155759
499158
583937
539818
401113
823511
916506
677317
844215
300872
335199
913667
672831
635616
510003
597791
764477
495233
559795
487683
277400
600119
101172
991887
420782
180754
422660
980744
105428
912057
817402
161187
325182
401340
601006
626295
138819
517513
303614
797000
632352
452779
710668
305184
988396
220673
802975
666840
529872
276738
968489
621238
776857
969661
613126
197640
964382
849753
178385
969810
675777
809753
944964
900959
125061
545971
527256
163880
877450
644836
774846
423769
911581
485516
628954
899978
520155
345896
480785
863993
436600
449275
485232
213459
332904
912324
225065
297287
762078
217417
181064
437856
841136
939994
338817
866197
399932
680039
844043
191350
238842
618891
515119
150424
918373
144074
864369
352495
303937
259121
216489
640537
608397
515687
667962
755267
341978
793028
952554
104058
824411
947584
355880
665548
801546
508663
445713
201479
102669
289757
292829
241511
722614
707949
205902
640988
665989
970271
807449
783892
229393
837904
424431
651756
353592
992393
407024
509537
699388
273545
427561
523800
135097
683441
103316
836643
106072
449029
852088
108741
552752
144919
250253
275368
666834
356155
730322
246790
240393
537773
930683
283752
375678
355115
749475
543237
261475
970465
952774
774830
157978
380336
212597
193075
877743
215913
843684
883815
478908
695773
892557
931661
654658
956776
207030
235459
226898
837352
382250
281257
289092
312934
378975
564771
482015
128451
108009
557456
998917
874749
332287
156896
255086
444885
163937
132830
560798
821587
830612
939707
517361
637136
785335
985986
593913
892365
221446
634777
643684
417662
816034
832777
544562
195010
311515
926577
137428
233490
398001
950311
108240
630288
921173
263326
975173
899076
210122
449939
720664
940734
303613
238026
491837
988948
137979
985750
795280
259426
534494
352931
491054
264495
185709
935617
359506
311190
776161
310900
444680
174163
261212
452920
704452
996351
530212
593592
895428
640335
857497
616093
495036
161111
668085
886874
964025
706065
786591
673272
779457
235053
926204
270512
399548
925879
120096
659054
237071
796258
783920
581751
870421
859098
934672
488840
855450
464885
982433
664845
919186
753897
280939
328190
728975
762991
215065
693001
383023
815622
366275
976446
950675
206446
160925
350225
132326
181022
823245
269397
877280
521133
751149
661668
380232
599788
150510
149650
878639
946909
714495
797827
700807
809401
126018
429783
486359
155049
936751
769382
784637
216993
659795
649280
323439
720720
813471
355765
801742
636717
439129
592989
971816
190279
254659
352050
604033
305169
315666
482673
166045
930161
194467
680818
653529
134451
110603
139889
189500
861320
723237
788104
978313
383033
437385
301753
103755
250857
471484
719463
701540
810613
312454
673358
814858
381079
925408
418892
586248
241075
715532
566259
985202
809999
247078
552699
844451
171647
592588
847917
932967
229793
636022
911281
426792
887373
127001
344513
138231
412452
963977
739772
223066
190398
327097
851891
471477
166472
184750
871691
307547
800282
437951
206716
524249
585029
659415
282667
656677
165971
130585
503611
209730
580574
328860
536522
381914
269827
781036
420146
582279
745014
973884
705346
835412
300982
471204
220856
367454
555954
992547
488967
356238
430499
509649
694453
829494
983031
877120
400138
149003
821671
803750
258733
316212
946576
609221
598127
216404
390258
918273
698684
949238
806124
317997
698617
921072
689201
819473
202493
245156
812021
505426
415360
156487
915075
109814
799948
898107
886934
200087
861076
622573
817803
933775
838785
764380
542998
436913
794751
747222
269153
493436
696462
889243
625399
309046
810316
314601
128521
912809
373723
754508
332202
689084
724962
161245
698898
524911
873318
499800
624998
734396
122374
356769
582138
775125
935115
939102
212040
729867
600292
295159
137270
296755
184404
662669
505801
894720
877270
448288
721497
250995
116764
953699
754045
741726
114945
366910
266638
888264
766710
705602
536627
703050
962371
932731
478177
811454
871835
504183
541322
472128
699342
578593
582849
783746
241263
902616
592434
932500
264872
313932
997461
281636
181598
665473
923362
196544
932383
190001
898774
613061
709569
349368
230078
585908
282100
608255
397363
153936
926404
752651
440030
625748
331245
922879
323461
386475
739463
815895
232942
904335
943793
230404
185972
125393
795877
109335
135903
642227
113302
934677
255289
722871
284046
385368
222746
466146
807589
520109
434049
647961
272762
774079
273710
417973
610926
411137
704448
350390
141000
751356
168692
984793
881760
254664
110187
591604
177965
960055
233833
191267
808699
303088
728104
992745
588456
850851
372859
310013
284927
620874
857974
457689
308920
945650
689629
819846
270754
308044
984202
311754
959401
152895
296549
841162
221525
220702
346734
299490
180759
394533
304723
889458
597621
846794
796171
100045
697646
982996
310058
882573
603871
981998
254230
812791
841615
843859
546605
112370
151904
444774
324125
111306
497670
520674
766435
533161
555342
927135
646618
550067
321669
851341
439527
733256
698136
149665
733301
309749
132662
857325
106290
550499
839324
174486
363291
594906
918345
723862
607277
884215
168638
831402
809488
480274
266043
489890
913435
721385
417026
560054
271454
638695
325363
524947
371952
837465
574612
919220
961181
521240
776546
967471
971739
529838
141958
248997
124745
874269
872860
632022
672451
941498
377391
481940
421773
543434
871830
249175
178787
288857
623196
264207
741518
848559
689154
927437
599991
177733
846658
561173
512939
537171
442611
484679
967009
484569
633676
905721
272805
420503
451710
845257
362002
729102
327198
597741
186503
112996
660883
265290
301853
284080
343463
857338
946605
846583
784776
546597
924316
631435
921737
437256
982572
364349
735901
949583
662885
369579
769271
835690
604048
220982
594914
866051
764050
822113
377759
850554
749075
852608
929810
950928
136689
273275
722233
897260
119859
507010
357825
858142
952411
279563
209365
934985
457878
845267
798535
120764
128813
481773
770421
632861
602755
365336
412879
280773
101416
604605
945293
750491
457214
875104
615387
407870
962345
337621
305131
896171
658598
562956
668280
524976
656485
777645
373928
114365
536879
986429
949094
479658
468203
719516
112521
884925
898819
339366
165699
900235
843971
924958
564694
215153
714029
994047
523023
676376
245635
728154
486514
804233
205078
154795
243177
675529
746406
517105
689894
283287
503536
552956
662945
785705
186439
589432
670631
985258
828799
650296
799461
586737
575255
364156
701890
289286
358204
138880
779628
503839
681001
266143
222040
786079
234904
365217
461609
881310
696288
965470
164598
113791
432393
641510
799497
518832
230943
384095
504092
873708
848358
303554
374413
337580
481676
890269
440832
653846
929150
220461
157686
610152
300570
193692
310198
435474
372875
585773
230752
969164
465210
209316
896921
797603
750826
696419
316437
795736
894481
720529
583411
742840
838049
771790
980420
319726
662061
421254
873572
505178
455681
845224
929296
570218
938917
153461
819658
225759
639234
950410
194924
918411
973693
991846
716015
724520
602232
932452
434223
410680
566948
831601
153521
404998
603392
947908
538690
179420
283129
412263
584598
552776
171455
427861
122995
924338
481322
842654
150098
934523
707031
158989
852935
680725
150836
568951
319213
567034
415371
567402
877715
796285
399004
845202
201285
816363
707077
553941
895783
890206
780171
394349
356950
851626
722210
379945
775965
203534
136566
826063
952023
743598
885052
804959
338290
849854
287877
557503
330856
603248
124907
122538
399535
337877
867740
414786
154241
574819
782693
950025
378992
562865
258341
549908
414492
880551
829854
190458
898051
780386
830488
850075
437951
629507
569001
676242
393329
756879
147712
624185
360128
172619
560689
573629
324463
428430
802381
378704
817215
585076
242696
110175
147942
401037
560083
376401
195556
303904
380825
907573
898257
125280
757650
336209
654788
326652
826417
862083
897497
874130
400235
171593
860715
860924
645222
185179
203321
361571
377850
920537
760613
520546
844678
722521
735550
318728
998922
745072
522633
293715
652646
420891
318995
324263
571066
873783
464882
397485
649833
362380
271616
950068
433973
946297
810993
979196
131478
914315
254734
323294
748819
915347
657806
507464
551835
393357
726192
550759
952395
248826
658440
605043
483683
877435
829306
954750
665186
294189
266202
315020
556570
437818
265090
890543
384116
890049
783706
329560
718331
852406
552854
381117
681720
210662
788581
233557
417985
514775
598282
370382
577567
256723
789391
875217
134159
532664
743934
613311
726854
910136
828332
197391
261921
907388
901900
460003
797438
599574
689564
429737
365947
156385
710854
947668
181013
499437
995191
498999
828178
507440
683347
319712
578129
472739
194930
526254
905403
752830
139567
546224
662967
867899
557581
824888
775288
373449
284893
486693
786989
788423
816430
152937
758774
527286
100606
839788
840689
909763
252754
582834
417204
836101
802546
895333
222807
811443
421589
942176
564274
375122
488402
227243
243022
859949
866097
832276
233399
964956
232936
920388
753380
949367
887292
512156
390620
887898
351945
145276
711629
504699
628110
942799
254767
430657
752100
377574
242101
173690
319751
620342
362778
622119
747585
505800
396036
527649
252043
529435
492607
384979
363791
159954
248313
251084
572110
452899
952948
738021
498175
578544
156687
126286
521345
311454
370910
273446
502994
426977
261102
636712
947319
523880
172798
608871
843646
468834
136522
995689
812236
443095
294635
989993
503049
442949
155044
975160
709814
107993
627148
207991
500504
683836
148243
921849
809256
419153
109262
226218
746131
270364
676896
607417
694244
749694
216290
451857
218530
166778
447547
844732
509873
556148
834726
912922
899097
889770
802049
608913
811729
343165
630870
312234
927001
679113
148050
650224
912233
157312
690408
572331
327676
367305
179749
835886
117001
296039
287744
149497
276783
549257
894229
600622
105407
642922
513546
818470
532693
229562
341350
258389
472727
872220
470624
313695
465301
518674
777886
377535
489953
468295
849866
717629
649567
929615
467483
580534
139622
569193
630031
230371
118452
438227
730994
123859
981149
158507
842329
427809
288069
997646
586198
574763
869867
870788
788458
249135
303430
566345
526670
693383
848607
290503
411013
498175
134086
692462
978709
987673
261657
522707
218045
280109
774900
849039
217934
670016
907546
874229
911791
109583
871876
497990
584346
655711
282746
286771
804846
486176
753117
245484
179560
515691
349953
404539
827832
384039
997002
720508
371713
172626
157182
489759
266701
832082
252765
298601
502099
974278
172831
413891
983861
858674
725847
482174
428352
908593
668945
233199
308736
336029
292649
388296
751720
542603
606802
493519
740608
517771
214028
112323
590397
271210
416048
671064
917258
482779
869665
419358
457058
856462
647215
354886
715137
287030
737060
143490
109590
319973
190656
318327
556002
297271
520589
221690
739874
941357
615209
480484
459129
643204
406773
863492
814414
636787
448523
731674
119567
318189
964998
390592
174653
526181
645478
703756
627177
296506
747247
636767
516479
751869
769060
886447
949140
203617
922103
689016
144975
537314
983466
418071
994484
304206
195530
722865
840993
544054
368506
774526
676209
333506
165119
750862
673653
624564
454620
300831
821070
115834
751564
251516
767703
520626
951929
716844
538209
874034
319827
583184
325315
217260
815221
319800
335432
910752
942665
176426
368773
311173
850953
944982
458645
830038
695846
946264
454603
964432
247096
189640
894232
898660
255122
575902
333253
121019
206713
771462
895053
426541
268614
134335
457767
983835
354135
693200
808554
210767
683592
177328
335906
448512
122312
694551
278552
632124
640816
547121
510523
701878
550728
404756
514506
705850
794624
747759
726869
901337
433189
535889
241845
515769
570224
599613
413571
738325
206780
136093
849093
704338
213421
185000
152852
149699
693518
245370
681823
334335
692491
106313
936214
243220
325035
450721
763037
119660
112447
403873
920998
359602
839763
162844
689337
323954
576423
916875
962280
597169
952968
811374
301509
166390
810340
354361
216090
503859
499731
711879
652161
106189
718193
588376
163376
857194
853063
826413
876855
779476
144253
797854
953045
884016
774664
556349
121938
351089
473225
984218
848258
426194
709559
149768
492585
519900
318095
522641
837726
631792
148487
489888
637982
680646
892230
615324
537842
659260
355704
414698
352703
399957
126519
305749
197941
801183
676065
219879
152273
149291
204098
814498
475486
727623
778232
782037
161490
996328
304679
899216
628121
267132
303071
180070
847779
195302
695394
385622
668528
865064
614286
921232
265023
640805
140948
362964
441989
717013
396809
408229
766305
414873
136694
155758
142497
814926
837795
203987
725221
956440
917170
267310
223573
220242
347380
971352
229511
856741
270941
798039
721806
785227
633238
886829
426033
674187
163760
681989
391201
460569
990218
157507
775442
126913
213265
731905
755805
865026
749859
481028
821467
667030
648338
859007
701238
809684
830360
744715
666426
915268
456722
302200
700496
989960
102996
940496
664148
980722
622486
955350
441292
526671
926823
130702
467550
954055
676573
223356
733048
426433
518350
554517
907429
980654
413525
522635
790340
157852
181317
370733
973120
538039
572933
587584
528001
489896
528081
106116
470619
964533
875432
725877
491205
716223
670545
858755
670279
347120
896077
403328
673553
328395
771811
494950
309050
999302
917585
999390
971121
998902
284091
944242
450909
757024
445793
792876
160887
787840
798992
531506
752374
588392
171351
243580
304616
741896
916301
788861
989016
726346
106156
576537
954741
777968
971487
263792
691237
803039
177150
662359
715908
361241
520569
166818
932231
866362
859694
993119
654204
572654
438592
406579
161047
509943
464126
365663
251841
294394
154525
154824
834706
160681
631361
703414
752615
516815
781173
357820
233821
858323
920179
849730
133531
440749
916548
879728
221079
690210
786814
775283
262865
225408
995828
323912
549317
373921
589575
615124
482282
558066
669949
316989
532713
215277
920404
285330
546059
701578
457116
679880
473868
377296
529611
507399
632012
360127
387128
753091
950337
173944
528375
213203
213318
438170
437115
662635
626058
840656
191727
108341
398723
761676
325330
831436
790919
159701
930732
250945
761279
387849
830826
235148
579112
274404
556513
211125
448497
757608
864216
398835
745518
306558
426004
772802
558694
677085
435438
184753
431708
441131
193094
730431
202808
332391
475835
807694
392092
320534
958639
153373
522350
703432
202487
915428
791803
572967
126554
240301
244542
804736
453103
890060
925260
693073
662863
483955
370160
912267
568709
615834
353400
575769
346267
370174
808160
636068
991834
200254
770568
950475
167593
206885
567874
184046
122314
359678
657013
148868
499980
801555
767570
767049
605582
692831
460123
268446
176788
644249
994680
559463
260085
348081
135233
420318
532221
757360
870352
524057
857614
640921
388499
925207
747807
856373
109254
684087
216053
580234
732956
529999
381790
414493
297049
887373
107326
657172
969785
184114
301423
964466
557543
375474
226514
592776
695792
572702
264103
566145
996759
121718
121033
385259
860891
682806
241633
784112
366895
271652
278313
913817
701651
474069
328311
898700
275409
335637
469840
245196
333717
585229
123629
791260
860703
164110
298004
556496
636812
462107
936607
547538
397792
957640
832797
172650
640448
888396
856762
907343
160050
949041
735127
675667
423112
963438
574369
598521
299077
858175
743717
446760
443405
681313
238022
218075
659389
349992
588537
296202
626065
525145
743740
923857
396752
490504
996508
851166
292867
767237
672476
266883
630246
407604
842551
953358
371044
330887
551880
484087
189063
209565
830847
446434
704844
882835
564509
364234
146794
967012
560436
672860
406124
218143
510684
702876
522613
421159
554044
715480
188398
226521
882364
718644
448092
638882
585969
719136
869769
137850
117190
872798
161381
762003
319233
766225
558806
697708
130460
605600
664721
504862
278461
970845
536971
603112
587688
959584
924271
141733
675066
926635
182221
471397
559246
530313
110280
145216
163416
794015
997032
180606
666814
158414
756575
886047
824640
315382
497722
769066
820983
162444
273930
913410
947255
624867
516523
534944
584453
354762
490644
173486
281398
486831
544883
740645
917144
469129
699827
894526
263145
696860
889098
829959
755275
645674
629973
493882
775023
127696
176915
509973
104106
264811
337350
865327
789679
667840
314238
374133
922602
704882
447619
204001
191714
806468
758612
922824
189564
458441
731317
266675
155302
620416
910600
724543
180058
454540
132392
769047
396202
209308
279021
400308
374119
516371
179602
163799
184212
393840
351898
920780
998723
613483
124783
104404
333918
697361
841195
423482
155803
486479
590157
125072
920862
414724
663581
100921
769264
695974
683934
165467
805282
862955
379741
993367
293293
459343
971133
291472
753184
323032
212253
665874
836516
151002
584244
170435
748364
339406
407884
718133
725886
812007
657171
646749
226733
320754
561636
895997
916728
245571
875431
635977
108527
255173
629345
215786
528483
600479
407258
195634
737478
519512
761508
573995
570514
259719
558396
232845
499126
866280
764945
225013
678289
422117
771762
805022
642871
333399
614986
473566
478970
490418
923509
401463
559558
552856
517249
988041
967301
824508
183676
704780
257987
759150
192742
642467
832835
651139
775313
331962
517420
454225
370941
195710
776342
142704
814698
333181
290069
429686
706747
583005
734070
630258
798434
293629
997080
315685
195637
878348
954159
279313
497096
212147
852429
589838
668580
685266
154944
357860
831194
486331
712085
202137
582041
488429
158807
310707
721610
348877
640393
342324
745848
374464
786548
544284
482060
697595
673935
577697
575945
628095
670977
973041
654208
437373
476846
322789
122640
531791
580650
767801
918122
292736
869938
414130
595131
928745
624837
230708
191589
179197
386999
837438
367628
173548
295689
749688
771144
869624
241352
347090
411686
812329
234098
965894
249704
524910
202650
186310
956701
597266
854111
788790
703969
724050
116888
299101
566763
555691
343776
658352
634889
630775
409757
902517
704323
605446
566172
389434
475071
707524
550490
786757
519855
684588
666618
583525
209500
683235
669835
980167
280502
523948
682925
884471
161965
699813
997539
628728
255505
341316
287082
704360
786057
510805
520844
404347
116253
987016
693782
405290
608508
244273
106015
942329
742828
586599
525855
766294
269835
195691
660428
450338
533605
343354
248776
595571
857133
246316
224300
926605
401598
325348
630966
101622
650120
151812
405970
666373
952794
913718
885629
475269
971957
805610
417599
714786
392211
757420
395047
476012
767078
955476
826350
300684
212797
889093
710221
883897
949375
834522
810503
264941
973836
355436
266563
623957
407248
572533
204297
274010
400218
903893
649279
372177
709504
966879
986963
915681
724300
295978
391695
491379
165421
132012
606030
278218
921105
316252
976081
870482
964740
786585
135424
852544
142023
215953
476502
363237
602453
494766
537247
902671
312626
100494
274849
836096
881339
175780
751779
519606
371758
957440
824952
437179
989452
430983
529363
824525
561201
505446
608974
525943
205998
644398
378488
161987
760351
668956
425225
276771
977688
776438
179444
290315
690898
354293
126413
572238
430073
778192
991845
701831
649599
816798
952976
553018
161748
482341
377544
622949
801753
886518
962858
907751
444883
255313
969739
119202
824270
308931
295973
715925
899335
375417
906241
590235
543677
932654
162474
873750
624813
968285
489549
188379
699050
442526
641397
760798
824867
832908
297715
540587
633393
260574
362306
978277
329854
332046
911445
154125
454943
121385
770050
354279
310769
590258
844514
754446
522913
820955
542163
961692
789241
931712
150072
488293
374240
691470
163058
113074
524379
360773
553662
157773
435314
729934
950016
579134
961980
775428
547225
330890
710780
231242
499135
921549
721501
343651
589962
158381
978572
946091
120075
767814
877805
984112
170074
166012
675583
233133
993051
113929
407872
460680
985668
657152
190615
849651
236287
966561
539047
597478
297452
249828
728721
696588
985343
450223
854205
489272
508604
832778
435364
442645
514559
313170
426759
498600
293148
916308
631733
286201
844204
853571
646881
829873
424691
651463
593491
474944
618025
132539
972423
815478
196333
701145
426033
181677
965334
194205
570949
473939
926983
820280
730551
355509
947416
157311
754109
240566
973619
299809
340733
817824
967347
887614
561664
306005
453044
969122
680949
971070
915627
567339
700515
111962
182451
126549
107605
147786
220754
492521
435692
961703
312802
166244
231179
260219
223555
885289
314751
111141
185099
555484
742932
966412
357066
218563
272418
710110
187686
853368
681181
917280
334674
295663
843208
417126
236178
850813
464912
270898
257301
800604
232602
384069
866848
363782
458255
904369
163038
673006
829477
162103
142458
572410
128517
399524
690973
300935
923600
692626
968269
518749
523873
302945
714412
367082
534037
850591
131862
898949
121490
203130
613521
168059
487199
394336
345807
845454
212673
408845
432428
942150
384914
474886
514561
413431
688376
119501
528333
611977
626093
496603
130727
149967
613514
745140
331015
147552
509698
362878
946502
531188
379974
473990
513213
767173
768326
759020
526595
794965
981831
772989
737116
366747
161842
165644
680178
750218
185146
122478
362196
625205
519082
306890
589139
132597
865996
820154
180150
375695
996998
940618
720849
290939
414609
234064
958113
996901
893084
398675
791868
874917
985630
442951
241665
147473
508596
735809
797691
507708
758288
973853
132914
191337
280744
536019
223934
960706
270141
218050
336402
181106
158669
957252
372046
387244
191317
330160
298113
898367
542801
903947
773285
528432
346899
828916
575905
755495
478693
287563
263204
150948
175383
210085
242285
270094
646104
280185
230801
730211
312202
467204
811318
370871
338423
183365
572082
429740
327491
770195
328108
770292
588109
915360
212691
835008
658243
602562
504471
136937
790125
581641
101851
865508
605692
244136
135603
251798
338288
180371
882009
550490
547575
693328
735327
699964
690659
307410
943670
918150
891571
271779
688443
479681
101106
715100
228657
659350
317663
633128
610253
107789
128736
612105
787264
634429
670207
736833
700193
822461
817204
582203
372952
278746
189499
922246
878710
694124
143623
822381
612276
849161
908127
214686
242809
823199
829787
371466
396516
147451
818560
906770
969206
847297
432842
670437
481727
917015
321237
995886
653444
138443
492056
840362
231155
495521
762609
109867
189647
806233
746214
701923
569361
568308
816609
712170
391509
560363
897603
688025
521781
716164
508762
404954
477428
755570
975391
773121
586553
296629
769008
239998
249038
261066
980360
380194
656587
656937
304027
746234
463171
864207
362124
846498
432517
992700
558669
637992
553064
456273
239984
974845
986404
648747
379800
377799
318284
269158
150922
804837
379754
733896
858801
528792
808928
839163
808986
379483
496101
926979
939683
773238
791188
301809
619737
223706
294510
992372
675664
661540
362613
815648
550353
349018
378362
744119
626817
596647
913278
591705
315451
293033
239569
988219
635791
948497
827383
358745
327981
237451
285725
267666
824655
976913
383441
358359
114586
491917
264698
690250
153458
527311
419866
603811
776329
698228
261898
317114
208842
989142
722785
424294
282176
776320
412514
731933
724819
153864
990678
866766
205281
276405
948398
843902
167285
331840
202262
995837
637723
366960
600054
691182
794272
919920
208960
484568
618150
284824
615648
640958
273967
252401
879218
370109
928721
205699
102044
567507
259563
992722
434275
278810
183094
296640
122713
164346
442447
138941
160184
980170
319868
660238
585319
928106
494126
608246
326641
926242
793070
842290
567201
967038
908657
446421
337148
837379
552120
253158
318854
625650
245882
653129
804460
242942
763735
741140
307288
120149
694047
281438
100321
913915
755643
499606
842022
249770
107853
168665
176013
800924
824921
643214
681929
733579
903601
833043
484925
455723
986202
703779
895339
146051
270875
613766
288993
934611
354907
410248
954760
948955
591686
869047
862871
347330
368655
618861
411066
290474
687526
401045
905364
426414
858226
587294
159994
761828
334305
458885
131518
320508
162666
926857
366559
247507
540625
469518
182119
709498
779766
950846
658454
285420
733860
435293
446716
916481
868120
671749
206957
469613
972794
926287
796027
831021
427549
769987
592851
661854
228873
538335
796328
291539
465194
162888
439047
819785
446372
435132
529284
140106
299945
101706
239492
847772
350965
500174
764254
219086
171924
785177
588699
144720
625432
384727
875741
952981
154715
382559
528802
197554
820895
325131
389094
200056
301985
642107
919841
648357
891205
449126
688463
105118
364798
741921
852890
615763
242097
531111
734849
314021
230256
237515
272707
755688
436208
148450
622636
404889
344975
151439
502444
979836
376570
705504
179893
578555
347612
999734
140879
152784
362828
643309
971867
627626
385231
738724
157357
527328
269837
706172
741350
314059
843688
914057
969747
193863
876473
592384
498753
135416
643823
901197
115253
834359
606702
109113
412915
768280
922813
453794
735030
199608
997103
706899
727235
296302
445624
698558
723630
529427
404731
378947
743486
162386
206972
713234
256250
897411
219585
568969
932827
677374
470167
862047
511734
890835
871160
824649
573082
707940
192411
308113
807549
103481
915012
448751
299783
274604
147310
837380
704031
366007
130294
447519
428394
237266
974719
498610
134679
108272
967579
881472
685646
351713
743520
197382
156515
528647
835997
629597
236589
842374
837710
944138
759822
666690
392890
873571
841294
440200
710952
459292
706207
741247
806811
948567
792479
695498
361144
827158
617736
328724
622598
303383
494403
366119
314731
550918
794767
150730
180516
845322
807070
918227
789461
566893
498884
182352
440466
340179
436518
965384
699471
956691
620598
420250
905260
413079
929714
266405
154204
547451
409096
676802
750834
717465
856888
965566
268385
651656
930262
262867
496979
737333
995060
200407
304228
493945
196725
558660
734124
447209
524045
347563
403901
958610
667813
223128
371690
511494
303500
339860
958945
526562
916663
623746
244028
773552
503279
326379
339175
433542
403213
650120
984842
398274
750527
203037
706186
761218
661697
354277
208428
999708
601840
512329
958319
183620
549424
243976
595114
666890
483837
468026
193453
400501
991773
251447
988019
495053
477827
327195
828596
695006
877315
813439
993280
541809
830442
699467
303028
492140
953745
325422
491849
469552
651717
364136
553173
201142
508112
962253
768032
891949
430281
775451
292451
422055
926899
194437
731074
318693
421632
473637
913699
212914
201043
820946
568689
931485
520415
685683
423626
388127
911105
729442
757679
562824
993578
224819
577932
415657
187074
259932
307608
431321
935383
414025
667342
776249
508463
398417
994942
744061
772055
822608
770942
787064
643556
339632
718551
977937
925316
956143
280031
750388
685586
851676
313213
593131
976496
705112
908789
977536
865044
130364
322824
714394
358355
890166
490645
766818
202550
399554
424847
788571
136130
195790
575637
593652
435422
294189
571590
274705
250333
751621
925094
749886
603298
152274
256984
493761
757386
979739
385264
536397
110104
608088
164759
368460
498255
469370
949244
600806
682890
374092
389378
719020
469882
865015
312673
719271
973170
698229
893976
137471
363817
819071
787357
781082
785312
858307
274844
456665
838048
560109
893063
762118
982163
957822
944544
480420
341159
893790
895192
924049
181849
284571
643071
465698
963553
769710
184970
850690
381907
892912
888161
645724
625951
589485
426807
411264
447794
515618
767929
199809
889693
574959
861927
871857
446748
806473
266244
687907
614230
161437
611958
696079
259975
168996
161778
223529
838706
160714
974219
134580
953627
776348
680305
579579
365834
921078
804809
627594
350663
572739
727403
154323
961665
589332
926181
408414
309772
192426
996322
824002
167830
522247
520082
327805
591243
581861
365300
343916
556541
253486
378497
510169
929834
872768
903714
209636
793847
708524
737230
958477
195231
464635
112801
970862
867933
938982
379277
177706
945375
289566
901708
927171
711813
421791
254977
217023
817618
520277
460940
374161
673763
653403
698296
603599
526172
515978
627201
233986
138469
364432
192464
147666
643033
205266
118529
510967
958214
397807
502639
817556
587373
404348
744728
213154
640106
899705
330177
371691
333949
605083
559818
907713
258487
258116
425279
598625
674094
866446
732612
626529
230879
739042
674196
687879
844308
692725
198847
716490
990532
515453
534047
491873
819801
278777
518993
373874
992448
749170
645566
326399
268221
205385
148079
340674
277467
387324
839300
765527
253771
485879
392058
384650
224922
966254
886495
883197
658980
985343
599688
563480
500797
947701
869319
234565
226479
302279
508440
132895
865415
967972
359294
133637
173358
321339
374312
264792
608663
213613
930319
676400
513458
322378
875016
638380
202599
761513
435544
675546
746857
849198
152993
161621
796901
922312
210152
837346
138558
532558
870241
903973
500531
143502
937611
487856
364841
225890
652648
787470
253469
582968
463871
666927
719313
252855
219274
735878
914368
554819
411425
575192
317984
378384
636813
114886
214663
660931
852233
253221
193491
636441
157196
594022
593910
908773
981878
772717
134664
548493
560189
288133
945428
838026
769026
578708
990881
888300
314587
905250
357086
539979
394409
575071
818363
845188
589957
933027
506121
356157
186249
599612
806565
157411
107601
400476
966184
903446
173194
100849
451940
547349
202948
311335
299343
871974
790043
290225
760276
104632
109443
117363
544611
317818
506400
276941
163008
996358
209969
569129
266482
210185
982707
973047
267596
990308
287490
233782
807721
360685
148597
173629
722000
165512
384964
921343
937486
175009
125536
611729
993606
948944
543059
452184
266763
949459
629125
329771
859784
739095
798900
940233
849280
695574
913281
930842
599850
114739
164625
407572
289390
127189
395167
911390
192701
680132
746701
944153
669107
772237
555884
662714
635148
912909
928864
801911
862369
557990
945649
636121
211052
658516
576355
960332
354092
403603
805142
853942
418342
869767
175481
607732
810922
470649
433090
903623
964747
179792
847778
547821
765995
317629
124502
315110
230539
953366
117022
906874
511357
876637
542996
622410
535155
933317
496709
703213
336922
301852
471122
655264
985586
460569
176964
796509
745184
424020
614100
623898
503812
461879
171720
183774
679508
110188
398884
724013
963554
329872
630888
388879
206511
987851
825255
555632
921169
235931
172812
172058
351750
457900
727323
337337
818469
718253
947812
563655
142274
561913
101520
460052
837758
173241
543826
431233
183429
842710
155247
960950
986548
600102
263796
107026
501920
989051
562658
423090
224983
549436
495149
476733
907336
136439
628036
725807
668658
489816
203429
710932
951729
204949
170985
703455
192156
528777
134689
189552
285454
103903
150503
272003
604005
228265
279030
105926
217317
655654
342982
256266
205092
652097
546966
112429
602502
175003
652202
271161
478785
669597
796059
344482
774547
867044
947937
780669
395822
982626
870221
581276
986529
834690
667246
504501
962955
846276
424393
994238
501931
581342
250506
607023
147406
697472
533419
649909
686441
185622
735036
165228
669186
531097
323676
357700
398142
271614
138370
607931
168207
822558
103174
968703
657249
670420
473205
534172
430663
711565
528411
832595
206874
592883
353585
254280
290356
787004
804189
790764
786593
539227
769958
455780
884290
993634
713480
282433
265249
665816
704330
247422
488375
707505
216126
959591
291892
503298
493764
622556
214864
836141
369118
235704
429026
622703
389984
533348
323675
108141
324113
110269
461334
908037
380015
345625
901672
907461
528058
980887
573278
146356
228311
961654
667827
258403
921246
859719
661701
328977
396242
690531
165119
665360
826235
494145
202031
216221
841460
425706
138328
979539
349941
499662
887578
543922
745287
789251
451384
187312
684106
924662
233668
726383
800283
801495
884786
635496
575182
546489
864473
871424
150987
843559
450752
791189
251671
466749
821376
993131
792455
859704
972672
956362
359367
860251
500285
104655
563469
851669
105933
161542
690298
239602
787925
404549
855063
672713
940045
430246
133169
718486
215638
998121
562046
480356
789311
713717
847105
610688
706850
553527
470393
593489
509890
643726
453741
910175
648381
831176
675811
654315
892719
280076
707883
680645
584625
562947
267325
438638
807160
300494
157125
922798
212583
533137
317121
901894
246855
164227
512584
767671
617754
796943
275127
127645
440671
628868
851786
903018
374012
441564
557334
266732
621640
179184
761343
120233
556098
928669
458871
363259
143130
429962
200024
255713
863099
417145
971574
923920
395338
484159
605559
913092
195069
780686
854703
535740
323522
620456
438760
597534
962020
810060
678232
497627
889245
439576
517860
359310
282212
790697
622569
325343
134626
722593
395022
811691
953704
366597
735613
349043
664722
255139
262136
759792
849791
930805
295533
987279
551262
548259
584814
427249
358321
177013
824876
161533
430556
342738
420843
612768
947401
857378
838111
982028
579972
233135
793720
447643
413698
443300
696686
978421
512405
772788
738214
362198
703594
933747
349478
168823
395974
748259
496072
654295
739238
320949
629794
169795
477653
864603
682564
425056
721982
434642
321051
215921
567777
928737
563564
795442
372039
260251
773864
698410
933039
512079
960608
550600
359793
224054
619423
655767
786279
929461
224029
525518
250411
667789
595314
542031
532393
277879
781053
254376
612521
102105
370297
994265
930842
747827
789708
216848
908078
477539
815259
755084
889618
689834
219651
163378
727854
653040
719146
514134
582502
757141
939653
732914
424932
448934
188912
857325
540779
869965
925668
967266
786036
209932
875498
716879
857760
579173
747694
679805
956712
476920
348857
846331
980720
468508
909710
708576
121550
542823
222711
604052
213931
976330
250933
538863
339231
339845
310156
780010
123777
235825
747278
809813
345757
536743
440660
117484
115918
188355
697290
972630
479241
946147
732929
459962
328622
556606
168539
264138
999429
205217
682157
127327
995513
747056
566191
334746
986902
776347
928722
924645
826138
589967
734460
985861
126712
175121
103347
142630
177442
614603
929226
556683
474717
662156
830611
703339
218763
813117
781444
132159
918334
463602
159487
827814
210659
539644
976526
111528
315992
905250
936174
956096
409184
670635
941958
435896
659722
859271
392492
737164
473875
321720
293848
762558
883876
938425
465899
102641
751543
247344
948765
583844
524912
108253
411660
635571
547897
388187
647100
677855
207404
583275
547918
430555
167877
489878
766451
727599
263116
972910
464764
550958
208597
572578
313517
992473
511004
593382
909080
262549
654692
771813
746393
179605
780066
972019
715177
241931
274174
276244
819786
295544
673485
367706
626099
741362
671550
306518
468962
748632
279429
747692
299591
301992
234237
427075
294466
645241
920457
117514
721756
575151
789327
382117
568722
483360
354137
197866
625291
442277
374110
359045
637822
947595
540717
177888
602924
212268
384406
971886
774866
477801
633545
888424
679793
767782
315500
788226
326991
235958
719706
948747
625075
423000
244831
107765
806360
412935
205631
345619
755212
479742
604664
307001
341304
145382
384890
844229
171616
669296
730082
760448
961064
363629
648873
640858
945377
864373
429085
272369
914298
962757
135084
453340
385758
279915
461105
192120
506816
480703
351705
175996
774411
770335
382997
115716
815717
581853
773911
801299
251151
503995
475714
126182
681590
124589
667040
626968
888962
910092
713304
717227
872850
662354
170569
258610
756235
445640
264696
263053
826343
516401
339049
600755
286737
536012
530438
916420
117867
304350
631686
182984
622311
107401
209166
303902
131990
776206
744837
834919
600265
372108
466113
473117
934462
450648
545693
690698
796289
624355
767717
536599
954722
920732
951321
155426
456746
395726
885812
474613
600076
517499
557597
136355
438866
580729
340257
384823
270902
899060
133709
771168
185135
499822
158252
933563
850471
603945
624263
560727
142267
305947
911292
996989
226681
862614
152416
497393
258341
938228
872006
672384
369694
343570
708739
622526
824299
862962
907349
995201
675990
941058
680336
761125
354848
738588
694690
205320
256500
232920
580013
298767
438867
491306
209723
479514
267888
262139
876907
340195
114334
662880
912579
297994
906450
535285
820521
644716
398249
727871
553885
974239
582897
234222
649331
837745
786777
344022
857031
943277
390908
437045
242046
643742
828351
265735
123257
996239
427875
814131
250402
356175
477012
162982
468136
297430
598268
288658
756112
810483
830495
223964
698689
413393
358187
261987
251139
144965
419976
108171
988242
710884
359182
144255
354627
101501
309991
291851
911706
551832
105983
162109
721973
396961
225092
190110
508357
637326
292734
178437
361776
123231
302401
874431
436624
560588
136419
501730
519519
456395
423867
421729
167281
683050
379950
335874
684551
503907
527725
596258
869705
447674
658368
591680
744636
697426
595756
166960
248719
788491
245397
510495
811722
447799
298893
162313
822353
335312
564043
341874
691708
801877
663603
672955
484928
943553
908829
983445
447462
350522
493670
231134
698196
966004
722814
356799
577397
232538
423760
726116
834995
483123
150578
646718
830922
349471
622997
653277
498750
187042
809117
190459
888919
472721
677380
287814
330241
500176
185226
591669
750698
578896
722804
448896
544902
359585
619661
122300
406089
857387
662383
241085
340512
712961
701769
985400
876399
324768
552644
375150
325776
361762
379575
128662
648449
870921
230442
792657
371098
315668
298293
121798
708530
921097
384660
253433
194650
904321
189700
414705
675676
666049
555791
916188
292977
171527
815555
169377
310261
368201
444527
536037
629963
638068
478665
192380
508990
609107
885037
780089
738741
183331
715853
447273
918395
914479
514672
927011
732767
518338
341717
408444
184388
711474
324633
377366
783002
954155
446743
993263
322357
705237
443268
766286
257272
735899
858666
666263
345008
657670
360319
983749
654968
890138
344989
487330
804618
759662
328308
537386
278001
483991
845831
362390
195467
984430
553722
792435
938586
814431
699665
260944
433635
956899
927231
590908
692800
699864
171138
851774
271502
431457
835524
826470
321596
994480
227767
940180
754143
456075
477567
932144
840066
323399
208501
849499
307831
662223
641935
246418
476656
255568
321329
810291
212468
162527
401200
719234
676357
386304
571009
847859
631727
320501
588296
767289
314982
716063
707470
969125
172139
185039
815236
912206
408438
923738
761706
530235
499928
317609
590620
876584
473177
811949
600843
499611
788442
816009
132813
464800
202315
603822
312661
734042
824323
800957
501333
953271
517022
122770
836363
503127
207809
651601
415334
430214
489306
991007
860449
889234
222583
451070
679786
509726
176986
194596
909337
865428
910605
856116
330230
112921
459940
456857
660930
198230
171781
976229
965468
502769
998999
801832
905897
120776
367400
235198
450990
756706
226206
225406
559908
262755
576477
153661
672481
567429
248257
495786
432859
158863
351903
577055
985750
625809
933912
560647
724040
105694
450843
689509
508464
363809
405308
328328
384585
672709
463526
649541
343382
503699
774948
803290
666454
265392
770917
338937
732821
919174
734723
979646
892004
900592
470668
791721
526403
404581
352369
164410
324242
703212
667885
646672
967021
973193
788966
265574
559869
252493
815115
803252
570158
504030
520509
236614
669422
291428
389517
316211
210603
938206
295858
916573
838799
666527
708295
279169
885074
960664
343579
123283
577843
911464
583921
458832
884659
372888
624406
444529
525382
353488
161748
995540
757519
582258
146121
426942
773686
349604
557119
798255
287811
752978
714830
940577
333472
337092
219747
132513
297758
463327
969762
689567
288758
553684
148400
987383
826573
672806
345880
265922
926295
407628
175429
597781
889886
135517
924723
577539
385121
481844
289762
572933
148789
904592
427477
296227
241685
547224
242706
353409
824517
212469
856943
113277
666154
905343
100661
406694
492117
346541
486582
332379
568136
475977
830160
458023
511494
668850
849529
796616
964660
139292
283516
927415
857850
610993
137609
913501
972183
280316
266912
796702
392785
937821
723945
872905
843165
724606
193566
249249
885114
580148
481628
453251
870092
225755
725240
381587
794606
574770
992169
759267
528028
189652
600650
385879
614611
638259
299382
586796
818575
380260
297465
125328
318082
921410
898233
161248
559983
905766
310498
445098
399881
606092
712315
269974
731848
351523
551562
440421
826293
457698
113655
354323
547351
614305
554168
161963
252566
753550
562725
885107
133811
674156
910435
351893
595567
722636
327108
969517
628403
451572
328582
842250
957664
940898
112226
603479
292422
563788
943900
932681
921486
871522
200971
382804
485828
655140
358734
552360
322657
735425
351435
356469
409583
261871
522328
819116
798473
749436
788634
340843
114975
117218
183095
886606
872082
195321
490086
978470
573075
347954
911152
408528
133443
926090
691333
519271
495197
864033
885598
717854
599459
237034
974323
823008
312871
410619
642126
925311
974021
344727
266155
988997
275911
263216
875604
961959
272503
279657
940430
745578
441577
765550
154108
475020
691641
659407
808258
100805
437407
607823
718659
850832
744857
606950
673842
871694
917569
229935
797006
805557
388628
877128
794555
478506
140345
584126
440466
312849
677750
380898
872393
933293
960414
840467
322281
566022
413841
130540
566827
751248
552329
285487
602082
297187
706403
189891
982847
537939
233792
779855
343498
522420
656984
952019
900926
611295
536147
255360
738110
127864
536258
610505
961157
496673
450973
283439
962695
764815
227945
443489
430030
680274
542942
846078
791427
249347
935969
774276
601252
983727
468098
844750
420115
939048
796771
321042
550344
246885
476402
202422
188715
826626
712927
149873
237266
977866
247279
113928
656648
375224
457417
986679
869465
900360
746724
660893
963673
596661
349136
564926
580389
717234
323644
900504
656283
934381
135514
120595
995232
425882
223017
183948
252510
835944
233821
303742
727777
295066
317671
384427
570291
589054
285073
353723
403381
845763
914616
367055
442425
263754
745948
922815
794954
883558
823320
451239
817940
772800
471834
727139
198684
594851
811087
351194
344762
858874
468902
886505
153942
686573
184899
538199
275629
369972
791922
579010
215737
620505
760032
472128
784259
419947
394944
493181
303506
132232
844420
935412
805032
230221
662552
903716
639038
387606
168877
797766
160447
537780
684272
214389
138320
769172
652588
227915
953110
358477
706926
982813
878983
380925
454943
577209
700872
663853
970390
818344
696085
814811
667723
415085
858998
244242
318802
498037
531848
301646
295804
592295
653392
794043
620651
691712
563216
187206
819628
430293
445684
440521
413108
238634
635412
768051
715843
336285
345871
686235
968595
941957
415013
636319
357043
274013
780561
489811
586016
226376
605423
695787
632637
258816
489831
167255
764495
867013
254462
498090
297307
514112
838611
610415
652746
474024
292433
282556
624275
538305
868791
592871
394229
197772
143157
565238
371785
737684
955049
771767
864060
560474
467555
410664
633256
857386
477920
311718
724400
546348
709808
921708
960460
462386
446090
527173
750376
638524
709729
374652
990795
492488
781489
385025
590260
738612
850263
776011
476297
719279
547779
254324
193720
829301
564989
640943
686688
856875
852661
325056
403224
562471
160731
277651
924857
420787
618790
675235
873277
328520
863853
864073
634974
645344
163065
225235
297923
827294
815212
674221
460541
362993
828545
554261
192295
307501
195205
692949
978342
947867
831971
295533
424305
806668
387150
349163
227457
905940
838364
100735
148428
702219
864809
683402
261530
841840
722604
459453
583102
537817
947640
943643
714776
690153
497905
721037
897654
507077
413988
789964
368911
159926
985497
693216
866595
372649
856345
994052
192556
694711
994787
240984
310897
773563
738353
386393
529371
460958
659812
112474
812741
607454
956117
527519
297608
367989
248557
109229
775066
476511
799193
143978
536438
698658
651160
403034
885273
507507
397087
977829
116185
305841
132781
241048
893371
771134
527441
422743
232093
187254
435217
944834
608674
305301
386320
806282
573290
534878
815512
348358
