911389
528672
306302
447828
227331
857463
664828
112605
278937
875881
990435
209088
181724
123217
350136
975095
708317
691543
311805
840410
692763
647022
699211
301439
766289
899498
921687
339580
434377
737200
501904
259733
265874
708207
607562
307171
479637
186357
319777
658574
962239
224179
681628
143964
161362
931764
933025
769679
537274
244831
524056
230038
705819
137234
345443
472109
936732
267132
711689
371110
904332
213595
530844
984172
735768
952372
291345
215406
138730
425088
687946
914935
549267
283541
958899
524595
215306
805891
294275
652580
950722
718331
696584
570508
755565
942028
856583
606265
209161
568274
877375
927459
595835
322186
911633
245570
188525
116945
274942
141222
355999
776854
956157
805266
960395
829024
243828
175702
634916
438103
642248
499606
970400
338833
884080
639932
194828
740665
246198
303989
222906
123575
231450
718741
259727
957049
778277
262219
887960
953219
303441
243960
730074
173565
863192
604436
816555
107021
680138
365439
445124
236353
765045
329491
389152
563092
869423
483981
303758
115623
601936
426664
953163
733386
959371
126857
604402
737649
289076
492363
604835
406483
550289
248876
394015
413482
753312
210571
334469
347417
476010
679593
483770
155022
823050
686889
618115
692475
984836
735839
708098
586773
162505
661262
320161
935842
688119
738529
587459
791162
230894
192295
197646
595149
255138
491661
908632
908450
516199
243102
255869
892209
736662
553605
947232
559713
154461
479314
252189
139298
215154
774253
626072
191625
349482
760199
127469
851568
498729
614928
642731
543589
621189
654343
138740
776327
146006
861338
684779
562205
104441
754614
368381
655069
222186
229580
128750
190614
608894
280939
229912
638015
869159
669950
729640
218642
344116
757109
970210
656812
286004
612942
200402
807194
267287
153108
583522
227259
828412
182268
603430
746820
750848
871811
401890
787001
101393
430640
877615
524253
525546
921493
976234
394706
591445
705876
513348
835561
376952
397526
492374
562957
910468
506743
284118
991721
473817
681606
132947
302231
763875
636377
949051
428690
422156
264908
215692
337515
595549
907273
761768
121096
828768
651970
329768
420214
357847
657082
169742
548765
954608
562117
925688
865078
882826
209807
770766
356644
791414
803714
558875
469256
354058
421893
711912
676214
586802
741571
913729
182352
648845
589465
117414
477614
241436
261148
711794
413249
818230
781537
862014
772840
257621
701670
551885
140448
811477
322652
397092
516858
940332
769934
800080
294392
105794
511994
784572
592596
253566
612269
588914
802411
115701
520294
193993
257137
681442
805787
484352
499674
587325
260333
186481
744946
862003
638366
699360
587448
774984
910419
104307
715318
594320
804388
823676
600114
230349
608249
192712
297881
220519
595592
914258
236220
115888
108252
307323
611296
814040
605641
924936
315332
765975
111418
874245
541945
563750
487572
129394
338736
397992
133702
868020
892312
752056
691697
492428
796371
299947
499106
994252
334433
994698
908511
384619
924552
830730
591943
535850
558737
197585
374753
688035
777526
386172
562281
319473
849922
949854
262833
102625
261813
210501
870645
154127
862557
562343
460521
572895
676257
773593
567148
910690
682258
389627
295310
520778
134324
701219
956628
593061
712771
245348
281097
490298
531520
657345
623737
295410
521166
786571
298035
596945
897072
982647
565038
673597
544991
925559
246493
135215
613119
627608
945905
295379
831201
155183
630123
865525
670368
500718
372553
383140
646066
467616
773439
177588
938927
311143
286964
460094
911680
398965
957040
808754
381613
522079
396318
740571
361606
456777
775786
788691
898351
635659
898036
643519
604808
528160
509045
275177
928878
695564
558318
574946
163182
245724
566500
102110
370833
753464
376171
282515
966395
247178
905235
261976
669257
215520
902547
844829
572297
592300
633522
384616
141926
531559
928135
560700
959720
437182
735878
888599
946712
208163
377512
109895
267853
844012
925971
538686
597477
302143
635167
477840
363287
540403
639816
932544
655923
456330
691341
142188
862596
238830
426804
904523
584355
354940
379190
544076
606088
929034
346643
552802
137198
624155
476663
219017
382135
402635
657704
793578
518744
206838
271419
782031
647242
811235
628543
217132
267566
233851
259320
130164
372681
500090
848653
857036
755031
227844
315080
275086
156880
475689
727888
108044
913810
118519
227062
295946
335120
698732
989525
753865
805570
174911
449863
366779
886147
892372
397878
967679
126224
471164
911809
312871
871255
674429
169909
626287
802274
298955
715339
773120
674644
443229
695130
502421
461748
736158
698368
610834
434891
601860
364700
154429
676771
628530
335174
476885
520903
633052
444566
461094
104218
270342
673965
789439
844772
743874
329693
647047
856795
945032
334134
445406
302228
929264
847828
577942
665424
460163
188778
914281
962023
453478
882676
552761
895974
131818
929647
416879
578836
288180
777973
497020
458522
365905
286460
303295
109781
516153
764308
780542
461187
998442
225950
663415
841674
973778
155325
421065
433942
244103
249313
309932
511547
945956
762693
407523
977774
692341
638368
556611
880521
416342
953632
339045
682247
154059
456306
605994
570213
220616
300504
845366
219059
426454
422748
874699
314199
478073
209731
648141
622176
359045
858073
133725
305002
534733
355214
196743
227076
893582
567320
921563
223891
434919
174575
720104
488979
530882
240066
873158
651498
440570
632491
684523
767024
955239
473190
981223
347280
582921
543331
783422
755932
315371
817147
874900
750104
172362
971643
791146
879910
538965
712711
103802
787850
787286
723907
190796
318169
863973
963954
783633
304544
596446
468158
885534
465653
841348
780724
626899
338236
324056
410322
994169
453393
141437
869070
203498
213799
840715
894645
907676
293647
521323
911478
895463
308610
635386
986260
440746
499360
950215
138346
617870
460629
506504
503405
740248
261819
198096
367148
500056
336118
677470
408192
689511
718907
277263
793010
746673
931944
601622
654350
139558
122946
479795
935022
245522
115183
921283
500234
428509
785465
538581
860346
160061
859051
277718
714275
934837
375815
981423
348860
611933
572861
657052
301446
291769
748281
908422
852408
680227
510045
420725
719785
446957
800521
568774
592479
815704
404024
906680
158180
103457
445262
918526
163518
218280
196246
691760
153118
386027
673184
401978
897960
246046
872996
113373
351782
621279
921795
118157
215473
345807
438883
749224
692764
239405
318000
199211
869075
535990
919857
841221
539447
365120
759749
516932
397366
769961
208693
450485
155989
695843
666429
867915
841890
453393
881289
107639
974672
717051
125796
190146
962859
464679
753336
569590
518050
971336
582767
301092
507328
502625
142315
860741
681711
716030
377674
979078
399958
400333
343530
455947
996177
909959
237829
752034
363353
119119
759673
251992
736171
699435
256104
612997
164116
909441
182588
496132
794744
579322
697225
216039
981947
653506
976781
663660
369537
268422
642739
669495
482722
886269
939408
478900
710195
991203
230935
887515
110324
804574
953473
660461
504010
209579
187425
482092
932986
183979
792191
727731
663301
403383
843771
645250
956889
734519
308911
240393
816907
765616
723854
299630
565852
577229
592496
276048
568433
637397
163564
492723
355938
117039
153185
759949
140584
154576
156008
973570
238556
848199
615268
801857
251583
373006
361074
122439
921491
483951
176798
652366
163534
800652
851996
629386
291848
358460
805435
674248
809823
782965
166972
165763
713970
134124
739678
668520
188700
795686
642091
241222
557853
171327
943080
623402
444333
218121
645842
279792
602073
722640
832158
665607
437260
598121
294995
543074
856581
914396
217323
580372
611328
284296
646135
325300
232386
385814
893820
321086
995466
449879
462309
553320
521206
319356
176724
779505
437477
722566
873263
853516
359173
705422
433091
610399
303545
542052
967440
974092
456449
184764
554465
967777
283026
114567
207044
415412
400381
914831
636499
395849
364711
912774
849169
699883
232131
839859
393355
483574
562426
266620
251058
735566
786008
584149
259932
903519
126202
227373
877613
396617
312138
346045
278361
495164
360613
385406
724543
574960
214204
361043
784775
478915
187784
633946
992764
233881
387772
386120
617455
850199
466706
682479
499732
252716
266629
659664
156236
206797
787038
847815
503414
913142
107828
595742
322273
368441
795114
946816
757367
909318
307860
542144
388234
309610
990056
294965
443491
377829
495051
874913
228029
861758
557393
541727
928440
637989
201393
898642
744786
802397
660425
162168
715540
668253
657910
937813
936694
453025
884631
608028
276310
106458
150173
564544
230035
140230
673475
573526
418060
168527
362406
460055
930285
733766
901783
772692
371756
917142
585302
116543
633506
245728
992676
349047
813981
564553
200827
664642
831544
899424
272671
107855
819849
322845
486365
863850
363075
159841
351343
595101
228369
613750
955157
972620
347517
770907
745314
619273
688050
244583
549782
321557
390311
456426
484570
204293
920979
499363
682901
752525
312755
855572
760380
946570
178418
246747
810421
355460
306588
161765
850561
348923
589481
719685
321545
836998
490593
880825
370238
992609
125409
820021
228133
415720
276448
526669
433979
111394
839999
116881
763919
152755
872453
524301
913291
864838
585014
637679
134265
791602
613410
798792
954492
202893
518479
276038
939891
909072
970829
310131
815649
996238
944118
943782
325925
134533
470453
659904
145927
310453
590751
723813
277174
377171
162081
104432
155976
647095
642111
190241
352664
255522
889034
307157
358415
321480
483195
212274
144519
454025
336371
860168
364230
194456
803952
590155
228989
274406
164026
188882
398825
568743
726661
489965
845915
788742
494397
815857
435838
136509
906099
688503
205997
709100
809626
464413
930580
292823
490653
889065
560814
727024
749235
739011
821480
553188
243133
864435
641560
221126
867283
854351
689869
593946
344317
449751
382689
738714
265610
718528
689189
985675
320998
795186
608742
130625
259600
453289
237414
650253
342355
612195
291244
991590
351207
112725
544779
494340
791126
100306
615466
658411
854657
219303
252358
198975
569054
449013
751655
648630
981507
440845
634306
302506
236033
157015
247098
309599
510304
298478
773819
752660
810673
965063
658217
161881
891755
116964
556222
682882
117270
985654
255260
871928
204958
321584
884869
587979
670598
636526
236610
566072
977371
684883
682545
127371
741898
829643
336971
166170
128122
110791
818830
752762
975854
391014
814643
781576
407978
284832
378426
425249
270488
533686
211144
289412
669237
996013
777391
253802
546506
827968
719874
437845
512852
402420
465216
168717
146030
702187
234887
988118
626944
953717
740881
602800
344733
469491
298343
566677
654324
576769
891926
738778
110457
103071
928190
593660
913051
619549
747462
373524
447518
467337
711369
774336
683724
176587
843053
643720
692740
977941
631839
319686
845625
372721
736452
104325
656179
934795
571003
310504
511566
462930
949282
435989
379968
791439
929649
206986
324955
677112
480510
586439
958415
105847
360776
556106
996399
117797
199828
689140
995738
731667
822792
841364
918355
559245
759656
574535
408008
330660
699005
819574
607556
562254
169530
801490
267660
999179
908476
492616
590258
302954
893021
548674
222767
167765
918747
219167
185562
118576
722273
181301
664209
459033
836631
496531
832244
510254
971066
240253
740914
584038
873793
262438
146293
943323
963928
313954
856469
872406
620536
446728
989326
427524
809369
212094
495289
728117
245227
580851
746693
867500
576118
410903
326534
326717
807435
158780
736971
692468
212999
391853
190474
986793
554291
236767
844083
518220
364687
700554
304593
799189
147283
293920
226715
856652
319980
622004
584770
465207
116823
245430
246675
592941
470300
387175
733624
191702
359921
470597
698136
472921
762450
788610
459715
316742
925378
303799
648928
204032
818319
853522
903222
865603
961408
943903
636222
281390
479874
134960
560563
496697
280390
707238
903605
564656
994414
637230
656358
354336
921793
268462
641223
684244
957072
100939
814952
796417
218705
377848
900450
850990
231371
717639
716594
192780
661543
266784
288136
141418
301744
748700
452082
396100
455939
355688
860757
364320
806884
431082
618657
728679
599544
259881
326890
556618
174787
955809
353036
207458
333658
167453
958448
465029
785092
589010
471775
360602
755794
659912
315987
957538
408613
668069
267605
678518
837723
128363
942839
644608
373412
475463
287254
872956
549310
514145
343541
538063
469955
510544
645521
617579
491963
517937
896574
191023
920913
368350
451625
590674
842228
581578
548213
250842
163614
629784
743327
901337
572114
686167
459913
845526
161631
647167
632449
524907
161313
789957
962971
445234
214468
522459
962813
606431
940396
859388
697454
775276
141706
963046
365951
883934
458591
728130
948743
522206
357916
692071
337510
830030
292205
697423
589523
353836
344592
221973
692709
319871
911930
655681
665106
126399
178142
541886
546797
932504
315242
244252
707782
356948
121265
887699
240883
479857
615831
103593
816029
787713
695664
153540
617744
887869
750964
207268
155672
909522
243207
748382
229394
969104
318030
708466
909469
396172
164320
456267
242644
379562
514486
850426
550476
535751
652092
605325
829574
267924
608919
645604
869603
218550
699145
487348
106421
364076
508582
976058
273599
565756
638407
316959
534861
856438
839392
444331
166577
903712
800599
309221
283275
315086
973613
647717
664803
625707
253043
408345
707597
761962
953949
577202
880513
567061
878516
800900
745103
301066
690925
918702
766822
329334
149629
301684
999738
889021
559981
166316
792734
360581
375538
889975
489633
349152
537693
968403
788825
690736
376749
496424
366666
244665
887592
161146
625693
766109
862046
370797
967175
466938
203467
647964
696272
253096
763614
609977
142118
323597
676294
748818
498144
865798
638794
801744
214951
990453
770148
817743
595156
960863
314168
861822
119495
115727
836934
645188
781836
612947
829952
662979
979886
933419
224910
590125
186516
888525
200104
142600
212123
776398
791418
524233
556163
344179
325978
671114
248599
910092
402824
743755
870956
616992
519545
804418
546685
270446
363573
328523
783394
193526
805468
763281
940911
930378
353407
941393
732870
367477
983993
758959
957841
689378
283194
514005
847523
509172
999086
996122
333232
401911
653845
118155
832870
987356
822573
379556
257803
186148
608079
941197
193640
327514
704479
134553
171860
871853
975946
804730
239331
873907
477657
197174
477252
660851
611179
324777
983989
610266
234866
317222
826144
702677
335378
659015
690034
971917
938571
847838
972031
460618
703002
165673
688132
321449
114192
673958
107269
904104
392656
246600
778012
770313
257740
169232
345131
682886
394009
329121
207119
442841
460310
933263
145520
695688
592279
649520
581572
444818
411325
553605
805436
114329
533244
407535
335778
547436
981494
343047
365507
288117
403613
143521
958430
475320
126719
303562
972172
334694
446649
179292
677535
806959
926522
637021
416614
432768
286543
812153
777586
597868
365759
496989
612197
712969
804525
761941
174372
699986
918954
439879
802069
236535
397366
674466
525821
424085
791994
497994
658779
238644
491252
250282
859570
331741
787303
276185
664510
973846
988338
356063
485682
268064
667019
911845
881033
385511
587754
955405
899463
506709
395286
701533
557210
692652
376000
983031
116739
167995
394992
589484
220605
786245
739766
980175
117987
527071
256362
596463
414884
158667
766493
714532
326732
433513
626379
121732
632990
214134
891104
532454
534809
286391
147954
992020
793009
423954
889018
723714
405915
284012
313200
526520
884223
952966
420663
816176
394004
490991
412641
622855
549658
993100
337388
690356
340580
863767
626055
873570
977901
517160
319991
512712
617517
367945
418699
410527
605865
307718
134243
911780
405696
347443
352267
289920
214376
672930
106098
422347
163922
332705
945202
527547
325806
282591
131870
480352
960325
657925
267889
938227
989051
487880
364906
606569
755825
683605
917097
361691
805290
951340
187438
210987
212750
439705
400908
241092
926602
320972
563439
904490
553677
508642
346004
693449
691234
377875
173802
565526
849766
341691
503754
838819
643537
682627
359355
313329
280199
276453
575020
985489
141760
576424
110444
168476
830095
325318
309569
756698
546290
773008
575156
999967
281652
821160
607383
786852
113002
681185
352379
776735
836842
670099
529521
394346
352727
788876
607675
446893
965330
182696
346349
921056
573086
356793
989533
403182
582111
299103
973847
942367
972111
549004
856301
167730
284131
463685
854582
297134
958836
120928
973869
709645
691028
503391
103992
857721
292268
611667
218581
171565
608329
464931
906588
181416
635690
896122
484599
217803
195226
372413
974136
981303
821417
830439
149035
105549
294125
817583
216649
252963
752478
104485
862608
357473
421842
866601
129161
528077
392235
247743
599642
900565
526640
506231
981981
162331
316320
380547
194100
325512
652960
168238
220783
388344
898677
183784
307860
192803
901367
424509
259732
567812
428995
122342
825285
750837
802909
768413
192881
195145
916156
692524
995710
442797
112722
891659
505128
243009
186173
599229
468521
739134
581433
589304
127479
480111
673088
249305
486880
488423
573815
646613
956235
816776
582921
695488
481580
385831
463902
574462
394942
294025
180953
304620
550788
107641
196280
869882
250650
282453
383078
533138
835553
864511
122443
776999
344623
609498
926304
731504
911887
414086
292084
868123
230863
775005
477578
526410
974802
755446
100873
369745
863437
995791
574365
414226
103433
584611
198076
254084
681031
481154
601188
430551
259633
623631
207551
418222
147096
947822
149727
958983
361909
255777
741074
406739
930782
218653
833149
905585
788066
747988
189298
565470
743780
577629
793663
747213
976207
891739
815263
657239
286860
416452
901756
446493
854050
109309
764716
901146
871097
728409
860131
233007
884187
515172
539746
728936
547791
372896
548489
335858
934850
637787
801329
678631
215417
508959
425846
191625
400699
155076
662830
587559
471529
564588
848019
239546
487863
612736
140693
358961
255112
814790
491968
953265
329963
845681
682203
777755
132544
230693
927579
967395
768480
642875
646027
797863
151835
885839
803455
366500
854882
380252
768026
240378
844840
616046
379924
246670
142749
334583
505631
297861
963340
811566
251128
207270
571214
833331
798991
603758
877990
726572
485120
560437
283414
945114
358301
335250
744920
975722
515716
599803
355976
283743
740181
114783
799789
934071
261454
842538
268656
581051
954366
231997
306584
119461
253233
777798
766758
952225
295524
644749
678798
680644
205187
776178
625759
377454
925394
284647
353178
441112
784450
523120
624855
438599
451869
338612
372671
613323
181151
455293
108342
949483
501256
314926
968944
654490
992725
735703
606716
202216
380453
199481
782860
399606
875659
322587
677061
801055
507234
844205
242168
205651
281292
767023
544250
633161
105636
730888
160452
100754
186182
168794
864203
587439
383720
833149
241930
290412
482819
662612
392628
677239
762093
989455
976845
637753
226009
567873
438809
547209
326045
494943
566826
507337
175934
111078
140500
995535
655932
200952
910255
742114
183712
774460
243520
381398
521576
299416
485777
818361
862028
692371
495601
624122
681827
386414
175843
721802
854287
428618
269012
180334
823562
735839
501637
813462
660883
456103
808998
316816
557055
719255
872896
554733
407682
116418
836132
743224
315834
321910
561586
177864
914281
957188
615952
510076
343603
691795
145845
111857
120415
314858
106157
843977
864663
507795
657440
439513
863898
380405
570295
334921
913626
443192
703620
321309
373576
539753
964533
503377
675629
440087
495207
503878
397276
111160
913954
554845
702956
873765
480668
637337
188624
486826
481315
867253
808587
952721
220733
586452
247093
691028
735339
160721
948187
438961
295996
321764
792680
174497
725141
468311
514584
220349
786155
725826
145476
614076
194638
748432
487842
575306
385770
490433
876098
681051
357687
684686
547739
478421
185106
694832
983415
734411
669519
931603
173373
865516
167335
780020
940013
792476
162298
368564
826792
848453
994390
786234
462530
189029
534667
850372
578301
734403
340806
454401
329421
512460
953053
691126
804847
952125
299925
788263
686538
783411
719868
673877
648928
701169
453898
502908
493646
516196
685438
234405
364650
679829
920639
727180
682824
369273
491520
175092
917642
732326
529493
161030
244787
396514
666122
949634
348640
866048
651865
935178
563426
285700
609057
212355
886869
876921
529229
294482
307085
214668
428888
571735
708463
263494
212883
305254
446734
604403
380346
278343
250696
723806
339374
309450
120321
819462
259085
368961
685511
724916
218107
248938
910616
641130
275259
797486
432018
618454
991969
639103
647088
334824
124806
269518
412284
237689
388738
672984
656058
669085
851328
720720
306858
190703
930170
241145
910165
189257
424072
509644
728139
542179
572548
638757
997275
661774
350210
429295
194195
256146
968398
741284
490970
993204
910802
717221
144860
299542
390206
614884
782593
241535
335606
989451
246204
265777
144563
970336
269000
468635
393947
897140
910815
866495
449864
908091
442236
700074
251353
536432
856221
219753
277717
261158
126924
102486
878379
171785
215994
182553
600635
898587
238054
836241
802005
384259
915985
846568
268562
998951
315205
562509
896092
139987
342971
345957
862044
599174
859998
113399
135607
716220
147118
227290
877378
174042
143742
669725
159793
259737
666244
660429
972290
804298
410637
688263
102524
326623
448798
271086
325576
577969
647561
135635
617956
890533
295559
393968
489708
155558
407367
439281
685744
368451
566571
477089
356459
610313
146815
330219
684016
627025
804614
656308
431325
215252
344572
433849
355842
693370
518902
495384
271341
166464
444985
703263
870963
640544
997231
360672
610068
318565
699953
209779
500982
180491
586869
757442
604771
547650
901627
288788
174677
706242
759062
506002
821494
917600
753817
991302
524938
186686
400653
610245
253151
745639
227475
124115
300150
224708
298754
810219
357239
812673
919998
758222
807131
420834
429631
411903
868485
331259
514657
943162
851467
187687
363131
586928
105288
930914
578232
444192
117602
878885
954437
184719
538491
181914
122800
738642
220588
235520
462828
391793
948194
296793
963981
669292
617628
307579
981195
486114
452804
409819
343243
304272
411472
606374
791201
416761
537289
283400
674919
468857
162286
629358
467542
514744
625238
490343
253387
659792
625863
616215
951585
488024
813008
829534
157317
344603
137114
952478
730717
489919
276265
973960
694191
587737
494301
485393
818464
845557
668793
493385
314415
645046
936709
681958
973756
475914
986267
227144
135707
526097
657325
901258
914122
384300
730793
885405
628904
767908
837885
273588
171794
928116
161516
765985
515854
555817
165346
334320
401375
648105
641671
529757
207118
578381
211716
180875
954295
197984
221985
903968
538047
779310
805227
452170
977577
449988
251543
606482
131863
903394
694036
203657
831511
755552
783608
347366
311371
848954
495652
526712
411027
137324
956469
518145
529671
982151
512987
397933
180136
634972
301902
618184
414284
921096
884320
391862
285051
135864
812310
316914
939258
506347
334537
684736
175867
118146
846069
301204
781067
341722
727916
192095
293013
684387
524206
636650
666539
937193
934584
660642
572167
150453
192793
800417
885515
891079
192280
984532
840910
818556
301447
694135
238870
449950
378873
314737
468097
224943
429907
163131
380631
157825
169192
573644
656178
593398
124262
236684
530593
872812
711292
916726
837231
718051
717144
636714
609132
723390
621247
364009
541947
736661
958144
594783
186612
337018
723487
468675
461961
153395
531806
742593
125186
600998
230204
681364
108364
168432
732015
538957
941244
357274
369650
778477
975326
986794
329158
498425
710185
850405
762434
166099
587067
634545
660882
587646
871564
384370
956321
247492
437766
402095
890085
376918
903093
934256
958283
911457
102689
604265
364381
857900
861539
634031
550344
750832
534792
779502
163224
244978
629908
739624
225043
130943
374171
785926
618589
245736
984262
574911
393228
335995
877006
197281
612914
694067
945503
485164
519491
948192
989429
697839
720059
764935
331871
270404
429735
680630
949906
492959
739574
493782
232585
864618
524725
420722
564511
143315
566458
548774
618226
773652
784770
409200
870933
397685
103268
730403
782849
436725
678597
686245
134565
398657
365147
280403
483028
694882
861033
432935
101809
600608
740683
148360
465227
265409
469082
929738
308724
935540
392480
740917
623159
177251
964083
408060
388902
967351
138464
985717
318043
631027
671963
352609
843651
937110
533012
326680
545960
394046
573581
547769
808620
314266
596129
187815
393641
965211
117554
602366
814718
324000
257250
437878
401251
221334
745938
604119
102652
698369
589837
320695
329397
261801
487270
173049
112879
920282
399729
558839
314329
787277
920574
936916
101544
516704
124732
395185
395882
956251
811517
210601
280253
882733
462445
495470
104068
122351
999590
920685
720720
589428
155348
950117
665196
542618
937133
592041
462902
336863
964846
591197
124141
885421
528114
939650
402126
552846
248803
611974
423065
960320
722575
603318
843055
185021
998788
761089
207372
912345
595742
742058
415741
565056
606143
894903
107675
543277
486945
384543
694106
451792
789707
718248
251180
231788
571865
467272
598601
720668
979246
921666
594956
701822
438951
351978
700809
437740
927033
722148
264053
522776
464207
579794
901798
970350
474698
823440
427594
861643
121950
121702
227402
811657
653916
292548
857412
225782
659820
369980
760417
639067
291647
355374
254856
544564
607352
769631
882304
534386
491780
146358
871129
769954
540118
772928
654271
914816
596369
981866
690426
618320
103569
731794
343944
657485
924342
115323
697233
498129
385303
457651
137197
490916
713025
206019
935480
234344
875651
731752
582697
367432
692076
367793
951352
232196
954687
605625
960978
465024
587492
651406
983344
505027
297167
241255
976478
221511
256579
673712
619640
455848
131365
570804
846765
658356
676823
782246
706667
466441
513999
289365
647840
206077
471124
599193
252239
425812
118785
213218
790836
520243
764624
688147
925270
875758
829403
901749
997269
899948
575463
530876
355797
520794
101681
116529
179151
592471
798776
785818
872878
226742
889149
520719
246785
360274
933879
399024
600053
952664
426209
390890
472909
104800
979038
312146
880558
722408
127863
791794
536323
603326
322672
706086
938086
238319
722616
931203
644756
435359
630989
517636
476067
520139
852321
622853
694380
700167
835843
294434
652833
176019
585324
939708
180820
478329
251855
961378
114704
279718
753174
464993
697010
889812
171081
549063
128132
707663
480268
672889
143023
111258
104492
433056
445363
856813
955909
139744
556982
705720
248144
123782
781739
647435
877456
862559
125765
943277
737905
954435
222997
405046
333395
733973
294859
318442
197004
322991
926105
577272
809846
883094
502496
814338
316152
847859
585119
186028
801570
956067
791748
949714
893815
487455
597150
771272
263981
536882
714550
901886
405284
751513
220899
638679
399454
415758
857122
496458
552716
783228
887696
362563
580290
390193
990868
710408
152019
489954
796436
853589
359988
502152
717271
253804
889607
314422
839042
153589
665270
553593
869442
970554
219074
990341
609235
518528
320067
466358
828952
772783
163553
716649
949312
557809
920808
854147
268218
886793
258068
964655
740384
518056
380774
371622
585826
184348
586044
424869
151903
251316
792429
921345
221871
911503
825654
645072
343998
145722
925396
172951
732471
902916
703566
681784
460726
624375
535933
542911
511169
694001
421533
165520
126025
702307
437142
611851
786655
837153
850687
838558
902435
643117
673871
938272
468587
499526
583346
626551
459214
422709
699502
191686
325626
403069
687436
600319
841410
223370
143231
266546
731338
464764
246033
671329
981037
497141
283181
681659
334295
947834
520218
150697
504918
194090
988970
873505
507582
486283
500057
780762
808992
113526
872448
948585
330561
559886
548905
985937
597222
506102
166451
242527
784832
312484
813856
679836
623591
997038
361496
771853
858839
781714
822550
363759
789771
811521
151231
211320
297805
465255
892083
920764
478781
678498
869350
623309
238385
332222
609247
649574
652290
675698
792101
437123
802148
605959
930925
425741
516964
292422
197595
375804
888102
920145
553529
677874
645634
604761
703161
757405
970016
509211
678170
362764
187710
461487
886073
240062
607675
495322
789636
259966
984986
581738
511055
787136
101664
441981
126844
432594
634403
224439
708399
522507
958550
175895
114348
518151
680656
631475
275558
564639
140687
767694
827404
228398
229183
713478
282426
736858
122767
972062
810791
921720
467767
321847
622823
383398
663829
649667
715992
212199
688072
338358
548672
560589
414254
563021
978741
994910
108463
168266
559551
149151
835960
300922
191515
965143
828366
373941
615969
851134
346004
426761
686821
627737
648608
309645
911135
226404
773278
627129
252570
375317
779453
701242
835906
193708
178230
728614
102586
186694
796880
476103
235845
632842
677025
327360
511952
505392
601301
127922
270493
761271
368649
857314
389009
917258
980925
214112
957628
754204
655207
210199
129522
434661
811442
779395
528370
889672
508010
530956
976366
304892
907059
126178
751700
498051
267504
263653
903443
768805
205542
173938
444043
474191
845218
647019
391450
826145
761131
263046
494316
416339
373245
523839
751000
998653
217201
193337
888327
625211
538259
778660
744069
359285
718805
495770
757336
886309
659424
574747
569082
764966
562651
913125
239158
407870
560145
444575
147982
321277
607621
542299
551582
794832
966138
216550
793487
183340
309887
595781
622517
662113
288408
366588
921398
907213
676324
592702
707490
249715
981415
276573
828647
544067
189699
881772
851937
649845
326348
899920
785088
747935
442220
336672
456734
322325
453222
250222
319631
577075
659969
756114
153155
848378
936668
888520
669558
612994
481223
377049
762709
462639
553622
591358
906706
643322
473131
672610
207134
613445
486497
892222
275347
742683
142861
632081
878974
410049
696270
112572
801091
356240
768687
854246
118585
705356
742767
688144
318351
137957
965193
895027
500596
432783
400352
321269
890071
773483
807846
997205
300895
208310
803394
390208
850994
760222
922289
643935
170272
532526
656508
871363
788767
425196
639577
721318
944518
382345
409463
176837
420303
288624
971864
734865
535373
372217
870101
425445
959666
677948
336617
174528
786258
140012
464736
551219
714200
300992
195156
784473
733519
665630
569803
436253
904792
209381
157572
849311
491727
381002
926148
725996
569626
898013
460862
105000
184197
330964
344411
957829
822878
581028
132358
523104
535006
497094
888289
249208
698087
983445
847647
345573
563042
417451
681826
467835
526833
739398
317148
832526
120401
243297
558523
503993
955277
833351
422959
953440
978282
667370
911271
801161
248399
943629
238232
597372
354691
126523
660546
866744
923934
508194
212318
486978
739611
794144
854813
266445
533543
171962
912937
467911
229226
385427
871904
998469
218780
294865
865876
197063
862235
777148
812190
924601
634745
950423
435940
889436
890912
996486
756181
814847
418647
868499
301826
158259
576610
970606
238671
924119
956534
151609
392031
999726
437037
263937
998196
469783
372768
864074
480812
148970
555189
293003
887537
189935
157393
323478
893337
948305
233931
563485
677120
552578
345951
792912
610838
822561
763519
749509
746682
634021
715084
952679
633748
152122
216617
545912
521905
403351
323953
902717
452322
693108
109688
339860
783044
981046
477305
590348
929353
611236
153835
520440
163816
399786
313353
588620
136315
890839
338130
696963
524861
953214
649643
972575
919303
766261
518488
355175
983578
656407
171860
435901
349517
181548
589728
946527
162595
967033
536876
905914
578270
590711
340321
556052
804464
553675
144673
754745
358481
296769
451709
783342
163951
101353
669884
897220
681580
188374
252396
665160
658747
324256
101062
908264
319770
590790
768758
296332
471790
305636
116213
950061
710313
356535
506114
428744
724176
464754
183490
982657
661523
535199
679966
639440
450519
349851
536661
132100
352191
603024
697260
824905
741246
612289
647136
961017
117046
415896
171316
488837
621532
187529
438899
245812
358030
758979
574557
896172
137700
658047
878830
613190
107214
472763
252631
457733
636581
603259
489833
802738
206284
101061
627644
847530
613350
274782
722514
544362
590678
793830
933199
212211
795326
286065
358023
153357
945045
746546
949530
896711
318561
742327
509902
325775
129058
662534
597474
665639
265794
901273
468378
286044
902334
996023
133575
429651
184772
756090
787980
675450
463887
721180
701627
259214
907246
873616
226538
766258
620164
990034
662970
838725
732362
172874
978466
761420
649374
575941
341026
729134
391181
709405
915178
207483
619395
862719
451100
704167
532776
239081
293584
896664
860262
809177
969844
681475
682794
196383
361700
216925
186418
838636
869616
732747
825476
762049
408134
474851
337991
649161
117952
543139
272533
847096
650622
791928
709817
101723
410062
156560
240805
517612
867190
915033
326790
837036
596509
823550
847385
772175
940476
847770
610812
724059
580518
436290
486110
802618
725107
638067
451780
743060
181207
624313
590157
731829
330208
213941
647519
554236
270502
788324
885814
137693
617324
212605
788695
127800
936156
636082
799975
790599
483853
324754
514659
878337
661044
814735
680956
300119
452804
946703
943179
534011
571017
447303
179808
715192
475211
641293
183395
645713
343584
969210
597372
860908
181816
386069
888708
931938
836117
688684
636504
233937
913438
965130
112275
488450
779866
693231
688569
146637
639935
545715
494615
124920
806984
488389
654078
282196
129683
737473
741875
373267
706684
339249
234176
702467
539284
122885
548372
289368
625535
998843
423305
452940
963974
435580
755356
657807
942777
357892
704445
496680
803607
113027
521600
610593
501416
989644
792789
531099
727118
448632
804366
347770
687881
852508
864203
141132
789359
412576
330500
328861
411420
653805
595767
289361
903351
351125
847169
846129
522983
465581
342810
326592
392574
678376
751151
793990
668021
457907
239056
309107
806539
857388
470843
408387
709897
335047
363485
413223
647623
593985
642084
873010
161757
151818
162372
965108
316909
823507
725205
739893
203055
968015
880451
495629
560359
631603
203586
142347
989510
342642
265420
710017
113997
636263
118405
723894
871310
295857
951083
518935
789842
507134
305912
765566
558953
282250
644641
775862
919724
369847
515756
122780
251830
396208
432376
626155
841777
449928
668502
831289
692571
833923
455273
620534
470187
387644
344430
341499
583501
209480
674400
287311
616615
880312
952877
175569
976528
511485
851431
896253
781333
281155
919034
847129
491329
265377
473285
333108
615305
141788
978363
221843
789677
433637
742378
173832
635247
900774
415331
218750
110255
903697
406061
626870
697976
272905
616405
674505
684390
381804
570760
379690
476925
403761
226820
868254
569138
600105
115329
998409
555860
993692
134220
259504
341296
776598
333336
876544
591339
562633
909260
601594
380297
315322
142432
978273
402193
572803
566746
986583
854607
137507
366275
245499
355234
407061
113755
738338
907167
129084
736748
376994
936743
770968
450464
192006
461533
683801
968550
952872
160401
877811
468434
440699
107100
510866
332939
409293
897635
799685
309844
666210
751158
576119
811709
106393
797146
825464
744731
704314
768515
395447
895274
619225
166416
345740
711231
527950
843507
593749
394789
903908
471561
763223
258574
392628
188056
491514
615887
985692
291200
825731
651903
856325
315817
463613
862718
112965
203045
521417
631245
785526
816864
526521
404752
797246
686227
115984
239163
529735
523699
533953
347610
895261
297177
506185
201856
385234
811665
717743
284893
102866
543476
750762
773157
759293
128342
635877
772258
231387
971260
317471
830879
788125
657958
149598
585372
344186
979548
724536
687887
503248
172456
935497
312476
369633
355649
414332
568833
167315
132077
753726
984147
489519
504489
757305
162779
532832
307149
749004
578185
278410
966475
323032
880501
624434
372630
465875
868620
352179
104378
470474
755428
176834
319938
967904
360433
489554
296204
829267
556869
242247
496960
454983
631766
815416
126256
694545
262215
333405
357516
740400
425782
323992
877398
306284
848426
250030
586125
631013
416175
590503
915453
985569
581303
235393
867441
841737
624947
163646
584971
995782
305893
981931
450767
751625
797348
390989
360137
959563
624394
617654
613931
950176
841646
405296
256462
604040
555326
656553
149020
785468
247058
964474
771038
642327
199868
638480
398031
638781
702126
883002
634564
821985
778901
899297
573611
490216
290287
833749
449781
728648
365370
877678
592791
207017
282975
663219
625023
652268
319774
674044
437737
466832
638519
208776
923125
652353
661223
321158
291135
363350
118127
739665
999302
797028
552930
486880
287246
657183
320630
550993
385832
586000
428672
878624
606984
525613
541844
232008
177882
675584
806052
429585
142417
358538
452328
879509
910891
113552
200668
115993
290868
218795
669625
290171
829790
136522
677052
117037
693705
811648
568030
979538
311616
810668
772129
818600
250248
227940
864574
242097
803525
584594
571682
759908
843132
924010
639418
667991
851528
654052
597950
142398
686814
181542
332569
516605
218064
823587
447608
811770
549203
829604
705275
760819
640273
391371
493386
704487
519311
271927
846584
236803
756521
418268
896712
513621
256245
450097
995578
107775
918116
507495
150173
604931
589038
296708
935502
707102
934262
383111
432839
483466
126682
952080
244286
666955
343452
551638
285409
676730
723565
131995
813533
394054
364229
624212
807675
520474
888276
717220
442215
720359
224716
492388
239257
713754
603063
174760
334824
537326
371837
581629
834758
398519
533711
893010
879440
691129
444649
978815
367860
982180
110811
995360
376235
375040
533539
997876
795515
335782
715097
151697
956141
753780
544086
195399
381501
961115
184125
616325
412408
369928
111922
247167
582413
545633
954143
375820
150729
398793
354637
418590
294940
365448
327917
571176
554455
675422
483019
263937
911205
112084
315634
867347
765864
759720
876713
147366
634802
960838
577658
947210
244734
503546
108344
727147
949179
962487
102969
999908
275247
357606
332465
470188
537020
474348
855330
991475
149772
252316
255413
874943
264400
471048
742291
844230
144735
532971
891597
679538
407777
383222
540715
552511
786768
463026
279659
649914
339480
196594
563789
514728
368166
710221
798882
805187
184570
568179
796663
148308
720495
866043
923251
884896
251058
579510
729127
295793
926447
534691
789297
334225
731879
243980
786736
432614
607006
880362
982528
760452
890922
460285
189147
259090
984472
888029
964277
983008
456209
674907
131318
990671
454917
868535
875568
605975
448046
518662
801769
374495
867320
505033
522686
513166
649013
223390
845781
169986
103753
742276
830439
894675
202562
919586
967731
101001
721583
932009
984010
991758
520884
115329
982430
875801
797830
857999
395744
245878
290629
197514
434339
971915
516513
857025
485082
979493
980415
330864
149480
898134
973141
793885
706777
989669
627439
674509
904637
262989
520486
888648
254748
941370
817943
237180
731138
615774
909145
126883
675618
113741
138363
109958
985656
468843
780950
470740
448337
675332
701604
497817
487434
588712
205670
194212
492349
647075
682687
396987
810064
203174
285636
964812
958510
103580
115959
689650
533320
925105
630499
208940
938846
582829
218898
924504
865638
813814
309211
313976
403114
824781
625759
790548
413495
731429
884760
719810
292471
567448
930763
102536
584589
130366
881315
543100
947911
897274
146717
481232
736346
591183
590172
675194
987978
623037
513665
853617
436852
722876
167594
739966
461624
693353
444481
689085
338750
243208
408896
531221
624623
253626
447724
209213
283992
329040
566279
231904
140281
612997
527103
776628
204181
117276
451823
106126
640313
779454
859743
891132
416297
841303
545065
777921
534657
803513
467008
687373
946721
689870
132562
571345
843497
394252
594524
127490
623292
160805
173361
663573
673802
600464
354168
691949
531706
705991
698075
985986
399412
471785
791085
715709
313089
250117
407598
661712
953630
774606
263053
900353
464477
295615
385665
307975
503833
794156
249432
127126
854961
236759
604665
442730
651189
858834
948645
996861
478792
560687
982848
692171
932472
687900
321847
159528
838018
629445
721240
791649
404052
884293
605969
682496
993874
805601
804437
497708
599758
953869
438800
368686
104595
857432
711416
655784
630233
660062
652647
922991
134716
549462
615163
967188
237364
837011
126717
889348
466457
661923
594964
684476
460184
114901
366973
454059
734468
171411
765734
334227
939247
204535
516879
943842
875933
228296
513594
506167
702324
980207
429160
651006
443636
944323
618195
494966
695301
558878
384315
161760
134768
793246
746236
494952
808147
927175
762978
542616
998586
528713
690809
851800
547214
207689
709610
423149
249951
223205
829316
766241
117379
172443
417248
461015
116768
849409
855982
712069
322254
154264
687795
357022
847510
347998
751975
569624
275174
514954
112241
273762
857633
617016
939528
404848
724705
649139
641963
788622
772344
471281
468830
703689
457690
786078
164706
388424
549454
834654
100495
771708
802884
602256
942697
650396
850255
694673
133987
125430
123594
146229
213158
881227
577211
152688
200042
215884
615793
742006
904506
302105
127254
373338
905794
484944
973382
884466
773369
436804
719121
687830
208513
435973
290087
151211
900335
954308
659850
934322
893705
597410
894517
920829
392604
471730
887483
492647
587614
503278
148620
406087
705383
175874
679425
611178
560818
566775
495646
248154
903579
128734
835984
926058
464707
940038
891236
365043
808313
551087
213333
702019
962464
107851
622850
355069
479581
510334
661682
967195
827578
710302
373284
532962
786176
866675
958107
260962
347417
367720
409116
250997
310420
159068
177057
675128
913072
882259
854137
721386
433347
881436
423407
395812
889288
860223
564848
368870
284524
226531
250033
112104
836834
437283
459032
623011
303959
417140
697939
465343
684860
921022
616340
895281
980090
607363
484376
893163
489623
252480
528516
736937
133918
851923
946715
837172
712147
511564
206043
896672
638096
270042
822742
388897
607325
281775
911908
725251
598916
523815
190595
197743
444838
620901
906990
338895
142232
305333
146025
445821
371780
574541
996724
319664
340432
943441
156837
866545
368972
176846
763218
907068
346889
499927
295966
768180
681703
121842
493432
194586
459623
497993
206295
718427
932861
113287
957322
889059
232586
917313
334881
418332
405821
331607
637996
646253
189015
608799
512800
457987
685646
189985
279023
846501
589913
388955
614682
185583
324763
922081
280169
684386
334041
300430
402814
266903
227683
274103
155963
360270
105383
304811
678602
411205
450384
230566
871424
539399
739365
298191
811352
425012
388177
990375
271514
792056
293298
700163
791605
518061
622245
971774
116415
770252
272205
333195
937156
399889
421265
907085
574125
426648
211897
166694
737853
476247
297260
523245
915646
850592
721436
727000
275605
109614
631342
361086
715636
824640
875215
507242
256669
497461
392983
187050
181680
479155
420245
118837
693010
741510
839889
181102
168160
865752
247796
719979
342001
359023
243225
257648
209616
778628
798614
299187
788242
343924
560273
417846
168565
435489
739054
239200
746916
132039
326250
742563
425160
646496
761400
118171
301973
515256
199273
284099
381010
347069
818045
623011
520058
875236
694625
629674
653865
407207
828862
356075
651131
303102
673921
633662
552558
412976
772863
213441
358981
999113
856004
684141
559576
617406
702312
675516
946628
715551
859615
327639
876587
677661
764616
396646
552899
459243
926321
120731
766450
755184
376806
331548
872252
864693
865210
424811
277671
638074
538253
450618
551155
394258
134761
924697
825630
651039
600214
772260
366592
373797
913865
157146
865424
678483
453792
332290
951692
380114
353022
632109
949264
629828
863657
821518
494523
728868
246330
586160
366944
598549
936778
732065
892808
885505
656763
632405
450512
170945
318632
631070
444742
232499
688216
224133
724948
142009
456424
676641
336090
709446
308751
285355
253241
172409
920839
647764
715243
981136
147891
896153
579686
898636
628219
386461
698108
198950
832833
148621
269895
151466
679691
528603
197931
281874
652736
822879
323884
109161
413487
559974
632573
622238
659295
785815
608613
494102
347546
237824
475239
395438
133978
868891
208041
662198
255354
806149
761148
902153
768737
845009
953619
448429
287579
965517
544270
840315
788397
768154
763443
201886
242095
396017
638090
715356
995798
160671
209459
343346
298495
584698
552750
246439
367557
660791
808637
522911
380907
483752
425065
149645
242728
292651
412041
430307
258169
856311
184590
860533
538432
761999
876385
594493
158017
428442
309850
967782
403079
419310
311129
515540
817974
677845
661980
185532
338637
384584
522409
533510
768337
761440
583156
825031
868058
809163
255340
940193
579441
253896
800727
117874
915895
591079
612367
887878
919522
736183
855661
322602
969459
980756
652109
787435
658602
314090
786933
897239
598674
223310
344717
280978
798716
741839
106011
666775
551003
175317
606970
130445
243179
321664
962284
159075
812744
488618
860919
732267
224802
716582
868835
194263
697339
520945
795664
355943
649001
582598
167149
247677
619874
411866
342621
418592
153706
262598
985367
518675
337915
506304
463086
395060
727969
425371
454135
540714
727955
229022
186948
852758
845604
869749
947021
456910
390696
742686
626819
939697
239251
693969
101341
673092
919801
343963
991684
887474
420527
891018
406150
572409
397324
683203
867469
939259
922540
235572
393940
650497
364594
480888
503256
210199
350638
364244
481075
555300
920896
107896
408965
974113
701865
410306
647206
535633
568235
552857
423108
888763
443877
643225
461173
655167
326429
242609
508393
248970
378181
802333
713433
642775
283222
216690
666940
447826
480934
148017
817093
315797
155913
226059
289912
671744
450331
837118
207378
832533
389977
444453
721297
647820
987678
996436
216954
228074
239046
625347
291010
431194
427681
904444
973969
524869
935100
554877
786661
330002
602894
603755
545799
572773
729814
735711
158484
180147
572831
179828
912680
776774
524281
547944
424595
425926
458347
541549
554000
511359
166897
658977
842553
408544
563422
730490
833413
498523
285368
620075
728525
702228
223832
188292
275002
767612
824003
333486
761725
310801
327280
674406
987575
751562
136317
326137
177489
494664
681652
545456
819990
662515
204434
576510
971059
581822
307001
718439
980345
492369
252482
622838
194598
290280
711130
283566
957892
535134
431018
719619
659902
658299
307992
647478
323828
344310
787582
315283
652940
469235
760739
386897
131752
779139
863408
916777
360962
170410
549184
341309
476746
701666
778113
485310
891946
489244
668877
763805
838344
913861
483425
412213
486127
605384
873658
709955
763660
661241
925239
416601
944442
685979
617465
890160
465120
480874
806939
640048
551284
356124
881357
841996
871756
573437
327308
763703
876647
810151
527509
628959
637979
824901
941172
124108
344252
814831
734063
107913
390039
573269
424514
334483
173216
941979
224644
452302
336820
931583
992350
702071
201674
787675
544068
973430
361113
771376
651100
237762
495494
992576
766721
133475
731444
707894
157583
975696
436693
705612
983609
726732
278883
322090
961215
352099
178037
999826
618367
414857
845376
610718
116929
947051
398394
474964
834448
659508
246341
399516
711236
555802
392093
391924
589277
123538
913784
560826
913200
350478
266439
896810
891177
359288
132867
852393
525353
210904
852220
143721
439728
697598
568406
370623
558616
866800
745587
307031
440275
805895
606547
965477
361698
898640
357402
764941
836144
271188
325768
663311
521666
406173
474088
412844
579428
506956
179205
104782
531826
845391
962469
785520
456956
530876
156145
915572
311643
715698
136571
565885
521594
643118
531363
697258
455726
788766
462200
205837
959954
601934
769149
395587
908108
243238
622398
487537
650194
615569
406285
995987
460961
368755
781508
817918
713597
837653
647457
839207
467319
597994
405093
888913
241114
836456
586173
596840
539189
862339
616643
499144
464275
385793
708698
372384
529032
245063
673887
993192
760632
894138
903146
221594
176861
684656
853478
790458
436276
414903
629666
803595
912897
848725
606476
967977
685183
192650
478784
224373
954989
995428
537484
333231
381222
160149
605615
724220
305212
193469
631380
965844
987608
534527
101405
164470
133150
854884
768894
469427
183754
312528
186989
910617
161254
693465
878596
660403
786115
271347
698743
655072
266776
150194
888303
461965
210343
407886
100152
415555
415321
631532
381400
402930
980026
296771
381366
113177
965621
964227
482604
149376
276756
569594
873960
251976
177026
752557
726346
863142
923904
425090
432181
104648
475284
234451
466613
585627
542337
380731
815148
771625
912264
110515
174556
806257
307286
369889
819434
272909
334117
216006
236251
424839
599566
110212
490781
676592
676735
217128
453701
514607
542218
785882
519255
831468
834300
799834
417096
376638
180566
146211
962229
906796
156726
136787
713054
364013
320642
446456
450888
468725
562462
587139
707530
162029
511318
198312
652587
188054
315441
106290
516627
671625
706138
849848
503095
540439
563649
734157
731044
558182
780369
693274
464979
751061
644027
992000
929040
864669
438457
379929
333395
814885
781035
940925
876914
206320
953204
529502
294374
268646
449758
624968
840271
155898
474817
257333
596337
938467
891491
327382
496650
585827
920657
775595
336889
564685
767596
265931
343322
120020
459826
490683
834905
154828
345576
625786
261148
298781
969255
369489
381393
419014
894457
135631
474912
369275
292965
885216
307743
998422
212599
618359
498216
947222
393956
735105
425875
975518
815002
669197
995539
188796
973846
744411
243624
319423
370199
404773
432170
253421
674262
713563
572435
568720
663161
861314
751961
856126
746531
959705
768515
773096
492031
266732
720320
785987
815803
960161
761507
630807
629359
671013
719603
517172
415425
777193
650562
599590
181967
982732
753011
756229
610263
239414
238916
273425
914694
890878
943517
661226
764550
712033
348289
256582
792731
882575
942570
608535
842737
618044
153309
386063
203024
686878
803236
518449
464073
453799
932006
546040
350498
598984
216237
860761
652364
355153
134187
567059
159998
977704
142252
824548
603704
390542
981131
396436
273118
837668
904972
115857
369679
872247
315886
472703
559127
119123
805118
923200
386888
737125
383207
637387
250077
499444
498149
802441
668564
446303
283468
728562
424008
325720
553112
841679
616262
448210
238116
703347
199845
957054
633170
469524
829303
849056
842227
388431
782146
561312
225598
169035
212405
508805
706422
362482
822216
118539
978889
490781
464842
262358
219344
702816
488079
586422
544496
918307
848598
596579
535621
948443
467600
982757
417968
296904
831815
174162
499301
527928
635475
624899
596963
661846
947671
217353
838294
769888
235892
817184
260670
600734
979543
293980
217517
381589
694369
662014
213863
542968
172560
649485
491413
540160
632243
723347
651031
378025
797510
150333
805953
346952
589199
316884
908798
450837
434237
747093
220726
570129
478244
295362
984829
371754
489342
202347
653343
183712
678327
681173
540647
664853
330659
932060
205015
776868
655408
756046
968860
366885
720345
688780
613837
223511
905664
436602
574348
339902
997661
609040
723997
475907
804402
622793
747661
293746
639107
314972
291424
231401
896145
732071
796255
140771
578098
901270
731605
147474
571283
700466
414359
205595
389248
928197
243073
208879
278766
717421
448782
276429
326463
986745
566302
944831
523506
313964
152544
162614
528936
343969
207981
339048
890006
904236
379819
382072
719473
111426
429546
204723
625858
743905
310319
915106
586069
367358
123987
764836
984779
386735
855231
225209
287447
421534
984007
710953
549464
136552
687533
978401
294487
795515
317450
184495
699752
511236
380533
333193
522662
710079
437916
148521
367951
562201
877594
854021
829559
815547
532824
728306
202283
302022
767481
303696
623556
751489
828616
173021
788042
516150
965388
982529
311666
196806
980990
825385
608042
361524
158579
944670
971603
410461
993191
339556
872663
784752
107544
702223
600300
540368
430530
616549
742390
198013
734212
279913
849502
562829
352934
551511
978979
232290
534042
204613
329096
515033
843964
837138
776558
816509
781809
662128
226971
688967
901684
999634
387687
823194
615825
887987
363563
860321
418504
919919
958334
152717
199833
721804
615546
366734
273316
508492
412990
621324
613105
642086
136359
457070
393191
726883
187546
988966
389012
314518
677934
204664
228119
879587
927858
743944
767576
205389
604267
100047
125309
476568
152764
139109
112339
668310
319809
285656
176803
632799
720946
603875
274886
757305
874911
568077
484189
962458
471010
687168
190943
148945
791832
319062
928533
719691
876973
610076
825080
481241
610123
764356
771775
662887
803465
784115
245164
937240
883737
235933
570040
604684
653774
658892
275957
528687
226970
574112
405112
597980
261281
496055
560891
953113
715117
403391
586772
592091
827433
325819
887298
351523
904141
573041
828376
707607
357157
973540
558814
154861
123441
128855
573511
677215
687747
749468
119869
728683
323582
424981
240630
484863
821036
615488
351944
450121
832845
752682
856178
660280
892467
743478
911803
796610
316520
654147
418184
487643
541654
876999
542504
565095
905854
929981
156278
507569
679451
176147
236253
903033
415095
290850
301863
236132
806338
467773
500219
639184
220456
356399
213431
112925
913843
939201
809535
230364
593349
227720
531973
135004
104720
888443
600100
824541
818425
570344
332111
497877
646491
382330
314877
875552
573180
430707
925651
379519
798480
425871
832670
832903
682270
946101
845828
596114
885303
569330
640444
392619
611016
172418
427624
529703
960861
841690
268211
693254
412035
500322
191132
872492
696618
319976
748046
269800
650683
673698
463285
449164
913535
209922
282068
595807
156025
941862
105888
855294
425159
560299
247915
936176
546683
489505
379846
421512
331196
548057
114767
643231
862345
205899
429690
558964
339841
177737
642730
890524
665401
919982
339690
578938
129905
435724
988711
999895
377588
908565
769157
702747
468865
831038
552890
915549
320544
832736
337062
551740
294760
351829
108938
157106
371694
438628
530037
611536
516366
172768
502061
181768
906716
655717
574672
936622
905408
563384
850484
282997
471951
619642
799710
840816
450681
266568
670332
671225
913270
907394
222966
208032
173190
145870
265138
358851
484499
609141
870387
814831
681910
286415
810565
502593
756099
385239
439216
661508
848623
289702
758471
234541
723310
472148
889324
173993
638716
559657
659184
465954
381019
696117
573986
454209
741987
653090
713060
226487
262233
497414
941318
758109
597796
751885
174669
353896
137125
513886
829370
799714
617554
587842
848222
254831
873956
737547
328824
426640
211171
801975
792594
492190
498093
280547
760366
240081
747603
387393
280535
823802
698774
221854
495878
296571
787705
570548
464433
738796
984434
293804
452478
515955
695612
300701
670786
569569
938248
813577
810175
963385
615553
602770
369543
927612
783317
129910
167694
444888
331269
348229
268691
930043
384050
664570
140581
171756
235119
505014
810553
133520
612784
263032
463441
222363
377699
948193
605899
229914
675737
416075
193300
205257
832812
462843
132870
530096
406719
114531
874984
637989
362760
143677
568033
560776
708247
608615
632533
757332
927595
357053
790852
454347
434051
254294
576710
711750
116454
996575
841664
692192
412652
848930
797449
159431
311775
830320
589527
618494
844851
464513
170450
121578
422156
638484
582355
130404
161066
128855
701702
902627
299874
492555
356975
547891
560815
747652
259642
577269
744228
915272
269462
970846
678169
880878
130278
889944
711199
533772
422406
470017
898285
492856
491595
320442
945306
887916
264812
920338
830737
866514
822967
130612
273036
993908
578503
647817
741561
652111
225087
399757
481350
308516
284570
159521
189395
228815
863431
714560
662587
285838
184578
474839
592661
490139
609247
451934
378057
688025
286240
122761
554540
923173
153374
641542
917082
545843
289360
572611
111922
328413
786334
493272
450895
970904
552793
454256
113686
416226
168817
590239
516030
167361
965078
922657
471467
488292
288559
663490
176318
474799
686251
544824
397973
653591
186367
229022
199436
375727
701633
211358
518107
401934
518596
869002
372840
885356
237226
300492
215549
220009
790732
545545
287371
755811
382170
658838
244105
570729
236295
234389
859494
822546
679214
257468
476139
765581
300456
489541
955275
902090
514865
473383
304025
933461
256352
490831
818818
393578
691324
848333
513588
482057
393880
614925
151835
676050
187730
209906
246780
324025
344296
920240
960537
837476
177709
436677
603058
292131
826218
558334
108188
255050
845683
312214
188513
916002
617011
821297
223547
222302
669632
637135
518325
877478
166027
484127
553529
253757
507999
614275
391748
666261
534516
352287
503738
526191
602930
106798
718322
343116
479098
726511
498166
238749
852691
500645
154752
383669
235910
192265
505972
719508
729401
924297
596987
709394
322391
964482
777118
730391
578758
168867
396653
113275
335120
800392
453432
752017
721156
171755
995133
114221
798266
407266
166936
564924
721878
135654
848594
857788
227920
354567
577297
857321
192831
988250
480682
415223
952733
257801
959580
531492
240635
270200
458733
389721
970592
812165
141739
605715
797886
136873
619937
510120
358106
600839
975044
979984
636494
823639
837773
764414
992172
329037
535702
185005
317288
916384
414194
183988
174187
287741
529446
228788
457941
888179
518509
342501
614311
560249
848216
412198
511088
382120
822318
769194
882960
797364
749179
519455
534970
500919
283870
527144
643922
719572
612149
775176
549923
840309
859164
538076
128051
388611
666864
399958
190757
185375
642459
619034
645624
490677
931233
156713
686763
667518
739874
569724
378849
403020
903145
813820
803940
100982
254931
361829
634520
681046
137007
184445
521356
896171
622521
463373
198750
289387
763331
203473
374762
405792
722508
834352
710435
567708
805031
397199
235227
544906
780890
428043
761893
684036
155830
565834
685019
310761
741629
319540
891807
778636
317951
327130
588775
840473
604469
601491
943826
367801
704964
232555
587559
427473
880873
211961
895181
685905
509161
944375
144779
290052
372419
806672
788054
428249
286473
473074
552976
928102
606581
358750
706740
824532
585880
209482
578972
190350
710973
436765
372117
415938
569320
773643
657378
450194
885604
552560
950066
308732
496936
994845
412750
683321
801518
200806
925536
987991
487846
478513
916094
994427
737263
536801
732927
237110
560249
225866
241426
271223
562632
427510
501128
945918
115120
972472
310080
814690
525033
260147
123424
835936
254993
436174
433224
870477
450946
358762
858469
838793
651241
688530
747187
302472
139299
394081
353548
599548
519948
494975
684738
896546
736451
999832
756431
665537
972305
966511
480228
411305
140625
417618
247242
209584
667759
494433
980061
118706
753195
752497
771465
318403
441029
518654
434841
480328
812735
688390
893842
246650
997331
578581
143197
647749
578414
799629
313287
464686
680107
693515
775992
720733
111135
837200
744283
678894
331634
638312
611566
898795
390810
383033
217200
645805
801687
552041
940099
528389
154398
833943
675040
151730
326491
632203
699479
718872
431833
826732
183559
925907
520249
859551
560607
445350
696753
304891
938210
928387
843203
549777
827184
147981
746776
858350
693786
462430
324358
547853
890820
378757
381797
479827
344453
522254
112031
857899
241127
357831
684632
324687
283739
118848
184239
658312
464198
780992
777169
402409
623347
620374
766153
450532
582321
512930
222849
190074
875361
447207
637927
680148
639930
833690
159976
884384
355946
985972
656250
497073
343804
340883
721760
441509
359732
719966
999821
637896
414925
776992
940306
938272
311333
620426
302771
707620
947322
425620
797694
736650
686794
435623
416799
326725
183280
390741
125076
439226
376715
681326
750266
534485
836176
385993
875995
109875
105960
789783
647771
420886
480742
502044
273125
692075
122471
475897
399696
969794
715483
111358
706445
402278
446981
937211
542970
444227
241919
482012
783454
518634
163340
447687
867086
813482
733680
743082
823357
739641
446832
471129
974493
827575
787140
247619
433617
809611
537482
647280
693372
252967
658638
313785
469211
919585
164963
912181
363813
306882
394195
961233
639483
371501
408921
506570
184984
142603
163619
822307
696210
510451
207403
670704
251993
894543
732289
585611
618122
269773
146858
311495
422740
705496
439246
705917
625082
504209
618100
802861
625058
826261
764096
264542
197763
173018
671112
196713
129587
734731
919020
725797
159149
940389
396502
311143
834934
942758
710720
453057
212532
757578
578518
449238
463075
917765
155156
902123
335941
587222
618951
774965
413484
383048
939507
425213
370033
524586
435892
399620
259318
268879
939384
232434
209270
249853
443577
944204
192612
968263
397262
305144
725842
789746
654382
102884
621478
709539
818973
771386
210728
437925
546352
524213
634940
485861
763392
904973
910447
199286
218560
983732
368165
157945
216167
477435
307799
473710
335606
314377
355940
546834
519522
981782
336582
987870
898632
772026
611376
717606
543413
722105
969497
989766
246319
604438
389594
823677
423378
300042
922963
541939
197741
291130
513850
227874
582531
635615
601584
818138
849993
771490
364973
369516
667239
515521
271353
565872
287549
782730
197445
730962
504836
980909
634695
565121
585348
924289
388799
908727
138299
225730
364633
236040
416860
778483
363915
813357
414100
779465
545462
264094
464923
724402
447576
132163
239924
618929
598036
341439
315626
609447
886368
720462
590357
521064
199550
989672
359321
402316
812366
397620
528046
177000
447626
758872
769449
625507
572230
183550
318940
117694
261610
683863
656062
523152
716026
795986
142083
228029
951392
357709
651443
837761
892138
241801
272792
905654
145440
532113
307971
857806
829733
736017
848772
191327
494890
618223
716834
881087
701773
935774
812747
777350
619638
468810
300503
249632
178763
256552
377661
944121
428228
843070
781883
234333
984872
954676
139988
944278
486790
347960
802086
230491
897943
564825
321818
306801
183049
852618
187889
698789
788394
814602
476140
321999
197379
590609
385597
190108
661128
577225
134231
989356
420296
816114
223690
319135
684757
263678
263415
985514
425604
879467
216006
323549
444293
351790
444316
527343
204409
446171
226133
806769
260774
516239
128770
272119
920814
414367
362227
581943
805558
396458
571300
225856
126540
608956
444991
711297
686601
608406
696812
112206
487874
726784
249721
746134
978574
594037
273478
996950
854174
313577
803720
114949
729816
746456
201034
650631
974790
463262
146542
780349
673686
617842
906205
700226
226800
351198
411525
727367
773570
922303
739573
261446
563055
803261
907580
541630
311265
995024
452547
165441
308602
170235
994355
852384
816691
195391
416982
791482
472619
463524
485799
146306
895333
305971
746533
936099
557169
972024
663467
330741
894328
317007
406153
457384
120269
227700
812981
331535
136691
179495
310942
259259
249730
305298
111644
966422
314655
342592
671871
687274
620083
971636
733581
515417
277609
394081
365483
734778
366106
928950
879485
174401
245958
199605
445752
266228
241271
258734
411729
277962
252195
622671
437221
401926
741935
362831
282315
956591
605424
854186
557832
139474
739790
205380
468857
917399
499461
734340
566144
679533
577257
445631
753935
723215
459202
113654
803409
600474
272388
129105
778436
424583
651776
215659
640475
307679
392456
822790
178237
811846
590944
636069
851320
330735
655416
320178
248135
154878
868484
714279
648378
445742
973876
316280
982924
433080
329934
786334
847520
416288
729406
625957
654837
295149
655582
295314
502828
948039
118105
581065
759886
609049
131102
525174
839784
686518
659318
901885
655362
527804
616166
303741
787512
504009
433987
770437
751055
663921
470739
598576
980209
200146
138501
635048
395295
694083
744328
712090
556089
762433
207122
229943
285450
238224
655117
939200
738708
314436
841087
394072
656206
371220
511779
443720
775229
845767
128124
440252
509689
412829
938828
403866
426941
977329
852880
636203
585380
597209
348294
955435
273609
369382
185379
459059
507607
654462
312227
160282
868899
967280
454354
439072
338501
780100
782792
927696
625868
724883
367949
949523
951678
306779
353390
378621
198075
206271
828790
597421
617446
991050
466824
791056
360433
466169
164082
682006
120633
290275
742289
803498
257556
110610
242571
496057
790710
839330
423755
330545
564214
605670
280070
515893
812449
447426
708480
824491
467664
537271
335879
985110
528322
702703
690133
702722
982839
754216
384729
103473
944491
940984
806971
202049
951595
949542
512072
742306
702839
749793
886818
267054
355465
166889
596914
981880
514315
219361
806372
881979
656633
956218
781057
998921
572888
471191
615610
555728
225408
900340
559201
983866
841325
280139
999881
706887
143649
511954
363161
746488
175715
249980
827509
431180
316869
424424
413061
645150
457751
133401
441097
928350
989619
222155
841239
562508
593346
456850
118238
632721
271157
491405
530554
926449
671545
530436
633337
715194
856356
896498
375649
932071
146479
203159
363252
277314
441549
590280
736431
799301
623681
177529
641618
613301
213650
482858
989775
706996
839709
921979
253684
110867
413386
684238
937316
984931
128641
570655
614092
884998
381120
803707
731036
341566
820833
908255
518880
262383
498536
169278
875650
936183
246807
517270
463451
360457
900128
453227
881420
653804
375208
949070
664672
602560
633310
601989
501458
661951
986610
929516
460916
367732
733224
105920
523264
554058
914175
856110
630408
326678
925389
506059
262862
172197
837295
540279
346621
651391
893506
142008
305196
182681
991078
869868
685241
538355
385825
186700
200308
286402
116217
475190
468100
663408
481110
891364
217467
309252
747476
747875
449896
586832
167902
612758
659029
819163
153038
819616
470555
860511
775590
589718
857158
766670
373553
542401
305026
573344
543067
319300
759747
473251
608457
141814
136660
989567
933179
168093
212787
594622
729935
562683
181455
797837
989408
654450
530967
956412
388034
815489
730890
163625
405208
588050
830295
592727
944417
949288
166073
401451
268589
825820
774702
777046
867634
725328
680581
714780
793422
707334
223369
523358
270018
304824
235162
173393
773241
666129
129807
161276
395585
760697
224901
700793
262714
869163
293522
207132
818452
273561
422550
901007
999381
197253
678055
780982
822582
272603
409730
529971
879937
533099
953329
963921
651890
188492
137316
425132
668587
981088
400374
964173
741786
525275
664967
818467
308405
772455
839565
126858
946016
262116
927866
859364
273336
519888
554314
909884
692491
778010
439856
486395
311110
393186
450317
776966
395644
487633
116065
964231
382688
416439
928405
124476
755681
507340
756909
964086
193762
596475
904911
953745
758592
832778
727076
845894
266633
195357
755779
773090
873367
195636
259486
998444
402788
523769
689377
612398
825369
705443
576630
208058
121883
419003
232534
777564
740309
803409
741652
748037
399886
646564
615749
972444
393309
342827
818339
559942
438184
574119
333033
225519
583721
406485
137930
800475
830254
727307
412874
655624
432751
803470
763683
454635
136440
810183
146166
776749
613594
787818
438754
827446
348349
954503
799891
641658
297331
618231
115567
549482
106317
262566
588967
504004
483017
626897
304480
313273
268171
617354
782863
600923
334791
460513
869524
371232
270698
829656
147982
698258
617476
486736
525705
779791
355207
325597
335417
552538
757794
264950
915986
764111
341483
504954
268116
724500
945817
386562
851739
213990
817882
634604
628879
152674
995117
412370
423906
179782
242027
385855
778040
673469
686557
303746
453262
941764
443309
602645
408270
115070
767595
324257
693147
109079
643178
775229
733580
502962
161792
585320
530918
879674
133891
159798
932349
129010
386134
270222
122758
528162
556077
800799
201632
156602
918511
468860
998366
275788
971505
406637
290858
739102
544861
884006
748181
102006
659236
395728
504968
634995
795015
935887
514670
828906
909651
360986
771882
295787
531209
794641
723949
901252
509407
739547
957854
341885
208409
870188
517673
993880
190792
622498
732983
549619
420471
395132
551625
979707
604826
870560
614703
399842
806448
943340
142716
630066
304327
728564
825853
649502
523206
463769
464722
846579
117284
422577
188466
225693
206732
520105
133540
297525
142604
766524
747144
463075
975622
212737
356750
580449
983297
785419
794258
789746
728760
750940
333779
847054
479505
159634
410523
902712
437369
775245
663258
454653
111790
751724
494312
218522
271831
527853
330013
228401
208344
977158
505443
183967
103862
762193
578382
987159
547613
286607
776906
190341
937547
110686
851361
417054
984285
261885
233733
421656
937131
710957
690275
948921
462683
184589
981409
548480
526408
311424
590847
634752
202549
996290
632685
206411
758484
125034
193571
220065
311642
784443
224372
163156
709095
975733
394176
607348
237619
441875
842970
174751
152834
533246
937638
429483
531801
833015
877963
958209
958405
382777
592962
160955
379069
139614
181332
951519
164649
188869
985550
376291
787278
209923
353413
496374
185657
647590
917688
323277
903431
760659
311994
956265
207873
163600
385749
639674
896615
177679
511851
855021
460457
918779
829942
653492
958394
825240
605012
123044
914109
590564
313301
615354
614453
480680
111729
700111
942236
843384
923388
845669
518010
149349
801935
625883
212949
101652
179525
923530
179331
591376
692518
453754
424122
436427
107247
382517
261668
526226
319527
989743
116791
446794
605098
545210
741441
530794
245322
683678
288145
982676
529348
706155
132027
245251
332040
158942
246903
411565
896439
326234
816907
588958
679989
154996
839352
601202
437514
914986
127429
571007
904731
958185
831768
423796
503397
573210
768556
648719
256889
956701
631397
600204
662858
577390
745455
894898
636332
892358
220430
532772
132559
851303
935697
712548
906299
775050
227718
257780
690037
255147
642754
508735
213334
474523
746498
616731
947733
515055
179417
118589
471758
624780
618793
134617
202171
278215
843481
652470
170574
877877
185243
203134
729181
934906
729648
549447
623923
857366
707228
313962
926480
349983
636663
139815
724506
383162
570512
586206
712184
563895
518761
183943
188677
951521
132526
290848
229737
789973
843318
300312
667851
842528
317412
310999
691401
947060
760446
