315326
718394
381641
443254
644875
631624
893883
598656
270097
277047
983134
670269
889231
547030
189032
887140
635707
954519
833632
740522
184257
623606
497807
298535
205424
254302
515947
330389
845704
376975
904801
161031
909335
286444
418251
468177
818068
312135
966833
988166
489182
949968
572402
292380
410965
575400
993486
946673
529920
827119
601162
528144
364692
998969
726679
384082
253273
156594
614471
998977
347535
519274
973974
256871
619684
392226
625048
437753
604361
505848
339886
907510
369783
812289
113857
680748
387690
107345
541388
731577
748430
142551
259722
927089
141522
800367
225138
208761
856961
653576
121705
204497
172851
995679
275334
692535
301872
800382
944254
720199
306231
198108
627710
576014
910397
555534
170730
212054
476845
612118
757597
225276
654670
917319
966331
610158
717688
191471
718919
488616
745047
740624
593114
731864
650270
768448
338366
852142
482798
196587
572342
602995
294695
114020
992976
205093
483520
163707
231114
860365
675825
888711
899607
330496
719998
865940
840654
351653
871377
559574
740269
530391
214165
247350
262256
764435
829765
414588
530544
312564
511175
916853
729525
705871
844839
722502
724930
328360
786209
856044
102692
462036
658723
902299
692532
292688
682206
447154
458307
467550
820694
198577
897941
934860
259894
160198
613262
989659
474786
143808
216190
885962
874627
845715
505800
719467
482185
230731
861793
268395
900742
864485
630431
473432
680751
236931
666120
362959
498051
938393
730509
318746
136971
542418
167573
210831
516582
680836
114457
891369
638610
230647
691298
513238
890329
111065
146672
372515
241796
908465
454876
956504
772951
899274
429937
453703
136206
910023
630628
448223
848417
275105
580935
799355
717523
648509
910186
234106
243312
924644
939441
781922
969257
544706
209127
859587
555771
255799
146069
611534
978230
500946
568039
751182
400221
897977
118852
350393
808001
649481
698616
570386
824586
279552
369742
456076
742027
193895
504148
885339
118540
443591
581228
901764
888297
690355
761352
358036
760120
721388
869570
738351
222335
437610
403500
522556
249554
422353
772949
871522
885800
385532
441909
624353
479050
625617
894395
221079
719512
398544
106419
652019
742135
501614
467750
544400
191970
229103
716402
766057
764457
585973
418375
886792
837549
721876
323315
987104
958195
910230
772593
757962
295763
214503
382316
588780
654086
276712
709859
287565
575256
630244
839584
231359
131859
307335
589725
223830
350405
306128
803853
928828
792101
222229
815622
543617
758071
952903
444688
716267
863135
217282
388196
972864
245751
670512
561645
799837
761190
271505
901369
250414
801750
740954
381773
833609
862256
871498
871405
126628
991592
589225
955456
783694
625421
685045
241278
383493
637950
585967
913727
415052
617215
301924
387917
676933
786403
849563
390737
547594
935034
292107
611974
650751
847028
807713
398328
709285
593178
183700
649879
584771
672926
519302
282432
298348
204349
423711
581841
656265
823644
409535
971317
440860
611460
359235
117794
311830
122765
408532
673390
957800
600639
285366
522518
447668
993079
820846
970919
500225
904547
534765
984996
491440
954068
267430
689788
972383
505107
185596
628649
328752
495132
599967
583578
920558
773168
601373
232389
795934
823871
805779
667701
338477
905111
104186
600112
898192
825033
571032
312384
643547
919764
297381
134988
873833
378777
638742
846217
783884
638304
388833
926602
133437
802766
510182
867961
575935
925521
914316
285836
749393
634063
767503
901836
539175
771690
501949
351334
510690
886948
563718
968203
806713
675066
103192
680547
953843
555900
440731
737729
194205
643530
664332
141609
446297
988480
909570
836198
914002
737854
936001
577362
371918
617471
479200
725059
303128
881149
976394
713818
768098
454079
595988
488778
129146
599180
983291
982990
969046
424023
634686
163253
881519
212985
204862
241783
201467
928398
977982
929435
580219
827950
420765
852137
445422
799965
491164
562517
595081
381525
190302
277147
735604
686291
665925
678717
199438
649218
661708
168486
887207
210361
231739
682694
323346
250567
824477
338779
178966
716426
182182
573152
544377
502947
425290
803766
216879
730420
280250
711960
111946
370552
803073
661517
956843
382966
340235
156283
846150
815909
138735
733358
926270
270474
330019
163583
335007
154498
316329
413973
684890
398511
887125
229269
715424
226383
847001
832303
770769
941217
458230
782716
311770
261305
444234
182581
458237
684469
152830
304388
414345
191565
851712
340616
276005
181733
318165
511012
150197
448460
738951
735087
746971
540044
778322
376362
666427
539290
208666
351163
480508
480863
133880
692279
556134
392080
688826
914371
890515
741656
132726
304861
833221
884438
459443
109227
966171
591575
434205
930334
940035
173157
665423
687008
613201
443746
877336
193595
883037
899969
444759
363546
380833
392605
869791
836967
684686
558618
665305
575202
300275
698031
694030
947462
582470
967439
870655
462609
559015
304861
392944
499052
378019
872333
100027
805186
316081
877363
898782
113085
777333
343542
376631
972132
636147
160390
723066
234800
619008
388372
623969
733250
900369
318000
594679
396807
285440
379302
673382
744456
584163
880292
157475
776148
752627
157502
581336
968708
934865
394085
895759
626166
637627
272391
598299
187741
246747
321367
322542
679722
523705
846511
412973
338042
978477
821618
634849
263918
200921
308232
822340
599051
102491
879815
289166
755118
851283
684468
637793
786150
978553
533553
326283
530147
619911
738548
617889
766658
873881
840431
446381
397588
600909
673320
635630
579387
494940
184446
657271
509827
306644
479613
922844
309135
273395
212012
964254
938645
710446
516014
638762
689001
949568
865045
133115
569480
603594
651004
250105
477477
405402
596487
689031
820277
269808
238628
399665
578714
323074
956937
902508
529718
350517
825353
652819
437878
851331
531040
376524
561779
947055
915286
164747
810590
694298
111828
294037
297894
576799
444142
589337
882201
854595
278369
702480
938370
416997
916111
517085
554037
873049
419594
897721
137533
158915
550541
389378
824212
981582
665902
299958
842604
495156
278671
653195
189455
290500
847232
387349
767299
205341
876686
563467
959937
969021
265948
898308
299985
996026
329360
754022
869076
562921
651744
820576
621836
116253
209955
360015
911801
689823
559974
754406
184980
738645
321568
274436
929145
168801
475751
610411
188108
266405
173880
148046
235427
253794
860320
435413
249821
189682
103402
932864
566569
655147
753441
102372
585366
777362
362387
497168
467186
822361
251575
466133
474974
473143
554535
318086
455910
930286
828498
544018
110658
902378
506031
160052
970138
280318
409431
219961
283966
412833
152826
750535
881946
720233
752907
467313
411562
929261
864481
692714
751623
116057
158848
140564
403166
613383
358651
673042
543671
187150
131028
468295
903494
451025
528347
873633
631343
837778
993594
815310
250613
960386
479812
132560
594586
146687
499874
906148
975948
278322
598864
641538
294380
571678
682103
511512
185063
940754
184556
542700
127905
215584
910995
845365
566609
439344
718999
111919
277123
626561
827229
427736
500914
221009
374263
995501
267696
688103
901650
243645
866425
414481
785183
974771
886160
467287
486285
971223
322008
484807
427890
263879
600391
338886
109245
980966
678230
642211
992885
769320
268773
734082
111023
669687
855091
385286
579155
122788
973389
394773
180399
753782
709254
865582
728554
509381
246837
214840
394571
382811
599647
722461
546691
114005
961348
555936
994971
553545
112114
901824
236832
280887
635907
247856
764541
490999
447108
343697
427753
334465
638470
508152
988247
261692
287701
716802
671073
348504
745609
965645
631316
259223
602073
991973
273229
477388
461876
182167
930934
473991
983991
981732
568844
619899
229589
333386
924864
490664
491050
352618
725129
943486
674736
713377
119145
776404
344146
690219
938874
989755
569831
570191
248980
171905
476131
336175
549294
838008
418342
394195
312000
316301
289894
780844
836200
419484
928197
675032
724114
419248
841616
449244
276701
430320
162622
295847
206725
406768
800032
145600
310491
369864
529758
373437
355735
905889
609612
718995
743898
841920
927156
955898
158222
217052
650710
808389
450502
578908
483422
174617
812122
239005
523861
988823
569325
500449
284671
676050
721183
898669
635617
931674
268534
165376
305112
438236
885231
728690
157232
543097
570612
898355
412962
628834
115408
963672
437224
465910
456547
734612
540527
268670
873618
878354
257495
356910
292770
356132
846927
913953
168769
482545
759595
251269
461887
878673
589505
261085
607365
560704
704182
177978
459060
117146
706812
474468
980818
958003
754344
437367
606582
208838
520003
394167
987192
591464
651078
279963
761563
498006
107883
830332
794517
767478
981601
170371
646153
571108
331456
253519
945778
935639
245463
404839
952785
766241
693273
847570
638211
447618
198904
244795
556456
618908
452928
457615
210373
104007
551544
871936
415979
559427
616235
124463
240873
597838
194834
787026
982912
426291
854511
928691
361931
999974
333531
228683
766216
926804
976253
404429
288389
989124
463190
744845
608033
816118
116427
632372
734092
567971
418276
964037
941364
934511
988501
182238
446316
183336
783230
429229
509627
551708
357921
685524
465649
591452
814207
231867
432223
704428
450262
534578
693553
727418
193390
301587
457503
209817
747925
191596
591754
166202
155635
533120
914680
958102
529324
360997
141439
226522
690227
465033
678230
948148
150558
143881
453568
864766
189714
699757
569195
453942
234337
262749
181361
327727
378302
538864
351511
126228
544427
843265
106397
600062
290352
921077
558165
719677
196041
513570
846199
786268
878603
438396
648384
929162
482277
915918
707895
571991
615676
191057
925933
663979
267772
921260
891707
546074
460126
157185
486268
904553
900450
492665
418582
190804
327709
790713
724447
423751
304284
484613
123986
996854
823009
672370
839983
305288
588289
547879
691245
117933
552902
531146
681912
720674
452407
573620
266749
726499
544771
566983
545019
445223
959649
777567
449993
201325
568281
988406
439042
686532
473020
463029
683387
296030
135400
523371
415284
537656
885216
920496
555589
438119
451643
237502
158794
718016
625089
239509
358483
169861
706492
803502
429050
580108
581071
779043
595400
963318
767450
934442
649851
154437
397472
333239
264434
346839
670576
579718
698461
469759
414181
254051
807878
679790
305519
780638
397808
830608
834113
656291
814436
540607
373760
157453
934681
768797
836497
530082
732117
517914
464526
381969
486318
761998
529175
650752
922803
113718
230471
621265
483478
458619
775316
205323
138410
894802
799928
436218
639377
634042
906475
453814
174650
194203
511268
923298
863000
261732
453381
595118
593612
817907
791054
979930
493873
234196
630683
330643
247914
675121
851909
545358
133741
541192
650682
172151
435995
450611
422336
975373
898619
242778
343154
887236
336981
668388
810535
113949
744086
263917
523033
251666
895791
314088
145563
389665
448284
676247
620308
510165
265335
386184
955523
299076
827377
520172
285193
177339
784749
521495
966678
683370
664274
223800
570607
901255
706154
295109
829170
364208
459026
352205
515874
354818
566293
561437
558449
828544
151651
992724
252676
230952
378909
208200
343994
120253
542339
529188
111559
241055
950683
978237
824425
528924
116004
308999
430181
722159
504108
173318
986367
777101
425523
416208
131920
891817
877645
504336
634328
843263
497061
787004
974215
689936
809170
318211
624156
351510
661365
635715
492566
612049
613953
230958
140975
543924
353924
385122
266084
671998
458440
252452
449100
697930
568660
394987
503714
360272
799323
138043
117502
210351
739013
991718
714253
548184
309930
338410
713661
871295
788091
120194
397311
316012
165118
352252
759936
419042
551340
926020
905007
909781
992438
354108
607712
475065
563061
111427
649303
276351
963435
666806
386702
702449
658525
914922
164600
782421
167299
692227
567683
855391
626387
864994
171404
691506
131214
831340
924514
582554
671327
829522
406302
663766
997597
827980
952797
560659
753373
602101
737011
716809
268908
937679
333225
741399
852602
311792
523821
833868
904019
905470
689260
444374
770466
760664
135881
715646
505971
874361
298201
177299
703885
604504
741065
615449
346451
693863
176109
999825
209931
813120
630601
378840
664767
777793
120240
431336
989585
458028
265205
807571
363499
854465
251946
947931
529096
201793
577544
935067
976155
775746
112367
594007
294217
667398
209457
454634
275228
199532
454460
385160
826619
985062
577966
491387
676822
512172
822723
666408
784166
987929
387946
961632
756361
453859
909564
285459
555652
401076
220527
445774
176823
146861
853747
285006
628225
877170
639640
717420
976703
908067
102581
717289
807096
494513
122643
483919
820651
759332
964293
604819
661228
352240
566452
417591
620065
389983
517016
989684
691059
637543
349425
681848
598370
203174
780820
140563
980344
420462
757983
871014
328530
674530
502270
949592
169044
524913
433512
889695
284247
397806
408481
759441
564012
874933
177033
998044
178884
594049
987729
683909
145560
337155
365759
557896
440329
960545
598459
334641
381008
356443
119622
523504
930973
435859
473097
913983
860772
720575
803680
958985
118382
126128
718428
496361
815028
709427
494406
893912
303478
396102
491788
263004
633257
671513
720900
887553
632060
319361
136161
827034
489770
969748
350540
420745
405608
637603
334729
266382
358180
952375
139334
290528
978504
671728
600855
793533
381157
995261
601412
498601
391364
993200
661605
838588
664715
296472
726142
296776
515833
676269
123811
819570
646018
288317
154282
951627
739887
389011
131976
912033
255354
171310
202562
147825
743039
703418
755324
938162
612646
356737
436764
817977
263904
912335
656566
828619
208808
296675
939361
538608
872944
877139
358179
518963
979422
412461
470591
719310
615438
502567
631344
684758
487844
647873
732583
144850
351292
487908
983012
777904
658611
333743
595882
822516
246079
166415
565102
268853
363090
504465
707461
150001
295571
879606
568965
274994
206034
853522
894305
635439
356091
439616
320198
657901
987489
866748
702751
252748
268623
599730
930653
827235
747439
440502
563718
893518
506918
942786
976337
683974
361218
597766
733976
556789
391339
216908
731784
497374
970430
540056
946779
240488
879672
266978
798389
781129
947692
415107
933877
216317
914837
864531
857518
662277
219001
335203
469762
539885
277990
360067
223860
539209
857833
771802
909964
249173
888710
555715
560513
773108
995771
507293
827562
789411
588238
625953
570541
535931
855026
504419
566214
683831
282918
337699
260075
315885
572902
629838
755770
664859
803871
879630
118035
661705
565400
927999
724844
454111
483716
285359
141186
393454
606618
868749
182866
194857
408669
567373
544755
263696
885759
924935
847527
168678
262636
107604
384563
649504
551408
954299
228330
355280
833930
246365
830951
399331
174366
555796
667409
472048
655121
622561
765502
175707
491311
848369
270564
799980
329709
629285
877643
215469
554222
725171
198113
630824
646741
396642
194295
198150
350942
322626
367396
998839
382957
198348
398171
371289
568111
879546
743337
137199
502109
508841
212906
807386
271177
297437
607368
500886
740688
485012
530322
208877
124150
628435
739701
670892
925078
747963
683008
189987
970589
864371
188827
267513
876685
400965
538803
444797
280512
282141
395963
596587
604948
508869
403975
690091
620272
911343
190979
360962
310322
535267
469839
334472
163703
123508
819330
902747
771471
416306
992735
656027
280678
181563
823540
971329
482528
276310
330094
577007
372418
626057
173595
877366
948892
477570
567459
569166
302880
572404
744094
513202
107672
213934
661641
985340
151408
394938
888089
736845
625210
794791
392873
719854
876354
130381
691185
272850
220657
921279
749857
493075
547337
823452
284409
496230
214990
665834
879362
417870
238239
623457
745039
159877
651358
320647
959183
616732
615585
847273
353579
240797
642065
560418
860651
432387
504765
465803
519203
625423
387083
269061
118499
748386
906479
302908
244618
935435
782708
937946
353307
920947
475371
998346
894790
940695
318994
853975
557428
748545
615215
724973
803308
171248
285393
577927
503635
690158
943730
836804
315582
244781
105866
248048
893167
826311
364922
951751
761748
147632
889699
929021
882545
279037
841334
691303
219733
974294
545279
591127
722840
974460
316102
440116
145709
501495
918043
463310
105620
775740
300115
235169
920521
219947
383217
813690
946259
562105
765442
621974
609737
569108
550996
406250
748145
392331
997553
781844
366626
456799
372973
903432
431260
589075
343549
476970
904536
175559
754246
910156
851300
954362
145326
771822
988275
428543
585513
934535
804615
264923
470476
414353
734031
921472
634569
396144
227770
632123
177989
408362
902888
450962
311796
334150
854003
469311
625086
758540
544871
379333
668698
396172
247662
714024
167995
235939
956534
567475
984440
761150
732398
454918
989469
380396
290357
624040
590506
418128
170130
582462
726490
973019
933424
852252
307170
701395
321565
746222
459936
766436
939521
942600
976574
187185
656626
144570
237090
527127
526011
135497
288278
172376
490415
277748
452773
594739
715754
857245
912867
785885
439708
553324
672871
287100
319544
794007
888495
455075
540230
262398
135478
479752
205000
112053
480903
761626
970588
531959
288754
496601
567457
390998
568977
871838
482712
835716
466578
198468
606929
293412
798319
946637
660703
471191
233738
794213
265199
936199
249289
705429
198599
284767
999147
303599
296820
394018
879191
181375
825977
981911
491942
307401
372910
874886
993206
755622
710603
459785
768056
317533
567164
566376
178138
141834
937567
311876
836047
202767
162043
985336
722162
260642
270104
635277
378207
380890
929295
257399
376231
669239
239311
768174
790607
426187
643061
783814
995775
267631
157566
763833
399131
624730
244176
477269
666564
995710
603111
502612
198478
665154
401915
734607
825796
572019
369885
117970
766875
213147
275369
143108
782386
328646
725248
486960
654833
368310
270775
564576
535941
328342
328410
749038
853072
386552
226308
433604
382263
729420
750182
394708
308541
152099
129316
948304
538084
313167
966274
218927
340280
241645
176001
122667
470291
801249
509628
939091
983525
594369
503668
433433
822711
646044
182473
589751
846562
308781
837321
228827
852167
587504
523535
160710
553569
466817
109015
905620
593950
889255
938513
834230
130901
114515
770863
415159
729730
194458
268217
713256
688828
671885
960655
425506
231896
143129
915257
978458
265877
752579
121252
118045
254051
544787
992720
621586
825570
915701
527207
419521
804958
465721
167718
835859
394202
838582
164985
123933
933040
333202
651155
535835
819053
611812
861342
864915
654941
776600
843375
734784
443147
864627
752830
511164
323382
659517
132751
148953
575220
473925
382441
380179
753612
450159
130005
961781
202708
194991
899680
949715
342159
550837
485551
975179
162650
346894
840095
631557
937461
597437
366343
294575
462066
933139
705739
599414
592657
652456
562333
981843
940347
758740
362023
607927
122867
305995
569709
225575
314952
469390
175291
557111
834193
560843
532291
810809
721703
286354
356334
573131
783791
622677
767706
159824
469783
473446
659238
876406
939869
135539
858251
880217
794279
134241
488145
817146
340236
871820
856688
469154
255178
931979
926266
989371
406789
372524
800182
942459
472844
156517
515591
256637
593160
283299
316461
876909
570711
789666
753316
510581
739171
525534
304766
533451
473742
606877
264565
713978
478699
121254
183134
633877
867199
923366
537215
187956
209857
337398
944381
582702
307881
459973
653305
801041
557238
869766
591917
127951
573399
345235
452498
312571
684735
657264
659989
158478
264143
824554
686423
556808
759774
683523
104652
540940
520856
541867
542862
630713
693232
401210
127382
901113
761184
680687
616122
232389
464421
208040
174306
937820
367241
526805
164359
951977
998035
724348
924421
176145
462869
610845
632953
136610
294369
637605
491516
715225
993439
934379
259906
686672
335590
287288
587786
910740
867976
117875
957096
332398
225916
131403
184185
407123
472174
248544
359101
470211
786858
283524
546356
249728
708335
993276
200304
902705
630882
591821
531897
538288
440167
691803
224961
589723
793058
626714
414431
661035
644589
371528
807399
684471
402931
805550
991595
775106
868061
264663
159284
654920
448187
519606
718615
970489
512883
818919
873195
957732
410741
319059
496021
664874
910863
534949
254599
617888
161664
569030
278924
620219
754524
900289
304692
971421
619806
296288
660494
487868
374917
719778
142790
723105
239386
761405
693595
566235
494291
480757
523968
805033
699816
833956
383874
524646
368906
538473
142535
430570
921469
235425
950789
589960
949680
169448
561383
569488
279702
221878
957356
554620
841657
914112
191692
895009
589484
785287
375211
983776
180011
799180
702776
693793
633137
986650
132407
816009
439091
988907
246580
274527
224334
111336
764488
987980
180785
325872
557469
360487
447750
428793
729073
203374
342906
820765
912349
832391
520019
287562
816168
600030
900708
518945
207791
447812
419562
240198
263822
758653
229106
324368
933181
267406
335704
697670
255388
330455
837508
626823
504909
199225
955616
233983
216566
212490
954749
128916
858847
474769
230444
588982
888766
131153
921893
996557
392931
341456
150722
556753
914076
193794
695087
847258
361201
844758
458895
430555
175214
296404
957378
494089
395629
826962
628073
512195
939452
496789
455078
712266
785524
499488
301249
588257
444608
223143
498781
737539
378565
549503
208260
292642
557264
803347
139901
818465
648106
412762
249021
637287
609166
206400
131377
818762
933362
573416
244924
786781
884171
513968
499048
583663
913457
700297
171921
358066
737406
570703
909571
115973
934172
117832
308615
405403
735146
262483
223869
383253
575245
286856
920540
998378
393257
865884
731107
240586
439301
789997
841334
323474
217933
340383
807137
131391
854647
793024
303423
506020
277694
126961
521993
125834
144794
644575
431237
779940
721024
555107
977159
296270
655929
811667
208615
949186
677552
753688
103740
116854
543687
759040
254294
661620
913389
875397
606977
682003
668423
724366
188025
760083
665293
523984
785917
710087
168560
217156
403994
789584
586229
295121
899821
242159
106789
108437
105313
684341
762126
923018
615161
219780
682059
769456
695366
509415
558820
302344
191420
227244
840676
279445
887328
505970
703429
587212
130025
685956
618334
347985
475541
204564
543106
289329
260690
463861
297767
179969
962168
873859
102988
577331
907605
599013
346788
602972
108429
805608
719282
113815
846819
559959
293260
648114
879895
896690
149293
823886
496613
667628
171873
872154
686158
528945
161485
846848
806773
273218
840783
768942
961043
757737
346274
868649
356751
507028
385588
279147
226604
104871
292962
887389
478796
400189
535504
272658
210846
584797
996545
607459
166392
982384
393580
752551
425296
455065
513366
232070
542249
354151
901013
417259
111889
247288
199875
282607
568283
485463
461754
694887
404300
568682
582277
783096
868871
931747
955755
979717
430511
866267
587177
496904
848652
880758
249456
273949
249790
662822
406020
606006
916973
221000
923265
928863
282254
937107
211471
750537
422571
487191
445425
726872
955873
841668
423935
738712
773416
293657
718430
203929
159925
219575
600833
822543
914299
664255
910459
978055
241044
230446
584062
158019
351446
421295
900848
533700
358403
926285
198205
594940
327443
457596
235779
197283
299266
559715
835995
886648
753372
468393
904543
727264
501934
419343
463774
330200
983598
374234
308256
224644
504680
706285
196629
756126
941546
911443
203794
299950
837729
301999
708856
979138
573561
844636
176422
772827
404352
826384
573443
971690
208744
477987
612921
524644
797331
976696
754844
780930
350931
963100
819540
755612
669386
916169
425705
610933
827613
443465
724849
579309
559430
433707
558448
132993
192310
548837
719786
410628
289188
293230
382319
397932
585184
895241
822576
382516
785904
577421
977412
136836
454488
796954
706414
123876
627090
946086
548775
368671
303518
187592
847980
676915
435265
320396
709908
527575
683199
343661
838203
872387
450858
134489
184286
936042
843696
906862
318559
629601
398250
295972
580404
752738
906892
200785
690580
533984
146872
153323
802655
264357
240915
564602
841272
576180
698964
465147
917721
382164
708808
669891
254552
159667
618346
252804
909675
462044
159667
228235
905611
371883
338174
399982
124623
159033
500768
629169
593017
461606
682492
309639
625963
737373
688208
381202
227520
387173
746349
959207
583304
369125
629099
651822
428792
247447
804627
252435
523457
864294
380670
343035
150145
532810
643018
174768
591844
957752
617903
998827
419359
214363
308468
859289
851736
810642
240492
893223
197816
800808
852431
681120
169934
395498
332944
412692
456911
137572
565127
794334
815832
759764
137370
865977
292575
594354
854711
784419
552107
386582
697214
785433
500945
905682
558689
266648
630291
699181
973837
728107
413956
826270
323195
483890
135735
470105
796583
492646
421643
361711
200947
237476
121476
238317
917420
228018
646638
686098
826403
198746
972680
523618
798145
387592
343267
356835
554241
873558
869983
442045
515633
283940
182282
652794
667831
218017
122900
378381
524629
444543
640092
625576
495985
575535
763894
327372
617519
324499
827437
443923
423245
800118
781508
135358
101678
124776
392193
555919
812301
176143
811930
327935
360084
894213
880729
841881
112231
817595
220263
536861
262139
674321
976403
572090
163823
654264
713429
681342
878763
540867
125267
215976
254952
720741
251334
256630
745517
543527
626515
557819
619671
438447
699720
793721
332661
580450
635603
344892
398046
755866
695719
474151
430188
672124
860208
494012
326389
573638
989320
205154
928471
928553
321130
183424
649295
386430
340055
394814
743923
866570
766599
277561
305018
466321
971282
451645
860737
606886
610504
172751
276719
306224
546902
520874
792314
321077
828852
932670
708681
818173
951790
637153
746728
186887
634544
396024
473317
874599
604804
217241
655136
371405
394803
774121
651692
366086
225767
512430
786939
736271
585181
877624
856462
946050
398499
648777
267128
227352
495414
789776
859492
447205
340896
520187
534092
875440
816211
907409
664006
334983
938617
319144
520354
333421
907231
172047
513473
132999
498443
214379
683237
983625
992004
539700
843642
304470
102444
924736
345789
497859
714513
119248
759030
955410
539435
293124
830851
269613
114500
494859
504596
953117
627969
924950
200505
535201
910963
527945
482166
409408
556290
165404
307000
548295
519070
964608
666732
435481
889345
912521
747306
517826
931769
506337
473237
385171
613427
218055
554784
627928
526880
959381
495012
154850
798298
509484
504017
623229
937429
886184
846603
407686
951588
967569
855982
384626
932178
436681
720107
821524
263169
467414
253317
108905
873751
626554
394076
487180
658576
848860
929074
185457
722208
338053
154274
520508
747537
558291
957703
598933
444476
804307
906620
310032
771877
676569
594658
618022
927216
228732
353513
190386
510112
506831
199291
297830
947351
407333
598976
605928
170160
528051
691386
792369
766105
659626
226844
427609
217918
184548
840509
476361
802821
747130
686393
488665
337666
195018
106688
264883
237716
274167
269235
647828
680998
282492
845658
628351
589825
444636
148246
659985
786653
653598
366321
466725
313225
493165
794335
431144
491679
548811
807505
294501
295942
407865
683166
447574
416849
603820
526423
554565
777988
695658
116360
372953
792116
862018
815270
381942
220621
863517
855893
907275
517116
222216
287967
730342
615381
982302
975452
107062
445080
696924
215529
641022
104790
712662
902562
335605
316483
342952
704136
908437
938610
720496
281392
644693
496481
996662
926635
617103
860180
696496
438345
291264
818712
540278
921606
348060
436548
811025
269088
781628
507950
298584
336618
426706
911246
239181
662311
227730
482134
366448
136169
334711
900910
231527
879405
397392
228190
720007
828461
902337
416504
180773
193602
149183
621052
929174
311210
957600
740200
394264
739229
248151
506814
975847
574857
418061
128996
151135
459758
511130
417583
409893
659807
232460
541420
453179
529852
583576
173188
272281
485914
403658
353054
493482
366808
788072
336623
578018
745673
976823
786248
398870
138941
293064
374718
527764
611125
317680
578899
884849
642776
810448
294743
302585
856874
650129
655764
386728
233707
642918
559009
533587
946577
726029
841036
313386
514103
177660
705370
173743
968450
491619
472613
921357
598649
661298
363089
123742
878978
755954
908591
521756
566404
203336
638307
423279
753465
294072
623973
801138
836991
996948
248693
697535
636945
989729
910921
151049
981355
616292
224792
949806
107912
511372
785131
520528
172671
148221
544270
865615
804175
452862
301338
284546
470164
839645
521792
137597
133719
145766
838735
784676
956681
987428
482212
593627
891124
393134
558642
872481
823392
683434
736254
745270
108773
521386
265799
995409
569607
710069
861026
373784
162933
162365
558330
447063
902011
980122
484660
849696
939855
237363
548339
896537
224792
930551
490165
929883
237652
948807
802365
875010
546208
538620
620281
468948
960007
786081
464358
443581
410117
239351
717365
387016
301717
189663
734080
117695
169786
218741
781357
109642
356104
329697
820145
394863
174215
224277
324747
225833
987050
941078
100844
533260
393665
621125
816174
267639
321173
280533
611221
545257
419885
242553
832273
535568
332216
480320
467229
402003
513028
248587
325611
683098
478284
145758
977961
466465
270035
216675
592298
257087
971719
593142
604313
365386
128234
420488
446991
263374
514987
958212
708631
748838
200767
454871
284407
432983
749158
651636
648952
262187
800223
788530
845285
192474
834288
737214
558939
918289
853889
965203
989342
739576
558346
507622
918928
500547
742076
365920
663921
257065
238100
286519
819869
338867
555356
104278
585816
304515
569880
148736
380668
284071
837266
225955
290511
585521
777135
663417
503811
544991
628621
407121
284568
100935
814743
203497
501482
470787
469418
979369
541818
607518
179855
361688
760351
635211
279932
260134
753693
749813
308870
948327
847850
960102
988248
138362
545624
765384
701779
949436
310377
330402
270524
494945
331337
899233
512409
646785
370021
795793
626155
811839
317278
706010
987494
977629
255188
267427
151730
822847
831206
274567
771176
679057
234670
673391
717420
680295
438777
333166
543698
649154
563568
714222
958065
708871
613456
470475
355657
797444
180235
881812
523250
397513
501789
510745
289109
656978
592139
340840
393792
423346
515407
978934
102405
650077
652327
633791
330373
991104
866957
774071
554225
430527
402260
512291
953364
829683
796733
309023
627128
876968
190836
150379
188449
506592
475091
377558
977536
967230
618398
371329
390577
133806
350265
306948
597850
816558
840739
828223
807663
621664
516262
275855
952191
818522
602112
819522
562172
312812
128546
189301
189782
133349
153647
192197
539941
528738
469755
517478
409935
988154
702773
614478
935926
953038
821427
533777
683563
576133
275968
405193
197798
606196
581048
963955
338685
183162
783479
800858
309940
812025
804125
313688
759340
857772
405885
299282
300477
775641
630726
610412
677762
333501
224892
613689
200506
860285
961433
784070
436419
151368
189264
534218
571530
670313
412140
810215
667441
195620
525040
877381
821612
329167
105037
580953
186940
410922
780236
387418
186564
410963
811796
764326
558430
936688
291983
658937
796974
253417
443008
147361
218751
532272
581579
690281
116552
807685
500497
597959
903306
839504
389308
724919
168672
394345
219839
169578
705267
900075
370962
705798
225006
182760
384091
683436
119449
576074
256340
730390
643457
599348
777751
762208
945587
273297
452490
876105
980982
766954
474066
798255
606459
677340
437141
675131
971685
556981
658675
590919
371023
929638
296718
496029
112399
580810
993432
945813
156885
249773
676204
700343
663088
367922
376518
608676
455185
729009
398748
350135
409930
772814
148391
916389
450155
485533
505487
335807
856480
164163
826727
227504
907767
937411
623534
920166
518222
530933
865981
489074
594672
456152
103384
257761
638041
379902
680403
993226
922877
979152
257328
332808
665933
305720
249198
930055
605219
568651
265863
461700
546781
992590
503170
454549
930003
940670
374717
362192
471604
154665
665232
966277
424783
668616
138005
876790
862485
632375
783984
785363
611528
941312
932138
191428
160999
995302
121484
666218
563955
287348
941884
110737
193905
445056
465286
937874
385727
653969
214034
671298
622600
779266
551542
861350
361850
503513
738141
224336
135889
522126
823665
561383
463440
755804
652812
524439
751108
674296
104625
315064
775610
860475
239767
869516
305532
519019
721357
505226
986955
835391
990490
609556
614659
542033
470907
876509
945546
209050
914811
895402
631176
738477
456786
908582
408249
109599
346989
159358
597862
351614
288388
373473
212090
342121
156956
331589
761140
778314
650781
748096
527672
641272
271620
956297
997271
642527
746773
856784
665543
661585
752187
210687
314030
208975
119270
622279
132540
366259
681637
630402
531839
783991
817842
557896
126113
874798
789485
701219
567079
440267
363283
908718
895505
534903
865016
892777
991396
611791
663528
656941
273377
415717
681594
401373
438658
700864
923652
471198
881090
519256
101602
326896
303248
819444
784792
243327
608209
488244
758513
989255
828511
121797
897974
637983
470666
762991
530761
462063
374783
194291
932970
462127
423974
614565
763500
762632
229397
601120
233831
924453
120377
149399
251350
237592
868843
850109
294885
391020
338354
953398
380276
980832
889161
278251
618816
359828
855208
963544
635858
229993
157836
568829
506086
395776
997361
183553
158409
226759
684673
206206
965178
619017
255606
130495
756609
938415
880604
951494
329436
218960
818860
523678
199793
708022
701929
632575
881817
557139
596120
517676
601098
567922
900471
921150
863698
897833
918669
836073
938558
517310
942280
903737
136328
111853
934233
706903
864234
728804
572364
107638
847764
391225
531316
861523
913214
147213
408066
795032
518318
904186
312709
119417
472110
213181
854533
249775
924981
773203
985849
863540
204480
842096
681245
240808
767915
529445
847711
632150
258250
334043
639788
919981
625268
171106
695471
538483
132285
103538
247482
550603
907725
460191
570020
293802
487339
338520
443577
326287
925689
343393
103794
130171
185490
685039
270979
853405
128451
932657
485557
286702
266701
939311
206684
705935
110418
802155
158386
956668
805694
305868
507272
627386
580026
977292
821188
967365
229779
178732
207619
155470
422126
211413
185641
507616
710419
270586
274989
738870
117210
574512
925572
197877
513824
946222
803813
438209
748379
776165
394878
468040
982033
802151
909392
562060
693410
730581
443392
823190
723279
551011
792626
145406
662425
878267
466989
286811
962819
641978
925681
980030
216491
851255
177908
544281
797478
795687
882490
459824
571853
191336
741830
467854
893487
565189
929914
500864
209737
287274
324055
833017
652251
930647
878423
228643
808915
345413
415454
685702
801357
341137
665733
831814
106359
657607
376097
803837
453296
172554
177629
925149
263890
733425
393004
971343
298616
236886
472209
408353
424160
610230
241371
890377
540879
933761
119022
263761
279175
434476
849463
894499
675613
429163
726314
681972
986771
102412
399777
440068
174967
391372
279184
338857
124798
486155
310202
237380
537007
596377
459700
775133
206608
601071
665511
647487
448799
684533
811249
627975
119011
574679
436441
694624
903843
162756
290564
890615
165169
590341
244650
154102
795679
337800
306925
820477
723955
431093
871824
260963
927470
331525
936096
134080
746562
515575
681567
195363
200109
406783
637304
219120
881463
973745
727711
699273
136502
918275
589889
115637
422583
648505
169739
218263
886305
376665
852706
524228
707758
724531
685191
549196
870022
535255
583276
616586
950830
178810
625915
964905
399560
177186
184027
194990
964897
725704
794263
101400
643980
298119
931003
880529
846624
914708
998792
646896
291374
851499
171125
813099
489998
670283
276262
360021
119505
759538
790573
970335
752314
330455
935241
151875
407641
933234
246865
286505
658939
941128
287906
216886
153214
132876
997415
813804
947584
910174
460702
152926
761675
531827
779991
165640
116077
956253
339627
135582
629758
944167
919883
382073
274623
855126
433949
496231
702327
494780
682736
275234
435910
784608
392120
403090
817484
303503
216896
679036
213678
577598
731962
875353
923391
511954
854959
853435
382174
194588
889017
911932
138756
808902
294006
227345
577995
627955
537542
194289
122737
134246
369523
372613
818854
661644
589669
550306
865147
706565
143309
978825
198130
775271
768146
935488
201192
537072
788924
483366
631660
677942
395299
584382
486845
589305
625694
878806
131228
163237
973096
967930
197483
342620
254510
830304
818230
744179
294577
597344
364712
337886
490137
462842
927123
172250
398331
128316
609322
101222
425648
154950
679165
634913
639332
979976
224219
265027
858784
169413
328265
745847
951309
339714
902433
119786
170019
720665
677932
278562
318010
942644
516448
708147
319453
443572
780397
531751
385854
303687
532973
711502
358637
126105
260382
897969
106083
384602
976963
778833
367981
219195
438647
233258
458909
341081
253044
442895
961746
744942
621457
193724
601553
137907
715837
734973
395445
410202
266725
595266
613889
613664
220735
872526
639770
381118
684462
559819
579686
661426
252619
847667
780621
591266
894891
153498
832347
961902
496393
708061
706845
117851
715751
222366
969723
431589
857339
365170
741791
124065
774402
269647
551695
895137
142174
105432
276256
640603
479217
755942
302030
631836
517577
896618
137069
412469
950116
783383
288338
360476
405411
809150
378327
121163
931516
262018
452752
788856
441154
108511
726887
215557
278158
278583
110695
234299
197982
286952
774902
577199
856860
890898
123003
288404
701483
974037
514840
565566
757421
703178
740008
976798
512329
118337
997961
443846
194321
364681
232703
535475
373192
859590
651032
465316
952140
575693
513581
964088
676611
202450
455254
533473
907315
478257
721877
608799
366262
236718
988332
937649
753863
728341
914449
266193
660644
912411
610040
754965
191059
656709
204407
464251
430267
755439
743534
296374
331134
257116
260463
821711
273533
615717
355185
180849
907941
891029
603614
274204
941713
505913
211854
695577
234256
126304
861771
708866
852682
385778
377799
943741
856453
482206
321960
200687
237647
879460
397061
382747
950542
471490
204459
224076
901174
373611
304925
809116
178607
722506
897286
120321
228420
923106
715899
276642
863377
491637
885509
716060
691381
263309
573768
547835
645515
709694
562489
697128
589155
859550
893841
539699
331042
912267
663775
146183
199845
782667
855299
278452
419140
666552
298773
547560
589659
828638
638169
367003
234242
523679
983063
825623
600954
470799
287426
160436
180494
749915
671531
669650
523432
479339
123316
668440
305573
601057
714623
405418
297691
569923
583870
616831
150442
696610
978358
554068
439215
616528
821071
573458
954173
718102
313048
469094
188902
500474
529530
183362
164356
115028
753012
587789
494368
690294
256230
699941
291353
870854
919326
489044
354744
503197
105877
405187
113774
898201
859255
366956
514730
680327
840414
382870
398430
967428
751964
401298
467904
195461
484661
532260
210490
151640
120050
518824
741935
276281
218766
933288
961101
138093
422333
315846
455257
342176
621033
382997
240378
394255
563919
569074
974583
404334
851944
286980
371764
603909
588279
653634
699371
886906
999860
723827
938546
119912
242652
680482
210159
275384
527737
985226
227444
850071
301073
496667
106214
736073
779664
246593
130329
343585
715667
918878
561885
567613
205860
747615
985488
608105
315216
684860
495012
315078
322654
347525
248956
465306
928008
359115
554657
455746
344342
682101
219784
459381
178769
225999
195455
772399
372592
139751
929950
902225
958629
405803
383805
978455
153419
369295
500527
368636
868121
809505
497680
190777
157032
646636
470049
899006
819717
924706
268719
978025
606808
388504
437407
685577
428469
446829
371944
615027
486580
301895
517253
359176
607698
801059
251599
575084
170355
652126
757686
938476
375599
255367
943219
432631
802003
413270
245604
535687
337977
414323
513713
844786
616793
765086
444330
945262
211916
716274
560290
512462
832136
891510
771639
439835
692570
923238
914919
676891
489331
586572
529334
764930
741939
472555
197562
457909
699791
343166
893596
937768
571456
321276
696521
188250
986363
140853
133514
198280
671093
593804
610743
503230
485315
296349
757032
991851
219588
671952
582709
608919
172492
112045
373851
814431
398566
385379
186308
998357
542512
893870
850092
113969
215148
546615
202219
201512
501434
149699
213758
172528
557470
638467
489725
856751
834816
246758
848604
868370
732676
431314
391257
805168
357325
579074
619601
655891
864453
619875
654249
320932
513746
504343
248867
628894
864924
265053
644372
366359
314752
672097
352853
686188
310565
742578
542941
959348
803302
305512
741685
535980
550792
132943
341149
808118
612017
774716
464010
390438
394592
932226
525336
722305
350536
674204
351200
129427
753223
809539
395786
967975
395603
562605
654165
520134
305185
111073
479483
108488
316585
135136
544468
767377
168079
699584
575496
594063
474301
853473
798467
682860
699666
323804
405166
864168
811974
570332
893595
565198
379872
203348
447141
589441
665953
915272
109577
871138
926345
403026
793593
156897
438162
252028
824274
506242
765578
313738
914271
239881
981177
712739
822741
594810
850509
141874
458979
576451
612206
352575
141650
806045
455923
488791
395487
935842
318030
405064
720948
244376
708091
514542
301273
146254
580536
939514
466462
346116
167219
294700
399963
148397
821405
136671
557173
671916
178545
916152
248368
690751
182694
203984
410763
452583
506742
706251
388426
724772
111316
109375
783115
633373
437883
898354
593594
918420
837869
874022
178503
819054
168724
478466
781417
890129
429103
338591
476012
507648
254744
538346
112366
251404
642331
423130
603987
963039
129382
806380
687812
954663
729721
470928
502004
167606
369284
995598
899992
121120
869621
892461
840175
852311
370928
621593
656408
613997
774151
132421
121646
928895
484734
134012
994266
127066
371108
512220
990105
400490
318601
591884
269121
862289
876779
671125
929895
160030
666724
743854
181150
450312
636316
835291
216591
821210
370852
772999
435208
145004
719386
456854
887865
204121
404832
882132
231187
675941
308320
135259
890397
526921
541110
973484
389211
417890
644610
233073
477920
225301
876927
473036
489580
427210
308329
606171
248421
493147
379171
583629
452117
998557
854449
339983
202680
173249
136083
247833
663156
344403
197059
467520
685290
638169
441006
888468
956059
899582
121542
347946
124885
812436
720982
514465
239647
843277
120637
302035
336425
313774
699630
688542
312332
468047
842492
328978
455262
878575
390778
118419
222979
487837
399905
722235
126007
740911
610704
896032
640495
546213
243979
579346
358650
864961
993811
412263
622206
928414
528264
772597
242189
227896
375107
368487
509909
217600
511432
865171
910141
802210
883590
133121
204014
197462
669322
143987
838374
280028
940019
392836
726241
997964
872182
898857
776892
779960
311121
399099
708375
653352
985663
764530
781248
360771
946983
291158
478371
458416
156330
388513
174593
853886
335600
192573
951348
818888
236560
703689
998916
990545
910491
639124
902476
782674
537982
679370
476601
663070
892435
184977
316423
878099
763473
911637
152837
710458
116762
531208
982840
987057
733687
971400
840944
883253
163974
706259
702143
300535
323916
615026
205047
234408
254152
107525
831049
692134
600861
307651
269171
493297
392629
485594
285364
970068
311198
338201
680527
327960
683376
577335
315018
331030
548736
969928
214285
612710
590155
730394
727211
814071
345421
832259
948479
413539
839784
693495
919640
440646
901147
188812
747909
207743
574407
933273
177812
785605
185442
672306
927532
768818
249642
242551
913814
698378
212481
942065
225055
702636
672460
852267
430674
831848
684527
293120
159354
438278
886616
978994
692890
787764
167808
440800
895507
556181
288041
887285
255753
373483
559592
183286
956267
623200
325838
870082
235545
352285
812149
360601
868887
398576
212869
299562
144391
711362
492682
203746
149641
293265
182741
742531
981029
250549
183332
790503
620696
285339
591756
776450
558822
151349
859736
429056
588516
999540
299140
724061
351826
925255
898628
220714
237798
111498
334242
282190
636826
640891
299902
686467
834156
382643
428999
815187
447159
426298
519657
967855
525603
111414
744306
984426
976729
518010
413483
565246
517551
526589
203274
683344
365811
101904
804058
503610
927367
952267
599766
564195
593159
799668
164629
427316
996277
407595
156470
357403
733893
490094
325260
259497
501508
883532
157890
478238
315509
385340
857450
733061
725895
874691
416406
991707
876595
134431
409284
717929
900664
909050
196091
493824
622685
260721
735107
618963
568316
705543
790333
216176
195638
929559
289639
511113
813092
347530
803317
128603
546836
660769
675630
186698
449427
906002
178406
239989
940433
401656
857918
841099
224673
954010
248890
747358
214732
797963
280289
597014
417474
970622
713190
513112
900182
902829
838191
627241
164326
641510
569810
611162
216246
159407
697861
565673
965409
690233
705662
905844
905856
477547
660910
130530
345524
723766
691855
460256
521731
872144
957270
839205
756733
584427
266284
570882
487258
104477
112090
551584
559953
581901
976713
676199
641308
674575
155839
606719
278775
675467
426530
184632
153015
901406
129129
312506
625173
720984
586728
146905
507095
544000
800076
177795
942393
966361
648677
429652
884804
660767
881237
444758
156635
771917
934923
611910
446493
990762
218630
539234
580196
459126
537833
547177
360533
566962
759683
799672
201913
346413
760544
609008
704379
560621
686803
646773
526983
249447
976426
411788
724180
771630
670512
780816
543548
605436
392727
804007
510165
425323
257208
990361
698415
695041
537540
958948
175970
297224
672587
277883
457603
433132
700857
161983
893754
301627
708757
334704
451074
599150
646493
175256
284747
230972
770038
642261
736409
162766
446269
246575
402055
517443
236938
100471
212486
588444
873385
288456
699634
545973
380306
157239
879106
981163
219222
772861
282792
741945
107566
547832
255062
568025
537054
439809
698998
307093
982070
349374
283825
342306
495949
585880
759750
546853
586351
786202
135298
459737
888624
648899
819677
268931
706138
698784
164062
739326
385612
346854
395239
307144
794686
550301
689136
245708
890111
302101
452801
786148
551475
636627
128456
861390
136474
702172
408245
622826
488375
357509
896529
377000
820374
716207
545932
526513
414992
609994
265841
614570
770814
561080
821715
479467
925347
424818
625175
729425
626919
977977
515575
178395
528571
457997
853751
565045
160170
175963
101838
548545
347439
898368
825545
167814
528542
285444
594328
757501
709404
674135
372072
480219
149182
107754
859687
974529
432572
398829
703956
959491
290773
133498
951852
719344
491495
719571
198357
551665
795534
200195
914176
142974
912529
739722
210789
441073
839133
619083
198575
548538
207185
384613
842724
256367
392368
616378
144863
724940
915207
662785
598399
205982
610249
464218
739292
101745
183790
837649
467376
793291
851811
381553
836265
764341
935242
861020
119381
774376
394070
217956
236881
501255
502570
979605
571588
708904
595984
530418
433845
425159
107170
846210
531141
617420
224396
184400
619165
308186
922050
986542
915443
687828
282062
751710
452170
217305
526697
385518
805647
820768
503474
856495
235990
820010
836101
707579
528915
346053
151964
776727
671212
159134
536904
116320
676554
661300
200720
209687
783453
936736
110196
698897
624565
292258
364574
890702
323530
705238
276221
943143
526007
593661
799639
575963
413673
549708
197509
756554
795761
249473
533282
380940
308608
884153
311226
799128
545454
411946
908815
242874
348684
832977
841772
787215
125237
120313
677918
262733
725551
768105
119843
165525
361768
819483
641489
589407
283158
738998
345962
892885
888472
693211
273826
111047
577365
485052
724141
936785
710964
546924
179661
873614
379902
835399
660831
319105
855712
338750
481838
495231
920822
501682
560756
282591
235132
202246
771998
418290
755211
117961
311176
557650
625138
398968
568697
202504
697986
206805
139291
322917
653729
132918
196533
933632
868317
757364
252738
637996
910080
548543
133228
830903
864191
507951
113495
913289
610197
699459
245546
365409
631387
370688
823059
256526
669656
305723
272997
281609
412529
312288
504526
966258
259172
601059
813857
941455
272390
966596
493418
182472
429106
526647
913375
293298
934598
840837
120554
458762
540297
266100
638138
985650
536788
375164
242178
120411
580888
415175
302020
807383
541429
706546
687608
700601
221573
501467
556023
393963
382030
949441
390401
625102
390055
303778
818400
324654
958581
752920
597383
412845
919020
235522
398497
455809
424652
454641
476220
819506
769816
592206
626890
225212
212719
314500
739779
334292
629933
295803
542222
825929
245245
832623
451032
535301
950367
183399
673921
822915
836319
185271
235762
755340
234759
448225
125116
559412
802866
415302
378919
486649
907508
819776
611861
120228
948242
351641
268487
578176
547444
710709
404106
606655
543333
669104
955922
407668
752503
629845
230584
588823
629082
366346
258130
763842
628537
283246
323255
431404
598548
516140
818053
420023
335917
343881
440251
284160
595522
608738
676302
142967
233414
894374
563589
676748
563479
519512
984416
315983
149358
215001
718772
592407
395314
876902
356250
923851
974114
493471
269223
486629
823577
901242
806652
159496
245125
160871
343656
740647
583575
833925
697581
716990
728300
261171
393739
291781
680683
292122
507764
644008
321089
140504
236416
530369
917406
406632
368188
805488
714069
537411
292118
537647
438654
912737
597143
497745
887574
754766
238394
471150
588692
749941
188141
316993
911112
481880
422740
505762
587968
744471
149771
723024
784975
200153
253394
702382
420751
521582
421837
134821
872959
527922
572469
225581
440660
983578
623326
328235
652311
675686
699385
241004
425628
701493
371964
250707
183374
608670
656470
585309
353142
620207
308334
138118
720361
461728
740501
955078
797277
976304
989900
670237
504227
562370
795818
844887
459915
333112
987088
112228
908798
600441
167198
248394
301935
439162
399101
299275
861799
955571
698550
214942
489746
906884
253061
210108
282580
807528
979152
893823
783833
969053
564061
288062
445390
273847
946915
805306
506959
847971
817534
329724
448413
884732
478118
564314
237862
777220
677555
999661
646758
290073
214604
136505
196958
367665
160579
293504
989159
139733
187328
772994
108787
565356
961056
454178
739203
821938
173451
160129
669910
890985
389853
932289
689684
681938
410570
827546
459159
988126
741174
105918
278200
855779
956389
289124
137411
116969
396595
126572
970667
397889
799566
979455
863245
674589
347600
516415
496528
421051
490510
166440
226003
780364
912695
815687
462303
323267
557201
735428
225360
298376
655312
317526
968121
611702
420616
105534
542638
717211
946071
513306
115102
659604
406728
792313
334194
568294
308730
644688
889345
699240
625094
929314
393571
537791
658969
669840
761058
216171
319235
800384
328513
874548
117911
296636
400217
438527
302170
756821
155740
162208
184095
984807
721812
490823
691087
956006
959118
899817
514661
762430
513025
139757
605712
720562
491514
264682
304370
166539
294819
523605
866923
523332
312120
884834
719968
526304
323362
836104
283126
293068
898312
281187
191842
620125
672011
782930
490098
545096
596714
904760
307527
923705
858483
727205
558235
263964
891887
762605
330503
186707
200177
197427
610040
326264
982261
330009
752568
219590
980080
849660
326625
878393
130849
418467
498520
616826
201398
802584
161923
612079
621311
283416
535785
393761
910622
994020
557725
802510
670592
788228
803184
770770
885655
413225
997034
781883
557200
663569
901474
537281
427196
228100
329642
372011
460533
642128
888837
475898
444713
950760
987977
879991
148144
523763
273753
958766
431751
731479
675243
102344
519708
478428
773114
405365
705619
684115
101215
176787
347685
902689
528034
588848
944755
757676
860859
319256
313771
749698
695154
658485
614425
683132
538477
662569
206896
626196
535302
538647
357676
210547
454958
777385
502941
228073
996716
122528
726155
997931
199315
887806
814588
541315
476655
673310
212959
337516
892566
426730
901180
587721
899181
429572
270854
351625
906108
291717
877822
441411
644330
235499
465924
913254
826850
782832
141329
823567
805360
681450
735466
818641
569257
464021
359957
859879
951297
472916
111362
843865
713613
826508
345553
612795
256081
430374
864421
162190
536057
742244
417568
994353
791709
783492
907609
618561
566325
862904
356095
285652
544355
991561
104294
927578
369549
278218
701424
320848
565100
712786
978679
278714
453261
238199
705476
609343
482539
569898
585499
918596
226109
903067
912951
831784
686561
734527
450346
166853
597432
706442
352506
955753
611970
270766
797298
881520
362950
498724
116335
828051
125477
908980
920731
478739
147180
626208
902048
529720
110073
487548
362283
150148
390617
189201
881933
891144
823728
332280
957997
335127
852688
224470
290881
378626
309203
902146
260147
572153
400871
190448
314171
340314
999428
234904
633019
146609
675078
535068
490295
599118
922617
752579
649266
227201
841780
445166
118346
665510
591413
890309
814603
444102
114781
105486
722728
323984
821598
796841
710103
136436
887289
924275
376750
800684
973145
823736
761260
562190
358805
251556
161309
195389
818101
710576
236556
659883
155743
254902
239360
647156
145213
953963
905225
973959
873415
541920
211910
695014
338763
822013
731450
140019
660255
922167
754670
547367
745904
515931
109559
918675
581453
170868
114066
399556
695410
250622
959439
665120
319491
198800
312277
278670
966729
131469
252630
840146
573390
278506
535161
726119
914485
180579
766138
574742
102747
520809
936075
662617
850706
945634
581293
432161
116504
595359
731717
711914
659948
605123
377035
793405
617889
503279
972075
584619
448714
138672
338732
922104
317178
687860
648224
231664
768439
328330
620372
685152
663105
556449
347770
513813
502084
829063
759940
432554
338390
405624
958435
898338
910747
249437
605710
442603
566682
577786
927222
915397
616458
265956
751468
833636
853816
399694
879266
536222
541990
499640
221375
205096
870055
469145
532875
372140
212175
206782
618661
450565
512406
577097
262870
337120
640500
768580
679723
207184
260333
520913
936547
776791
686869
688016
524394
454652
901676
403662
804840
443667
717268
926215
462730
587324
309327
809571
773430
421502
916354
392092
686034
342727
783155
848904
579848
423657
531452
173538
444807
691785
594451
381355
382544
195287
969371
806938
549939
871049
124567
354780
228683
655801
194962
591413
243126
318255
400986
830523
553724
231307
222616
239759
388000
819738
902629
867848
243396
434082
855353
588203
939834
449805
869558
322379
545093
752896
943283
908998
623946
881817
177746
752630
537619
272708
258010
594712
404930
472962
425236
858654
518235
461818
998413
806236
281557
901043
588051
338919
249093
443405
741088
102894
793211
524613
325273
252271
277511
182523
161270
715423
964340
239016
382020
415927
325691
540031
824605
630621
826959
163808
489276
345196
525626
401656
965398
621150
216666
553450
860069
365759
896856
515125
282619
690068
939738
507892
842339
217250
504382
817575
832674
382689
870558
128661
698616
196250
482658
437188
640837
309619
500996
944079
468781
926623
345736
434180
461740
462402
887630
235776
642128
784487
650901
824747
388522
590641
246607
144828
621857
564955
862404
368498
847644
732963
397160
460228
743179
779818
797416
297983
989437
212380
242063
372185
139004
401765
706365
414710
678133
593997
550486
320262
292451
201389
958976
580974
605996
119550
625802
227854
498471
402173
496353
346116
135137
793513
620310
692282
487298
331694
890265
476737
444074
132329
748922
397044
348060
369255
711754
926194
863252
176207
160423
969669
191562
119400
550644
697558
952915
990413
739379
365353
392587
149699
611470
341691
843212
145747
933973
244477
377441
824240
621214
635481
770535
284104
932525
118597
467325
558246
944791
330578
548420
105215
300248
639982
938581
664859
251508
805463
655273
804853
170818
861826
854552
596254
203518
611731
642001
137493
756208
833409
861733
291390
382857
546235
475494
315384
564832
842819
687596
509624
987363
236017
428806
201578
689966
281354
680403
841474
986817
335677
646328
157636
197505
500881
567856
214989
112613
209859
252482
682787
857234
928181
874177
240092
474418
263638
369442
853216
920423
957039
276808
821753
107023
605614
923332
696989
786968
603736
452430
687752
753380
998758
745389
764851
413606
313246
879840
340185
337071
132324
922973
108272
874471
797151
248365
348890
874756
431773
116074
795180
302779
292882
616935
309803
798496
454234
906792
499431
957970
359224
187184
625317
271949
746539
390169
499522
873752
183977
739707
124790
130267
576647
133063
904738
287766
195394
167596
162523
527167
183670
857703
729947
376552
474639
853716
989014
742839
674475
488446
700811
847665
489596
240095
119616
150103
444231
519138
923855
528208
172812
948645
558475
649460
895674
463214
837226
905034
444776
899749
346169
528446
671419
890082
804998
960025
743799
707979
702865
418275
196426
317643
179908
499989
457739
199524
550092
801970
532628
473948
244145
519406
336560
702620
168867
146202
979800
820059
865202
424578
719809
211372
853024
305196
101455
571990
265222
659220
279970
868087
977496
290363
999697
971370
690352
457437
984860
154411
173374
517489
442325
317519
850861
592851
920139
919729
639053
813906
739789
418223
238485
373566
529595
905476
578762
531051
391433
657950
190272
485369
440004
981734
675732
439702
953105
280051
711105
937966
248428
784479
369422
590753
915964
220285
183606
836104
953980
636625
563978
693770
954848
616429
881302
484445
521906
374031
829462
727305
931981
833700
212676
285953
815436
702374
625655
682508
796392
336762
534442
944820
935207
803864
535575
851173
838115
533147
601244
792096
983738
165223
399834
938588
681653
195103
337000
117526
469135
980428
658798
315083
814129
771474
501036
543532
387815
126693
140008
184208
277421
574450
129030
212629
292281
478571
963802
130398
825684
565048
736460
809423
544237
136295
661978
139857
231399
812944
157384
514500
793373
630148
729583
521470
401623
230621
965002
603404
171280
918976
687613
262667
493427
630609
375296
599675
923146
253066
630073
748831
632080
280500
472221
176318
316796
134201
216176
362161
847145
187526
776661
640520
631640
420211
975956
933263
464798
940959
450634
536078
773903
138248
698745
267331
582823
888008
767006
419936
141075
311046
168768
587121
491547
454956
577405
622309
489157
693581
798436
336303
695073
575098
790789
326714
895309
766746
173944
274075
621673
438545
710153
395577
390759
322866
476874
873583
124841
157848
207486
979881
282860
276255
567003
588373
545177
144409
210683
934334
651957
909119
184604
260997
398184
875394
401678
207461
556107
475622
381536
177781
728133
905655
387324
118894
142488
764199
892477
167329
822047
999963
147211
104908
190185
614214
507248
635362
572590
617931
483663
224548
441018
568268
385545
653168
443663
687223
674595
899770
976812
956131
891518
704946
775754
278843
723840
818242
943042
530284
885572
679056
444215
846749
597931
448366
374931
105180
897695
847521
537077
381359
972069
792061
849627
271581
445231
207257
772771
933792
920994
663550
889925
812513
368497
579646
905322
906304
397889
762332
350555
197428
441389
608736
944178
853286
957103
233076
858466
854799
980597
309511
236159
866633
101573
899753
138215
360770
920976
810986
294564
841971
388503
998455
568451
570967
578102
473775
477272
789957
150074
641793
801352
491463
250531
659497
344751
207635
792573
117184
876400
773171
326695
926525
639805
242235
740245
591986
416971
661223
316940
611535
417161
605443
523957
885613
176411
916025
273355
467649
619950
323429
109444
421303
628858
173941
894766
787575
195542
687340
718726
971942
374478
945421
898468
828249
101623
638715
334202
418595
299939
551142
844096
531066
970552
368055
416680
146964
284081
504001
428580
804031
641396
438024
139301
184222
425931
934067
871797
521473
535374
504490
493416
809852
363879
305851
552068
365502
844566
786271
598063
958471
251380
442161
489539
221933
710216
720185
268898
808263
138154
511444
526262
593516
763434
565563
677738
189366
499632
463503
610839
935006
867993
918221
658826
231873
224073
210895
411342
882606
811132
909405
755044
962513
351567
158550
184447
875749
778736
267311
684014
730856
678755
210277
238339
442190
589806
730044
531556
903404
107514
956361
752378
875507
874583
411205
921347
912623
436066
246656
795230
161166
156062
550275
123680
321596
608826
122093
197346
301529
203371
695326
846351
782126
719569
984690
138284
309377
714735
483806
212782
722249
440169
779126
511724
228719
190332
347038
141343
440365
493694
750539
415497
463722
300816
439177
685318
809642
375236
782665
111172
478607
391958
857523
174701
111529
756180
212985
234872
470917
510757
261620
107133
764892
940747
518857
893612
945045
679861
848921
385411
173556
599462
614874
537279
800278
954051
222598
523887
243255
819229
449025
621862
211189
220515
696563
136684
876695
723514
271556
261579
234273
433176
268713
899165
287890
601536
706744
232937
281399
555667
432314
354955
969095
947189
706200
683340
815207
742765
207228
958462
561995
470219
494292
587150
590734
104822
537800
381396
642303
623322
542976
776576
956499
711689
589708
158356
227192
296454
291293
408591
666087
623608
577513
549149
484764
197680
232490
299972
840445
253684
172402
402442
623903
566694
803558
214638
485482
341360
496034
127786
864682
852976
804362
735148
478632
308038
793505
605825
504492
898764
828382
984545
436339
319862
533695
821103
417543
580151
935042
257989
733835
107445
474397
357739
574139
277957
386343
959621
433283
696343
987408
211932
549321
705737
761047
841919
913775
554553
447745
332234
367284
190095
230746
703624
409957
578407
438694
727500
158559
373737
885490
792394
381182
273854
964099
769287
451811
264409
642876
699060
860753
544251
810993
324041
249989
572041
165961
977731
940560
427673
223932
221811
517768
354679
739401
827725
833086
178097
469193
805612
451834
268650
511973
733017
442504
476074
416271
708282
554449
959147
407343
329169
503399
132303
553210
567355
518310
533138
459053
372837
774777
582985
408615
292546
751630
148017
934237
584718
226114
317397
304297
577949
486047
716270
224933
742518
106311
541204
450801
560761
500353
672110
789930
817718
618380
257108
385074
136691
604212
744127
323495
378990
241080
632110
485502
892710
680127
333706
391395
806242
465070
595692
298158
851117
311964
423091
507602
232241
778261
858403
693002
192581
444481
396900
910300
962861
467974
209341
913518
972186
767435
237014
265143
908515
683090
650645
715192
277185
798317
106589
897393
263388
602281
195552
928472
728211
432609
436075
860453
210871
208446
553456
303453
552927
764322
127720
515789
232297
237061
429308
204484
904496
480289
283593
726978
977345
748204
442172
254531
546523
448761
151925
623877
865008
247477
466316
593221
494052
802392
367641
604924
824804
735063
722343
377732
499387
750063
707487
631684
801090
950761
650135
619554
345017
833728
346533
322364
581934
602671
476895
942423
865398
528821
480267
644374
590264
846584
237596
984317
562943
505237
503208
387748
154267
225552
579446
553654
789581
286934
999305
590672
151662
649441
210227
396680
397136
370727
619044
793036
787364
995939
735460
652764
438727
215729
297139
928992
876279
348701
827276
439223
667904
244451
640937
722171
370003
220384
275827
973550
321284
189099
564223
372946
738540
588417
669626
949642
859144
202637
742680
560475
112544
392107
213240
451271
421802
324345
294230
298082
487012
935472
637305
154917
179924
192209
691055
363893
312593
780848
337444
447843
869947
801668
634756
522454
304052
218349
472097
977162
320987
214778
537638
333531
506886
564845
598768
828688
789190
792999
940737
276204
728472
578043
245087
722363
584219
836142
986256
710778
616991
323702
158623
400905
939336
693379
823359
243389
811728
295458
220552
132716
410236
572156
280213
731088
137002
778982
473744
826193
485948
414482
916363
214421
806491
161451
750750
390711
897594
737008
101491
428552
960710
160114
729458
900047
667459
466784
957402
479188
662242
991920
425871
886445
564077
520050
531500
601080
299033
905244
341240
684981
319727
257604
713369
940185
319055
464120
330897
130616
201129
332388
373135
975805
306468
916559
875853
787893
383344
747222
181049
945587
739143
506920
745999
303222
926970
277500
718268
139971
996711
959508
724952
230405
217113
438322
170591
350134
716409
401489
380751
817538
547843
567852
793345
668278
484412
583165
456172
767756
330389
537221
627310
883498
858107
373310
100687
699045
464777
718955
739016
461489
592430
463969
591894
623509
716258
662486
873644
432668
877941
168362
164173
339751
636214
857518
908029
120627
354651
278169
788383
585040
629356
329661
382505
487465
602971
383193
186511
967748
916114
739493
343204
508546
117429
835099
132056
733687
411552
819666
980321
289494
801994
144496
529245
438209
815980
351242
372802
170632
529411
975152
569638
158768
304814
766110
460199
721751
149304
460676
603467
879384
200170
846671
387931
217600
595737
333954
765253
907289
967586
745576
110750
769582
704038
453962
207792
433985
705204
394561
418584
148582
369714
802188
207350
574528
568299
481516
296280
617603
842192
799747
496989
942363
560386
698886
973929
156124
846806
739183
877380
814394
398726
888130
497943
916730
342093
519701
264683
861263
814262
583267
909845
183977
385456
931162
572471
853756
412679
682718
385326
168838
482466
696281
111202
856818
309135
899097
912943
155942
638282
790324
784302
850974
592421
196212
681672
834515
615914
846355
609745
430177
429623
519592
428121
715079
364721
814558
482802
591366
497277
682095
660204
793710
378377
585373
650529
587512
484471
563473
557421
936719
267764
255690
787695
760186
351903
469368
508668
781783
315724
118414
125927
559313
451972
454048
188359
716693
182574
571162
222026
579851
253258
782231
373562
445601
367605
838058
847080
752076
315498
404502
688797
483263
474158
390459
157416
640027
673793
566084
421811
803483
498464
361705
362797
850437
629719
451156
481097
712293
922318
603124
292146
989542
299322
479674
435145
566927
231699
282226
232970
447198
500694
735733
744427
788818
940158
801843
342813
613952
281894
664624
417436
680358
926329
680233
444762
470016
131391
825860
182310
867675
342951
288422
771185
542273
668097
206331
923166
713762
302523
156137
160961
617183
705837
805388
319968
645996
521198
562781
259950
703092
141373
577386
297418
881668
171587
642180
351685
116944
468041
433996
884619
624958
622418
655805
167232
204482
676102
904364
818245
792591
874468
879206
323741
580306
598562
543710
226303
933726
106492
300219
636820
147865
691572
834238
929534
763159
476419
281220
780103
758427
529182
578689
297352
151602
148462
364585
256084
638530
182916
888295
431123
957384
681469
568830
537691
193998
112541
577961
127725
932999
778180
578511
980864
383719
326716
824365
146879
617102
919552
740948
375530
448735
233605
572882
414303
196033
751433
484354
734563
834350
372650
979652
791735
954119
548484
243394
148118
474991
721355
989809
407991
413502
568321
302823
697222
795038
127189
658067
412141
860707
312983
687671
309444
360554
174520
623747
456587
739920
108102
191151
488237
294719
984770
193939
248839
533255
337333
210924
822212
872654
200734
230205
286158
669055
433028
797346
464094
374183
369380
690201
234892
582363
291839
358302
842917
366360
796015
213471
920246
804118
218589
408484
998837
203360
502423
161643
550581
653723
186533
372794
526378
287267
416965
626502
770289
663959
337815
148350
852109
607196
738552
987001
103526
930391
259270
760410
210718
955285
787847
944930
673370
906436
267381
586174
109797
669805
647818
474344
237495
648317
747139
577839
749551
978070
118309
519841
642031
356124
482157
494141
777286
134676
395109
694779
879034
554379
369156
903718
423631
157004
848650
997002
963441
116032
583177
887204
599803
144962
361550
737298
607246
922655
229105
356798
900726
247414
690605
542758
417504
172763
936899
108758
207440
245975
703537
900440
614320
886659
804159
937952
857629
652810
934955
821071
582809
432099
622243
182613
391028
883793
733878
898274
806449
776949
255073
621142
924363
845678
163902
255834
832407
914767
264592
853813
160744
782095
754254
675064
668755
558415
526983
526386
125192
375905
261424
608001
708005
783667
604581
912999
581427
252426
811274
301843
929375
880313
822986
767705
639958
800854
923539
472366
715622
188133
326181
690332
870228
980435
279364
452951
452817
706347
793303
478010
982253
954727
899977
604225
652362
504559
517225
147756
570951
242466
263566
414293
122780
986552
181999
576704
787407
105540
949070
416996
107639
275252
921295
791833
169655
200660
244785
522472
807007
938088
900482
703227
806783
800461
307453
373112
218987
638644
420868
603905
695076
584434
918198
631822
484953
100199
208527
186327
919704
157599
417290
927343
246817
338586
633143
316472
439246
777929
738945
160220
629984
553394
763448
350734
267822
884867
623846
300776
437479
858681
804681
132556
357082
636846
664379
742036
551011
686872
742329
470716
744471
973585
312026
891289
312172
759136
121728
565384
537066
674639
625605
981016
142001
303020
331752
309823
101854
855598
424565
439333
628246
143213
385856
885329
680060
864201
541332
145038
551074
197628
429721
209513
171215
555713
914768
383387
314850
936496
848772
751916
525103
388344
646900
567104
591364
878652
690893
593218
648217
929425
846518
276465
972638
146341
975760
566665
910542
517093
611704
461617
528687
941425
485096
599902
497139
399865
883290
711990
250329
646029
377873
675432
848339
838739
156503
439704
717392
747396
846888
279577
676822
607373
370008
563428
653714
345769
130094
564257
676828
555764
839841
205516
497190
238904
705419
808296
538770
502676
434253
689099
962671
712126
278498
811011
550867
248967
164682
182226
896363
911570
361803
487153
432911
631811
864547
986625
791546
894641
464850
468375
450407
218658
573892
761563
357562
193278
569860
796332
509920
818079
399398
472592
444173
491862
197570
809006
640829
262252
891232
451160
987788
167003
752279
420700
612780
616827
321293
404328
511469
686143
686669
775842
804801
174528
451373
976329
267806
835199
772663
677726
653280
986027
964284
997453
477891
975820
806460
932686
238073
611659
383847
139829
592628
