136127
460529
205410
652954
595788
423704
978390
195898
110374
668199
900699
184903
933538
877030
352709
768739
563660
844402
335986
463654
722653
247406
755511
698475
867832
688199
750514
479492
886012
790343
972121
922140
164840
991497
489061
660628
415202
381418
756527
425576
863584
571193
424445
797123
362190
591121
479829
825850
349490
715815
203472
972143
777187
858983
584585
645020
547183
335101
124514
433197
939410
910601
269304
104251
902099
572331
664880
317302
853750
335374
556844
631301
806567
881290
428425
982724
472412
722221
722541
721902
438037
826013
608012
215226
684998
192599
760246
146148
341666
698726
393311
281077
609328
562615
199295
425394
948913
678141
556662
716630
913515
113508
347932
634049
808764
676357
616774
195143
312545
253283
817045
650583
979296
339024
679775
578261
345589
353988
624410
587255
866681
917721
682299
389976
394304
695560
715371
257184
373702
272034
873814
287218
199508
221747
735233
822238
712070
265975
917381
924616
419258
648393
489166
312521
887418
982907
790783
146974
336896
329160
548196
117544
246882
230496
407521
455152
826056
122893
612336
113725
208893
400117
214909
308402
521864
850142
944606
233936
930083
861989
972518
349342
510383
461685
561864
311768
444593
266614
358743
595455
495774
720905
613000
556622
765367
920521
911775
505390
857380
438078
519115
966273
738196
634024
188642
174027
484167
133250
221929
414252
809205
194448
577560
233555
470099
953390
445324
728658
220005
618033
324115
529745
338939
751081
986368
104307
585569
812110
509697
442950
250189
842778
323190
802351
476803
411833
790345
774936
359049
912274
103155
168255
106724
580716
301810
390789
448073
561100
119449
568079
993099
257530
997824
246005
908611
898159
164278
494181
710270
573975
751097
774426
330720
974287
490744
707523
300087
281090
482461
473102
193366
399582
541357
114056
880298
657134
404845
242339
218235
424294
710418
125302
581824
622209
271307
404402
520370
335586
798583
144607
723527
463647
819033
954248
437936
309779
661772
551989
490869
958199
925092
498201
357783
466450
512257
152048
937550
817103
294387
969752
155364
818771
995054
637189
354948
266362
941591
775318
501948
654142
733891
139443
117790
552926
993691
369692
676671
569430
821682
981506
441597
660741
479709
699380
941157
805932
665394
878709
623036
859782
848462
678401
592520
843517
229557
847468
923845
985114
536753
339761
639257
270646
379204
571014
637538
286862
840706
314210
756292
576355
209683
197890
237097
503358
711236
178256
309292
290598
956965
832328
150381
719394
424696
642901
476878
468219
404337
400724
453335
841090
554451
992592
111737
833655
477573
563241
934483
318281
691417
604743
708602
801101
702633
845700
304460
327837
837922
513752
518435
708854
260048
482782
428249
498710
939649
805127
866930
343987
119818
320266
185079
488236
226825
110782
235858
604399
574024
170343
736646
265442
675086
445249
880509
291686
204916
184971
519523
942838
512689
851924
651693
586703
248673
893908
899380
188324
613002
766311
432311
632821
900543
431356
935023
127369
356105
170882
545734
830129
241225
282381
909537
816311
627631
790048
921964
732547
788985
355454
589353
301675
207380
241047
702345
270019
134957
601726
358343
647959
368038
604621
194747
182548
935977
129771
209917
292083
200654
655652
936178
255845
751999
845717
886123
293597
635766
808088
926145
338718
977508
429465
540393
184889
570512
156705
268875
519435
658431
527218
981361
840435
131840
176109
836949
881784
119847
946867
987833
134467
516486
924013
290312
182452
683697
990401
376050
233430
798490
216162
472148
776000
545627
826507
774855
116140
797179
943730
449542
455611
384916
430904
210014
416756
420979
946963
212507
440826
807797
200342
475293
238250
938321
579572
320703
535985
569974
596753
583381
368466
712915
955529
958432
258543
696003
647254
188649
493183
504952
452157
762761
789868
783061
786741
120591
204042
733705
233099
544868
455470
247407
834128
593720
999694
413701
728389
449646
883675
325143
933027
166108
852024
802523
938506
924533
412493
585762
927149
805677
990714
379307
482405
694549
162370
269147
715140
180378
816818
762205
539212
272289
823578
373341
679976
737239
687042
408366
186886
484685
547476
933879
550793
399501
736403
403267
324036
148898
889029
165152
768541
793710
444459
164913
488260
420795
334060
117367
501173
150879
779573
940386
237135
517118
313728
817111
254359
814737
139444
341245
213389
586920
275126
578148
886422
825495
881415
124425
788359
770445
189577
556901
478122
448002
621814
866382
768798
769840
797716
269972
734686
577290
124325
871821
908374
252020
602899
162734
880723
642343
403980
994112
143231
493072
572261
929653
318568
453678
868044
920894
138090
871587
477796
430179
319590
913577
210528
988388
597384
908244
172328
332071
399501
110619
117859
307877
262639
534724
370611
143363
991034
588557
951441
134266
981629
523704
877885
214165
791348
745930
135060
743404
617518
426822
173584
751074
254366
284113
653430
665717
106324
725758
811754
405826
650343
743580
527669
812983
278305
798280
770312
183306
300805
721755
217572
196401
159426
995457
310566
850774
655354
259592
508145
186839
500381
495696
837914
568713
679809
491345
234431
600099
131070
860152
905925
681413
603733
347561
408363
696004
145843
178677
779311
346648
800432
896883
357015
773824
806308
567582
624599
375629
641140
946710
462469
955487
442407
214350
438168
936182
605695
572599
536283
550731
346718
356175
232145
850451
603737
454475
546457
563546
533152
325769
724160
247551
136619
981175
921375
756893
462724
459941
132524
917831
320618
494993
873319
663026
523309
311488
599209
129005
698054
949458
493702
944772
305635
625847
795225
723338
894288
255649
286885
427441
481418
825011
488958
432003
806187
324300
188898
268913
598207
221422
186745
818826
530381
874030
481853
953690
999485
895028
896661
697540
844488
390364
556279
964089
830177
351505
601394
724467
421120
788279
965874
716504
613291
454834
148509
333445
679134
237407
416324
277343
272795
417035
996169
703176
291067
391989
570833
204519
200984
467495
802059
945472
757859
358339
823528
502003
523811
424923
226471
844931
127169
192347
475403
554426
461147
523912
787872
954247
661319
118163
231591
834114
435199
141727
451257
540232
347682
922090
644751
448667
303552
360777
308106
961411
619116
945601
377381
956893
370525
417819
715792
311661
510166
191196
766087
785279
615108
467926
739527
190394
486090
785085
838474
735255
826812
289732
189454
988461
125789
734205
437129
329341
908948
559201
204719
442031
504803
482100
398926
689295
799919
928684
900956
224052
933846
667044
909331
548955
948937
562826
553315
348994
347912
391790
898215
988690
495488
987669
977152
435243
635841
328248
664584
544790
787450
769303
886821
292254
165370
199714
881549
779256
128399
782506
903308
962245
363518
726607
425167
226422
289434
878482
389382
451312
184239
287598
440003
493693
189234
417157
828936
725075
645405
493521
269866
346822
176791
970653
539077
156128
170369
334593
835384
112734
931066
652659
974980
208551
379267
314114
334973
482667
192598
624355
833979
190803
725919
187950
498463
815153
505107
327400
540229
964478
634888
624061
311302
625645
594715
664345
681773
579050
812904
517158
591785
743971
169819
480732
852522
363052
694846
101462
659686
701410
539783
493666
792214
265703
495582
204644
894822
900689
346010
349018
779135
880898
873079
904403
420511
381762
482715
102285
774778
295620
433410
366564
939592
503229
747296
706081
680247
442144
621510
339934
957520
161294
647567
663701
240964
143150
768345
135787
857806
114357
298772
550908
809221
985817
455312
229733
367580
838027
232019
956325
133648
565429
322890
887206
882624
884153
507255
476838
240264
128766
716773
197785
190060
278307
761487
244990
321457
529833
194744
993229
458156
393516
544138
267379
379334
813416
397112
560881
651444
529131
517207
599059
908526
654063
400232
791151
538217
807487
267991
592447
750219
798730
604199
840280
977037
365687
899236
212461
709486
993980
119658
167644
301463
477762
248989
580798
291180
546101
141680
756590
889199
472853
355650
797726
126917
569849
502845
479101
291303
584802
971548
941523
383533
575748
695770
274537
755401
595007
300964
378855
502955
320622
360465
704418
698385
509454
285217
803531
955555
240863
560122
844755
613716
729739
556449
554600
299589
959294
933701
404858
544097
819216
346382
741596
308932
942152
830099
964333
451127
131064
343189
854082
265653
603654
558501
778004
927074
657685
581536
882631
798548
141659
641353
326232
685364
197803
780832
798919
157098
628500
203779
515161
361683
450161
256758
570615
306281
986857
448916
657408
931888
606071
511491
197542
123693
883958
789512
950767
541644
371049
833399
254160
326674
388720
480392
826005
486523
175191
624925
457588
617657
728704
872749
879340
992832
943474
363923
299114
930332
712839
770488
776187
318911
195946
873729
342604
979904
577208
293373
435516
762223
940738
589676
902864
329459
884034
728870
629949
959225
353796
987537
490849
896467
860287
370190
889300
803762
548079
188415
648062
260919
772869
424250
393797
868815
211947
636401
848720
689155
743740
198203
451380
598446
687879
354245
741871
571914
983115
371821
445106
250878
359359
835955
147346
133614
120113
936646
751342
568192
939027
399405
643078
711897
637622
936875
494679
749569
487243
257367
438725
144951
355570
704071
643397
943450
872282
299235
515365
769364
571057
860472
920243
744382
610394
881555
691962
630507
818203
443306
112667
671197
656677
655745
297062
294300
592621
691741
857835
979864
849108
210528
938781
118646
814599
582179
962096
686883
781415
391428
370214
266439
165867
290458
824787
676262
172015
430717
220736
804184
774023
233403
389348
344667
703114
586410
538968
295736
278153
310770
189568
941227
421298
128350
959873
235899
524496
835936
736748
219878
227366
106963
300283
207199
211388
125071
783461
197369
369754
818164
815519
957743
951567
204868
302412
654683
691279
655346
764385
783398
866116
767919
638592
287416
796270
512433
337281
234733
348370
974029
354611
389702
894958
554894
496902
920312
493931
280364
931647
677652
912494
747167
635396
864063
852036
837808
432713
457282
407121
111065
154647
273239
778985
693239
374621
489222
205673
611902
623955
368010
499898
792532
657712
394857
261393
154615
229137
569290
248946
160785
246943
161441
721919
782340
925504
573956
620149
272184
845204
927271
197216
813817
114477
876201
507057
389098
279390
526697
901000
803345
794707
400899
509844
452420
609722
671237
507036
652825
240528
655982
713611
387472
717423
435531
169813
556895
823453
603928
643045
582624
445166
740261
396442
459643
530429
717465
748741
709819
244163
563708
427131
852836
778573
836975
219224
302263
508213
540226
855088
562708
196209
482666
850180
727598
732163
919993
198460
555617
437888
655472
952207
783055
309700
348650
242699
654096
880082
805407
363916
938211
369116
605014
791049
961656
441990
824239
263920
764170
364466
119009
326879
374641
501676
991025
916205
233840
824985
928632
603424
262874
584105
555632
945929
707771
718249
102596
361868
512298
808003
625785
450510
991085
144766
155526
952742
400722
879765
216663
164893
158198
149639
305738
432839
465281
210730
349046
599121
935715
191645
116512
198591
675750
486111
958486
383522
204361
961082
559357
530625
683052
999108
881135
588105
143875
850628
454814
444597
644360
485444
423457
702559
535083
543161
949364
900364
653892
212377
413452
589608
304022
429965
602165
793738
816076
474619
991227
834403
349668
550585
365029
932721
549694
160131
434793
507535
910759
789607
852132
469087
275052
189556
985612
624101
632718
934977
524466
286611
961321
751885
690185
265344
181851
206318
873049
811893
580937
864277
646297
830605
328829
825292
677293
778523
885423
112087
200025
710150
801695
866123
179238
890713
955680
978816
514816
502365
827760
853248
602942
789082
605134
293128
868393
686985
399446
741443
498879
794349
605721
959142
624956
748516
784435
302250
441006
669860
314338
541031
293977
929999
407155
287181
820713
362836
265998
249496
765201
993758
102746
368144
696808
521846
475239
565202
208833
688651
306646
521678
483002
726333
394788
107959
474850
179224
224175
815856
663050
352479
270854
770993
282479
578009
958174
917159
754812
138139
980621
433980
945864
983367
616091
642673
505215
991330
207876
528014
593948
328488
863658
976950
868787
258447
898875
257604
251638
123052
887426
728654
289497
158281
499649
471977
550256
371790
303103
305069
323896
283725
639050
269761
181060
169108
726400
500241
160439
748242
928255
654387
976730
705880
545305
759484
778294
444181
917088
843898
381199
804515
572553
484663
776762
886168
856640
327019
171926
973709
532089
395822
257435
985105
565583
252461
154214
291984
652702
128619
940226
494924
596972
830923
200806
142278
590408
793066
400426
421463
636965
595591
225979
123485
980254
902741
823620
750861
143727
895546
724571
489782
291369
795973
474888
670918
862400
443068
776868
515104
385653
717095
910028
796592
461985
924800
838870
866359
631833
153263
287823
268799
562821
413802
206251
457042
230510
929871
207905
274237
825418
746442
664020
116788
456382
952874
687706
318784
309910
464575
647854
509529
995636
471849
306122
371588
310617
958959
237948
842450
112223
425771
111251
489010
653539
217502
846053
784049
961339
867924
958286
786758
614367
536273
717512
884716
403115
405219
117467
613025
683760
665321
122555
593363
951136
328678
864951
261754
287638
916865
104206
213827
342637
929422
516804
896176
960890
362858
680226
922230
230783
552479
708989
659116
902719
426502
457799
305835
645687
475266
732826
243414
954553
755381
650743
905691
898025
429661
981411
999629
346527
985617
127424
589164
829006
544228
399307
789897
807086
893499
626094
851835
359945
249050
510952
262665
489518
868752
382466
949171
257985
115293
106552
212540
684641
657295
932197
582667
986956
913609
582298
247450
813194
523688
650580
642201
967916
949887
346066
775003
757353
786126
540805
117300
935177
865723
193931
338662
648442
476398
287835
806428
405657
294387
832934
990298
765649
765132
572967
752606
592708
969231
814023
405903
492920
464604
862071
460837
414493
122104
149807
171847
808230
504578
103113
657374
370302
197045
810003
918745
487409
997838
639140
793066
206192
472075
783366
871841
151174
356334
538415
643882
239532
352439
863752
546418
717043
639790
821221
945502
661894
784994
931316
384091
289573
934429
855432
559875
945440
665436
392587
432850
577241
931727
225918
683433
403803
909284
469242
368943
179585
821623
912826
233083
174063
690545
679501
705072
330336
500723
564542
806196
285718
495859
104254
475291
344255
859686
849132
289697
439089
241721
622547
830296
173449
748465
513731
391219
571716
796939
660162
565267
618563
486955
698350
606592
177501
377852
311665
321803
692541
776207
941965
878259
186033
946220
267517
430289
719873
116651
619986
972929
172338
156500
803226
159753
718932
230924
450972
290649
927863
925101
755917
460393
412057
454268
966985
403525
646087
192618
539294
338629
782791
395227
130856
868825
341448
298373
213081
875287
228990
647033
848217
301328
703533
651445
275048
422466
782369
539986
527082
624200
465088
196966
984593
691112
465200
865546
908603
111288
958164
361864
263884
740956
657091
294740
523748
898539
493113
636829
687794
536070
283863
536012
651364
801363
101424
826412
137796
697760
366400
564878
321961
731488
575810
306555
336567
941011
172102
245171
866265
944232
507036
130150
685190
164128
324890
122905
876634
631970
659735
564429
168041
757564
914407
719405
472894
829798
545819
510691
527559
812219
889535
749520
457674
465347
870041
694242
320325
856110
753379
186591
800343
260416
130708
399500
238511
269564
422406
929111
801534
896107
407507
869575
567638
321915
588982
940533
151714
948767
451225
493239
674953
254727
242760
132628
534040
926768
640836
754365
696845
394217
754923
497189
468599
699597
710656
521076
869161
947028
450188
670697
757102
757695
540273
324741
979611
943221
179241
945291
891989
444432
352498
566943
599160
409224
513538
133201
335993
154375
701533
932838
362558
456457
343995
645124
970020
868617
166201
839182
815646
516390
509880
486715
188052
864120
625422
981629
807342
704664
926922
613299
963062
193387
180243
562223
502611
507747
509391
738605
562123
124891
585410
738647
395314
743371
383772
365335
611989
363940
204518
341602
694296
614399
728317
782348
478520
267707
763979
199829
786337
604868
713128
749400
698255
707338
225591
200867
215086
634982
753438
591175
659873
338850
329824
955187
982221
527562
320523
508178
705468
339007
749780
399765
853406
392065
182115
245893
559772
760060
345723
346110
364929
958851
995510
877150
666190
135068
978017
781277
584016
645423
372453
157856
798239
516243
927009
694427
943806
161499
202606
563241
400507
852387
863007
253914
244453
859088
399808
618191
619149
559497
864301
798044
518349
773778
675195
998506
808847
567179
693750
306830
212603
966203
364687
910842
396414
291697
605271
254187
353197
707877
717428
653704
474231
580436
721584
532650
439525
935358
150842
872640
494856
829109
670685
827172
516855
345881
825679
239669
813061
433396
446499
839630
399600
711186
664440
696014
902884
269712
850201
170048
791555
481597
723752
179754
962033
445337
612404
315526
294663
577213
188167
689519
320289
672819
430658
651110
832666
256338
790779
559694
589734
151246
399326
803301
762432
963766
413282
579283
147445
177451
649331
839000
559048
287050
832720
435048
546354
359092
650574
741017
836305
652708
344503
970560
325528
675162
621672
158195
745466
412452
617890
249168
463698
831182
952469
140098
794949
279718
533347
756360
271135
996645
509327
644149
283696
342049
979198
644016
601141
543739
385034
351413
196448
543504
321974
335942
218667
843646
394138
864133
170066
825994
113302
447730
657177
879737
487828
366093
973422
835142
122454
244558
831788
531781
788708
929450
687796
681873
573468
288938
225613
772468
540351
236028
315973
762326
471970
434640
519939
680074
298775
590005
420035
226043
937736
891178
105782
339531
171238
893170
174674
107658
137729
906462
453406
740403
835914
141203
336243
409383
330142
375823
181852
684459
511851
311792
446786
797787
646432
866726
391829
759173
370698
625830
885217
308435
430976
804965
547967
502214
698136
622641
509873
649831
443071
863279
390236
278986
904482
540445
502335
148591
816268
498153
733051
242086
709945
993803
853840
270345
774496
159636
929518
145196
685466
728702
353631
116443
533668
715564
432624
145771
252173
842497
695603
595244
619743
899805
774230
438192
440251
190532
486784
170487
588685
133802
312573
212598
127606
166414
382943
716069
226050
312462
761265
725483
855131
928862
655892
388800
558394
988516
348538
710567
831014
944141
305812
364724
757913
894008
702917
112131
898506
103668
182618
401158
137470
309158
513756
979041
375572
796699
609077
415589
923128
370343
955038
778260
213173
610931
981026
671567
599449
329565
296101
344430
187673
415879
609155
845586
223854
312073
857718
122361
315741
854302
423519
267177
163461
837276
160185
353000
547942
669263
668589
385037
853572
537594
977263
880711
148526
872257
466245
647975
201823
662346
892406
203463
892191
415528
949049
116046
627601
720734
952372
757308
575038
375893
838451
638499
127136
812602
891499
489044
481866
474055
688048
249406
911649
665312
944083
874142
537570
410330
436084
553360
886642
328491
656823
778835
557985
519839
708847
185587
154541
661221
756861
543545
851080
509279
996010
792182
321883
887511
281227
617715
275533
783241
767121
101150
448555
711206
875292
800091
935502
311377
353452
822145
453835
824241
514947
911820
344082
137762
911374
312589
698983
582202
756134
464030
991482
752145
256213
313366
553623
351406
745047
729157
134649
426136
644273
397170
137343
433532
197262
886811
558875
364681
622923
826676
188923
137872
652464
346971
175634
477805
559560
688583
960007
229661
152614
865456
881807
222793
178823
435431
474199
823871
978554
422814
250008
536794
719984
201317
870326
731213
902094
343169
995894
525018
169846
184818
476856
722310
345756
552490
200116
805316
155040
974090
934978
121620
839547
730752
244413
832337
980149
532579
570175
958705
769359
634149
495500
489345
735466
279794
220559
551527
522963
216454
976545
506775
215238
453403
143053
460994
819859
243169
180278
788866
131226
929222
810486
870774
659975
868866
703112
640125
401446
187254
512797
984771
721403
822264
474117
456870
916024
508642
822363
438988
539062
798909
759729
568267
166279
802782
929261
800105
859918
923505
588972
891144
852728
313425
675885
426670
182292
292964
880762
397704
380218
393560
382477
101622
129791
670560
372458
945815
179204
194822
298770
532232
893732
958500
100500
873977
761283
843728
674083
535168
767234
177022
426314
533930
390448
916165
774566
386706
209131
655329
598377
489349
862856
794820
490972
892647
465381
763430
752430
458551
772219
951200
890784
579918
823667
805250
453896
498918
648979
941946
934086
330181
932934
274367
764111
323383
190534
538678
524056
299665
107975
936399
602980
784797
731220
907918
677445
196602
585316
343842
555154
357536
295044
359905
837454
932677
165156
205317
431596
628102
147264
365684
858283
980199
540051
622395
217549
544551
975039
555571
658182
896980
491971
261164
681778
223192
169083
273191
233761
568365
517033
602881
825901
626043
862786
577322
558722
841908
682640
890318
470011
643870
169969
328295
624070
610021
764656
655586
968538
739697
211158
626722
636678
517096
787886
318458
640288
770935
405615
774049
339302
822648
376931
979169
448693
153684
470459
821381
895593
153100
711700
279571
610936
781670
507867
148974
305658
272524
704560
274197
826187
729684
800919
376833
246781
502772
509257
701036
273709
814872
475086
426977
551487
665984
320113
900180
633634
690572
635528
529228
657638
347230
622766
182542
942866
130634
231516
248525
217124
750042
336688
857278
479727
137609
234112
540475
454347
557335
241512
542022
372208
530564
782965
823695
110515
103080
637843
644150
607618
273372
987344
179224
434568
610111
261766
377435
554711
307248
439926
585802
957290
676615
443081
437018
628190
491159
791459
982537
948494
846937
524561
320703
377503
307527
958364
301984
224573
596208
846134
646158
683547
747446
725382
118116
357558
801114
309518
812270
108363
649444
398073
965653
240026
655120
316638
768216
146280
922064
664721
994774
769002
103249
229444
960471
224742
187809
262457
349316
597984
922557
809440
281532
670004
448789
299648
841529
249904
509166
567766
172233
972577
779805
951852
212604
434926
268491
880821
481206
104522
459509
389947
773525
462758
433357
733997
587500
521166
810420
750782
119151
732979
474189
300683
316950
822978
414298
158480
972882
823464
626246
959081
796042
406052
910934
822613
740978
993392
703435
136151
997914
976910
340064
771440
439669
673421
419405
841135
194589
229826
505885
127706
862805
880074
242356
179757
617020
556654
152203
589903
294085
678450
462952
904094
984502
373887
726708
639448
367280
344110
675599
365196
234987
829630
950602
574656
503052
370008
329758
511607
499835
649609
453280
276607
443651
595636
270330
960671
966256
322534
464541
260342
900984
827493
978402
885487
201382
619077
438902
382628
777153
114503
647824
912140
758099
512394
400763
175118
782402
630522
586726
282238
194098
940006
372812
451715
449609
543142
412387
415866
765676
690895
490174
666661
432355
468578
466116
447703
901621
805018
730332
678776
733487
292123
590917
491587
704517
891681
566706
486921
436170
967398
583125
444234
821371
855937
795950
270981
313047
122304
500813
978723
713199
890987
645386
959521
273532
925468
407225
989120
644453
951523
667897
377942
243648
172781
683495
762131
964462
164168
163019
314599
131567
560111
658834
852938
416049
368751
937885
629096
391055
438699
521787
918221
243654
981139
877743
331152
906608
198935
320273
551062
150460
888170
742970
294108
960952
426467
870205
839381
490635
933225
153982
436169
493337
626782
203074
723352
895533
140961
266416
200555
393626
688203
118777
451246
669343
810486
682399
489918
909422
816638
940980
873848
618776
597918
981922
493695
924385
852128
333077
328987
785354
301025
665156
192658
741773
768231
816011
551273
723158
982427
651829
930750
670631
584572
381998
253941
309026
878363
643859
132415
608968
498806
906263
227745
996724
888186
621440
835076
740315
768484
164065
439637
883475
729221
532295
625250
411419
262273
176524
948543
244701
642319
879295
729298
140859
175260
797205
349885
867589
441065
382300
476558
753838
288564
604304
750563
990716
139711
499607
644998
808195
563672
984635
691672
292894
430898
230889
518280
593171
221379
466824
651839
763699
346120
381138
718524
335346
992310
968409
202936
347342
350710
579495
101181
453240
997765
665711
357923
137477
165319
902921
759639
628991
801524
365278
735851
232423
496167
168098
639560
531512
534923
291400
209178
695009
486505
827702
930356
478816
796112
133293
726158
960788
526754
641306
327995
438486
307018
585918
475964
286303
402807
149570
729260
204332
414848
465112
250721
724981
447177
790281
256494
882100
895648
365673
491076
382154
193376
421433
674936
803455
368693
401095
764244
709413
942401
906206
147901
163386
406091
437831
349689
708898
487401
978949
727196
802249
358029
791883
527231
705206
582166
683725
501273
391781
863364
892349
673935
956741
313784
262838
674163
496443
563933
352374
205857
420302
258581
167724
397654
564673
505555
647344
187538
892956
626294
814735
609172
798289
606619
136404
503496
102752
634096
904769
394533
411427
797120
882434
368169
924870
959238
856298
335280
523173
208674
441137
757441
367255
422828
155096
745894
828383
616406
833433
635307
156668
648169
244480
854957
168755
194851
272421
985473
642913
177191
293973
954340
788277
990374
236477
627114
949613
992775
862394
386753
201450
217499
144195
382672
540327
113258
128567
282677
629664
862000
817984
686332
424136
876431
455257
406858
971282
627678
392332
528162
618835
586305
482503
407114
576680
618980
848194
526295
525723
710590
813048
627173
742055
771210
909845
282383
698434
852379
379026
328099
714380
197012
828398
138518
887409
283656
445376
858692
811334
651674
300821
430170
237980
683324
651250
628627
216272
499446
968888
641995
124003
695903
183135
766058
467114
906947
862407
165549
759327
155400
307615
387674
166378
949979
426192
953787
233636
685534
726446
858936
337209
927267
289107
389156
610593
754324
917783
640831
167737
886672
196793
191740
582576
193894
771764
863657
100842
548138
843172
674135
517504
964753
961810
583883
914733
301969
537671
148370
801470
264119
907306
952645
191387
110381
341802
615946
678671
173552
256778
746408
874190
267537
752114
370734
361432
437845
148358
362274
799949
891530
850376
317454
770251
812187
801337
684985
928122
339010
647322
729593
503129
468595
682240
508482
392942
838008
124430
971613
825527
195174
718022
699718
362712
384103
970452
538110
721948
118811
714350
521898
824308
564727
653319
594560
290881
454657
193512
219005
607633
740834
762564
924728
209431
358771
433212
502373
110747
371608
387954
836274
380748
105977
535993
557426
304047
420413
995536
925995
353190
709888
361861
991464
274616
915180
499991
379464
283804
593504
412435
791438
248305
988965
630133
271702
347738
877311
588042
272451
248920
875996
108726
529669
795939
458685
901061
999986
693064
896599
839949
860221
606488
115777
851686
695070
930957
265645
888500
128728
673115
300936
734132
821420
289903
364267
907089
451607
241579
409098
624058
304466
285095
632784
648101
895000
905435
549163
808954
598501
445763
648904
458723
866217
664681
224376
475255
509605
303987
363756
452299
877102
564693
186433
612490
668562
364666
519580
120170
420211
742644
644228
538643
841705
190979
186745
736706
996414
549875
459627
594916
895638
922497
867605
675823
501145
905948
151079
824716
209936
414835
277017
987039
879528
277416
513496
548091
456048
933076
482227
776259
589687
126456
228870
431393
131401
315615
168100
127817
765490
441694
536699
575096
364192
318272
250920
765338
224221
215965
590055
334157
530800
681038
235163
324296
858454
648659
686353
314503
495702
168582
904729
985389
109004
133600
416783
140406
263181
398850
982188
842638
654510
518888
417735
918702
737160
482621
598007
775347
598586
188064
923471
943352
769102
972600
267649
541524
621261
767969
669993
930929
836551
574723
830286
759521
522289
161036
799927
685471
373852
696082
442076
928362
214972
759811
847066
766098
156399
359040
455413
568951
447104
378885
512304
130174
351486
593920
485664
786713
361890
155658
631610
112408
544348
461897
685895
880603
522933
399790
480041
796786
995872
822117
639115
124811
495895
400148
790910
552294
659189
160290
121246
920259
439175
447517
864399
604627
855403
350064
305308
131260
405723
836918
957633
764037
298816
643529
644641
721749
943319
124684
432502
939193
846801
971618
964004
342698
371767
668881
708958
844922
729171
644171
765183
982312
905654
629583
500907
761058
879648
706215
792318
199338
543134
663918
863375
741950
307448
421983
377666
250769
446667
624135
103929
207436
509720
881899
364100
695453
464748
887024
540377
107886
531196
305561
990199
436851
835144
491107
111876
628759
111289
718160
728097
554423
382079
505439
210340
589528
827423
401972
654263
188057
840073
572158
209459
349794
368024
473559
945248
732772
360585
485626
740659
705747
605153
644825
956565
440298
135933
968441
883024
961187
686603
611122
515611
882648
930528
539917
386143
757952
755855
854372
759975
595930
426531
869435
845724
608522
256961
704939
341295
517546
104532
981954
223295
609685
540746
179861
863950
576679
962268
746975
451833
562838
358098
867444
445488
202593
321328
645597
860545
977184
499971
534488
573115
740468
403924
332806
348991
560885
937746
504253
892398
942278
400174
929659
551965
840921
109521
415916
331567
885755
976857
683401
448595
334956
464812
708049
351516
686141
353647
212062
663326
667584
646550
150408
322020
864440
383214
571011
425327
234927
975264
231692
177207
375440
161352
543138
216362
984838
773020
447929
870594
749878
945296
319190
898800
410110
841205
250317
996251
108820
276346
573544
676404
736862
623952
898424
601304
821132
383403
840597
956060
272634
972289
947233
548074
947607
490372
578402
932446
263393
840298
803041
827237
785595
936198
726038
109672
777404
790322
105924
700190
966668
579468
376596
703531
117387
188987
218802
838520
386356
873365
708547
558991
759621
655781
921031
707229
146154
413401
639676
223513
253700
356685
950750
853261
292884
590755
776900
884254
295044
782824
584446
261713
276260
775008
779211
207613
777961
811979
860099
164319
599312
568647
623310
358934
224429
458308
880130
184549
771709
519807
222028
839375
690458
986744
606604
883342
577501
383505
681564
772545
980295
179977
848225
256556
768951
541403
278136
546913
267349
138236
525198
766661
606884
962474
939562
645279
420784
819693
643795
192494
253467
765823
931870
843926
752569
538475
641235
330071
735946
322800
916582
716242
316743
678774
786765
985694
134144
964901
532609
301494
103138
871773
968155
523988
834249
907718
983234
255034
641378
627030
261494
794846
392854
193365
638773
145424
545806
280009
289461
195719
416776
120011
811962
633519
698785
598728
619215
646896
563630
965790
848390
566768
837564
730512
904723
585780
552198
887958
740814
193577
514989
902309
888423
807843
909640
441163
767234
369414
535139
956695
465133
851915
976706
191062
399401
589459
689790
918616
236356
253421
798373
898712
634156
549905
629225
452846
135686
995389
340805
690467
188968
755794
592777
891357
477604
416384
246488
244839
599764
681627
115502
878864
447509
992208
969926
746910
581668
659718
579494
631990
727105
291834
530703
275228
741739
973895
628074
691392
969285
868879
381860
972219
538640
788603
777544
830211
204988
837998
889016
618719
519626
904518
497584
781101
896728
467511
441978
392363
127230
835438
838320
668302
127274
282990
843530
682979
256886
471606
374372
140139
254452
656232
926324
607059
444836
617835
351237
463791
455834
240254
982510
789426
144774
480095
570528
855468
847606
912507
161798
788803
747946
900118
457106
689186
183110
300637
372167
253962
586209
646539
294101
654628
302773
134393
261688
561575
652228
512925
925366
108064
653179
907877
797490
611919
301939
281986
467388
963512
108460
529187
752316
670372
343272
123389
359560
426382
237992
631727
494311
638168
192233
688412
292797
308972
722805
454485
770548
289001
781376
695915
297065
348522
517760
908521
860442
633665
190508
241797
597178
198968
584950
263461
769341
828223
286850
942867
168572
338809
488561
562883
876977
580794
165263
169775
789767
702034
438226
474282
891035
133569
984163
102067
382091
415890
910589
242534
949556
915063
298298
546735
114033
783248
624163
697340
525438
724979
640208
507977
963788
128770
970860
754732
523530
950089
824507
227264
566091
176700
601546
371093
210269
499677
373161
492361
815567
197717
548861
765124
112781
747159
225827
940779
444375
749990
552086
869813
474970
192295
377791
438760
135031
262619
193493
472528
126675
831967
599792
506732
908667
115306
777826
932903
514983
964953
425265
330551
976636
788092
995676
989417
449219
221504
844164
793594
871494
396251
577374
260431
402513
769132
599191
437544
845717
606651
810072
872392
352585
323832
379126
175219
339138
970918
108123
754121
935872
347354
898638
912509
135448
894315
815893
484667
929785
574024
192228
715246
870276
669602
875678
272790
352701
388836
524300
198419
809453
248340
884778
162039
386138
177871
237259
625276
148790
245382
293364
898628
492737
192003
725104
442151
900285
454964
740784
744037
928989
833012
459285
799266
416581
248930
886022
669283
451732
324289
681668
261187
386595
566447
237192
672733
558284
374451
211976
521040
433800
405340
419669
740503
411310
144774
996620
311596
413705
737405
955633
342695
570418
328885
955927
886999
477815
755916
470249
829548
980205
965884
904701
280768
446298
141894
853501
904583
416346
965478
425624
664112
284785
659260
318582
596095
618000
315203
807691
931705
952608
677292
274401
523027
906177
144295
323993
297960
800211
608209
127509
694384
488060
932210
875152
834358
888070
642620
738942
304417
522065
978533
782495
706851
637794
101078
302947
255795
230247
924605
101468
182856
515864
275869
519849
336008
234131
657809
533968
934342
179985
475443
542693
568045
321620
417846
402404
209692
874433
955313
328075
396499
933847
110572
103351
485608
925615
220265
641403
155864
144871
556837
152686
474701
646673
572536
710709
780804
230346
244679
715147
224297
534088
257842
692342
755709
489654
994746
779367
364088
950060
107443
574554
797874
931980
577905
283483
771563
612136
738853
827427
657007
295691
880113
945674
842364
366616
656385
623169
410928
715030
252284
535225
249119
324092
227568
818794
627712
136282
598162
805767
900308
605606
380322
698184
451553
772193
795633
223117
384331
534487
864510
855304
644145
658591
800980
486510
925207
457366
923646
336137
172397
989896
685328
235482
313989
726863
954277
841701
677111
552440
561435
577420
972012
841757
189571
423567
613952
885205
460650
898283
333659
325162
753588
877804
883753
554569
278282
722927
825901
115895
873030
812264
105792
558360
947747
233747
285224
902025
889414
776301
368432
450851
353722
340446
292609
357260
577979
720527
242466
852595
618811
390091
177758
286367
267897
875477
654902
360145
598406
480805
376040
471437
293070
381832
843763
154784
429545
942953
956809
318960
719255
325243
669811
972978
479655
862421
330239
871600
582949
386671
724196
115728
676762
801955
216061
758625
591399
770963
118771
103772
165735
308777
475210
272772
504575
232940
327556
834120
175895
198333
153082
795150
423576
636859
682095
717197
499281
826300
588798
896197
212972
312995
825891
703701
928916
941952
376293
520317
626882
309031
438055
606584
517808
813265
779356
922384
946206
920878
670471
936067
119212
637519
731218
356754
274380
327281
973951
673661
153582
562750
483825
180521
689712
223683
698188
618629
979601
974481
952912
606485
283513
390969
213070
615288
118201
806392
451639
878373
727271
122111
814441
746484
659631
545661
103239
834011
686908
977191
421639
740490
453908
719431
821011
143621
843114
519200
662251
736683
407649
529130
343169
591162
734065
370205
206451
752267
990563
558090
630641
717835
494168
445084
378286
153800
804711
381526
801777
405586
272684
223417
146077
626592
842848
781055
584180
599930
300256
160398
336614
521871
589528
493749
113035
323595
677920
133452
889828
668484
505509
520470
300286
899677
779520
578573
867443
498198
774065
669221
803784
946749
792638
763828
487308
549454
544884
971488
963350
659106
945852
213931
180979
535382
521646
107980
672943
113533
141432
562772
595983
546941
897208
796269
446619
590696
374843
314063
902860
148909
797250
706646
909624
503856
384441
396934
953310
829325
282389
830627
488432
228243
858524
483377
577591
380171
491357
164501
307670
532790
627273
803653
893697
438448
599923
254284
929144
788733
382313
745972
751608
179565
452619
661234
583421
737060
872134
450698
480352
154524
195292
782750
196733
953816
266129
588290
247954
657486
652791
455624
104243
194031
173244
897941
446446
673167
966191
375591
375867
348505
935529
127477
342036
388149
688711
825457
939175
560846
190122
333494
529336
285414
116246
540036
239231
282375
128327
301151
753827
595085
570741
672037
689116
643985
483945
135563
317154
450137
325121
506987
698642
260651
534464
940679
462767
137142
680103
315909
511954
770226
549404
941291
869606
565650
395294
108839
661991
337587
223956
415819
832672
694698
901822
435756
338684
385768
471319
469804
735905
610406
876792
348515
685024
411257
203161
147792
448400
697230
277667
860354
467457
727071
715612
337065
206688
924872
259870
768679
262461
383826
998465
995133
892490
900288
344856
231176
200024
716176
514946
749895
240549
391739
998410
825573
616963
115538
787331
879329
712769
964999
653650
994192
692071
369264
245224
798760
208103
319060
481406
370564
516853
393838
279665
409344
208094
524521
454486
308118
154664
869433
958013
295214
261173
870391
120788
692102
885929
722086
571432
512665
687086
225084
506859
379158
408314
566049
991884
516417
785110
387258
786982
301964
681096
880613
611308
789190
319101
965795
911274
373766
835229
869289
482946
910368
739681
417700
602472
539577
139787
173905
952243
726873
212955
373069
919998
521269
839118
911883
937687
624229
213108
638636
740159
794205
519250
351469
497362
738351
231231
322604
926083
880426
191894
409030
790795
745541
726731
307234
199085
766518
295106
965294
493393
408061
252330
327358
743297
991449
239242
680985
529645
266317
233588
183772
960522
566804
435241
371851
219122
480438
508421
145207
360865
600315
368203
965626
259823
994934
186828
272875
675420
381934
152136
982779
689995
304467
310138
433293
209883
363346
928244
639528
529663
975798
723300
404152
542603
972507
589970
661726
366912
998391
620899
541743
512674
889102
507371
586463
798004
594199
759338
387391
876133
811475
284137
480095
929908
494275
727355
139792
671587
569566
679320
201252
545366
316588
419370
901935
203062
909340
477628
469975
907733
998527
911718
334374
801597
333056
820837
513568
741221
494143
800959
531321
219585
899062
911417
149494
393338
552739
189286
878891
936271
682572
894109
395604
899160
313481
297541
916189
222822
675169
300131
944521
587664
211850
192862
389262
358873
913700
802830
100095
321810
517756
531417
441395
416819
356801
490889
624123
723506
580175
416981
659778
176714
311092
869349
975875
524573
166891
806031
561361
656026
106163
505884
243691
131979
512712
446919
390852
426413
163716
304914
648223
495438
736331
989618
726223
907098
394474
350347
630605
788615
581295
204350
865330
792387
973699
755172
316961
954556
561204
778322
610584
567367
198173
668241
513312
610886
115162
804165
851265
178878
923045
413456
574317
659377
317041
300541
566476
611516
464855
111048
400132
860116
215398
179429
652504
103065
834601
869465
957621
395806
561754
482172
777139
573894
964380
290453
998746
979542
908584
763978
972386
831630
177435
460670
404974
394477
575178
785416
905993
853999
796464
220092
714116
825828
299522
366621
742859
948089
150053
614448
257863
525773
996620
848968
913633
874967
953387
912380
854510
861972
676360
740864
607569
753795
201535
826509
962238
590679
525892
868232
444679
322357
902291
972761
962152
115780
339383
705012
963869
303402
319461
135699
729176
230049
884668
642810
105017
838056
469158
773494
613996
145519
514359
135532
713280
529860
862042
675520
934506
387935
457719
379186
524259
273977
265915
400378
289757
505298
105391
167594
622667
238819
203293
265810
368868
901927
808620
287851
739985
191745
961345
267948
151230
389671
303480
764511
733498
979488
353998
668005
281391
625683
861157
619616
799661
127073
919994
989418
446338
839351
157013
882971
978170
174273
148782
261005
976200
771368
362823
630152
863114
238135
798100
914344
441773
915547
592822
175272
895036
846820
657243
990393
472505
432367
610010
272167
373407
443971
175552
633711
283324
146532
516683
175461
220805
565465
250433
110972
336834
513256
555091
199949
651391
353192
114295
993164
268740
607117
982402
977743
367905
639646
968137
654376
885980
492115
740509
259388
836086
816061
793099
119411
862593
309783
108839
897364
689214
259272
822303
926048
672528
377395
125999
237886
630587
954259
145018
713294
475343
127421
605004
657214
581034
487108
311591
467015
879223
952100
540369
715311
682129
333469
648688
544723
457218
657527
356055
146433
730765
178359
886447
317260
455754
912446
455147
900307
780672
500165
527568
169983
441552
132573
727197
836552
433648
938789
217534
312872
804856
657903
842149
486986
805338
404805
845676
176523
876298
201732
222956
607065
194057
109405
824325
463777
835817
279473
278051
530457
593604
705620
600440
849123
652159
327638
685676
985807
180394
803211
212647
885251
461115
954796
286204
180421
273568
131881
256944
149868
147579
293867
656933
241636
217238
481259
605413
867021
574699
783465
397479
982269
403052
897919
831393
869177
139525
517071
854986
133885
234249
967633
833102
509330
836396
119308
589751
109966
151189
660662
973799
198769
854529
630733
254371
885733
925958
759785
752755
414624
457217
150236
396895
760269
862121
142255
629447
815612
473292
398400
849498
607541
280000
682601
930838
930363
615875
520590
854295
667065
995218
828095
679800
849748
372795
834171
735482
298754
507923
488239
613379
779106
452441
824240
539376
314563
780461
982790
944142
253755
295157
793641
675262
389124
390209
606101
319488
906085
940658
173784
487117
935877
815845
980883
699593
188641
729021
435076
387395
236946
737281
814740
830018
103689
552947
283362
232219
333410
266153
176362
487165
375276
783969
976393
664400
174179
582496
883888
894230
523155
871638
295314
372999
687484
276198
972592
776125
819186
321636
163522
870098
958917
792228
700117
962607
345177
883479
108793
578587
963598
185155
879718
338876
869124
856112
903276
857269
352575
701132
665467
689696
572771
860781
962696
174223
950946
935289
850348
684099
256926
827836
554198
129811
620066
254316
906384
779209
951762
915177
357797
915361
914298
151482
254238
783423
821560
971481
554659
174137
586580
220127
763833
159352
894875
640496
233575
759788
489753
897890
443888
560645
725727
898086
504422
345794
966368
410807
125004
918131
239951
296767
833494
154250
262215
901698
751639
983776
787146
306300
157914
373727
340393
735713
347046
149235
290177
480621
809023
679930
378512
252912
154542
918206
964964
558965
264001
931334
869772
202972
763432
923690
313705
510893
891906
475921
412593
643547
459698
113706
763813
431578
387434
104207
981257
634480
967408
271435
929067
776432
765331
221547
843311
819874
139754
808276
292806
217721
653577
976544
320693
417011
900235
448365
827904
792143
824286
240498
435691
197951
168171
113471
443495
455605
931643
424753
904051
899052
510155
833119
675486
189453
954666
432764
823293
908386
241041
116100
126109
794619
992645
260768
125597
892881
609133
853501
598991
347386
907966
848648
359303
976137
862119
702798
345709
793764
941518
249761
606783
365640
982880
196236
369059
851514
529000
192354
759901
584008
208454
699976
378628
115066
860745
318191
821914
383845
171693
420906
631232
979659
183522
890535
869763
945641
507301
215473
653372
362786
365234
174123
628426
262082
270359
897485
113597
699360
903805
687464
283369
926226
387442
475963
941292
248188
694154
763207
532033
679813
998080
977231
659474
995568
781734
443204
855176
203002
558678
508550
465788
823912
582673
994214
985994
666998
805666
913557
366359
709473
601023
463694
635700
888465
753623
490959
950619
361744
168134
396619
941558
166215
287818
514999
161784
969552
858203
916960
172555
416882
339477
452309
154762
736116
360490
140757
403116
166157
954315
583441
689596
469305
861102
239263
271737
614726
630223
222357
876471
698357
432942
731996
678538
620760
246996
654288
504279
919165
485215
576834
336049
638659
843109
390811
374776
203600
345534
591858
183724
213816
175301
773320
583121
850369
912584
668824
465096
456774
791181
255534
155132
138091
801496
647636
658851
948492
301925
163132
867659
687140
553932
117675
325800
397043
322452
514543
414609
567986
106402
498333
595769
995668
271655
992856
846038
998205
661682
225102
368946
366830
294602
424078
404921
996099
971714
877739
858558
187606
940871
640184
774746
408770
657859
914513
705813
794277
429057
120424
362265
349425
432723
772000
259061
518344
764857
105100
430516
426540
144168
699462
693371
338771
937506
912258
248837
823187
789998
107396
910793
644836
647581
599507
953607
219407
514021
573387
913685
757044
507777
189917
106470
840501
861917
265531
358846
540741
184598
689363
867282
142732
302792
474620
295469
240300
300845
444306
963487
990844
365669
874282
635681
913250
387756
589289
946623
801777
976643
860309
472788
484421
950226
393224
324923
726110
558756
497736
266853
557320
101066
134136
514018
303858
422722
709488
444158
623567
967760
407647
528378
333430
195896
164061
160647
483652
567316
107272
199396
457926
781547
572184
842348
731775
865408
981237
371852
338131
478974
538705
709417
480040
486807
223437
683899
723495
746891
128058
347064
628618
349671
689408
776015
359533
753469
836662
743185
234753
757900
842581
592679
453415
328732
348994
999156
194142
330233
371009
346239
623173
809715
955657
103215
210489
993060
601080
833985
739952
543104
995015
282537
792776
684424
958552
966275
351861
709182
709462
486614
381049
466010
893259
734464
694743
156221
733621
702851
386454
104632
949090
909627
728313
818714
826808
752768
811775
427889
586754
465694
784960
581770
648232
491703
266196
606785
457979
518057
315968
167442
818637
510984
447419
625863
245449
956128
682084
879071
572946
882504
797669
436003
792133
439949
254719
532908
192718
880460
774764
679473
346156
559725
175210
894388
951428
341406
415140
409408
673429
545075
390817
492067
956059
652202
931897
201509
608331
613982
894546
995243
496488
606182
431247
202588
860097
585966
635496
952816
466428
324227
546256
626550
783952
535432
434905
649347
690805
750045
872722
364235
209087
177506
670269
979112
729708
602167
180623
252006
216150
889135
247250
526604
409285
578497
629192
269383
978430
178656
136166
358825
402883
496388
885375
100803
931821
320281
650150
622627
884292
522873
886862
907346
600379
471098
886459
244054
973265
881048
396060
103383
770185
457276
443953
993436
935774
887112
262820
828171
965768
212953
186997
282618
609341
972372
283421
541163
206620
747538
977756
904878
270412
864620
812225
684758
249685
698686
828812
136918
493701
224874
140301
263887
582150
398220
171290
431891
285333
334111
260063
165068
447064
347060
261653
870371
233399
445074
411536
253985
192613
389293
158865
276992
167880
785056
861750
317566
483743
604529
268450
877445
729403
308751
955298
225521
520937
126590
471378
706271
274667
631442
685305
535697
792468
846958
406069
839834
206000
631571
993819
212579
920865
966650
389571
902711
751708
165288
134244
149418
669818
302694
840829
313188
425411
796129
352675
846349
736685
724054
466587
825318
269463
965858
361016
875897
812818
581051
629698
832784
212624
623519
945363
947455
504136
248902
764133
255845
228156
798378
305264
797974
915038
146094
925129
340451
756189
277805
100767
406841
815825
381320
232160
985288
347179
407142
775153
973963
802160
404852
806748
914784
928371
752113
776206
432509
814981
454306
502320
943137
166651
707584
655079
981690
667645
580209
236108
423835
671980
150841
644643
487807
432161
776803
473096
593306
997912
248250
567271
800073
553103
287986
628824
395441
854065
405031
641916
669047
673303
144238
526152
739955
665788
181232
721646
247400
575407
771720
485202
247388
822561
129846
635195
168689
806649
922258
575961
804562
984474
957198
518602
537578
245186
147427
746986
999251
366424
302869
582266
939728
261073
108419
679684
740828
103617
315297
888228
579024
900983
373431
640378
637511
403277
275575
706200
123894
197834
196128
742422
996274
153328
261026
447820
298514
222419
194807
211732
488844
397676
607964
428573
472716
530349
922223
213545
533966
151487
101774
926956
952470
289172
567336
589982
592449
656877
210149
530309
668677
306277
272733
664952
359605
347725
112773
472085
470144
207580
497784
858988
419223
105749
201528
705905
536099
937717
819450
970065
989204
735190
810989
941675
924362
378326
445624
430779
935203
555773
861088
603881
762051
947787
268834
935622
295513
195574
321675
665658
303154
719459
438613
536343
725208
454108
242249
261308
391826
875665
145341
381032
610857
770296
236674
535220
148623
582299
865999
897792
138073
641055
415640
714090
588843
498440
563680
784357
594014
785355
363982
711135
504815
616561
161445
230024
970669
303695
305299
362497
993326
264606
643529
604184
934902
780203
139406
897491
276469
819371
795284
314543
460427
124891
842599
949271
523331
406280
647595
117347
191636
825543
728482
596451
442105
789927
640442
412776
907588
759707
675273
900916
924313
232769
419067
859216
826938
372439
670674
917374
191812
465959
231918
466205
490850
888483
329443
828147
294765
877038
845494
300367
616548
487943
710785
958654
191838
351228
371431
913392
924901
860670
728275
849215
907405
147344
622398
648310
419783
293073
565685
425561
572998
611569
705733
877814
500054
935176
619928
608785
726182
465424
809152
342731
767333
519938
301386
773137
685132
486783
686531
610034
261420
328773
373216
982791
376117
809580
631103
609867
916619
110755
849394
489618
622325
555128
281399
936345
490306
801328
545131
216489
180719
268250
373186
762018
688189
574573
449123
287288
875322
135655
711289
136744
278394
984505
119536
554512
708053
564605
978345
624673
575361
827740
928258
111653
296836
209658
861964
687142
824952
407096
717597
819637
575346
990783
581657
177502
479323
844746
278757
354647
880401
890046
305357
972761
788518
324893
441240
496572
703465
419586
121247
192793
161294
949505
118412
358130
973129
880376
859238
712049
287473
576836
531687
676785
481586
927310
668254
860910
772057
847011
129524
566425
651024
334881
539188
439543
473740
880428
836116
991171
213982
771329
183965
275276
634801
202377
533406
607931
982753
306611
233947
184193
783447
665635
760979
179000
506912
343200
939910
278971
104178
883400
659362
655202
218282
112517
994745
505989
892946
744828
497161
106929
430124
581127
196171
964925
683504
543543
486824
580225
750154
534737
664418
447568
200373
339364
526568
521252
496530
466480
614189
500708
349881
273552
155911
382130
286070
964623
788119
992982
623418
199247
913877
953543
680374
110049
832435
277846
553592
233226
672037
217713
667964
336456
565281
682303
489787
991849
203556
886317
372296
717745
300993
536144
805264
356904
818274
905300
235494
520360
898283
758913
619607
812161
626423
213949
736176
458859
391795
203735
506052
877798
321448
174017
214255
700695
670286
518008
692545
773843
318293
964842
405555
519286
500987
210820
690156
233228
116121
825651
653588
828370
584565
187162
640532
210989
301111
290675
483814
506872
394410
889866
384671
529824
963883
412893
230520
634171
744867
823066
321981
963160
701875
627536
396413
202863
652323
986570
250057
582410
812222
803645
410782
396788
804773
865280
421743
919851
155957
805557
426724
364333
695425
625362
794158
573275
852221
838644
121413
511055
661711
343394
474217
277553
784897
684596
380416
437221
671167
530473
833597
483390
248085
244380
694144
866825
923627
115888
786677
893550
821446
127368
257884
430838
566696
866008
904113
418918
704654
925527
829974
280332
182888
218158
457886
867785
802754
652268
218973
387889
996708
952571
771279
158760
110918
379391
925585
934545
395279
712263
828096
130692
739632
899947
461530
306329
765956
279611
539214
384577
119105
283155
564910
201993
315279
836762
969779
931999
489031
102719
319889
399706
955290
905135
458467
880175
284527
384053
814721
493772
910283
556785
524465
563882
456733
799961
684177
136656
893538
223392
421234
912643
320513
800110
114638
535792
636873
898383
467793
939870
901102
687682
253544
770360
592818
612011
650536
777345
810030
379224
185085
720314
836009
523516
284197
206709
323478
868375
243366
130984
905733
478566
943627
226248
278677
872231
662040
729516
684581
943799
583353
585685
631483
736897
270012
138268
262875
734514
729580
972906
113739
814665
693221
763715
338182
791385
870424
475626
659761
113791
506610
479461
406323
364205
605709
585000
236437
181717
228483
821019
125517
625803
320671
570966
276667
404649
609235
439543
139164
338816
412450
152903
153482
919637
730584
391664
711023
601010
767290
370785
528767
187868
664213
835091
452073
269923
334058
502476
265606
462542
237462
291124
902311
458133
762090
178979
676748
285292
518522
715912
524108
744938
682782
491556
664577
413367
783220
375601
828343
464478
560353
357112
552346
224567
192204
818385
308456
426262
320862
474063
702770
458325
579153
519048
730424
255210
598028
407174
440503
930516
937052
778577
589422
619835
270135
254000
847169
867321
443567
675513
331800
903920
932625
698112
942453
938795
516498
164877
365059
737361
538940
881795
109653
932059
400845
740077
101236
812839
961217
441739
743356
898271
134284
246745
432073
304419
400745
193209
171741
658279
682689
317508
562200
529281
915620
418621
468078
346086
483498
647103
897413
836404
528899
907066
682430
743710
561110
683666
556550
522329
939372
213874
334567
973656
360619
666640
192042
575331
673816
177749
233611
356506
395257
609777
785787
224845
928398
167832
470931
325863
714935
368345
976233
157802
189378
658664
801512
650488
342332
272030
986783
281705
385904
321351
169328
560489
801958
261370
135821
475775
253085
183398
646247
548343
693176
346001
673188
535541
413834
958085
761405
942735
240397
737639
100538
329775
396305
716017
880263
552603
888047
867048
648274
187918
102366
717602
648407
718290
792938
598195
108032
946023
681593
654279
408333
288736
900281
895487
724278
228082
853573
485684
170818
993970
137290
171357
323746
433595
701340
117977
800164
589388
798991
448439
591272
801357
166042
153646
433615
772946
565807
441647
632937
247402
995927
941270
436138
810175
836759
160417
938257
690333
460067
109076
598271
497358
994398
822017
744919
695739
753960
545085
199094
552952
893524
604332
268277
873533
657979
601892
646480
223787
943539
193384
285155
853433
134656
535260
663609
871415
509643
515833
475715
783677
438876
973986
281036
433275
709971
925955
942981
463932
385007
956041
830851
278533
560375
913094
966032
132321
514987
526479
170074
372493
619864
355230
225928
654520
704456
703503
525936
214100
219338
815617
897777
558214
789605
992779
805455
413543
832702
748437
691441
217710
618446
522293
310209
992787
435388
276242
125109
764341
702722
109149
136836
322587
278345
176730
877107
882801
780233
317010
910868
813537
946593
722612
371752
650165
629359
991174
963708
462062
653578
569117
579772
272025
991410
789982
264813
340766
880190
203888
919073
582913
213038
869875
719466
391383
946605
510540
274186
640806
641516
999020
454344
588111
721633
640063
238277
350993
631238
115953
627021
284817
585070
120761
456843
490447
724709
535622
645179
604900
553477
564254
101781
666515
348096
721247
957898
208669
231789
146051
749475
687271
959037
203820
275383
594638
743883
327627
759597
289088
343580
386620
473906
742616
407381
744715
233064
132091
194304
692210
550957
647781
170431
552738
314297
418527
273987
186163
527196
319742
146180
276672
907013
105219
294459
996363
599857
852308
323991
359455
141398
481537
560041
429270
138120
867422
173986
185150
813479
182256
777360
364438
730038
847791
731142
858301
180286
905129
944464
607482
138838
904611
698121
859818
909830
806546
856182
423654
658855
994139
597075
614219
389643
157118
943489
427763
838506
931441
512913
565953
113699
204241
744357
743737
952032
475500
516005
132319
294597
460471
553768
333435
279049
165856
107220
188880
872402
863402
426500
445224
771508
837541
959444
975117
808625
902934
316847
561099
748343
729761
127053
762042
747968
685376
419746
700001
160877
835751
646287
269440
210189
114022
502876
389238
993843
424062
392084
866246
201432
718584
225437
872940
470093
184882
762025
278719
901783
978872
739818
650127
622600
680837
326136
370569
366214
645882
970571
427092
481634
530825
510498
591824
458813
827340
881062
452657
251404
187114
232870
352836
805698
358307
225777
275792
357156
887802
368478
172906
780642
108297
723033
403243
689135
949169
673813
955349
509018
558351
296408
890652
903142
706907
396443
361956
534248
277507
628579
599618
364621
761449
852454
984285
933722
892198
174045
290879
693967
442523
363785
474610
364786
900784
777854
953921
763920
451668
823238
272939
823985
933612
163593
727128
554486
460036
989084
902701
551509
531630
502320
730096
293080
354776
714383
226803
246975
702394
331649
840942
958883
595434
229520
323670
410186
907374
191559
174107
273009
914797
347047
996994
762376
324606
638089
316864
684642
541140
133532
150119
972770
535852
780215
265851
790628
408565
306620
851569
924925
538269
606479
883809
947670
735999
121447
357857
557340
213006
431964
644315
941769
679011
641310
704146
817583
193366
834976
502227
634506
868508
466312
607277
318328
160494
773128
922922
469060
979748
774493
307952
431985
294939
191763
379656
844904
213210
637513
316211
240182
969477
860526
181952
562456
415803
700064
380040
509169
449008
696233
143676
231483
976511
650953
449811
137007
338048
372735
420033
317797
961194
627985
563748
256134
719748
843404
915004
746924
480918
231216
801072
364363
991742
883024
740785
407546
497056
934791
816715
760030
544992
774357
891513
521504
425311
255292
558511
663359
528027
878544
795122
489222
506531
358872
559322
140246
116243
474327
701137
497162
605543
502210
675491
511252
299202
330243
818798
610224
265035
549480
370255
710027
323838
175735
231533
563115
331027
604010
226475
759054
482556
835563
162243
803053
108402
535531
757265
124646
823824
372369
521808
343334
688546
111266
754586
801714
341509
487351
411939
506544
850797
596160
130539
174636
671895
262072
551717
816889
766082
592158
489910
162605
427723
466120
779624
436125
901651
450857
460771
725477
637192
796545
968811
325739
721777
637365
127454
963286
124717
353359
383798
789481
849519
414337
778083
435382
490375
329802
252272
170424
821960
642182
146996
249684
922268
740586
499776
823921
191444
860547
463365
642603
571060
346143
868342
292838
883508
809763
256126
822192
163123
453890
611674
912643
768227
303724
261992
172569
533526
414264
242993
355488
870412
289989
419138
792682
930576
818914
530570
935986
593429
893935
578590
978455
240079
446934
271294
937554
170664
341386
673713
233787
695276
199354
960396
377470
403078
222389
450039
836605
450619
593033
106060
321033
696988
339164
927681
627565
158080
458252
563553
565475
266154
956109
543931
320199
403044
629191
257754
387674
870578
745433
521462
479821
844787
481859
671258
161833
518215
121298
898438
868834
528297
818464
189868
225287
157629
931515
666818
129675
389768
230372
595150
555922
100449
953047
776122
403493
496206
847842
605134
366785
593277
126597
660572
352031
422422
331831
413864
840637
267096
226269
709473
609359
944733
713307
734646
916329
644824
315432
946004
848558
359770
455122
404482
360219
408170
994570
577679
804376
842413
182814
985127
349657
209411
559667
515655
445799
705464
829519
286438
872560
955789
809877
481921
814489
523185
130534
730819
981975
345966
590791
830535
519703
945913
235018
779922
268050
143555
357602
886393
799934
440416
785487
963558
463793
345155
479214
809593
950620
308734
909997
737147
178490
719875
133035
806946
157027
977535
451732
139004
323502
942523
783505
743205
888437
832489
437095
970454
876044
694697
856848
589945
135115
642336
553504
412874
801458
932718
222468
752079
155420
946431
403193
147876
580273
436229
854822
637301
413765
306556
590271
551233
163046
373777
208406
865450
206267
545501
835905
896277
154165
606720
486223
189280
249057
939728
416121
864481
872447
452555
530527
841833
398988
833721
889710
879261
183917
744533
430529
497682
865055
920800
862881
928102
208544
971287
707519
228777
430755
543425
125055
484921
964111
511279
488167
127135
451008
804288
891617
237422
256845
422145
979256
469799
255867
868967
349061
339784
527467
593557
651432
392524
428324
514315
234593
536869
399569
842112
665646
644291
299504
690702
943178
263616
115948
431346
290751
380922
149602
996334
518344
220413
418481
411567
590212
488314
280535
753239
642065
621969
346797
293498
828459
675122
621779
963052
125958
835315
719131
605570
479607
832601
296273
422786
910183
226187
668098
114901
507109
631666
111237
925454
666045
429718
337022
256258
731998
431524
823464
374064
867459
984227
567563
695919
573316
103309
572938
599274
838624
292070
204846
232198
938637
315085
468950
762787
441273
951015
777688
762348
582682
788925
687803
248729
132610
838792
318953
764609
184283
956383
952639
951742
940612
434169
561628
427895
437479
134567
841136
190070
240603
945982
236235
179241
175034
605185
842028
430273
470167
533683
192623
866816
322610
694392
929511
269186
447151
162431
847761
445400
118816
714368
397143
873394
148538
858771
301290
399983
807304
142427
490054
947907
902375
540255
127149
891376
959406
783143
321650
429575
316828
328239
296392
453404
922632
225904
536556
369784
288335
298285
715185
221117
912653
926294
994511
961191
699033
209769
361176
506338
166162
665196
454247
968538
205452
395362
773881
164859
992472
995531
494434
223267
323772
604792
576671
160371
730696
113228
430155
832998
225479
959306
954115
138133
885602
862594
999325
498602
972363
274468
818906
138526
839664
187120
921030
859082
482483
694912
923941
388922
604411
332343
512189
742149
837135
902826
802520
481799
830020
232676
228764
955500
105950
182880
993633
805518
945474
992959
304121
831804
267428
123028
784297
921058
210149
619294
780141
506598
314208
618050
709486
732585
850393
221676
474735
601495
124503
277256
897260
854523
323898
126025
810024
329848
122872
717625
135367
968346
710585
253454
714118
791980
276483
498416
627005
300598
117711
407148
621162
245885
839164
330649
878470
689558
366291
267172
205020
304760
444428
102282
159284
668327
942272
783275
812141
965144
500901
847509
847458
125453
914929
561577
731399
191413
959993
358406
305977
891670
579520
827139
137557
418685
971754
829993
922209
338046
997166
941195
542806
441595
857443
516057
923888
713683
213299
649997
678828
614200
411473
526287
553619
326403
901830
285020
331783
775790
457392
537760
667462
850878
278867
705019
183530
164588
535013
919705
402635
446146
774867
759407
787742
632312
189431
625597
345996
302730
189561
838790
730896
501034
279045
284517
727438
180876
383503
959221
856667
654861
410948
524130
505740
589815
143116
503236
654404
492095
422942
871005
838242
197810
544379
539951
644088
633811
165549
804050
836541
255111
642842
481405
570111
821887
579888
297550
902763
863391
170738
673397
432219
481687
111494
837959
885468
154610
255162
539873
546706
578104
324845
384949
589880
769225
824900
147936
317003
804415
851986
967510
873492
494829
448916
443605
230683
928804
555121
947413
706162
539826
620811
138382
921513
632306
790307
720948
686916
945469
174789
147589
437540
399634
346504
841387
982825
985370
889323
299829
703753
741310
267341
577246
150107
616257
834817
280790
459029
303906
228204
165192
743732
662982
117541
579212
295289
807848
300161
796171
667285
374950
843761
104826
588551
104232
846213
571377
989603
649503
771207
693357
304781
852514
184570
354888
382738
919388
449644
741767
137261
491815
720926
780993
154798
738467
360206
264053
460282
474333
960224
127568
749284
717952
946360
337836
636151
706540
723179
625755
270011
494387
233079
474792
260868
317649
643646
543607
151004
993290
199341
188265
399072
820267
783224
367836
472701
143431
531889
746950
431731
406081
688484
994981
937999
548811
246784
574151
255353
869963
113873
339330
278318
246952
714122
439186
464602
357769
796759
515606
265026
896101
517838
564099
630335
301063
831935
103038
258461
277792
663954
590192
583873
352439
585174
435839
715217
645924
909991
870570
515888
923864
209901
608172
170818
737989
947359
449386
909724
744119
778958
174751
554187
296797
552816
184524
497861
298719
101528
570288
476511
665482
160481
874350
831887
559621
310190
547105
205546
134148
331642
535400
958013
355509
143574
942797
907464
904899
306150
817189
649019
985108
805907
117174
195873
358724
201698
507700
471409
203226
977988
847920
682674
952435
636237
428528
512057
760394
789600
531569
794542
935208
966969
666522
204685
110544
523286
112150
829409
729436
743306
478430
628512
549214
409570
724385
807938
511268
232086
279349
528460
124041
941235
125101
976476
491440
453629
402500
251835
157196
834069
860343
992405
715005
440833
111057
639516
864119
937172
468926
593557
680479
761322
222070
229694
170893
760421
851599
496127
892507
944914
924587
830514
800116
949688
806991
205523
317285
209492
271324
374481
857527
131669
280853
486499
472502
291910
126016
250588
229084
408909
744145
723529
984197
780181
853224
155092
540603
618790
551219
347077
477671
389774
177592
277788
339463
798549
297278
470714
822007
468602
745196
593501
500271
840015
980001
786739
131927
919983
937328
174977
328893
595440
798506
227058
289589
565697
282150
730192
998453
647335
891236
476125
937109
882794
567880
190540
681345
765158
561254
417319
147727
220417
910821
461965
960433
890823
248705
906326
810807
100000
895269
953667
509407
693776
180726
698996
173441
276842
343155
171895
824177
234392
461987
675254
931153
843833
679760
526465
608992
241015
843784
656719
275399
754606
118685
149799
559396
181357
956125
284171
995322
851395
151805
504730
459138
146497
203727
446545
323339
360849
432407
961482
409207
794394
550703
340361
638228
230464
766826
161187
371480
610612
631872
460845
279185
564524
510644
738582
559847
466770
922753
469136
232132
888524
873867
505236
935021
891560
851782
258361
252410
284190
133810
561618
892550
584514
715945
444745
714978
482773
419898
900424
907351
865736
361270
100503
344227
685880
739085
718040
966616
575805
187178
198749
464330
875011
517952
399352
766572
283701
471679
832949
381857
505490
308534
274408
903970
838445
533119
532915
321219
766983
433341
142537
632720
608577
143041
790914
208425
696092
508955
175042
185865
510099
187758
464161
385111
605710
677480
965650
789411
149160
712566
171269
468616
835066
259643
286553
673512
692762
719469
808698
373712
966776
765201
820398
575354
808242
611313
683779
418302
934235
672788
418133
444335
760546
782294
643413
366257
459775
523030
969634
422902
235597
954869
705484
884629
214513
892038
558142
721241
525474
280807
994953
492251
946009
815352
881571
668218
340633
479318
986520
274869
152107
318620
533170
812653
100916
990549
992876
374657
513580
876477
611525
563143
831347
317011
361739
945860
123016
733848
581068
548490
914655
576022
940741
860665
305341
736279
528885
459940
215598
429372
548775
267705
647993
981946
894324
562875
886462
801167
751498
314010
677645
363025
691119
508993
494002
952859
368820
517018
686708
849888
879474
515330
339877
734182
375997
459185
470462
718848
819125
586061
962186
367902
667732
524146
263815
562058
987021
150278
363226
738521
278254
940872
101547
869374
363832
495549
736200
632653
826533
336875
482542
706008
752205
722420
440191
942168
181606
724619
661017
900731
310681
537171
182600
878414
961317
346415
354439
948340
310660
617665
600828
488914
472504
516341
358289
736337
911890
908455
368991
652390
245331
665499
272365
897537
387920
526522
839706
383492
251142
414691
198191
461824
851862
280791
254205
813180
441173
508644
675487
651833
940275
276316
140748
412781
692657
313004
963084
518514
221460
246042
170905
366792
811541
343270
178296
113429
683758
831968
310887
834901
246660
409078
210692
998522
503836
364897
725670
845009
687507
401158
410809
627783
577475
451557
854530
184099
578527
817615
602614
699988
877623
587485
880746
689166
744722
959042
702595
428481
791011
913482
263383
851638
236528
374075
764127
554330
638972
489798
313306
326480
704923
624115
768230
196365
889638
622761
280464
468167
354344
783078
982121
231968
284531
776834
735100
929253
735877
351662
357735
440855
179112
521119
206460
229606
709160
870588
683936
262100
274353
897242
402546
879276
435324
170777
889607
238929
607505
170073
607096
775815
767117
503184
907783
951648
280019
556851
880902
829862
808513
238639
184685
887625
573724
291145
117232
196851
975699
615134
358951
250054
426343
661498
943296
761667
646241
746871
814563
253747
816944
335626
929562
498028
738811
751313
449678
832796
222131
244547
662660
930644
297152
747345
732237
684842
852456
663435
781694
828157
278571
140646
892177
518880
616110
749440
194515
262353
496312
909078
330066
227223
244705
259630
625252
883516
824909
888896
716314
947040
133444
292941
791651
244563
854252
437855
829405
706709
101292
611100
448833
193829
565713
254977
526675
181824
904418
621190
344177
314697
530269
574244
355887
674975
647840
881139
472458
386716
770036
102739
247723
717446
295680
939374
862009
149933
291197
605382
670609
206455
216483
119443
300284
682196
188387
640925
677987
992805
262117
922164
221469
692386
410375
477356
281328
958215
272462
653787
344932
856464
570492
406621
487878
766173
345997
263854
816106
451160
769236
400682
557615
799686
420126
671865
395849
508513
312791
973836
415285
474908
809968
450720
981261
220344
742043
262590
992526
914505
730343
251425
770971
300837
558047
258850
967010
718010
422704
