697083
169171
105908
997766
626786
805594
331859
298652
201444
654338
511443
175282
883589
886352
885250
334310
867614
919560
976353
944170
912087
804826
674515
163514
575798
875352
621561
648614
756329
339572
885284
367379
408743
891192
279112
849495
696787
424937
148148
712198
979275
559591
787480
862865
359910
586697
111143
227525
506258
987496
171697
418347
792323
660178
395827
282088
449497
917388
744668
119793
170927
629954
387172
393636
435113
480251
243132
945867
805188
291280
658066
784465
664837
359513
561297
924748
846210
572440
966239
352469
473904
951902
584782
180194
612081
880609
276249
961578
711964
920917
981371
782891
464838
282511
990493
713918
662762
233626
659786
467951
338872
231819
166383
903710
491332
627681
742425
251509
114088
708665
503978
487992
660569
902727
482153
272651
783337
658402
148197
495303
579320
943534
192161
944159
140012
182656
572044
616740
230248
231831
898658
469121
363650
965041
286798
668948
506689
929223
820457
520778
637889
238402
822736
212425
141130
304890
385077
738434
863292
347240
147704
356580
204741
239865
214706
244754
236487
686750
761494
366736
732547
574119
649823
996197
539162
836621
579112
859817
765845
399570
294562
317701
537972
117300
430127
493069
236156
629170
231504
913415
876410
193174
269996
895117
333039
298668
953837
383493
885418
629299
650229
617966
203419
300053
528130
642581
950640
107243
502400
716486
320779
696962
848153
758751
628228
278281
165787
678351
807451
211257
591767
597828
304431
675729
492947
451437
874397
446785
734930
759816
890050
299126
291749
993470
413145
719879
550018
363786
641088
866384
894238
861867
477314
742392
534585
105543
834640
600373
683894
642092
625596
189628
153888
830028
765357
460801
281466
553721
721552
830362
313538
611604
943454
419253
605075
356600
953098
155094
534352
594187
835445
342557
370021
312760
898915
804607
318303
733556
318947
816164
289616
844543
819758
343504
674572
585117
704305
770004
138839
425858
514333
266344
851428
457788
499563
456504
714388
452663
425565
162707
860816
261011
405264
230839
387737
304181
935446
606040
851703
254394
336171
141320
998937
969896
298790
587477
555014
817061
357482
507819
156887
685782
588129
908315
143571
901659
278787
671926
354323
518318
734633
215140
593295
953864
345979
881032
172012
195392
401039
923715
349786
551177
879002
262691
521074
991758
750168
890054
808821
921616
311840
779674
521365
713936
601956
564937
615596
694709
236864
869919
213028
785463
899025
620289
653294
158972
415288
725306
254364
716328
562989
418117
181472
355958
580808
602546
261683
244943
406567
884470
980525
618407
664145
501892
332344
266103
966829
761906
860812
117660
631826
887807
717089
444819
508097
284351
503791
823386
909657
658155
453681
386613
976272
535153
556537
557081
951665
718221
615990
358233
602692
596517
790606
180805
998409
936917
260874
879205
698824
935652
810831
244618
823460
441887
589437
245525
626238
993228
882877
449863
651384
250525
650442
627658
599644
206981
998705
551310
739168
528663
723509
341861
125181
428082
336632
937556
278966
497506
730728
877791
433160
455526
122410
256621
797413
525813
316112
337619
519042
112956
687482
984392
263481
337925
526017
763125
444906
438690
228402
184075
867353
765877
339903
892534
107927
576535
744057
286893
888008
388752
164685
321169
744278
101061
391756
455658
440840
607869
693277
859882
534791
380760
844276
698273
532652
284260
375365
877558
622950
417734
875600
490304
997577
129470
296805
105505
519971
940862
206365
407980
243581
185016
629149
887859
100044
834872
257485
440884
356708
850762
214734
791499
145490
872976
403739
578142
157237
593071
455701
680188
824771
245268
170493
822349
188704
281265
741821
608676
136094
848186
830622
279676
933202
373739
167536
847212
208612
238987
288098
465320
989750
402832
256820
135241
275809
474526
613383
333046
967597
883050
827200
792369
942285
897694
528685
130990
178960
270507
553632
215054
932659
384256
308696
779829
657995
290199
627042
680573
429186
729106
145894
418937
131939
216680
454178
221714
591206
881527
454761
472770
764579
281962
179106
706865
993622
607792
651821
986548
692265
205455
115570
624926
403677
324266
318722
961672
514465
759730
642246
843652
488838
602106
176556
520777
718786
444701
642492
223960
326229
911219
596730
904774
107148
675837
525606
100772
197596
177429
901286
789861
196850
916856
328754
500527
155090
547476
462200
483521
307208
918412
241140
696046
434485
317697
130790
153272
576364
587248
191198
716559
498468
601895
621335
505617
191699
960907
420355
289295
952302
321642
893122
149153
152466
221878
549680
121522
583320
825846
505043
704494
658225
646184
400541
992710
777847
345298
959949
268178
832546
151148
884737
244982
567009
420039
564565
658708
380948
884920
761969
247217
120529
655093
296371
986960
690937
746051
108483
274258
571899
513527
878753
144091
973677
193261
136803
665491
352525
996752
833669
999038
147901
632373
244021
614911
952413
708586
187586
247328
593507
849556
394545
528002
418616
504882
514964
109554
250935
523447
197778
636800
850940
890497
680891
738584
897725
717694
404076
250251
628413
151712
249290
590281
684086
393311
119159
550466
915863
206745
611760
423337
956301
820271
851340
288884
325155
280271
298438
390056
703718
396217
926856
468626
200681
521714
207211
998406
153376
425254
248659
681789
390932
311915
272071
888984
605227
291230
439451
435057
311942
865177
758395
182210
685450
609736
371095
824571
790007
569533
214628
407692
779716
955450
690284
880398
477165
797496
878805
444507
136717
941430
126298
427649
253347
212335
316635
672540
317532
570052
107598
529474
349197
679959
611684
848613
289696
882779
673185
893669
366280
787813
215329
959962
657230
805613
840361
134396
517076
633134
392870
553793
488531
333134
795409
555844
445469
926010
228385
576967
410029
149950
106442
659226
729909
532093
507840
833572
328839
181026
641208
595119
782805
756537
555083
440036
476118
309411
388399
893194
756511
595235
360955
245044
828369
970330
614854
187805
896341
657206
664773
220337
707156
585181
779564
351032
117275
201371
998570
346115
196364
639780
755200
879169
310284
224250
233173
686402
433662
435538
493564
190174
930773
668485
249184
673109
638816
678005
760914
449124
335212
339654
569461
942368
824836
349026
207367
756077
364364
205939
916158
460728
659685
671360
253864
869969
795610
387037
470339
143239
636541
863903
147380
481281
532389
210530
154391
985171
788535
729272
434296
123748
968926
903757
966116
707729
166751
987450
463808
431115
193390
293933
791843
753075
865293
945707
537011
574871
246712
907350
618110
697219
685220
665490
992467
131576
776021
960824
116748
564557
690097
451044
588306
572991
354803
468389
280721
335520
455840
558495
666635
463196
752429
372445
130238
531689
232119
567250
106561
378831
388567
538638
890017
973788
204129
882485
105365
794116
843310
122114
272641
447375
473158
674913
920366
641927
143303
115054
877447
413110
487516
458049
690272
239946
730494
720511
585601
862614
201728
592163
155412
490295
130802
945429
378050
148897
827915
383416
756980
585193
319496
929621
932568
606620
518501
766901
162515
561804
781955
939962
788880
269472
398013
479154
323384
942473
113632
808986
805088
215360
315116
860501
519621
259884
719897
797672
222747
461780
995054
879727
946973
314551
723315
793508
735137
155783
560410
797652
531554
256332
651582
320435
339771
949595
613555
477121
806035
541153
286108
611125
570479
415190
385593
990101
575074
105491
701740
611788
467271
610761
405482
328211
825312
942764
121720
474416
998547
496096
272070
530102
566395
823652
664504
806166
687214
192026
197254
493250
633180
297329
918341
203660
612519
303935
107728
101561
309427
623434
613349
590664
234196
832797
732842
873474
775562
668528
347892
774111
164626
433928
218180
544987
257581
782684
351154
758761
874711
362374
252012
507892
559703
170355
525518
172224
374290
447213
173785
497683
970647
601100
902314
204845
433898
635157
978319
209462
303686
240178
797539
282278
574106
915719
727265
645653
698405
892385
404415
487083
254761
556428
894975
714464
540749
334460
700654
729005
681673
688405
140656
566288
289506
942970
671133
537371
492094
563419
560799
609746
617564
358339
705991
191671
188025
347223
737325
700396
239610
141741
187480
308337
512135
896421
836767
866850
230883
451389
595857
726522
139795
550479
292811
243268
493450
777910
594605
799510
255297
155405
323223
772861
327710
929214
864532
415735
276439
515824
930098
330015
471532
117579
452318
883667
827967
289086
664485
958850
554441
260343
599339
594237
710822
706117
651471
118239
484028
246077
731715
553291
301482
954938
326153
443158
798120
104653
758893
888525
520477
688992
218541
805975
620538
484825
689644
448506
587877
268096
321323
142320
428439
734628
636557
953227
440746
201995
885432
738741
348072
617148
292033
549554
486053
432153
806678
198140
436806
565572
986665
771249
168532
205207
577226
603036
590032
180837
951542
177911
348933
186832
134197
677372
821460
670754
544566
262208
772749
429999
814915
934787
861113
106949
398308
261133
353068
204987
359274
689874
584525
345940
461125
653057
365114
852317
170060
769112
933154
121603
760989
282088
122401
795186
773426
843862
379907
231959
920036
966622
475924
734952
901410
337038
655867
299719
498171
908936
404706
757445
512777
889232
103387
787868
456256
368501
640186
526317
951579
487307
461886
712570
583361
484288
507757
270754
242117
787665
402713
976119
754288
778637
711072
569666
115676
280906
769385
427814
103809
988058
185260
516587
791257
102613
218422
247514
285080
672575
587797
236661
159883
863650
849231
643245
261905
270955
727965
404022
872586
130680
380142
540842
723283
905180
110509
652926
100053
779894
980740
103863
681919
979966
434416
473177
896546
466804
620692
181627
139380
122456
232254
199264
886106
895451
656475
148012
166408
298407
366000
852960
329087
560108
393803
952371
465289
404312
605298
379309
998173
500005
383172
680093
479972
631554
153272
376519
998358
587930
372113
137740
524352
418333
150970
410460
313786
621411
372438
294160
819818
638439
147121
962872
198548
440925
915244
477804
659203
434509
757113
657377
834514
954251
251438
228453
585806
218676
418939
584165
620572
691052
535871
144925
923351
500807
369351
237138
122219
641790
345264
756004
194196
392386
718877
292744
647277
548088
670548
220447
882597
341628
691791
631078
295880
843229
759531
781686
875871
992436
279819
496444
683489
715690
455335
606842
216499
724687
657946
152684
366478
903211
808688
460674
209564
527566
567384
670807
975654
151900
791254
772218
393528
483046
403297
589409
240242
976795
285062
116114
969232
464881
512558
566689
994538
867894
987497
125004
506548
559410
177688
686992
462622
800343
961632
486152
241876
529017
970925
217532
580917
762181
803716
788412
159194
207015
291788
213403
997776
476850
229517
967009
755698
556042
447665
664203
337903
435163
689207
744451
894574
680861
431444
271163
395171
393077
571282
537048
736060
542208
568546
230945
218356
372263
919357
277551
479278
211146
390954
391021
501962
434437
271998
171627
804445
619663
735830
142349
868793
425038
786800
677334
919866
132211
848497
315038
339254
333746
666052
975315
775955
234599
120227
894311
506863
939584
985828
800107
964696
290749
191130
380625
625187
363128
452253
429633
796757
188084
385949
665551
427089
986715
342886
260922
932893
105351
475960
272148
339097
955979
161430
929018
190579
181657
737297
597442
935207
723126
397551
813870
913876
402647
194497
453030
665775
460716
696629
376499
548800
982578
942051
789855
883261
198904
950777
816155
118221
340705
988303
271285
296685
963700
200304
387264
959323
837601
884707
894532
560729
196225
622369
388572
498872
630832
655568
978613
991548
352198
355113
454316
248744
211131
244172
132006
310036
194951
848161
328257
349622
750431
499542
546307
714132
513813
747537
673457
351415
546211
481956
726110
556402
104326
114683
955274
635159
670251
847854
540674
836416
116935
894990
985160
228066
139164
931132
352068
148081
693260
494292
397703
443692
893834
757976
971791
407648
419480
559215
573030
865692
941171
299141
422095
859463
227791
291337
408589
712008
953157
849264
462391
970092
744255
361518
112126
697385
292651
364194
745466
885911
758486
957135
243571
566288
715112
215363
787902
948559
588544
360933
814252
443682
474041
150314
303146
515798
341651
525702
141773
208776
374967
504165
178869
933188
765683
104961
630575
872301
369156
290008
672179
941608
247145
815750
421863
776223
845079
209767
724783
433624
384666
453002
777306
672673
503317
894419
102438
658934
420122
144212
681676
609055
462343
760546
456210
141993
765507
900751
914294
948629
190761
500441
804205
251872
316192
226069
928095
161273
249802
566846
494897
448435
833814
186171
121109
251098
980590
123548
723999
400713
981725
405676
823734
444069
166223
279945
400028
745697
994663
228290
608293
185425
628731
326465
337297
844923
366501
179359
820162
516303
560171
315061
864738
393987
315198
799814
545085
295789
823362
269085
510468
719054
488728
248169
977089
554951
428114
377118
214615
422778
505408
636875
422169
134140
863340
573432
793030
143808
652792
613193
560112
126930
742220
338817
420917
957418
138632
779969
253208
775960
863020
577642
495015
351749
725811
472105
720667
967892
749224
749248
304637
168599
300090
626807
202740
977397
200240
809736
121206
666998
422930
581318
607895
165152
734102
842778
122571
772734
622748
189746
462662
399736
667388
857677
651485
393201
243750
286119
275060
806940
849334
479697
875539
149425
106505
892245
126823
120712
701982
148030
601676
124914
543314
209572
104032
277417
952351
940568
864118
489066
944280
326781
788802
611670
998424
354255
818837
242175
454340
907863
863081
303675
387561
738622
353101
308033
544834
293890
328745
246818
341920
744387
185698
699201
767926
103696
790584
634244
944264
654703
123311
888546
795450
726080
414183
793876
894301
146987
850017
348642
954850
713100
552318
256378
365689
719385
464411
810523
913275
607122
871307
169163
351511
957005
768364
119438
960701
472915
567648
818933
127620
590959
707480
823070
231006
935629
530913
125308
982616
380932
287917
851433
907998
654201
107812
273688
373587
472224
984211
200829
979346
855520
269992
244824
726492
852322
178228
601161
325239
645876
420095
352859
150803
127576
989895
281809
877171
434776
221084
773754
629674
409001
625188
537673
963202
546966
625327
250756
833156
609539
351585
726470
379026
521578
871294
919485
373901
863489
520647
513106
423332
840742
679931
474135
782284
583794
569911
659456
918570
690995
433211
548245
999996
872365
899884
877165
333298
525212
127922
166456
948717
379507
792926
241711
715051
578187
161197
902919
355643
495810
416026
678976
336553
995958
153112
118838
579753
623023
592260
412290
227985
925471
774501
141948
711803
674386
919113
945101
113565
861001
925523
876248
154476
718450
931925
769527
210605
907088
672447
466248
402899
902440
959190
553418
898399
112304
486222
392119
549293
978482
704409
591245
817920
392877
633193
529724
881229
466274
388793
894794
241242
314317
685009
295718
846734
616936
965246
957339
524025
551660
337554
740891
454101
296746
294310
266467
223016
680533
558586
586275
572982
176962
177521
390904
469839
624681
734594
265035
990955
123388
159830
232198
251672
658806
341883
998406
189709
307130
869712
613734
672756
121233
268592
126859
231945
462903
207292
354961
957402
579845
755203
530385
656807
832724
821289
940613
457406
469851
205649
362328
493239
179446
408493
558877
652218
650376
557284
741927
771472
426997
269628
444229
362197
438221
385054
494142
715090
492347
749104
672493
972192
418274
116845
542966
250999
752101
483580
522372
221953
503196
698666
529158
496608
921125
988036
148827
571502
545321
790754
256941
786285
960382
601171
148483
312570
886225
542625
927660
378573
205696
514120
264732
523970
530966
707699
588936
283068
191280
925274
405021
508442
537907
748145
905050
459034
736182
953877
844502
195471
658598
101445
881756
618982
602616
844205
831552
402808
300797
673180
595348
320460
187301
760080
658396
618267
467780
247333
715301
473027
986573
120323
881469
524482
682435
786521
883516
418618
654365
728019
514089
312965
643430
309812
745913
246047
154018
491432
548856
268782
164613
144205
489242
251915
804285
147639
684148
186033
208939
399451
559060
195513
333740
440530
533961
916175
141018
417478
334795
609350
959464
662850
822315
602895
872663
482195
662909
840647
873627
125732
109430
938241
983902
412638
104123
702154
460278
688271
788187
569217
987722
347248
578696
321464
601745
112659
237640
556729
344103
386401
166080
217534
949252
802361
634396
735882
284557
297306
490496
158186
237004
499927
910393
220907
726531
914516
823061
186810
602788
525216
569993
504478
686430
962656
725942
288176
975315
777548
744906
233385
977916
724952
350920
841135
527315
885316
490984
711872
996588
881480
684024
233593
381408
594418
354500
107941
422901
991527
108717
925690
516744
492677
430169
117142
455334
970077
305318
344616
661592
864190
478001
639509
589144
728921
394611
930425
614238
785595
642298
610827
667077
240290
744420
862451
734708
912886
870392
971576
818381
793076
897267
249092
285754
241403
266234
555054
125447
385519
799670
687039
249710
277672
240516
652820
906594
535127
583246
434799
320724
139512
945627
887801
279802
604014
750253
828476
516902
534613
800053
335284
241656
611287
484376
341376
752690
564577
796430
692103
850096
596101
379144
913772
773773
519660
566594
594334
868753
963806
929134
189478
103319
874762
891245
197087
392743
555466
925564
723611
990079
639584
872861
145702
250873
357239
387078
817529
735782
183509
509634
585879
593576
702744
499652
367350
136371
966246
775651
905124
844020
704786
908569
761305
493515
799815
858393
786258
355282
697924
509871
259328
337509
296699
305030
488382
553938
592108
219879
289721
589583
543479
689566
183160
246224
189220
364477
282595
969432
140129
101686
813453
744915
910255
488726
152397
710072
347120
838655
965354
859010
262493
138650
196520
459193
343680
498869
827097
749755
618748
930785
339339
162228
534318
422500
222418
623538
686977
405013
506938
727106
406699
320392
385988
316956
623084
438385
840994
870204
191007
720315
729215
267467
758965
739702
540626
916612
152538
281690
666368
671286
126442
905707
647480
560761
242174
683864
998265
829151
988877
505204
470224
309543
639563
670178
440465
262648
922529
195426
946819
927503
815742
590001
194971
488674
329704
549563
405287
382242
645219
971655
867494
585628
791330
428941
146390
933504
112806
958621
676623
915649
463827
960813
225194
103391
630993
479625
180005
553523
575052
126825
481027
304761
616827
489964
693435
760497
939527
912689
142741
498714
798311
824201
984342
589642
253144
944698
437114
265950
903320
927703
995566
281114
888517
134727
198471
519511
514352
278477
973035
903370
305302
368029
122098
736095
757994
629500
496594
611488
542190
453301
110203
340502
277503
908511
744111
344613
853210
995191
510564
670498
922895
506131
765578
811413
454824
864050
330926
869176
956493
217928
686514
261796
485957
708612
811858
157918
338113
308453
669407
694269
575720
593576
934772
753223
416055
592850
997837
183232
588042
422368
753730
424904
742465
519310
236318
197290
297327
467244
880432
253821
499138
480913
329583
799062
189527
141442
856980
341606
263861
440354
935876
653547
933931
784615
406772
349987
291432
318576
433219
693440
554910
100917
118345
297376
434193
254663
308632
545486
535874
103031
699307
848978
483945
928890
648041
487438
884299
505023
729044
962126
845377
578887
615675
693275
277469
836413
857228
468901
154990
204415
162342
523866
205332
994652
635208
453491
163283
843840
898977
599157
846871
598285
448136
330817
441142
910144
718255
239408
415168
361267
201536
174512
754120
631177
767788
931590
467591
625017
314458
436547
729432
290767
860413
748730
285420
495622
202222
348703
253429
101200
761826
914266
513451
123930
159051
768560
934074
691272
907968
349243
952539
923470
423755
620627
554648
191544
552218
836205
630528
766676
272753
359961
957443
947132
108693
156831
356721
124881
405534
510150
940047
167362
338384
367465
105258
397435
136026
939332
988707
857961
288576
855214
781432
526297
475842
250048
531808
842026
986253
162337
608703
172974
336264
480114
120107
258923
536945
376829
283805
756445
700945
137819
737773
939329
405284
743031
336765
355277
682364
239440
213239
784906
908620
808637
311205
384463
872651
656979
226490
858906
719316
649159
931880
955580
129274
865953
128471
480185
156749
312276
236632
757695
264061
788371
610991
569345
531404
761723
824622
127735
815129
851827
726608
723750
574432
937813
108214
447084
508759
148670
305991
228076
697829
151838
997622
641070
831758
126094
935221
888507
252336
985819
560169
416397
774192
985127
799709
219563
746851
538298
161264
561981
390127
787872
285732
778525
639652
207912
225610
148412
170548
345568
190454
768377
311372
188078
323414
143131
128138
172603
845605
194441
158423
405775
424804
746581
390903
224514
866144
951720
576779
841375
513702
780872
629248
613400
559398
268902
635278
685008
231280
705826
930576
321735
388171
155916
323779
611585
199047
351917
684188
944652
360324
656578
264395
685129
403160
555298
723609
183272
420986
300389
924647
748654
981261
553896
362056
540660
636764
897334
139636
768045
603162
970212
989780
891333
940094
313560
416885
139143
479443
915040
983795
739768
571619
248191
338864
788745
617456
962473
872017
938442
262864
796665
687097
244126
264529
863119
684787
801293
674421
724423
483305
191550
608602
387052
896849
548698
600612
313735
501807
894022
142742
399569
547757
528327
461727
786621
317074
893149
749095
103058
831592
825925
799724
432656
970052
878219
209743
568806
679513
784164
207196
976785
789680
629764
363838
686530
992428
778417
814231
408202
672440
856974
707772
134164
299268
169500
820785
516342
962649
483847
433367
708208
309774
147058
954830
193793
925277
978539
576565
518757
762704
597727
495543
552385
227492
759382
152882
133888
537800
867114
442090
124207
724089
963828
158371
923357
133329
793122
353667
909944
190936
687034
618153
400710
648058
486951
408469
573336
465491
799000
992093
142163
396728
401604
508514
438187
160987
561397
472075
512753
428512
728131
450926
966567
691961
509297
803891
639256
216386
971524
549202
307322
572525
981321
521999
220584
468273
830468
693920
833765
629470
599981
875928
840164
901585
298409
278352
876538
759806
564393
389292
102285
292526
654184
968852
798453
163482
686711
437710
193834
658236
886912
401156
230763
868235
823155
351347
250475
567591
859234
984240
111028
459216
774135
851192
360802
972545
129546
151307
646318
507905
354565
648604
614397
908749
531423
412851
886197
218135
750562
980031
776372
551441
295154
907135
333643
118311
172449
484119
499868
931683
382326
510896
390900
156463
276055
565668
942974
219567
530941
589293
627473
785506
151864
241871
694256
583288
554723
580454
701423
219252
474452
477796
584659
669607
384932
818303
601884
457382
216389
101753
303032
498715
426615
507899
469144
602670
973567
412119
636204
504510
815379
263678
290017
867243
319515
798240
450532
688204
292661
151957
807456
667114
443719
306083
250688
728652
938352
752572
100001
154742
754325
216999
467423
994906
624898
836568
511543
598467
162654
147748
916943
791999
311426
120927
573210
530942
733133
923742
133113
925795
889665
754536
506876
333386
960619
657564
876004
898972
410137
789971
867680
978428
906970
249070
973335
531870
899604
484879
944303
876225
446594
775213
668225
658020
710106
241436
102929
443241
979145
136043
369037
868811
704545
689879
116164
665165
347444
892168
478104
657581
682140
259751
549976
503078
408821
523312
934948
308427
822157
793218
184653
182718
482398
666844
740739
192505
808281
657634
535746
701393
607643
718749
484171
312189
408629
500336
791320
656073
392505
183391
227621
888612
343142
677597
305657
651964
114876
154572
774357
751000
847790
772976
833718
330189
439821
488424
422694
162069
146060
772407
677428
567669
491157
161601
693825
713753
561937
399112
283793
768408
482504
411415
657021
725646
989012
862678
291577
917855
917250
879900
668856
679007
652877
502575
823162
906665
891000
159824
882700
851026
832231
560130
332662
237355
621731
926487
851108
183669
239567
948868
852077
622071
360284
423066
261684
263263
199711
367228
181119
930928
247129
749975
609936
713973
166518
347066
534605
957518
406890
417306
722511
239122
791402
955173
290443
413134
795628
955518
410769
935195
904387
176814
471233
264672
499880
632917
427935
513557
814111
423021
444486
961241
986962
868389
589181
153481
215456
123787
111000
436312
355059
647477
575434
146463
602652
765877
459597
312247
635362
684333
161409
539750
761147
532642
704422
174994
979525
946324
588551
793638
283312
847004
668846
270275
629360
258028
323757
658782
281815
248723
995094
536874
796201
570529
583337
312820
250373
856901
525067
785736
541235
586476
239453
216349
933084
843876
291343
912610
704167
693860
706249
887479
540865
375096
157755
984191
447090
295478
642974
628905
444202
638069
979746
240404
122565
477050
453224
186905
333952
792257
872641
689153
378734
112095
805502
225785
769937
910811
138396
388071
604673
658612
189517
959504
847674
247273
943697
294766
356717
500638
737637
700919
138709
717384
841323
975239
108402
208514
162145
256320
814737
848752
845474
107438
774814
564943
233223
458718
475756
271620
746790
980429
744198
836307
853900
591873
897546
711564
700605
254265
212204
438244
855184
250913
969594
610475
226153
891962
632955
202265
148284
447694
951017
893758
455132
725832
458702
502322
184552
748424
673942
745308
728854
332107
581616
496722
823980
393130
208287
438553
461361
320491
690763
230512
385370
660358
740987
425490
552322
287910
527755
600606
549570
478773
408331
818668
118573
680999
320991
117091
429425
808899
762399
972245
141007
257982
468968
778954
465078
577256
217508
826439
711713
808271
956952
997084
382596
611906
422575
834918
799816
764296
349491
263353
157036
571788
982022
175609
252789
303014
106666
582214
111915
769065
468426
966887
841014
837395
745842
306093
328618
863350
132534
940331
671622
903452
851382
954219
515359
187924
703104
229143
852220
866562
392496
909257
438351
288485
898832
505106
405466
905499
987320
331347
588531
455748
298235
429546
207110
944078
635640
349694
721395
582140
203992
393019
485593
955375
261205
814918
143300
778275
858027
809487
644838
164491
718745
897156
352976
531544
402263
572408
437044
389585
803755
925576
659299
915957
355123
680375
860036
804729
930069
581432
300836
134062
788417
600395
903403
863588
415315
946704
641865
187309
670158
286704
251800
388904
183861
504777
734414
486125
891151
171460
689676
694908
911002
262942
610866
266126
843317
384869
884822
687353
780267
185659
635381
482652
600021
538786
346241
829302
399457
888106
916611
969615
988777
168413
272486
986604
487156
906900
472730
378308
978360
976372
887182
803329
153281
412015
969456
810564
696884
768245
497918
391119
767870
133301
773771
367892
486053
120013
197195
785510
822086
113808
755126
810864
996186
927612
711435
483343
748479
998132
761651
640807
974505
648835
444137
127788
960850
327560
838352
571702
995805
250238
862821
677643
197505
550559
945535
583558
484538
956697
283035
306625
884471
938161
931455
880658
779740
642892
364002
528220
641025
939619
169028
529497
502421
513166
471251
377239
654692
309605
848941
650499
373809
625729
328143
385280
176289
187645
868838
560827
144343
151874
681419
842780
904001
612875
723439
683742
169734
987441
125929
710759
841028
108924
154224
343450
522090
525475
620689
990748
649046
383597
641248
922855
909326
783357
308136
899581
871003
990940
374376
829312
956780
955795
672094
774748
482637
309500
458491
466338
296943
398387
177098
137972
407311
145288
295388
743367
570764
816078
734116
219811
199676
289332
956633
922969
972689
178736
736517
757659
983643
110894
500939
940424
880655
986999
715174
277260
296500
987631
643598
407409
299985
634662
359347
607296
679951
554736
264630
250716
284781
898747
284493
298423
188080
241127
221393
974735
233830
771877
732396
217474
782771
147302
971864
577394
134302
687039
754654
244768
588638
398253
552178
788623
932915
725491
309887
526833
194194
474517
591515
378975
373265
776009
577399
375311
831102
612758
350048
964932
384636
896410
182407
981374
857678
154273
558769
891980
655278
313424
950714
157883
525643
416859
760473
372525
142352
970360
799359
236546
444878
390875
429488
632110
980850
906887
907421
811954
433612
171436
690853
718249
881812
687227
699624
739491
741500
172360
545438
310745
299750
496154
282595
725393
813013
943068
911884
769331
913429
625210
905878
272274
830052
249333
804384
810903
156221
625773
536824
489833
697209
227679
122049
579023
814906
635639
318515
470373
707999
763954
595084
907749
174075
777679
547109
887088
720748
372961
656421
548144
898171
476266
720419
728224
625599
524804
453095
595786
150578
803885
899585
661754
931564
921635
154744
660437
471241
373259
130811
179242
951179
539862
900957
125255
317542
448068
826310
852257
721029
396698
314368
533167
686930
934787
175359
312530
373559
528454
722282
338103
332340
621868
813823
177872
457470
868567
738309
742678
155794
683087
821920
920939
222950
722878
946195
354458
984912
686472
120682
619908
983170
335051
153077
670101
183805
142402
796597
457364
570856
432846
609434
717162
868680
423258
709000
240118
291827
361277
882796
347621
944364
618683
268561
981280
341562
128723
249705
240442
629161
270388
674316
612332
419405
641359
196400
503210
683761
806963
860575
168584
153776
470010
785747
922457
707234
408714
162576
899061
669991
859338
160649
528322
478022
329211
509603
719584
271900
573275
773992
801062
657629
448310
327361
977034
989669
337728
480245
587398
958657
254787
655982
112435
538763
441730
934892
245999
664411
911434
959026
334403
770773
119677
762726
248796
348888
186296
782346
434754
659571
556340
235817
317201
818616
463179
208202
722252
614873
502414
309651
573531
657201
865634
585966
109932
221331
434825
169897
785742
346260
128924
934112
117034
148601
696839
179796
397489
697101
862143
732244
356674
332450
782027
487841
965032
159173
510010
687285
674046
912424
810903
247579
569626
590504
733545
493524
625801
168372
563421
411545
328598
592346
259624
345633
640947
856463
339395
852403
553565
201539
498614
724205
433989
280642
126014
312988
339816
536024
900274
913862
448449
625144
161442
832041
215649
708954
325567
741450
691292
788988
966961
833856
295301
226586
993455
836249
897015
332852
602619
364548
434391
101234
988753
682347
281876
928733
895335
435658
464758
709576
349522
813207
334721
324930
645250
364336
847850
784783
105788
453109
487738
886715
286967
683040
927268
280423
433256
738250
513275
935875
102799
847667
851075
905519
443981
132952
834253
339317
468611
299013
862860
632099
926186
197582
857029
485403
461919
618847
270187
381673
971956
571892
182355
258924
168899
923589
439348
502155
661841
852623
351997
664640
614257
203073
484126
958238
149991
318381
211523
432568
431360
974383
964667
271513
985931
735664
656917
361817
268478
741070
557456
240435
312963
639812
313326
381862
563402
652674
697983
225244
419264
863946
703851
847488
967019
187978
719693
930977
320325
745182
363546
565651
719566
242181
737165
619465
791811
308049
881282
960289
949119
438740
114691
176050
892518
328017
457912
455921
794657
969862
495132
127889
833809
198984
875377
800830
200928
509037
645774
335220
254221
823286
800871
873787
965467
452003
407219
671245
660052
288503
631535
609173
541209
646227
685223
433728
788210
957101
789649
582869
926964
198748
524724
760775
211698
400102
475572
312627
809139
121347
461813
963360
758599
176651
751115
724068
528655
158335
395314
188708
260804
840816
611847
702013
401010
211037
135742
189221
168140
739358
586056
909070
838106
924746
583812
949805
324849
959384
176399
947955
894697
452178
825282
653298
528829
490364
291333
957484
462666
500613
960159
623470
341430
572007
239451
556406
597011
275193
559594
579117
828517
959616
488188
580591
884364
972001
444363
209214
845352
520762
971135
654017
786906
710385
307316
315736
200750
412615
187188
563416
813228
147348
100854
968625
533321
240305
525032
130333
329464
984626
523416
971948
944244
911605
552540
828609
797573
896903
851789
556892
331632
736892
210910
118539
447278
332192
248241
548028
644807
335429
925411
372003
382777
926265
340629
730065
980536
765661
760398
223967
664255
283816
195916
608500
109388
648456
351076
720927
459326
202866
277820
690958
839758
302697
623463
287037
534889
771705
649032
993663
107135
574444
365667
303879
414676
520262
933944
395213
285924
608309
519180
850179
706091
529063
372646
715479
991485
623722
350373
450813
640555
442160
141772
394280
644857
665236
495284
993712
350908
144317
901342
358043
618761
180976
561922
933437
601238
409833
242617
701129
918143
575763
551309
624235
104827
823956
253682
996313
361645
504055
447127
902200
760181
402865
210448
319005
882067
605732
312719
232976
650049
128028
404986
182777
209005
866908
116215
624209
190709
172798
325339
108853
648561
776649
633088
653389
514572
786770
563669
690183
204793
824762
506351
778940
227628
616799
997946
109697
222532
224632
156639
772581
252660
461625
855358
275631
242501
785539
799841
333210
858337
125181
256029
420865
715796
789117
974254
144335
489855
451890
734519
508614
276653
240871
287555
404282
757670
285502
327945
794168
324100
298550
566750
476761
574142
336075
652392
716643
121615
366200
863819
793918
391382
119849
214784
921144
722932
103006
965480
126754
454896
700000
535368
545516
754837
636890
849798
426474
736358
991709
220643
960459
204226
687393
437221
678368
837434
903579
308978
859049
269781
172798
566934
475129
106613
595684
396274
729546
598690
275721
756300
867553
789687
205636
413070
544525
742526
176835
870999
478885
982510
991642
439345
186737
593002
690532
765106
430437
508079
974084
203453
677860
146884
670387
966955
967462
266073
277196
610975
678729
366884
281243
546283
156572
386879
773319
601098
943371
850154
386064
336223
832665
377708
589535
919403
784676
280068
684510
215115
688147
572561
232534
279974
533411
802922
160896
500875
882961
252059
111851
561691
518943
207060
921941
575515
493939
609227
176614
351277
459383
462679
587501
206015
654353
991002
939384
439030
185037
537861
468111
773185
110424
600646
867125
543835
317535
841988
944710
200497
994047
870528
576154
512991
977588
412062
902472
385495
921290
893053
550738
294640
355733
952205
400655
824052
943208
340041
177049
128247
777902
545161
715398
702292
145808
496490
246129
277309
338479
104806
377806
246493
789300
767926
573450
766890
179990
475924
966351
915246
368978
431056
209887
538677
383263
510542
362730
326472
664549
439779
268685
356419
798906
884083
958711
758680
294541
204841
935989
533020
209648
227762
679514
898948
895689
252965
579805
889645
542855
460123
804892
811833
791180
914779
350511
174444
425322
527207
314882
903838
780953
397534
260258
579860
281618
218970
252508
390125
323812
188498
823146
347426
230227
416627
160341
125917
483558
554113
915562
926414
828202
720455
652214
619383
549201
902726
607793
788489
343900
736642
692328
124854
134177
852586
518681
229761
971557
671189
519887
209336
673653
343034
456762
803880
573627
431069
743763
957185
799148
573292
797566
627352
207714
449782
246736
656915
266475
668496
445406
510375
405139
137735
449196
439316
804288
867877
569077
775846
453033
988964
885182
940652
245965
255911
658500
719592
500946
402264
590745
300096
875557
388312
827448
897237
652060
888150
554154
818535
556647
899560
328912
861786
851261
592074
215069
655550
373918
684147
345363
726951
587078
230546
581570
733044
300423
154037
366603
615336
456302
771314
815432
245826
159628
556847
143064
625654
444998
511184
444191
815612
324711
587069
591365
175974
179144
706435
645490
453062
390583
890854
993979
791627
935366
489516
524672
149757
543554
705242
665093
813822
476557
394492
959648
450151
851339
916678
975806
210304
427864
333964
925916
652575
821033
517283
642515
814143
223719
288007
181172
428268
992827
175152
133862
842160
478634
472501
891917
922188
177744
557011
736011
468267
851503
609626
818419
616809
440272
708192
727114
682102
942156
653031
248644
677156
984280
791160
491300
121966
893133
486438
364200
799927
475556
398063
642088
854190
684530
534007
690346
762274
904984
426358
144508
670455
849951
862927
287265
204190
485086
828345
786292
427243
395344
934936
918365
379625
640063
323632
315558
533197
710070
493724
247091
185627
791787
789180
853784
390284
237154
544131
152559
142139
784455
111034
626560
634407
873961
813826
738597
273015
642172
438856
514224
851482
373794
432591
231109
913857
656223
360633
361022
280261
754357
508113
365888
460112
297294
219673
750396
434448
663804
716922
390554
362227
727956
917114
896634
515884
644907
549199
688899
201047
888055
203125
952529
175816
535716
997604
989674
105906
358238
350697
286167
112597
672776
466022
472709
870071
585695
223106
218486
163467
840028
423006
425694
567985
254088
236295
983870
798995
599460
586736
814008
487517
689861
680505
563333
139544
678110
466974
145451
936349
631637
245584
862912
304415
611606
249588
988452
197303
372694
120905
174736
126690
443912
414396
508641
511966
550691
406478
310962
150153
893215
938937
451636
497043
619443
828935
536588
297554
295911
496005
147870
741514
641589
824748
945929
253197
974336
848348
264466
347032
869254
253168
287688
227133
567564
610295
639099
932221
916774
764027
982374
723956
616931
347977
221000
236375
176914
571554
347896
286791
967559
309732
928305
523116
134482
788202
676313
108819
636551
754745
269817
419772
907913
457505
546905
389444
967801
999970
321666
798542
763999
218008
522499
294897
465985
557465
431273
542899
129021
593135
729690
910546
802867
571963
433663
837349
360166
923942
846169
896717
678688
115987
316491
500568
473493
677362
790012
355261
677334
111680
153804
355300
229688
490269
550197
509639
947734
795436
952539
890721
388572
596196
801269
191441
168160
148899
928790
342292
972842
688926
239011
565497
704914
369468
966066
992373
946830
670045
261601
538131
681725
229371
793431
725379
619640
257596
235020
481341
953032
101526
372064
341606
511688
987299
347013
493815
136199
275804
736107
109042
778697
789084
574540
483612
158553
454573
389952
919350
124619
465519
457482
620311
594890
164881
259657
214531
322477
394677
595872
275510
310169
781902
431082
721858
769202
678095
129640
805402
767866
765747
728410
546564
554833
216917
844142
527352
571490
234095
446703
510076
599614
718152
944353
108471
783033
204011
223002
105511
412655
632840
281021
622824
414744
612104
258649
997912
204166
288289
803315
872032
954037
531727
418597
422837
648644
262740
850189
134102
310801
210860
458144
724381
829012
402498
732852
526012
506509
769820
531523
819164
316628
626510
355956
631372
152581
514605
543251
256748
702895
346568
128781
570899
692261
447379
893736
254872
524085
657892
202940
648853
682718
561084
373235
425697
863582
920054
851709
284059
603841
383233
917189
820469
909744
273146
365808
876291
687752
809060
133040
304614
969594
161822
775513
661856
423167
583216
730694
761218
155075
833635
410072
737794
308686
597274
163492
986235
431295
915202
184261
935136
212402
101451
755607
936112
274598
121416
812405
776316
830476
759411
980930
800071
821233
756444
375894
158367
253627
920555
733552
308702
668157
143625
946496
876843
554865
923955
777045
886160
753124
861306
821298
865526
862758
490872
715606
951322
512288
528012
727639
256732
287424
708570
870769
922624
378981
160631
894957
446574
981186
628510
655276
563310
586102
515740
354120
954933
439696
131167
841095
192821
892473
576360
872313
669198
967232
587920
620521
393487
929898
262127
464185
131290
784663
334956
867880
977610
309553
676804
424185
204706
219282
979462
668016
705384
409169
922136
660318
748865
953303
415380
755652
759744
805706
627966
342909
772939
129854
777397
980393
873718
939524
444579
818974
724189
593501
686855
701800
717020
363661
125987
821726
482943
919415
489743
102294
328585
325847
576578
891416
279151
805925
647069
852861
611632
189002
195772
298539
132822
873169
278933
820507
812694
537478
639482
450850
944946
326339
152652
661967
503966
992604
483695
800875
825986
787404
717135
968537
113252
293714
859954
206370
999639
420990
959231
525239
423958
968969
723778
456781
756105
902711
277289
482767
354156
816771
833617
299103
957076
800235
861071
375009
792840
344767
175885
532793
132172
793020
501331
959390
900701
361286
165761
814307
596242
124993
339547
920201
907929
963325
290949
664035
780003
468238
146803
134161
198976
880421
333264
970019
594623
194336
345029
301431
353069
334881
734224
299208
941867
235557
258599
842569
410809
324360
656878
821018
263319
810391
741220
985214
773718
932169
649251
553722
314374
610020
587883
327316
404408
735114
211302
899032
829450
456332
200464
182521
605179
748654
381729
547047
798177
454294
389618
122954
678654
860462
843972
755939
584820
585193
741155
358539
431329
304373
726228
559669
814393
228078
700951
218803
863192
812254
117836
606610
182553
218300
603097
687732
780920
884826
234780
579099
339121
438364
602053
831741
212793
446026
501647
697614
845185
242803
870119
276515
447176
596348
650150
261571
638393
351102
380374
415552
163357
312176
922162
159876
344442
525260
747608
125363
324053
796355
604462
477140
148686
206516
308882
261480
466508
710530
773060
311694
767299
557146
402175
128443
967461
952325
290014
605855
217395
484354
921407
194718
696530
757537
254595
854938
282798
902203
880301
420818
612525
484765
797958
661212
505247
920807
736658
871756
545304
423685
997416
226570
880831
399593
255013
848293
265885
358993
454149
383280
743347
289524
391965
353844
947061
546560
208783
143826
362730
989085
378610
875256
387817
176570
536469
707030
911343
187094
578787
456648
510779
576205
583218
391611
789764
652198
239906
955649
911191
508021
252897
568506
697545
544862
822350
558573
905388
845100
516366
268119
748152
794976
143376
949935
785512
493811
656966
696856
494871
235755
967470
905650
625926
464656
297263
329657
116855
351135
285307
928046
759156
352170
496553
370669
710998
232871
829242
616387
891937
259575
698473
554056
954552
655815
503992
654031
963593
160959
350889
458465
210680
232326
364117
650572
596982
475346
880229
527803
640447
979503
455851
399604
245640
766370
670273
856639
813207
413483
386993
705145
573058
899432
173168
527611
555249
577160
181644
518843
552086
346499
791274
576732
478825
969357
227306
889774
358670
921501
417578
899117
814971
687395
298723
960612
453767
782962
731218
180941
196446
932177
700053
583471
831611
773221
925048
386861
264349
920658
719670
716435
181124
424911
293168
473916
394270
334440
363691
566906
255943
595235
466025
970914
282632
578714
845493
550365
275643
576712
631306
286056
508891
245326
769527
340503
918548
694576
541330
182898
615236
174967
713299
610326
413844
906467
984242
622080
154875
347934
188988
224784
843170
468979
109665
939768
947693
855159
490134
223337
431872
935406
409393
754729
994699
992886
909198
913248
687464
364495
910112
216667
353428
537378
726993
667273
357812
711237
203320
412687
873137
292308
537471
630274
661287
547137
570043
522947
316263
874143
560251
562101
723517
869644
316832
718217
776498
139997
545432
463963
318459
369511
494596
571887
806889
135556
153127
164702
660759
256448
477390
533898
362722
828827
164173
837976
289931
548183
274890
506194
336293
735141
882262
959810
518753
113061
678028
295252
153058
137427
573181
371517
406938
967777
757371
127794
917299
810498
192497
578060
880912
483853
111959
157602
226647
990097
895578
330545
452247
170469
736739
688541
719577
619002
648352
238331
632063
240348
433583
599088
191741
820730
784571
412646
788508
541943
440440
619774
352443
446903
197835
147322
744722
123760
204924
871370
927824
914468
201916
380072
898904
752621
968613
618482
285591
530933
670779
731620
585247
918328
330709
676988
739059
115282
989634
441534
471191
344042
961308
723634
690945
159145
684923
435669
182905
789847
221006
110730
704317
322922
304769
603222
889509
187349
135671
175101
532248
706450
806722
117496
624779
951397
608451
363839
880645
512052
705373
351838
670060
666682
889438
361007
639793
574362
610642
636665
364211
731648
561361
882494
868536
766130
399683
758046
853480
435354
747114
299695
955770
467803
231158
580550
419201
739609
758355
213814
165628
463729
465652
735689
944377
355091
910662
498138
743420
435271
134804
921597
166920
596165
718058
849422
362297
117742
521435
129744
367062
268550
329439
322833
636353
460597
717349
869521
114173
475705
983335
993767
839434
362954
643423
697778
532011
468052
195917
275432
803323
230721
197030
784209
726887
815088
633632
903150
746796
155068
846860
113859
237585
990265
250658
773938
364830
868007
557426
379003
343713
540762
286737
997113
803716
830160
608859
249695
298213
618742
425127
915502
749464
436124
699712
390318
165179
333345
207435
811976
302380
954295
739801
439965
858527
804426
127870
223358
586400
585297
502362
830114
126060
603065
741194
743743
347193
264020
893438
459372
782763
232532
374876
446194
568656
974588
650478
547802
221901
757913
273745
338247
626175
913546
592178
484703
631939
620048
608062
218341
205346
924390
862421
145373
441422
517582
789116
688615
681603
596521
147989
464367
729053
422865
810561
211677
311420
375006
659479
347287
132920
833224
585534
573061
660737
177713
871730
292678
611728
479793
324985
717074
318150
187407
762447
659573
604989
465530
348189
200559
876017
310144
478892
605072
633009
289454
630715
758396
564460
290195
919649
511346
123420
505185
898373
598123
496864
770105
790801
922558
163865
929752
639634
382016
931125
316048
855555
450082
681579
117711
550641
471563
327856
929534
976635
774831
132955
521317
447194
511382
711512
366845
836694
648898
685996
735069
247023
182861
505175
851790
919386
569040
781544
559021
765022
626636
775069
534544
976718
370615
552256
527361
656145
694078
370862
632781
382876
403817
968065
730071
815199
679578
996916
651895
242444
682913
386965
389467
679740
706106
155224
599127
189113
750734
972114
854136
377372
661151
302647
354091
845732
668869
695418
501878
362948
966280
948626
559791
370099
916692
289863
999264
596271
200746
565126
738715
783659
766057
942148
377366
472164
997373
790460
561278
662074
762575
329381
939446
423727
532028
207505
269461
200899
802923
671339
377813
769205
619966
837604
953270
450625
941433
952535
946897
142180
517663
599579
739805
283721
455695
931138
569852
367035
721599
131131
929109
484175
360512
782523
721869
706506
890028
805296
807405
606918
390602
999185
376124
910569
750756
329395
275161
606157
195898
222059
562303
527527
635605
216076
711248
991300
147215
281101
272302
682780
226198
201412
980921
400676
797901
702791
107184
687930
508088
728555
294850
798691
727741
484940
623227
392465
628302
798388
898622
638166
834414
460926
165694
383986
577002
690908
289253
538183
785976
461555
220964
912174
476933
201887
312852
274836
718644
320036
776732
226734
862557
971582
839391
504266
370490
376585
796731
812758
988939
609320
450925
823354
884212
516619
121307
461216
121494
310560
813365
807470
672115
934330
719646
149050
950183
846464
323886
668828
980466
100619
709528
843024
886168
548920
347291
170625
739471
957988
883383
728412
567309
248275
465733
451523
578860
487041
726705
600354
611567
454037
407826
283684
388368
127473
246700
338552
873937
384552
907381
854404
299137
616910
611395
999271
979797
858687
983862
719269
730642
867246
361648
297953
929487
727382
563442
508348
128390
204114
108704
639957
558151
416530
737607
760486
357969
798273
999038
145873
182826
820386
814243
295930
351264
425639
295202
245028
198293
279066
864297
828936
960278
139913
940855
803733
681261
418264
312082
709651
522378
320786
263575
894495
551282
901183
654982
809251
699457
567988
855124
696250
302341
669368
892180
467571
995008
101349
612599
107268
194381
390864
836204
968626
430777
691026
772360
112039
109291
984442
721690
445635
219196
799231
340132
670478
700415
809080
393697
313840
291035
248822
910090
493377
732157
716237
860948
727166
631552
473549
648400
725934
764413
484606
608527
109157
175633
380888
121196
998890
279297
656852
444526
312459
456084
598624
796904
970466
407706
190602
284307
598741
253390
108364
906084
885547
638567
767034
526680
270120
154550
175082
810020
818963
473654
418548
828120
549287
613402
763282
462144
706666
420135
806671
833091
690185
405296
629996
660652
626968
634564
844959
139677
787955
767289
945761
673503
405857
712796
114151
489944
767346
189233
299965
500276
562887
532480
242363
926140
959848
905645
388286
666515
239747
108924
413574
829933
328186
943570
490586
769121
578136
249513
808798
280058
916802
754560
767527
236627
467358
781678
626571
148671
784877
826536
548948
261731
272983
605277
187873
232833
510924
390125
713314
650671
313015
126889
394571
541201
970460
785158
310323
462563
934671
119122
556587
765440
687649
324115
902067
968973
919760
528639
117645
704638
269143
480559
866370
442126
985837
868209
488925
496762
172301
202241
961399
385316
229130
355972
740483
113557
955096
864773
476120
803734
797861
846673
483141
485511
170790
385210
454485
990550
727815
386097
609155
810924
766656
389492
167018
752494
171668
555943
163223
157935
658184
938589
357217
701281
208528
997701
714838
977590
776441
104926
781325
574303
851599
264467
873781
836355
463643
242233
826906
105426
528330
350029
816350
208954
553487
797334
861448
625156
353279
838638
597057
825429
691194
854275
526711
799722
851977
241551
777313
542385
246477
472605
116689
912042
551038
804436
748399
828648
946670
489272
834074
475001
739301
564391
497921
206756
361727
273337
645878
615006
111976
242936
354402
617136
997211
781114
416859
763155
922665
108139
305541
983108
394710
236197
809117
845748
940633
557517
674397
887304
946790
422438
276273
600058
886830
674194
706814
162524
761497
266659
591496
773473
409596
845898
390610
406808
627013
621435
983930
463645
543540
289472
360720
838250
425669
169839
597966
280270
627356
186330
167575
488113
508769
257814
988172
309566
745975
608953
286056
507473
775613
777552
194914
999175
623451
399490
319950
164432
834892
303881
442043
378433
493354
702764
130651
732989
772603
628617
913259
313926
628913
894801
702040
137683
966581
604179
261215
712557
213133
361237
133998
802712
138790
142878
801888
576208
442368
121840
554606
277261
325721
896649
469661
633041
599414
500312
366032
285984
942895
279292
499911
571809
174094
115918
523459
140677
620097
598640
667200
647196
859878
615164
449910
812634
658042
165765
388843
914377
187605
757415
105605
327293
654066
389232
860334
167447
789544
226367
267398
646406
319626
581275
218217
307686
597193
555642
262329
131257
154283
829530
678453
914161
358661
942329
726797
830670
108096
929606
745048
195701
687023
664619
422994
255056
953852
197296
236469
657363
237629
403867
303771
457255
885142
421988
664942
396302
877630
827271
341525
845879
570768
919979
760042
743396
862309
400806
574067
784371
244379
319116
880073
745368
797701
217034
900424
751554
314330
950860
408919
451960
354728
612690
723181
153838
848644
302090
364106
640241
129363
605632
486121
514097
439578
160130
171460
301888
374902
645527
900226
519282
778609
780300
264651
576312
811300
979042
327867
939597
929903
550752
305524
198598
977408
928705
166402
826053
230797
430509
380261
174126
850107
680349
502189
289686
740479
573650
405540
929348
219178
305767
448631
811754
900033
613282
388067
711335
506291
529900
564899
436195
980653
770423
448760
872028
699129
515162
698083
743892
759637
892310
818018
609745
572660
320209
713397
227107
707825
118939
156456
827003
238672
505087
552724
138707
932335
840791
664008
438628
284659
228908
688789
179279
899331
137550
951307
512427
552713
649391
256321
226317
455669
888305
736063
928329
122481
449461
155437
730306
382366
125859
471277
435005
530946
924001
473712
377249
764794
951686
629843
863419
994560
232599
942698
807858
270150
894006
320286
636829
457365
390573
677112
813034
278880
413176
741364
301361
676604
710768
931668
872936
736627
402946
307942
181541
240914
595620
458790
819674
461273
902599
683094
455834
135199
625793
263693
219315
519801
397946
670110
877166
688519
347224
690201
867399
574366
345532
168762
164937
956300
914396
937874
606895
231309
159783
688436
372223
655404
961192
191899
116678
777758
774993
386479
726923
314754
550172
760205
734555
848118
344282
525688
536639
505472
215890
318005
979839
375388
300733
958742
245656
129096
896617
752551
260405
956401
354954
446595
525772
316147
452460
456416
907871
141420
742895
634795
356174
207035
395001
904695
955153
639284
430384
405759
144757
460240
537731
938562
735629
738464
897306
795251
767561
707890
547803
841932
578258
716723
288528
104031
932870
554954
374414
754708
596375
117310
389504
852549
138311
598472
757246
907431
237757
187631
227157
196480
461838
664888
949009
197468
317320
846316
892719
898847
554207
354489
740780
946432
971212
843275
950463
818049
398230
238844
572758
894605
170121
776228
661122
208432
374701
332335
115864
426424
333932
243022
436871
695770
721876
385881
793238
939196
232198
599924
838044
600371
768379
492792
546804
739592
336068
411235
471608
548264
550079
858332
442871
534166
634562
917959
642599
823229
250295
572429
249655
484227
715451
586526
179999
351295
872407
787203
290492
918571
301095
942503
518943
969474
435296
879714
623034
585330
290950
994642
133595
654995
852976
390432
189163
401505
308392
645728
224735
458687
218158
288356
756881
747576
774882
836880
998871
561256
538050
203330
479828
739145
145834
812738
622587
395096
692453
245622
880426
797369
154231
914022
366331
821173
304455
369460
222679
426814
829154
261381
785501
861279
449737
456349
608856
138587
207196
521694
513809
645247
538990
893638
298359
498791
620343
820946
793887
226763
880534
674315
838098
934766
502304
204430
755940
620725
387857
792586
947539
217012
953967
647008
978291
317671
103358
501114
356258
210555
836774
770068
669768
375766
577673
868127
774557
111983
689075
482411
238746
569610
970692
976844
418343
472997
995240
174285
907689
383098
780837
855229
414077
734805
502238
392369
952476
419563
707450
222702
530118
544225
806736
199887
733957
298376
968014
422481
310359
571056
804893
449105
954633
689552
339916
286943
976516
335157
361228
884206
532222
142066
739436
760265
690837
155642
966600
557281
475205
674051
593949
905323
132244
400686
919176
766201
599062
801157
188684
809421
286181
807543
172493
154781
411062
412409
341724
387579
561532
516919
271786
907720
558985
825189
667986
163790
880831
634588
535037
356037
308640
128987
175327
340884
429673
994503
921052
842701
709627
923702
566089
895808
645212
638582
950589
956274
864957
206281
343855
426490
623200
515641
248178
996151
340831
816164
159942
135629
364719
594979
391666
487326
623966
380959
728210
867605
289429
563229
624273
899057
486932
190363
708832
946110
728945
573389
902386
507869
679670
246242
748326
302871
575849
896504
299023
730647
626635
272932
766276
891355
681877
971909
378682
219811
266835
920858
987416
456265
484089
611691
269289
784987
616020
878121
731099
258933
451511
547452
666802
945147
693694
415129
161985
183510
225600
361009
728123
752236
447907
408367
643592
129785
380277
836240
249596
547112
757099
150980
817343
155155
576637
986632
754109
192658
864755
399175
351591
230233
846627
832360
989347
454288
161456
151333
537798
287057
326308
179889
939293
674215
488256
496852
617967
682499
333093
767563
143578
904158
732509
860922
873280
309147
847555
627390
315772
626277
926565
481329
756511
773193
313690
659825
141448
375147
711158
493212
476170
937467
573101
415464
525649
961357
726282
143617
643857
873341
725147
687436
691466
457657
462325
564747
580771
309881
192138
796543
836159
932669
277873
506637
619829
405530
166463
661277
594643
777621
154491
970813
629055
627592
300244
968671
502917
926526
926254
960740
713834
651402
562143
405301
923026
924468
870049
417764
234351
876153
214308
884476
808824
306147
391114
342620
525643
457577
903898
120287
149165
958389
905066
678221
499948
205311
560859
816831
945803
487114
777573
659638
138518
253683
878906
875510
178153
662922
293275
226470
539076
321549
110947
261867
441662
316027
504488
867306
587570
408387
801559
636735
280743
706627
228923
594657
725904
689782
411490
585675
176898
103030
159280
129382
256713
938186
818858
248832
601109
926099
289268
140187
247649
214181
302054
503277
430208
706542
284550
917778
928895
900076
468481
123605
606704
597404
618263
246575
201154
929753
732250
192018
846749
791531
135366
917428
729718
854224
166262
244795
780324
269496
198948
841939
383678
401002
259183
627852
921511
443734
459598
764373
343811
828079
787979
764481
339450
406243
911056
440604
249963
557274
446588
910678
348806
481954
828107
892490
336179
808335
137286
930469
977832
236234
686375
275477
451203
845559
803329
286681
203260
262928
865020
361037
904973
653000
125519
244425
873209
850541
585029
937138
407816
931618
847817
570588
327539
589892
377046
563719
398228
414332
408155
290027
464533
908497
379470
729702
754057
182801
830349
771283
259695
695370
132321
164670
262338
157840
309095
949513
822347
708090
886653
144131
553675
648437
528685
781215
238330
805731
258901
450525
134031
481022
554518
412530
389520
833989
142233
143578
830756
786548
814861
990451
481919
761148
969087
558223
732954
192149
507738
555303
714206
308358
599434
181848
856795
128120
863063
995126
747818
935930
359618
781849
416954
814136
194380
706474
648126
150579
664019
478883
837127
392847
383302
233013
153997
266356
605203
786951
358506
112942
342255
886678
321300
755655
968526
992061
697742
745557
987188
445561
681488
346807
141377
998442
160945
149723
704918
623037
200302
282904
101922
851395
575751
299190
984408
629748
465546
589612
330667
638018
516520
572922
438663
651786
242545
407191
643849
754253
152749
545004
113781
648203
705778
155158
646647
680689
204881
265532
303727
219149
448436
219615
970544
838153
418805
954953
467903
698318
458533
698570
250303
875053
185459
588967
440807
241970
896158
984656
896223
862873
443627
910004
511077
149406
879128
971690
730095
897975
237223
847789
117125
499625
967404
987669
337780
300177
856590
619649
812461
315124
232186
962764
104144
231611
551732
444951
373582
447891
343574
183772
224731
687202
907743
635809
650574
700838
607500
380671
598815
658690
142427
615940
158316
109832
603611
310062
223975
460202
829711
936436
589292
875863
899202
593436
107476
450935
852354
295024
712793
109895
378796
837524
697097
200506
473334
347673
801345
894801
542310
400161
553492
584737
830067
611808
508535
433679
821871
632511
707847
565549
568948
211106
441414
382117
618509
448890
733053
470864
557880
445847
480759
836676
197338
991823
851149
484639
253463
652495
379441
695773
866622
832933
280511
696690
358708
603012
944336
180580
235524
652184
560096
618439
763291
901510
900556
381801
264367
547576
666631
722247
807389
961356
472890
904728
953180
324040
389368
206644
790501
668809
716383
657124
501743
896894
353816
760451
499908
298153
754998
549398
764303
315095
167838
441561
130572
882361
637328
294939
429938
303960
831152
237329
179284
304043
956023
132465
528084
345392
153076
232552
828167
769459
789677
243877
580321
143494
818294
894195
255613
573293
443594
919916
702354
425399
361479
732926
221727
812773
841831
551665
116735
672984
602960
109985
877028
558984
142450
319079
718342
109492
451631
546510
778952
155275
690387
359274
198769
508683
253470
354382
895942
511030
188266
512264
750395
363711
159157
872122
176485
900989
423789
107186
573974
840715
117171
364969
313667
159622
498014
932009
169114
763612
478521
762032
818887
982874
121307
831623
405524
188743
999971
215434
513740
188238
627698
264136
365915
686855
136260
442401
587845
374015
449587
975786
214731
466759
254722
342364
440347
566703
274375
423427
330316
566862
999426
963169
463703
934699
794793
769228
123444
794766
884662
537184
796970
426327
615286
162887
113183
651546
419254
514995
925561
768841
490782
954259
149567
559470
296624
403880
126174
384965
641274
270456
851827
640701
233627
315532
575401
928420
898726
512811
637153
697355
863961
348091
123683
479249
324944
136866
130796
644198
551861
870324
327006
856609
738550
290540
416081
849140
508386
356221
234107
149661
526678
899900
604328
660305
215433
993696
502692
928125
506508
953812
625481
370471
301904
649164
749720
440814
599997
694482
985012
965824
478773
225985
822435
217324
416525
152483
966465
824912
322670
114539
788539
749348
914439
392869
323620
943839
386566
726313
871965
707040
680126
411414
891477
795996
960578
555164
236811
474542
249648
135790
440368
628421
261775
176770
659712
492267
143219
626178
231146
365889
640717
919685
929204
555157
226521
252825
498997
427053
793104
284930
134095
387197
596344
925572
183194
470889
480738
233971
845432
544352
269761
199767
986739
345503
190503
646452
737770
147688
186597
782882
327543
727314
702568
256748
196439
829090
323540
509402
170110
116645
608298
204205
403843
204643
943744
401003
575533
338449
448941
334932
696767
532668
348665
683507
778171
353134
329961
429908
400822
330524
212791
542331
957839
729326
613046
968244
472383
836586
391613
542493
767197
899912
560665
985006
918521
418376
299977
408021
570791
648918
556919
267559
181587
805584
765032
773725
972684
994993
117600
287473
325519
144358
729805
197325
687650
342852
979535
160034
993404
285115
602527
760602
185028
977158
745610
103551
395535
859553
325538
866326
508472
782458
947851
504025
588043
712885
191717
474695
621845
123284
662168
761330
981607
391974
772621
669258
548792
752157
729292
542197
937273
245786
302801
936267
136912
862377
853784
432447
721931
179324
212741
144370
861782
974558
462361
363792
687444
554079
738487
309291
491329
400657
884587
472937
606597
657210
142196
155391
409368
685454
597588
260608
831240
714355
196877
868152
490699
950661
214567
126597
943951
241274
170967
805734
215833
533329
169528
717244
901374
808015
840501
392704
122639
725089
765641
629237
382300
721803
684628
605635
407258
196183
766243
152465
810539
777086
834584
301239
641715
949151
327837
585667
104392
312770
391403
134191
660065
460931
665401
475406
182913
505903
768110
119519
144960
447718
648756
427260
983487
247351
846861
390746
343534
613106
443212
154074
304159
277797
269280
845874
140915
497117
431543
959272
623853
722946
907429
283920
997843
572832
659326
994722
978735
341404
114242
123696
603088
576964
364923
586577
724315
211785
791289
881816
638857
234502
935890
843017
326265
119137
602858
281146
430220
934401
154385
954074
571314
961815
237995
483124
534648
711287
391814
427350
952691
406056
365013
469747
796987
543902
956324
435269
569653
747614
317086
208512
796083
252978
865495
936314
272115
382320
131428
602336
316723
185813
470377
702003
147629
608372
185129
496243
233626
476943
737560
100285
696965
102574
470032
493953
546476
426357
829223
116130
987937
146310
138608
697987
213254
818069
634303
299336
200391
665731
715638
331080
665510
186016
933083
627106
608354
118213
123350
741980
409122
674876
742265
106089
677450
126264
414008
137893
452621
157198
967989
354526
117475
920563
952513
144695
738634
586817
344031
752991
166515
873635
984071
732026
873617
831121
359133
481972
849335
296449
137920
172424
871326
694151
992478
462743
720416
406488
414603
987003
377652
382593
341530
395127
217123
294045
353789
769723
694828
511786
522715
761344
385423
420753
407337
259041
251876
580436
554980
915177
690851
506866
987601
562178
114984
980081
838888
649366
300536
253492
550337
578188
450051
705833
787282
481140
899878
955037
250865
508674
466824
673580
183985
752247
908300
405288
825255
160177
885724
294202
975354
576576
615034
876922
952721
543984
857004
705576
193352
971506
773034
643689
549696
137052
349523
250945
518192
163369
205983
669057
486009
486773
256605
569994
152988
164906
789248
878243
139049
674973
986411
114404
165516
601446
805292
118238
959396
662298
723814
152749
633805
410815
610404
997467
447867
773894
162379
866060
837263
182328
535118
237239
569102
605689
621199
622090
584561
410448
414300
623610
985421
314678
551980
964903
730090
357274
983142
689487
919572
620923
656203
467344
931739
266608
378779
379607
940502
441158
159634
691732
437453
508719
828971
820521
114409
364137
442612
598971
674585
670878
222582
573973
799522
588529
538878
529613
845803
435987
219101
679342
956910
775304
146687
802616
855879
339432
996190
796382
680591
155825
402082
932010
478510
145020
752532
492920
409158
109111
905857
983743
679989
942405
471684
393478
530935
910562
823091
290705
346550
856158
870047
217427
545430
916735
920044
401310
256168
830201
111659
750725
799992
413741
596702
278504
372728
349235
585390
681886
358346
405214
579596
852301
261586
951280
245780
692522
861843
882837
883227
122360
738997
753276
239788
284428
583978
973798
499704
654112
717966
425329
318805
517959
653037
815507
610429
925765
164744
195820
607652
337056
415000
187249
103325
576587
952496
249105
183076
814340
945909
966303
750667
684907
633546
890455
783301
131491
778220
196972
599570
496187
522301
818375
828112
175339
547849
438543
101105
526559
448329
522723
763616
763330
523939
680907
253884
476436
830012
336960
204743
775922
217230
855410
374796
750777
659832
972063
696234
352019
169036
295805
748206
505304
928146
490286
580643
475997
828829
495715
902556
191125
918438
580139
768421
442378
261047
922305
732780
905026
173232
837524
594915
290463
606901
783678
855206
180701
755742
551441
432720
738745
661213
994893
244050
589360
485180
724693
879323
227976
220409
695847
233067
952814
275987
901489
309159
351001
737761
941940
169994
810994
693431
578875
101458
300333
362554
856664
295000
932263
322072
627721
671009
883285
536581
815059
386613
835727
453719
265937
963703
488095
861784
196771
440910
951738
912226
650069
216706
649989
505976
200666
460984
199408
679541
376408
313708
856062
147039
422674
788326
369111
950395
459336
166364
400943
188362
452977
236671
542081
532880
200375
930176
308632
211113
285053
260371
123340
749089
291043
587295
255066
391709
862245
268441
885216
238654
396115
741279
285693
718789
529606
554805
583152
802908
535135
884095
891270
888112
120768
347319
334959
135109
191462
543591
160188
376516
703962
183529
939571
808971
584790
194638
200681
447037
277045
899864
585691
573160
641144
685351
205917
984717
240157
689069
787626
589258
487131
592864
477371
507899
840183
712330
456975
931645
255923
517163
222128
773851
514658
161700
582824
999449
170305
597471
446487
347350
497336
846144
734477
952447
531496
754360
937165
585619
357396
724792
174878
744527
317657
466215
166394
157841
992512
523369
903453
248436
940532
125582
836253
455192
101249
333044
368608
171554
744482
629061
332870
241819
389172
881313
194267
820669
635674
131433
320255
807036
670192
309100
551565
887849
675315
617959
859657
667828
141329
677077
730230
895827
616625
480451
264986
617874
713495
447560
689428
457978
976621
836265
513764
365795
631545
521997
100431
181187
553431
234652
888223
137590
443752
439789
839405
119069
871714
699063
686897
827009
290107
331095
636804
806733
711546
801790
424608
425042
249352
928003
696987
139940
678235
210752
405735
309781
632749
320132
390968
100147
454785
279193
137737
798537
532948
791109
817606
404664
404139
418471
145640
594247
563532
682444
400981
275079
398202
725589
514087
547554
567559
125041
587494
245795
235793
807196
455577
682509
127329
746545
682656
396080
839704
634360
194619
372654
339436
826191
591284
643575
158629
550890
237823
622161
233336
538804
711206
531538
264395
139261
893058
645920
164302
394519
791716
214062
115682
247294
796571
956977
807805
393194
353058
647511
841520
361643
834131
180957
187836
339382
724533
160431
790272
862356
596559
837574
401162
221732
283079
479523
260993
990103
125444
239262
384624
817160
353324
400306
878420
149896
357284
686227
443090
524309
247705
198578
785952
981836
279535
787754
321219
904068
848186
925457
680392
358712
676999
981554
480444
860078
375044
641438
764149
314454
780700
148774
945581
134025
363046
824002
997886
534297
424196
354943
872572
571901
453521
658525
553738
633057
360247
688923
451092
208434
528348
131485
467146
205348
927005
761556
879392
216016
402995
643542
430471
997661
606282
376053
945652
783295
114022
943539
231559
438219
298484
104132
910120
565971
662657
377826
199029
836870
966749
464088
945304
409064
495573
326417
514412
336546
987974
393806
452562
304936
851314
783033
216565
457598
973052
162218
240894
901041
919724
372453
339261
218209
376585
163348
598146
853208
441174
697176
690080
321891
975230
549351
630955
470804
689735
959334
707350
591676
353141
973879
796612
204456
756913
827143
476020
643933
889362
616914
544975
809087
803333
784236
841262
993884
761550
439409
847094
202726
950551
451141
338583
925782
814458
783504
310554
504194
742839
831870
995870
995980
805750
706450
114404
476631
533594
490424
120565
336923
921305
565540
959976
724639
263743
801239
718525
839259
154616
479586
855951
919133
830727
194535
758883
559152
878040
969437
963347
620880
715274
873184
530828
521026
493601
459198
897657
841162
849622
832188
178086
770928
311695
138064
409535
389404
753269
128061
228664
721851
507647
984616
640986
252341
179152
313836
711493
871158
283274
588807
406006
812514
461993
836834
333541
769560
209999
145165
610723
959621
791319
602776
644517
103015
554806
954052
392419
308076
896079
521084
843894
403727
505701
398847
556068
498819
612683
181528
369979
709923
670336
675985
522438
132330
426786
755980
715856
450751
715111
326581
410373
506432
829357
868856
509447
384164
736875
715833
506206
632955
236918
350101
936682
556585
562914
406717
955404
175598
488246
239350
785521
972548
729301
307961
918844
970053
877907
634701
420805
506985
861282
645145
827383
604606
514002
336832
802736
164845
866631
308944
697800
917515
473011
548450
474101
849892
769133
343472
925490
257380
482823
624979
143895
212125
832940
962739
996145
624814
597442
416951
945765
458725
876062
773150
877298
390066
923948
680035
368877
790580
802945
966677
708096
189924
429094
182198
939816
198229
425670
865307
269575
722459
490287
313471
748551
237194
276211
