744697
675974
773653
975614
621741
146346
851678
394892
923644
155711
318841
517646
424588
109422
320593
305232
631484
324483
634327
713682
264300
732556
953318
943573
816097
589745
347828
129569
338297
398988
305781
896960
974963
893400
872575
510671
853712
724254
805563
691323
693931
938370
208971
118520
861758
343530
323753
493243
568013
772046
120892
646279
504603
974210
503819
320701
563956
751647
264237
716219
964602
383984
613180
853532
277385
399723
364204
131099
123978
983733
722422
717910
922104
745359
650396
697829
988889
788115
191073
470869
560162
211965
931114
878731
100142
434935
199434
478065
100549
277637
108251
965151
561621
621432
818684
739006
921155
996854
684071
859099
980588
320461
490976
816659
965820
141374
514489
868677
743455
519528
253513
303619
631493
184629
182351
545602
433530
195751
837633
434079
373388
845884
313198
835009
467317
945848
487983
302439
942704
986020
975505
837259
306482
466482
653920
186270
421822
982375
868913
165279
501905
936392
368898
947364
934987
365215
406933
368518
460967
244567
616564
648321
990452
743728
397298
371736
689577
785281
574176
546248
685268
549682
383509
805717
830130
851395
891987
251954
833771
674867
231199
249643
611260
414063
110975
460215
679278
417908
728733
954211
476442
259264
516500
466895
902992
813798
652597
506537
513046
226774
952785
198315
590422
336295
904032
334520
101657
709986
486474
749395
298820
531639
899038
724047
845702
823979
184263
438947
155855
726962
393160
532297
886227
809660
813158
789220
537425
465756
295758
950471
506497
162511
962752
910885
398806
866786
245406
314430
490739
545846
963825
689560
977485
776830
327574
823188
600811
411837
176103
656666
138800
469263
102930
925027
192890
730054
628215
630315
195811
737939
494753
516274
800450
457506
341127
113224
238259
486533
327654
628999
932380
205446
232526
823832
882276
460100
560988
483088
771937
637091
953720
724703
106355
870616
563698
113211
600671
191914
557492
610449
743819
952245
126724
458237
409752
367851
385427
548012
668351
527047
990977
514698
632493
223504
338531
514770
497570
799519
811825
183474
436611
679512
808177
356932
550130
371876
284109
150802
377756
655567
575217
935542
607813
601942
393780
831532
783759
593173
293511
366077
120221
284489
780775
566680
321959
933273
981450
633495
732793
707242
716969
983371
386756
439113
254270
836886
710990
352346
801654
902712
907913
376873
838255
429694
792781
146002
261227
490507
639175
368704
756585
573362
467159
537361
140043
689118
384601
935460
236580
931361
642703
853549
828699
843425
292663
896935
594278
817619
249282
395934
634299
971162
586773
472555
400857
293521
432524
476050
684028
885665
744754
440614
372995
211914
791942
413038
714998
176544
348499
765544
921871
805169
619094
750571
648595
725723
647508
242875
543344
796790
452775
177644
681919
853514
464165
982776
147036
710655
372793
731064
596322
117548
985645
869317
143428
691554
196322
672392
682064
358788
437937
603937
977923
870997
354509
626519
596722
902017
683360
954032
612775
136136
945642
294695
889650
323774
191439
850652
934430
464232
581718
444719
395747
481330
314037
353141
172885
324325
839500
754949
497079
277438
272853
475003
962402
527363
101524
473091
343347
598850
427124
770088
548953
286733
878750
438604
510507
970189
289258
444938
348388
684942
789657
558101
980238
917660
811243
153124
155953
650744
722039
553032
742148
808859
928036
618517
250189
843526
991608
493536
442377
418733
177592
891330
605466
956342
243902
929940
840498
347126
374879
188887
846034
978503
560955
826273
896164
372199
879397
866083
836909
515403
419117
493024
324263
347154
111543
474452
190681
103152
781955
447024
335852
859547
338356
755284
815890
396224
685225
570355
643350
874071
659242
489385
852575
220198
315659
662706
406363
109023
528791
157239
438392
847908
550264
662656
109029
561807
951074
113676
478925
733030
460700
714777
506544
613022
384029
236401
909246
969254
706756
552597
757292
279966
855948
609868
314130
171608
186542
620494
994596
615333
677733
432990
377208
227998
909612
386237
603771
860687
399913
896663
507685
674579
611441
914229
287603
895470
964597
110816
778692
671354
563414
535985
851320
333329
959820
165452
318904
146363
599912
313501
661696
277646
560457
852870
319611
470070
239108
737348
244725
452987
634012
652410
941532
159421
480606
229136
868857
445204
239953
561516
930525
617333
997502
781846
764628
871289
761264
983532
917652
361177
211001
493315
452790
671458
260152
586367
141530
399260
323716
200221
666213
771695
752631
607746
745082
147204
650849
613940
492409
704768
175458
422935
236068
986926
118748
900696
858216
780013
884230
689835
955156
995231
997116
407947
580656
257269
808280
536152
470495
945963
636373
950674
717659
302971
558421
462742
350176
123237
890648
656551
728005
966106
893452
864073
866999
826166
764771
639182
520146
562968
242984
475304
472166
240101
697217
866788
311336
505499
402942
681831
451463
853281
546472
983088
156254
104895
359797
320396
942097
250446
790913
670104
130520
684366
448144
897519
424499
126882
536703
844646
503816
679687
319951
875982
733755
831134
742772
945091
336634
959680
540890
602063
812962
987362
585152
783182
906223
758915
103579
848322
909362
708458
432393
939882
392825
780537
837402
631291
721386
288072
475938
225203
781726
609855
915152
429448
440990
657925
288506
677625
531572
643362
193655
344535
630726
592774
941684
450916
351690
859229
213205
261053
567689
545598
114902
774480
240103
766271
405772
775455
954343
781710
900658
650036
391566
815811
979484
646523
387703
267992
324149
819275
811354
331770
977777
356047
824544
833428
620930
176236
692658
734135
251255
260348
193701
266158
848795
247770
932429
254568
923225
800739
850245
737850
450777
155778
553663
344228
702301
755332
426186
840416
574609
237542
172188
466353
407555
810698
299782
928485
886934
892440
576588
952156
966755
584255
218315
815551
732025
964710
884085
569217
765450
648297
307068
130194
704076
674697
374423
320344
430031
700609
160762
818606
752117
146916
198926
159674
857614
398708
902125
658516
205115
478714
610673
985836
962969
642954
715354
608961
607665
513407
178179
373116
161705
299214
403311
765781
873911
591700
900092
217909
292310
960854
850481
944428
921736
949407
918068
693317
262082
820194
351834
281164
212876
776473
180967
175846
419428
796322
684808
927093
309730
676953
214177
371435
876167
431454
951183
664046
923154
765242
695921
215465
640063
460370
973859
561800
323744
891928
255118
399793
712124
420919
580957
825000
197393
661924
814812
430788
372213
413587
357882
581943
990541
386025
767345
780675
717479
632495
358688
640634
397738
868576
670066
937801
328947
643926
413568
466657
535856
482652
766450
247981
803571
261374
886947
814931
823299
701760
245720
109479
115349
503602
505389
919856
703594
272735
614498
421074
719196
873187
875675
930900
655730
545742
782668
798643
189669
196237
265301
625525
578889
931752
687472
296428
193127
574420
111360
830392
190148
257080
839872
119463
574648
345262
939319
278243
431963
553818
599318
965125
340972
474994
896026
896702
834702
678695
609312
924371
774932
774614
463864
267788
620333
965302
464216
627426
453690
475576
371786
543838
546622
125625
563301
121272
370887
416587
299515
616816
870405
712799
581942
125345
187794
391935
836013
922496
970630
445327
760835
659529
133908
224700
741283
568207
103969
205501
195634
457659
495043
467420
901497
941666
493045
378765
962938
677898
695352
176420
208681
565759
789220
604589
505070
877014
896524
341084
713478
867155
686411
388280
440651
634285
426946
181936
202493
430915
287437
298128
788575
596446
579514
604039
538113
886526
882805
415018
478391
578158
491439
587073
957883
280660
191663
462954
971640
988188
618005
599085
769310
304417
887365
209963
752669
314312
205865
855162
645228
307268
153291
433804
803714
546772
851809
255795
433299
734615
570813
811690
226741
876218
312730
184625
156879
404394
461546
942486
306549
893517
541572
889825
111901
342905
913754
764570
557217
119620
619734
116412
326888
673025
364182
944569
133764
215993
200365
467063
850608
585144
192721
977349
461364
405451
975941
432209
623811
351454
288662
744326
244972
730235
634153
256873
973140
461874
921444
444324
395461
455145
460737
622349
128171
724919
480885
161936
840912
581250
442965
605488
980361
535686
582838
355692
841138
472746
687901
378916
638166
876564
123244
783138
520766
571363
853978
407873
933237
689389
752197
328699
144535
126901
765015
986671
751821
245901
962573
506700
641118
405540
112189
621480
755192
508994
877172
510297
881740
479040
789214
519908
269571
812458
217013
690337
383822
884957
912176
231026
488313
578341
459726
532848
605242
224742
433487
357064
370643
396061
677731
825727
615567
689920
447208
370761
198915
324381
695024
894622
703422
484239
328497
786959
210664
359476
477298
408452
244435
303441
539479
546714
781782
899205
979563
387026
937913
327017
558056
222523
623078
235788
948251
152613
825709
395460
423374
838590
533808
932364
733213
151197
416605
875676
838156
527269
235154
229421
835722
293555
432863
375202
740269
214646
188374
633799
501672
126288
860816
959729
248811
483896
195518
197063
450475
835193
406490
687815
587751
840298
620180
234931
891495
936785
110609
729652
378022
159729
773040
127711
353284
205904
402913
993553
320550
405253
541320
722223
431541
402137
595919
494318
699999
605403
505348
150475
354564
811838
738290
842315
652137
358472
977246
457599
209224
901821
101218
401212
961550
774258
428923
314835
880162
645802
222356
200714
951055
663676
736903
296563
965813
332823
690882
579780
838226
196231
630255
106757
822035
282513
849072
474173
454951
740286
745738
564175
642108
746956
865388
603660
435182
208278
732461
315345
754081
854817
330025
705137
432460
966928
815667
312241
213718
506550
792021
865911
516747
336243
872668
252749
518756
721742
626922
873707
375995
286627
351850
918103
933583
131205
435730
368766
239483
168193
498078
893564
836976
728103
512669
269438
608999
328337
395645
636683
648853
187667
502595
979566
423910
289231
232316
756633
910973
673204
630341
200935
859831
796157
119039
707381
827362
454770
890114
966846
522963
388193
774377
273906
930262
287047
443344
453228
429350
738989
989912
978203
740622
492508
871736
978499
681739
104053
735133
506679
677257
279441
521580
451055
975599
540620
158438
716928
895390
948552
597741
332320
250712
286086
506226
994940
473133
763537
448170
716450
416493
438083
608620
971082
744557
480358
949582
340264
484411
598682
660909
975635
778123
182491
426691
667689
537077
399095
384619
432468
347648
796326
578754
412326
982412
898946
407268
369513
576450
755438
985963
892944
107488
594584
864027
666011
888908
727576
906275
287287
326259
481152
262923
104383
563643
503580
586039
100721
802676
870658
347155
964290
580951
739875
376618
563365
638822
597852
832878
129240
353291
818842
922184
274745
327393
700178
840756
216303
341721
747033
403590
567980
228186
480479
486329
605795
884059
972368
520482
600702
756993
767637
564994
337946
421479
755578
801311
874267
353431
634190
903507
520688
366999
825692
695433
508358
439837
536190
624661
681558
197190
842217
163505
239342
322697
549835
745137
120724
522204
265620
621426
193165
847223
100387
431111
268703
755965
146389
142972
923362
680579
860445
444051
861544
600105
139485
369903
939942
489642
808531
535468
586832
650749
598973
726175
787413
962774
385279
808137
484980
464866
343530
492111
226056
343918
823222
394760
913849
869611
351698
837213
464157
212144
195231
239668
626215
148683
509571
566159
538325
232069
915593
939123
782819
514567
579265
570233
477343
864545
292337
776289
243378
535867
268401
369434
693751
905589
578160
607602
689167
743824
358782
967290
769935
367979
206959
396151
416662
530496
862310
768953
662566
691870
622044
359352
120405
115276
743551
497748
879821
935888
188004
937165
471756
270371
306601
979474
989926
784761
501043
593060
528587
759825
560351
298523
941770
581276
594674
272400
925738
370952
855319
588305
962822
477364
761623
983227
406607
505175
394942
286429
441064
396912
137562
726787
481249
344163
706262
471176
128925
207306
964236
471478
781097
438554
583967
636834
833796
178643
809234
759536
363561
664555
261808
240350
955885
923432
223579
362493
428608
432487
462889
683639
643366
500451
324393
124616
658580
930655
409759
601471
951927
287962
972950
646991
626517
556918
283826
374280
549527
993061
133817
727054
571583
295626
867405
441435
133025
990984
617895
375599
337438
980784
873204
880804
395202
197598
819387
867748
942219
229147
469220
808113
331075
356137
455105
771558
727022
552898
145840
276550
545960
179657
903605
931509
289249
684977
372945
322274
675962
890840
511840
827366
785591
385045
622138
994759
482644
441526
862508
424864
484639
331730
232979
715714
501833
502050
487274
228856
954948
447080
319373
414875
526737
136945
346385
629953
721922
533297
852227
311851
338104
278034
139218
937662
563080
575322
846388
945724
830814
708898
284555
315454
854594
331500
845135
356428
733551
246376
399251
688500
593456
618624
103377
934159
655569
263728
564113
377492
610991
330308
503309
763062
508342
456493
700725
885388
931816
547114
831113
762631
169979
929635
892052
924573
261136
737188
194969
894687
797530
494220
497155
390987
926810
414498
239113
496346
492192
617193
687804
103185
847501
191114
680213
269810
547607
294905
155200
479424
742019
800279
242057
725965
643881
948075
564505
805018
685264
659474
613672
396761
967660
110828
601714
808437
339292
740827
304784
731485
358021
892588
648636
119489
983702
328850
203266
531311
523755
172432
824701
179741
786677
880724
805706
430560
828800
284179
235579
428031
757619
663217
724792
725281
674046
326507
533719
827304
881301
652470
558790
153289
545059
121393
986744
442729
264209
190011
788006
687964
176409
612708
681672
863086
493434
401345
207613
236201
585524
257158
564233
343145
820376
202992
882392
494423
343466
330078
235694
224768
882548
694485
192023
341575
629844
178768
684304
794054
182745
472311
395985
173120
985019
977657
850173
392420
379004
957786
442588
778494
214946
906821
935605
935322
923779
817998
343712
267246
962043
479406
305980
758558
987857
398004
100134
617703
390738
684438
411758
387450
970715
707743
460570
869702
599368
310744
262123
792338
268532
518677
484799
297444
425499
420406
232767
263246
152371
476479
430492
114415
769851
550439
772974
757710
762409
773108
375414
967113
371514
601138
354564
342230
222848
629101
125899
722216
753811
288023
428521
922343
706700
813321
219788
946166
233728
266521
123379
286099
643000
367837
214481
412853
818276
887455
984529
494652
574530
273910
461767
760010
775048
630297
916207
811862
259399
942106
448046
913211
144096
776567
749521
664763
589889
783276
524896
637583
949797
548275
737649
506765
816112
852130
733584
548356
739586
718114
943008
228083
892024
318742
888094
581039
763006
804302
306868
922405
746409
654914
749583
704472
431483
413072
369236
835338
110315
794132
386889
874078
342408
124539
294810
972486
876669
928394
520843
530222
560475
377819
572271
366466
596561
460366
761471
359568
178635
968340
195941
739011
623255
759490
443484
868704
986528
712720
704044
910809
506853
990933
784889
663227
929438
979699
635714
806108
822061
970524
250297
382537
348344
722568
562970
758871
996901
324442
932406
175537
292783
942313
814548
730005
615770
171999
598710
602300
784719
216721
513110
205539
121621
211966
768766
951059
191667
318448
671134
913728
288973
735397
210232
451283
457967
673202
124121
454869
811611
956527
444372
918360
898841
172888
648366
428579
244887
161044
844845
929607
277765
271922
949112
213353
383889
631846
164413
475556
850294
649514
303251
953233
384912
413483
318483
742879
900652
342604
111715
712264
299133
456088
630625
111941
528976
278993
440520
587829
254003
199332
517437
431768
371255
380517
545121
655144
912363
523501
944666
762658
173016
247918
629858
371894
475367
848341
928740
376020
104912
940455
902250
304045
310510
532877
229953
653452
625836
484439
241283
779839
583772
572686
125574
855027
853203
484662
424138
765567
908163
368805
442192
895145
516723
886016
267040
806056
648324
195781
182078
653237
950203
898294
771248
174680
431172
901201
642099
870974
299608
697348
650814
697346
184001
590355
552374
937205
975017
790478
616739
797147
159284
872898
692293
489973
672881
773299
296030
321207
869081
292074
788410
733251
190370
559659
721897
435508
374828
363997
306484
574436
961345
771264
271783
145348
361620
638123
896519
250604
428602
427225
947751
401852
214090
640045
791825
786972
413346
901821
922145
196394
193897
710556
743611
284267
184182
465509
619775
459010
729507
740225
847412
604819
511491
933161
650167
687077
571285
460653
837682
813853
701845
785434
129672
815935
339447
821497
516874
652793
723320
439020
663153
731183
963542
406765
915450
147726
772274
449192
420702
415748
189419
268116
920568
600910
201278
484702
201954
586530
845356
939636
314350
461168
725072
344023
277104
964519
979486
693979
531279
616773
946965
108399
347957
910509
329130
177374
872201
101405
526567
292904
417154
529952
461020
251689
944828
476265
636391
146783
962795
395714
986420
277146
756882
625459
435135
847953
503945
414623
541933
849190
845362
402865
857589
193321
227341
186720
270695
999542
102091
611228
206414
333211
955146
481400
484900
899975
857665
121293
860725
820461
330973
847146
911574
987856
386572
260676
835810
790517
489265
291710
553674
334629
508541
411264
427950
549849
411950
512611
463358
414041
937806
569772
561219
892953
951173
946119
706896
808839
881378
567622
543268
126319
328735
368809
114176
529273
529485
763952
233757
832717
869628
687431
167347
292136
912661
409263
741985
324612
821874
205345
552619
673647
675117
113839
480568
540257
873925
101431
263064
669270
569053
620298
695589
711754
803073
623731
154994
246525
301650
288751
979242
171279
876182
146590
277382
788844
455853
919367
927422
191695
938678
480042
679308
527763
407848
159877
968020
195740
161308
145051
765010
544327
665349
460601
170048
468423
898298
225042
614949
199950
413793
508158
185195
203942
554749
362577
892786
824568
195912
734175
830229
134591
214219
509539
562354
436033
483382
444342
531773
458657
489393
296784
816950
154744
571351
886999
437133
469651
926007
866048
569601
253768
374208
568762
357710
742923
831340
164464
567492
927252
798639
311689
875809
826824
635194
352131
262858
932542
696473
694631
391200
185867
805382
208152
154577
290700
909117
491711
660351
835125
271726
143919
988893
545934
612682
346605
202824
357989
411069
670317
199208
123675
795972
975017
850500
431167
327149
113359
363710
837588
621957
568877
923456
341306
677029
978033
532006
586147
383711
106325
335239
555438
964209
324134
915338
576892
484705
118164
748847
709740
602447
848055
733415
398420
737040
583916
643553
878155
511242
821229
715745
947165
304073
639202
202438
881102
531202
634444
381216
728880
554735
530422
284319
518946
754556
113624
995838
153228
945753
744687
762968
548201
506709
496384
760587
243750
894267
318107
121907
319476
953303
737652
180608
257377
290821
283046
952446
635989
817490
247629
364870
372227
678051
463155
791173
346574
476780
700978
399802
422534
359632
162771
784702
766342
473122
545290
824058
367390
677364
759931
500832
630668
497584
581440
788045
602371
764486
740492
238362
495943
802088
417198
682136
480140
780354
473310
640681
171101
988255
940483
407601
347888
917221
192304
928196
390344
551561
752256
571700
228926
512188
972532
673560
823739
467939
461606
340077
232426
116066
392405
542335
818154
709604
224473
212261
403925
511749
752942
475026
500005
607393
782627
661860
524615
874932
504023
814959
426494
170246
386660
469386
496401
273159
142947
320141
641098
418519
474184
687490
434585
766590
229826
166706
390161
268265
192934
694086
680015
759842
169113
993986
367236
765706
569813
791851
640639
973837
520777
881099
958049
807437
264452
454451
894562
307399
588558
535661
625919
962743
137118
874470
643300
180911
855143
933461
349176
862043
541514
843157
621886
524593
837145
889123
290300
320925
594941
744906
208729
115720
539972
166780
737123
704425
521231
631687
825790
109791
981314
365676
886500
932399
154114
529801
113311
823223
377229
276453
685267
732709
119612
221120
257303
770723
924209
361569
991648
519152
920441
200379
448838
460415
181125
185962
978806
602356
631615
718563
526113
526897
898206
412614
459297
952320
756381
472608
775544
133611
649061
374778
766320
668673
495898
837589
353363
420109
199160
345013
753227
119602
359358
202066
393983
440483
201994
286756
856805
733610
905320
382920
260508
717493
609500
533771
669814
365883
906379
359325
399494
469407
548069
979781
952047
857933
731337
305411
278043
830497
464390
845236
764066
723748
861268
972015
978197
963263
258773
835004
610840
978059
217925
685314
695553
641391
219086
279334
907274
939431
452625
220736
408839
900694
114484
274853
758628
745821
480265
850638
490286
844655
695875
254353
482371
471111
140335
460569
434375
213074
295574
859181
191134
327465
544496
700653
868857
663582
793953
690098
516980
246579
810834
825819
147274
825318
100674
719869
485107
394905
570508
875393
153527
180350
129747
535898
551461
170082
896468
799802
197123
106009
572950
288257
247441
117447
802877
930264
594995
596831
620363
111976
657377
345165
751762
618617
170484
666402
338487
469557
875273
722961
344951
928800
803312
374698
464700
268740
358747
275135
882509
455870
195110
455460
558093
342551
386874
274937
272816
881869
685735
707146
807812
343113
952311
473541
861730
936761
139944
114185
406320
915217
737146
651271
757984
454425
839936
222685
623166
112650
311786
419642
382486
320863
775102
754545
563414
161977
929483
650197
857813
529185
357344
579592
772298
223622
953133
547995
160384
907043
562180
380670
736227
213294
931942
494212
567719
685845
530864
190886
698495
742650
424494
980981
963513
199598
735527
440895
175541
578977
905058
847320
108163
176369
426913
694427
299991
294013
156390
274341
201057
532536
555012
837284
645830
400921
331498
213551
986766
676328
218403
685262
418979
542898
580210
296460
556462
229704
551321
545969
622648
456380
393291
630811
532749
634170
239206
646706
828184
209562
821047
843207
642098
376060
594459
201896
590947
739923
315447
577714
416252
347816
176943
649197
704680
657153
845657
175109
700824
310945
621079
323473
667325
828336
768250
114041
376473
821422
660747
204658
930984
481796
861832
573084
671822
456292
674980
176737
196216
804393
654451
426434
966175
645361
975631
670857
216481
735256
659932
817305
946201
281012
140779
613528
923314
722996
541535
299789
544419
202284
318413
475405
498046
180246
862455
983834
450504
451402
160572
546720
169762
628990
787120
135938
274352
762753
620761
390833
498010
280695
208140
444212
375673
162885
871706
298989
785881
413243
498778
330302
429493
631157
619673
741505
711404
482129
725340
161909
833531
785913
522596
903293
414904
223683
853197
589256
886436
473960
794055
298413
568621
902195
556592
844294
965081
342265
143284
664929
569474
456028
895231
898967
901152
514905
640473
612557
811000
279781
588432
558498
965694
924994
375758
294565
148679
228957
697787
849081
516883
491843
147496
985504
308006
604088
829799
273088
846353
787050
751983
415829
157045
561182
228763
958197
976087
683203
484721
701055
862984
887120
259554
742645
812115
535313
937210
774760
578236
548964
623843
995119
940807
585305
980624
248814
103360
724390
335868
763679
511441
987852
993474
568487
549035
222239
440651
439089
719408
825373
954110
582393
712494
213666
325039
438576
562945
176216
213338
955147
625180
651147
950267
565988
150419
844858
628769
153779
569249
778603
731424
980691
680422
724900
463145
229458
761105
717762
482514
480514
543136
436625
876873
169597
464257
201913
508174
841168
192095
535478
796316
717275
100592
660550
197230
151011
505409
639965
118756
974659
418570
750180
869317
998992
475081
246429
142418
150153
864191
524932
530667
407329
775523
407541
390892
153748
423420
799066
894916
515515
334545
605200
146757
335137
265751
157954
300114
671161
697919
318870
559787
116490
969051
429105
929449
358099
575534
971867
408253
353692
410766
752886
574987
100256
160429
865880
154004
397815
664947
862887
727297
813459
382054
688020
962562
547805
745974
262678
132933
443895
395514
592720
374351
364566
921825
217767
536632
411326
189635
844885
665019
414367
597772
153973
328590
572167
919853
296560
783949
498768
159448
425213
312228
355468
113234
188757
803274
673175
351435
836207
117071
560916
428929
305388
739448
264721
423156
276081
490014
426757
934932
968999
655091
532706
122973
883681
918839
942827
180242
616755
441596
153657
941968
567790
323091
869169
656547
126366
542345
821949
776540
473382
382866
205470
592736
122315
284157
915892
298397
674171
256617
233330
643171
725674
580002
666145
523322
412809
522939
517530
929564
778501
485153
785500
346292
708245
654670
902839
734611
110982
724789
511152
484364
107656
530588
891066
129972
714746
720926
242335
302884
877543
375665
846056
517184
769634
426168
940506
182444
763073
458037
925974
541575
843191
711475
787867
551437
280112
604673
286049
291094
329464
611168
589424
251086
141757
480492
195024
670469
201419
337359
873354
892928
526991
633377
410113
296626
959545
350620
293036
636585
622623
219011
178161
465815
744453
779994
917252
924565
384668
117269
129627
528098
628437
533017
679185
584160
827475
774209
168597
928894
925535
941951
735789
452527
575329
959868
563119
448841
224455
756155
985426
747079
789132
977553
212895
533586
757548
944114
372119
142217
961383
401746
570316
503787
748729
163468
901913
576206
751643
970510
505101
677179
826428
154858
943672
315724
114727
506792
664565
239183
176914
563958
886262
780013
541512
913123
313600
299061
857238
585719
341279
732588
801431
725561
150342
550162
789029
952256
126369
540673
836733
445436
217854
663163
414260
975492
878887
428988
396252
457420
482137
473166
921378
282366
253180
462892
195490
380747
575919
866695
780432
731164
513250
581865
456726
563593
945993
245756
429816
886328
686430
266550
245731
718250
829713
559992
607709
622568
802946
903961
979988
285084
377129
901367
381416
444275
278226
390872
725022
668112
257568
419422
399277
584785
815253
756004
148379
761247
901760
478195
561542
502157
644745
707273
134374
388426
181232
642084
910994
884178
546046
804949
983228
737141
706317
278611
995383
798510
569484
634372
466623
641018
953794
765900
225804
769048
435871
188149
444262
251599
566344
905804
567722
125057
527045
602097
413483
522243
158148
238444
320389
518160
943393
217584
255303
563677
396196
164653
362188
779646
699025
642777
420665
652821
322645
460436
335836
658516
548585
680099
810115
114931
499870
377839
953953
840881
793902
367437
363126
852050
419847
583515
370211
363241
701099
439480
740884
911261
504133
103074
690908
117126
559817
925540
583913
782462
385977
819749
440980
834562
413815
165062
763459
727652
442901
717413
568534
236804
898816
831660
902820
232630
329142
273033
409837
844208
526479
150723
755470
844579
967762
360346
861705
527580
285887
359585
310044
485830
179335
564990
234359
407117
630052
897819
134770
886920
529199
603304
123725
341983
348932
926546
474613
492040
113546
784451
250215
453991
749140
819652
298571
716903
179999
974242
244484
279852
333828
368494
665682
327130
747450
800041
634247
291470
611827
669017
178391
141028
186288
116082
296977
349186
856594
585556
655193
870140
283974
805408
324133
933114
625061
436670
650018
705060
410914
708469
798878
558708
976963
464561
785838
638381
264604
334052
829851
776431
817035
908242
731425
903324
838290
928402
166477
694886
427926
635636
478993
611900
441046
703126
458982
880073
953763
922966
585135
278644
631436
297980
737352
522367
662542
437158
160749
827146
671210
804566
603578
488247
626775
248971
305538
465066
177374
285981
159953
419266
821618
538947
845133
262665
156040
304116
142739
923769
227083
541840
202414
672486
739821
753733
194854
316330
190892
169569
143477
676068
874135
561021
978281
414877
709992
283820
779943
701333
383768
753863
120600
205387
292811
865733
282018
262817
983815
238723
186588
210900
594530
289002
697352
248318
856701
792206
464648
947593
775741
422091
537629
563843
883112
515911
878720
507072
613698
572630
208406
897466
326494
142972
916819
519305
822672
112804
596089
806488
251527
682677
831354
660023
785645
528707
808341
642348
234880
272990
589942
824587
595081
941537
388431
392161
457450
181118
799233
885114
653749
821605
696547
880243
778543
613367
313516
601216
540137
809605
321672
691664
406249
966992
351689
191895
409667
973996
734243
544547
160954
238153
283102
570001
179691
485499
862162
451107
566618
575362
336222
134334
396968
932769
828543
175513
460103
142060
590695
900240
765631
812367
505872
171881
779361
671527
263777
102995
645524
811986
547542
706478
950139
644610
276481
129832
130111
952609
394905
596729
527973
631128
545029
738907
477864
373573
814420
837968
415634
319083
652175
995231
945416
158048
981079
638744
729575
158823
641739
289067
870809
103249
809511
820950
647859
985992
764748
677970
938603
159654
188666
380543
604748
633695
119451
982613
821235
747838
734548
236870
966921
386724
146068
912338
358739
127148
465050
902280
999936
106790
191348
870747
110039
900860
605664
571865
800819
370413
249836
653389
344033
252469
933932
848782
700130
867350
831396
521366
615189
479911
572202
496077
766635
618271
322382
125375
559385
687432
927656
473289
694223
932970
344037
618228
747797
763667
190094
548618
134081
253897
202008
292080
406366
949907
140863
920462
817258
786225
441830
432448
266137
914032
742491
932773
446270
964873
872114
819622
652307
713737
292912
260497
560675
450915
778725
308473
214583
868820
757091
162630
122718
773066
354710
343050
722974
309540
263513
454199
995765
605343
786647
261904
433343
529139
108644
693579
407979
794724
427168
960286
422429
620080
220784
883104
884961
899510
105544
999544
682297
676602
976140
618981
449669
330852
862031
986609
540392
939510
440809
450124
458821
227457
525994
792164
570562
448604
399710
878541
243330
726879
752795
479725
260926
873579
276796
959854
687056
282340
959399
283320
858942
849507
802301
222578
180360
578299
209188
534718
517811
549997
798808
876632
591420
324804
582763
975948
673408
796439
768457
730704
437285
521253
210430
598212
308799
387226
558067
809822
483533
431433
993142
256442
280941
709411
379021
275267
287711
402175
623951
619488
852173
422761
410087
357560
561531
806816
333510
234940
603257
915933
865645
940542
437187
890041
452721
559952
191235
824754
369775
574768
170155
276885
645176
265062
886296
924197
440330
987973
326374
878247
521429
992513
214975
831516
350074
676506
638334
497550
725413
155558
413484
591059
910066
664637
481101
362789
224591
486302
187544
408332
961070
257699
585217
606248
336728
385480
444412
591024
287421
584752
469272
708850
491232
498214
540367
741307
174721
992667
152824
800134
148226
380275
305160
958293
944912
600228
235049
169504
986530
236559
391803
861568
308225
877020
381783
544953
176468
726195
135978
363889
224915
419216
972739
616147
817430
513107
271421
806118
419742
324246
606253
467968
518487
725380
340228
463400
239575
389243
446871
226106
525803
738674
901640
734028
529661
283424
192948
606129
823586
228926
870018
948501
548142
842758
478615
279540
269833
650037
985658
589575
788249
591912
871509
306737
231259
125705
670137
370834
414948
930974
410907
754717
669649
312548
402712
113278
409939
495660
619407
147492
538552
489427
995993
900661
246152
474609
180202
329951
938612
165861
819526
726862
571739
605003
847565
616965
544674
431670
887799
859622
362645
212673
528307
846261
339188
831019
859539
649127
240647
392913
610585
593165
696306
606579
493827
842459
895154
487995
172411
747734
553856
805904
388563
939562
324874
236130
556528
769548
567800
358294
629171
744411
470968
971444
504639
624122
716431
364179
187216
857078
657093
697801
364210
353400
218347
672004
109826
113502
160000
996203
675202
527823
802108
963766
467386
126983
113863
923914
796531
495629
196175
339669
240041
481109
225081
644681
105232
841512
822826
192448
612557
393886
704215
876767
561253
822562
548772
485045
750031
522739
481249
425234
950562
197324
302967
417949
138273
316830
255830
834804
712459
352005
988440
766467
647081
127488
325115
652313
869000
147942
658728
481558
355795
362944
272292
731014
999473
635031
216060
749505
157771
597310
988705
108334
608600
291674
340249
646874
422470
496079
395645
134931
662050
384086
801398
223098
325540
940479
775412
194541
902387
348107
490065
258183
525017
662358
889197
524491
211356
919224
187963
269127
516535
176670
191427
939101
282310
431676
585976
604780
741721
881622
553677
317738
179675
269042
440837
405216
209522
130216
413723
111911
378323
803789
184060
717306
380114
973258
155765
491470
892483
243728
574563
322985
234364
665990
176053
330640
911632
662030
835421
653354
543653
303065
871092
537294
472108
225896
842510
581630
256112
256235
593541
448401
873990
677602
165709
254105
564827
135440
559541
371277
279168
134105
508228
327499
614061
584281
472105
525694
246312
307527
993014
603931
424559
778073
141227
796667
903970
797703
378298
160083
867904
785806
422451
741895
377375
488160
896000
756168
523600
455542
941411
616734
403613
449640
758199
917674
847887
230306
357335
908166
351799
350350
512098
676358
128425
467291
386992
846361
178962
665291
906444
946866
365064
328896
688763
642439
631022
498730
312574
968588
768239
253986
499290
171853
603626
171456
903494
365480
215728
174796
273647
467528
425147
599712
957852
367538
880969
344846
213900
959931
824103
934310
820765
189168
177174
509529
645573
622162
822225
858147
590752
590465
926099
904008
576285
443692
975464
393746
709172
191194
468542
796786
472688
707655
396499
344507
889159
277469
503319
917025
151368
241389
851337
872133
330557
842477
295629
790096
464640
117855
562210
869358
522287
488310
687333
912538
745968
576765
306285
455142
581925
588793
251929
954613
210416
462394
213087
999575
553829
530373
916602
605197
671762
681906
391297
816286
524384
586926
606383
802990
518748
982560
672350
941035
384837
273650
767540
130807
750415
973825
399915
332341
476585
465810
200921
587001
742170
314009
586578
296000
744382
417147
715164
416145
999053
106462
146398
437404
507355
652782
240395
840069
549309
726711
695071
834146
900362
462612
778919
650778
436438
992800
797086
726989
458611
898007
313992
200782
212017
714536
310749
770365
131684
925913
100478
944703
846341
146876
382108
267663
613624
436469
107733
976899
977147
702804
811047
791476
165417
503933
356221
415821
496735
153308
142812
769312
951316
270770
870095
977299
885306
994810
661632
916990
920724
662110
861694
681032
622952
157769
848696
150544
408204
770395
127444
299318
473201
752457
904760
452584
256392
260983
682372
567093
228257
725184
336406
993539
895954
120468
970840
781261
115279
632473
612218
849969
208550
387879
531003
645468
359614
293666
696012
581784
964061
723457
781103
351229
475915
685864
703814
546273
760813
386187
113367
803037
925337
263740
796577
735258
284208
681384
430486
213454
313858
942704
963423
336374
244550
408393
881843
504164
516025
491822
985948
480088
215280
681018
731317
505162
280850
435132
951435
855629
635285
964803
658667
560623
228544
455246
209848
326718
136631
540334
440172
264456
397005
317563
414796
541555
539922
210606
859685
955948
602429
845635
436037
631675
440620
981320
136838
621470
330420
988274
391067
865705
953078
949734
340296
995588
318947
450144
322307
269545
804445
576446
434001
201451
794009
662763
556973
247898
773370
416659
203847
289766
176261
453850
821441
516882
435172
858280
952318
665592
760521
343386
531298
713600
207088
685560
623155
426035
135706
759428
595580
754117
335875
843547
855568
943850
506312
326508
191750
193649
643168
295597
383415
719429
649448
204857
150278
898586
877103
102598
564179
637625
259950
909443
265192
281004
595005
788347
607040
544677
547777
116587
298795
697618
860135
968329
641470
280414
294839
647186
374063
838007
842783
657478
471403
406198
676301
521682
218751
553406
438246
682930
191032
512162
506341
270191
693167
101347
872504
214174
459990
420282
230761
572751
931867
904862
541081
573338
185277
649886
134491
459340
401860
791240
116819
773264
197440
693121
208913
230157
160494
461125
813088
165492
873287
319430
335683
480421
234743
208189
594595
594733
442437
639323
167485
374305
544186
522532
761609
629464
172420
796100
988804
474280
587342
919590
161511
598748
526678
270424
642871
587172
631549
455960
566630
418804
589356
802314
713191
638065
824469
307788
232799
266907
761077
214250
455179
305264
636783
130755
834728
623169
740822
737500
997449
242131
657091
158962
654845
183770
243352
297717
584908
688868
653678
151539
921638
157001
767819
634830
695067
592289
756584
741832
673163
517662
770049
942308
722927
320799
973063
471622
843968
713886
209123
755384
856017
766214
728312
510863
763950
871665
622547
262825
474500
190192
228331
396139
247193
896150
930969
756226
402407
687555
412026
889536
205218
182076
831845
742111
402875
718875
213735
160810
432763
322858
816194
202747
903039
458474
527577
666990
244106
150125
829816
618606
240317
872113
914745
301476
682230
845715
957703
984637
447237
369730
788140
466422
365772
619986
208534
668647
252829
322269
643423
585592
459094
459618
602305
362134
732058
943848
843090
876164
907939
586873
494771
148257
458987
409517
263700
141219
169200
135370
939822
430403
319066
727964
796825
584838
261917
819326
167452
414746
955561
710875
814304
414656
984459
416611
590756
716519
274426
433848
592684
182367
920721
901422
144590
293676
224906
308290
334895
294106
257626
274718
538476
476692
816648
335302
961530
978566
968594
942948
393313
924157
653824
207619
252780
552251
438196
743537
182737
612622
991351
675421
608955
826039
490810
653546
119716
615717
775802
354611
809823
933429
443296
262266
410122
259945
411535
285620
152478
380130
142535
445792
304288
610326
467377
371035
162578
719539
114573
245315
246128
919890
734702
755084
745930
225514
322597
765647
741231
998399
934224
465021
931829
377521
627288
255919
451433
938823
355505
417877
232920
398040
763669
437209
908366
145013
622210
884910
678518
550749
944191
824647
470640
678895
493698
216571
718375
716295
882218
459607
714695
816444
738594
560492
107932
279849
630377
373331
218673
885882
691209
351594
197889
368845
602769
920222
327825
138946
805133
906343
589695
749326
730991
960335
342188
138656
176907
960563
754951
959126
334137
383614
689537
972731
844106
697469
252582
388450
884767
285221
274333
575977
450781
286188
844822
867516
206411
172648
906462
825511
978992
496158
488804
623950
456494
730992
662607
533402
605522
331525
406495
839659
615139
909998
726357
459246
521434
792905
747696
406202
978127
835995
882179
342875
936150
640969
210393
956527
713617
116856
782039
606576
513015
270844
144494
783475
815802
621067
230844
421325
852592
451305
174951
467733
361304
801309
740945
696705
594215
402609
102908
486309
152571
799054
729185
988721
440024
839578
945250
967607
770400
727290
488151
197382
812101
532645
880858
541870
153713
925668
863196
820271
376975
938147
201971
552245
653423
842917
248951
247640
245527
251860
547915
212064
864880
277101
200787
304905
930645
146038
186479
701047
687294
574630
798429
413362
107276
593254
855233
974954
518924
632396
709193
709865
484510
811164
262111
137935
654082
325029
199541
713575
390855
647456
825640
255736
738524
840393
374607
669170
800397
461086
370218
401658
935717
982614
628987
856959
575869
484221
745881
908759
930583
369041
618625
415094
180206
694703
366995
648255
833698
466536
275797
224554
927959
915403
294256
666484
755797
568863
249621
470161
843915
519840
771820
779633
416421
400808
550560
806256
698995
210408
715017
543545
479449
247609
858639
559655
756278
139602
121877
589977
506138
297675
628497
348064
213079
822753
914548
782843
391617
164171
166971
149500
497977
838791
829133
814398
153566
293660
620655
666527
318034
249639
210073
697483
397249
882679
171106
153528
922281
192983
557472
342386
304624
185970
590451
331670
908724
418966
928479
214308
397103
995450
263808
795080
748209
906908
523445
715741
114535
958067
382270
332570
207707
406309
930053
418922
202955
915125
386417
939202
922075
843889
281590
226700
929859
686007
458370
752550
104974
300816
780825
316044
296268
944633
111125
944477
765508
448537
574185
780044
406605
856455
112615
428278
176732
856634
661167
279687
685727
947584
132857
607803
705440
314447
734503
549266
814420
106841
301818
733360
221623
896609
949404
417891
841243
960530
276335
520719
323034
750521
300764
543605
520943
227345
871883
511641
897945
447017
605295
583673
394602
638152
105443
914008
766565
653913
463276
580986
660754
579060
314347
696343
475670
263753
114236
230880
138250
204537
651599
275250
769024
766329
718855
203935
893674
590739
615576
705587
937757
134838
203227
246326
672990
208671
160336
353522
762584
437578
834508
337305
916638
962822
933648
306275
140542
861850
437155
992757
880354
902721
268008
649379
669051
886863
667280
476693
391569
196824
182281
243293
231662
199474
389620
718619
308145
363922
972141
884695
615466
806651
222001
532105
683440
155651
652346
723982
831467
903467
716740
711822
806189
798714
275169
475242
685578
842449
765901
977147
939273
848182
220442
170937
947656
424028
789556
169769
601916
761698
954464
217383
482316
176467
563454
165757
146084
215801
703705
791517
933234
334412
503341
739425
133127
678510
128634
718705
520960
794535
609820
460235
642718
644228
445138
504341
882222
148661
488076
484139
724325
442542
601522
206643
432975
978942
186366
393025
108710
790072
184543
941944
938450
587884
681370
971578
180361
710004
604250
601322
418506
214071
875523
875190
672265
234628
379533
554488
283289
681575
938627
907614
124118
454116
928223
371059
347025
114591
664084
355735
718629
662594
297681
657080
250479
793017
542625
330841
503023
146877
746129
821529
174914
621653
696721
661146
670247
890220
215635
853536
485762
968229
675117
509881
422346
603342
694906
669372
617933
272958
839073
250529
835552
136755
721575
899997
829773
178168
144805
246763
225045
790934
882258
213925
326554
492946
775071
896801
297133
804673
664304
682896
772903
339423
106744
109216
842765
701650
678588
374665
874608
517663
439160
624127
468384
160736
524126
212124
238904
568931
358887
277915
273833
155113
305807
500387
548059
894844
311156
659159
699518
875460
342056
472422
214884
348800
481639
957649
864416
974193
246281
652992
405823
585441
277120
774208
560144
615212
800298
699048
184145
159187
790930
271944
128266
996737
672331
576325
891582
797453
149451
591102
672915
391507
877490
787799
554273
359130
659416
418691
247291
719663
885649
553114
305106
162770
241289
765250
591949
941588
378265
590060
914741
169196
762004
856973
979899
348302
433299
785449
145757
482751
290518
718672
688224
168009
420438
242499
341106
893820
475156
488397
613485
360806
855477
818591
337542
910733
497808
743457
766288
776073
333518
594996
759236
995522
451970
739136
343826
699235
524586
389583
995952
715104
922221
684178
697080
342660
740643
938186
150448
129766
340550
663933
390572
109994
396491
542080
920727
794299
285539
687016
484339
519057
195979
243576
428547
547949
882713
586339
247186
321266
789888
243139
936371
712110
741283
633452
868736
395893
485605
919184
425659
726155
497084
630197
736149
793575
172279
570844
501841
271784
171827
886181
604807
267807
129758
933354
629722
826437
519694
776908
147705
309583
834014
898042
835659
489264
531495
704397
785158
831066
537548
210818
471188
848599
654982
207338
556141
727261
592148
957983
813011
663976
758131
417819
745749
701855
351175
375472
528294
684835
152382
489965
894419
800362
388008
644045
203593
733469
348443
888751
564536
699958
913536
935724
548558
568519
957028
104700
209747
463144
876649
922758
127121
634781
340578
772870
336638
505719
148343
678898
190556
114691
168864
898941
729019
456872
542987
832613
190342
705397
635331
568844
405356
462834
418535
767880
845319
375564
686546
955066
738708
563197
791791
679795
197979
946336
452666
348583
452056
414976
841447
456578
343633
910311
355520
972653
281150
712474
805267
285458
417872
354565
754302
637194
717400
172838
405075
562720
362369
991621
431754
915043
468785
223546
594840
480731
983848
861472
643280
435906
190415
484729
792484
434049
309007
961971
406703
490158
674446
125937
589582
906284
380502
257852
543479
997902
330690
762520
474590
507025
668108
806344
336036
950860
929890
744842
431592
913740
520281
974872
263613
610697
459602
870063
858712
668610
746001
179382
972734
334414
205319
476283
240699
399787
634135
598144
311657
778792
274631
686247
285818
756706
492592
435820
707567
336449
180663
139160
164156
600945
114033
327769
125609
387602
111800
884321
870178
757801
963703
756879
992216
982988
233163
146882
382776
767299
645027
594433
546092
733624
280681
645876
490331
587239
981697
197899
823689
976326
151025
887845
577272
165059
129582
602881
366627
141382
401169
150772
713149
364873
807651
705366
347862
940814
752249
544605
622080
311243
953004
982138
944867
233687
628016
349166
634892
523680
447065
458582
500007
498091
260395
891246
477116
289977
408094
657709
331359
709264
708481
944508
888103
516133
563842
235967
370914
230058
594538
806961
355267
547543
789100
214101
595196
331083
463267
230090
754763
810333
502638
168738
222391
663033
959984
513473
853010
368079
171183
998335
977343
693630
856811
779414
123730
334620
829347
394644
464678
423886
201606
719945
785395
804673
834046
380593
135757
297315
424649
704487
921614
827287
773225
957971
404288
647176
385411
171265
915255
456594
983567
806566
964190
840379
585981
987920
175000
415329
382565
453644
653181
398138
987555
438577
116778
821602
633136
152535
932883
957785
670988
768464
699040
444214
640402
103329
991390
925813
988559
820613
296374
972127
541146
260565
726473
941093
248486
715439
270389
445018
169084
823570
657122
156640
262148
673900
792209
709251
640401
639059
667037
225357
321491
280044
569571
861893
283373
474929
701674
185900
209509
898048
158028
650655
972580
698468
505715
135033
413908
676104
394017
396959
499675
951139
367565
575789
539006
159775
285041
993374
612801
766045
218732
834292
946089
602269
610152
143430
891164
225793
229330
914639
937808
201324
479261
910389
799792
884976
859388
127668
561081
253407
424627
960756
118513
692192
450513
557520
665934
635554
464861
192702
315566
497559
926994
261657
999828
451113
305087
804960
576907
434417
719600
514716
449707
198863
339072
163467
983839
198461
191135
544922
351868
429728
419645
370382
935886
770158
741868
601821
319680
120696
608489
535246
518255
449450
610869
432050
800564
815956
237011
291438
164340
856612
620120
514048
869441
859192
491481
767247
871619
582616
226136
137455
826310
545782
321803
762197
229907
963671
277986
363553
898333
786475
712766
416589
235927
323636
748639
850457
139594
885651
141896
117900
656230
662016
531948
439638
435175
837395
206886
306795
420012
333023
258216
160289
692771
480019
822487
822678
357657
100474
100199
255991
700915
712965
572580
836842
936601
235187
601266
890161
120839
643162
908062
591035
219145
353977
930673
468286
191374
951525
589048
425352
284549
747264
485642
877320
227285
222096
613966
398908
136536
614165
554900
737451
241097
941446
488261
991664
176634
989527
881827
111439
546657
703856
602474
665802
871799
447114
134090
877139
398641
623138
216459
497156
284369
516067
374478
325620
638163
802410
624529
674699
330542
993395
326117
471639
934842
628344
463304
925443
617873
259098
936882
978496
776920
453324
558265
562687
714404
506321
439827
113046
943425
470252
510203
227796
886319
698647
453416
524483
415024
891911
113149
645566
885307
339267
117206
734117
867611
394476
659561
399451
467541
510410
291914
244462
777700
750180
621115
492106
256502
960943
419118
113895
345162
829321
241691
231483
441935
509073
655966
756959
400986
583082
316492
286294
822349
333698
834377
603927
542141
493939
817345
909682
818316
109260
968110
596017
673406
589227
988123
743875
464137
407243
757770
709299
150531
899461
840782
406433
322501
410716
977358
623487
893798
293852
723748
630114
441516
558126
148008
883657
866032
865353
707306
684349
788580
675418
194333
461987
178612
996423
119829
542749
317633
777599
252049
368164
591027
906798
588563
813529
231481
565923
437017
125280
673741
974731
655394
115258
532859
703402
812882
312858
482723
520189
897207
185270
109574
905506
547257
188186
901930
481053
630935
219564
258653
696951
401695
749681
517716
890258
563211
649197
370148
814194
674477
943889
788927
243838
873114
235753
761206
685997
448611
157896
206187
259785
243166
215762
165292
604390
217914
967223
985443
748850
100754
244097
359768
402449
893778
777484
206675
370956
426682
476823
999117
915125
334680
702011
972929
207795
837764
734136
707758
286376
792033
813945
446161
935199
843673
425419
539590
961588
306609
525034
624405
307364
583098
798139
523779
390843
575624
630454
575766
816272
921244
574884
645364
255925
276896
618294
277686
928626
266397
885444
215003
958430
613356
475130
807597
370997
714515
261154
246552
921125
600155
770957
228490
183254
483063
652269
474097
958687
196691
863829
688926
117936
438714
334291
187827
529576
766551
365513
458203
932948
250958
487172
891380
764314
862302
612944
135312
490785
688064
281864
411911
288220
866787
454367
285440
349851
920602
573504
222505
117294
437334
725397
949195
776049
959688
137023
305626
726240
402536
577796
659190
467460
964968
464537
231776
741238
891447
181054
232024
579512
276885
457901
767733
957638
812268
953173
221457
732871
526678
343962
664132
777979
969360
613328
554029
843015
650352
673621
483223
866854
251418
956379
334316
130354
334883
380058
771592
226331
375078
817582
705843
551963
275484
387543
423569
987752
254684
545026
634590
595328
702954
298723
373308
586281
812052
741303
343264
376371
328892
726487
243226
394276
596833
391508
424630
831716
671566
196223
872013
946645
913805
491823
412575
189290
779367
736144
991008
848017
195137
625600
443346
798092
824323
630621
384374
550342
285891
627638
740679
514783
268092
797872
809060
764925
189381
233691
510608
760948
243881
382622
621560
971652
774446
934135
974909
467780
584247
965918
315798
679384
591519
573110
391443
329810
117698
589784
694118
303590
217423
348765
718373
299482
146638
527434
964407
236019
575092
475017
810933
718973
671605
346460
690626
446052
194563
665536
727798
678810
545422
857562
272161
950907
430674
563605
194684
448372
153390
788803
565928
184779
951534
284303
384261
998172
625703
262636
148158
200796
551619
773058
733735
223225
119519
338329
483244
214082
817831
125009
706858
363254
882572
879020
314163
313247
356592
322813
575585
323948
925582
141515
408727
877117
239784
606955
875290
679453
769591
923449
694216
235177
610474
427952
272368
629993
580247
655612
658042
398080
680622
364901
575300
477161
157888
789463
690408
414480
926243
179960
638428
851826
135441
861122
728945
189191
468078
604236
768645
151636
441652
462862
286813
952126
704780
459181
496087
285029
928760
154130
497075
523349
419031
972375
900510
476920
675806
504885
705366
602050
584845
343796
453877
534253
118885
182823
623444
486963
601026
392090
538599
856644
668918
639378
808772
287666
912525
218826
386661
841286
272956
783736
278602
505953
756112
179113
796839
431919
583998
502207
933969
982810
659969
301814
517064
678854
384637
954474
979783
799629
260532
432349
656275
743416
971727
379014
931082
884253
497840
317744
639507
584762
101481
818109
904681
671560
811189
701522
103480
309154
117696
851416
291965
591631
153231
622995
270486
351834
491437
164236
965430
651969
496585
621706
395386
468313
900720
326470
266533
312527
458180
720006
711255
459662
538117
615937
131223
349307
231426
948668
558461
249122
714051
664393
740753
681248
201355
825205
933083
592792
889441
898514
244762
299993
434187
454115
582272
248874
594551
748806
461401
952731
468813
172657
326360
820896
602560
357583
170204
733987
220219
542632
883109
834270
120992
537830
515520
136313
363036
362570
629106
166445
175051
687834
366438
509238
141950
848711
658112
636501
511484
933479
503200
794263
106137
729560
615161
608697
987144
599331
256651
121330
955929
139762
769566
976921
491558
285087
927201
668560
461623
556308
735005
536674
158109
915410
859878
114026
678088
431957
564493
189573
365437
967693
797802
285540
697255
412964
708204
598366
912296
864855
619696
782192
818583
389263
759115
310142
488317
686317
878703
763906
156592
613709
214548
214701
443086
974426
142693
121175
320351
607187
124714
585788
574881
822517
771329
272137
149448
393500
770503
961744
258356
304166
743938
976940
507396
417020
201049
809679
917303
979752
573586
887861
507429
602100
916528
850515
576528
959222
785657
710845
566410
810371
296634
141292
546855
881929
227396
596304
275430
811865
472015
347753
116033
129920
238660
437395
446940
339709
247075
278210
319463
634627
166072
726892
236729
982601
491374
627223
855790
277032
338069
422201
901370
448669
377459
448226
330600
418821
858496
419996
230688
330513
667749
160687
360433
806409
412048
621340
960085
559123
713516
279549
107717
779589
820407
158412
676157
311782
599601
531948
488815
751636
768115
304152
200307
959540
566344
344873
378363
424842
664869
423017
569321
246586
483704
743720
866961
795752
279027
827047
268842
892544
920562
190525
586100
740970
248938
262258
952753
662505
608172
355535
414143
376288
559687
514450
335829
126032
673289
528158
364840
338159
851175
748127
398711
248846
491849
265674
944598
670876
906687
127407
477387
827251
217933
963487
568222
280837
225746
434942
843342
647884
690477
257486
838138
164131
585902
173969
104130
259192
516093
282936
411318
367270
931064
710029
516116
336880
789669
374682
821722
610324
402089
299111
437576
433988
262599
819764
614825
302312
254708
458169
850196
759151
529621
602302
737249
115525
676271
741379
274717
106331
924315
500001
287567
769346
123998
703684
106227
727633
892332
827950
337958
208388
127062
589500
542377
203627
409266
971168
405939
477940
343304
170103
151058
772926
672405
788307
788451
262643
529687
877134
182940
367970
377137
370508
137317
315101
888158
143545
942734
780491
871495
194660
802845
812523
684160
345223
916150
907392
230359
236057
385333
473663
220126
436392
246590
706497
138666
849007
783106
568354
726143
866046
836324
917246
236555
787607
146314
938679
831152
989048
719171
616614
183709
435984
429138
681836
595173
259256
589229
725532
395313
788529
199197
429405
138888
259753
135903
177554
108762
819009
645908
648871
599022
396199
480084
649544
183808
526398
588224
828926
515447
221363
445542
513123
557347
688646
108926
152521
847902
512121
778054
157182
300651
791217
486587
339539
950970
522490
417094
873698
255466
876968
522570
668455
187135
816620
318000
184909
343019
806224
827801
672433
841553
273344
999522
398901
775957
108449
451423
537826
520570
143444
595009
721222
748627
981596
874727
613564
418054
205788
487264
487486
982757
823800
155942
983858
640422
287908
168768
883441
908099
896569
469841
749653
983880
469364
962521
673804
477813
413945
211631
898384
371355
706640
533573
119983
602204
322267
633547
834224
428056
934777
235677
324780
672545
205586
308639
226934
393494
291373
924341
301594
101909
394184
865214
899755
763548
827736
573560
241363
155648
599158
953713
340969
305799
401253
360952
721969
623520
808465
470160
865542
657210
605838
190323
243722
711424
398962
370656
918884
504301
294998
134446
506211
589182
899660
319933
266698
641363
793494
322027
697011
306619
189707
851946
512418
490960
212899
148355
928446
835330
518515
793990
406507
938319
884313
550229
563710
197243
820885
482596
515510
929850
517042
921721
519033
330669
155622
599697
872032
763082
821724
483010
969701
911431
334957
396086
402392
361822
444441
244806
111119
776923
938796
417627
629209
737076
867856
192921
834319
602709
575517
349831
532560
906525
185519
865559
237195
241141
465258
923193
818189
286983
406204
787891
198416
555127
183979
414774
816949
442386
559580
742034
219310
412343
159662
662486
149421
841485
755407
797706
444195
330925
147538
790721
237451
147024
656281
288612
202131
935505
211806
920321
222490
431976
708213
234872
887103
706158
463612
618019
148546
837159
360054
181822
249503
333683
744308
212890
175169
499716
910597
433330
644607
872101
224052
696024
919125
694299
884636
935223
629806
910408
855545
666262
342385
477725
715100
143455
997850
178713
575440
146397
829838
835495
142185
979342
169179
786494
106199
158314
200177
916796
491644
658751
788899
529662
354776
621991
223962
153380
557215
753768
877754
326727
333997
134107
618419
949097
177562
616270
941777
653003
662667
771616
402465
618818
664925
385610
405313
671125
443924
419457
587922
749534
978208
290788
279197
246951
812780
317125
300331
369996
884860
992052
510690
218858
126160
129110
981922
203722
645380
923700
670691
222014
695317
887122
740832
274210
186699
960112
845335
530623
293536
347224
194124
271745
451979
287287
332662
264760
504413
446960
448722
389274
439013
859412
508132
465173
802488
490055
482861
447869
413756
153554
483849
923040
854642
224683
111217
941342
998761
770518
385932
292298
931708
480057
378009
383688
667344
610671
462414
985723
957631
811137
374998
396645
584516
783131
675784
300972
187153
158647
562807
414876
126167
946657
251883
880809
985306
263100
736118
984068
933618
936017
190333
865327
416075
468342
162983
897385
892979
525397
883110
850612
250501
172075
161224
735018
855206
650975
849956
942360
709622
412764
271203
735789
359422
423086
530565
344729
586186
180651
242764
433771
116669
333097
213065
346710
615405
276048
158062
508386
615412
855138
272965
765913
927214
248155
414898
782421
799130
264855
638748
508753
577620
723917
158509
751008
147004
503041
909704
633190
583692
152469
880927
600361
299533
993993
761037
728904
184008
819099
237291
699420
674239
324222
465335
601454
472378
694199
297842
271509
859055
750557
594229
350642
474475
652738
101651
521480
969745
911355
968636
553438
877791
763531
967765
177325
757525
728803
806229
755499
461870
857487
454921
136110
181710
734222
551530
554088
342388
663338
639564
201444
413896
233794
366052
702338
700498
367704
137785
670245
193026
920387
137650
970817
683919
919382
962108
355411
562152
682305
110912
924022
539793
379799
874098
535469
927987
339595
989558
270376
902934
543089
285787
230797
676883
551839
833135
291348
733509
784886
775559
826536
705275
727176
711320
303161
560525
673430
558573
122678
355736
569485
860667
709495
763250
648732
244965
691238
888328
148490
861614
705229
591579
147402
836026
182429
513208
583129
373778
246718
368016
963303
887220
887257
690480
598542
190420
251006
185939
562959
187651
441675
946410
862284
965136
709661
511017
210102
314866
313312
258593
176481
918541
750172
137850
668535
746568
551058
251665
120347
611742
433647
897616
498964
234872
588098
911472
239258
653070
997411
702217
654687
353053
562594
516972
318190
186222
841956
428292
401088
969234
586885
391535
801743
251025
429385
470279
897593
794409
535910
831906
320119
869557
729523
633049
918395
231588
544522
157654
698625
541934
673837
267279
794987
236432
598218
113178
236620
440175
441470
537708
323376
842322
829244
125120
907313
172596
495399
804907
867006
931309
550780
187126
714834
280304
634141
633230
325859
178664
604851
838450
620598
192655
105730
329552
243054
603948
342730
379674
858089
598166
817383
181467
354455
646628
206587
261769
719224
515953
880642
500197
361229
431423
501289
890029
525694
135431
437227
665519
214095
942078
503970
648659
134734
509700
878211
277788
927615
134908
557463
785705
547041
288813
781138
715462
749407
801692
877232
382598
317646
671841
782796
492841
917231
198052
382872
356892
147450
720099
922411
261545
576144
340348
724171
524844
664014
516349
702633
591630
465224
174063
291303
912265
276842
972441
627728
926249
774134
418927
308848
905746
904735
905610
398589
821967
103664
595427
992825
151114
229493
915237
226625
705637
169552
764762
230482
647532
281113
747081
239164
646337
735110
344433
472569
911952
316875
914263
838202
904976
247158
961017
810723
151894
866628
123279
787827
784258
532672
780653
835372
662165
609857
875964
367803
593375
640727
412252
240908
735806
159334
294038
296110
794445
538471
668679
620364
669313
496910
458568
574290
558034
333552
298980
523894
200181
322260
311722
798406
668898
906341
547745
331065
516199
423710
512834
109575
878404
825086
250483
614211
884421
444522
810322
592833
796959
392968
213198
466273
703844
485732
940563
261879
719284
153511
685773
733432
289737
811461
531839
858635
717803
893550
189701
147969
317262
602536
971509
109633
427623
135960
537810
226011
394448
348133
718844
191408
555068
746009
557682
172879
231742
412212
248725
764993
465723
748464
498426
655460
559927
844231
428063
191697
737782
517764
239667
869010
934266
125143
792609
275857
161103
330421
401868
455551
492520
934679
546960
947588
594655
918608
934434
726397
244787
183160
405357
610511
831624
717749
179938
391552
561981
508001
397216
213731
839732
450849
896707
687965
475992
689318
863822
537096
833705
179658
892647
326226
114338
353574
187782
522959
186149
122217
163323
330937
205377
468681
841448
937001
186431
835352
242521
562379
257321
539737
590076
911019
890586
400750
598985
280545
904034
462809
717641
737740
542467
524256
963967
470771
691796
151750
893730
777946
173967
957053
108884
279344
339701
764298
130312
426133
513617
272833
802478
670938
626536
392555
495924
431089
693305
994910
611635
597341
371686
243243
335082
814153
581465
213016
198891
273263
264766
906587
951209
252699
863641
874059
432043
203344
638358
462356
443443
151976
549155
245922
636881
175693
452443
132806
420748
145749
941682
932383
557056
313369
175628
706105
941488
571059
819121
140380
744322
983888
946967
609498
150554
724576
483558
482598
741886
935882
758920
185330
901825
222042
245218
452673
211701
597661
485479
532450
557376
341129
464834
114434
554498
454428
634505
495988
839454
453627
450334
583777
351482
311269
193277
402037
935845
490801
698601
677732
340651
371488
677028
242477
493530
736212
595150
605232
333874
894595
137683
791250
235725
416483
719650
604190
684878
354156
914144
524333
621750
364479
922076
873232
489714
929319
189236
425560
334088
787837
917258
574739
159326
508253
717216
552857
244466
312367
972055
392306
120929
923704
183558
170621
254154
717174
674811
752998
885297
588956
191298
507048
767401
113376
294247
171083
856661
383484
496643
190750
171322
327869
665489
144615
736122
382706
511438
794555
509039
483494
186862
443935
407199
184386
514556
475319
715527
189368
228319
600825
592290
319617
107874
273658
246959
302121
344741
103622
499571
655351
194372
570894
883220
673828
529475
533309
956534
940913
241831
379541
424408
328694
723476
645573
327046
238033
120893
942573
241367
163178
543399
647623
296762
465239
821281
443721
581327
166024
361309
980898
635341
455682
465759
518562
943476
895234
865837
900011
836148
107670
193519
260557
250330
730961
720096
477376
782960
654956
419951
838293
718134
777316
485917
914896
242557
307200
272585
723884
287190
533894
704783
822531
803542
170544
255060
747019
879744
934863
560998
715894
942533
654517
790417
106830
299446
510515
484207
982406
165472
718124
820701
697572
409407
220585
612470
551964
427785
785055
189815
528941
232916
794599
265439
936459
779109
420499
683479
658854
269330
244478
288715
211864
798996
979133
132661
912408
489649
430834
808781
469087
148959
629483
166660
458366
664035
593096
824297
991820
378152
914112
434729
425035
622678
600168
361495
315754
834634
944974
788575
103965
189454
977290
129795
802416
870390
162456
714825
360040
493290
523607
643093
456215
967057
709754
728548
631093
302851
552846
536880
494970
380925
871609
820005
903604
385745
181501
133325
134346
940441
821900
138311
129896
713158
168106
832312
583549
144529
461104
757556
451785
884712
400650
808001
765736
110405
450516
396830
227223
903362
747676
536159
198254
533253
356165
101859
818998
351632
949150
853344
292074
771051
805621
321971
484210
787693
968249
881726
832222
343321
639283
284009
228034
939933
905976
807736
864305
356493
118533
991528
173822
766209
527688
272076
213429
697819
187902
846393
949451
951018
699738
155492
722070
419326
291429
120248
207021
259680
901974
853209
503001
455224
951184
545001
395158
771127
266704
259464
941586
285237
250993
115409
865412
592647
201452
978842
290467
203320
825236
153885
154339
438942
209378
690375
758268
400807
624589
779255
474453
440530
632466
791420
795754
497617
250388
190914
268746
417092
264344
210333
516295
329304
139709
381709
821951
155127
274518
926385
258447
999754
980270
226752
352663
189649
731093
110933
404423
355684
704154
692842
696214
250587
398230
405936
648205
548618
496850
730917
779677
575160
755216
295973
804464
794925
491648
626417
850052
666166
552803
922465
579888
447040
963183
832551
450656
694278
757450
755079
863928
461606
361888
474109
526159
660118
780045
988330
122704
190862
719248
802381
666023
474466
912320
470488
183358
317936
996905
933411
884102
463675
769843
463991
810716
733028
210510
261373
341273
867960
830418
205202
243533
192307
579311
669693
666392
273324
658024
689096
364186
377274
405444
930209
665706
231731
400699
749064
449667
311571
596442
247737
675247
366287
525694
399930
913281
636204
561303
168521
418132
305688
187689
561665
311961
580966
231359
878353
754290
703350
481416
118478
894590
786860
948687
560297
832558
349387
223328
196192
474925
719771
343929
964138
900024
683590
364069
727272
233761
739338
795793
551893
945026
883482
927525
256988
464449
972850
135343
218741
676201
430725
151185
484758
217587
999872
945055
864111
263227
982350
960303
638152
616088
218200
602291
516113
715756
780326
157352
849517
519665
853145
315378
378658
650594
242904
535646
929009
215755
484955
961716
705923
815681
112902
190682
847234
926741
949704
625312
189969
932055
585616
642087
548144
617782
158345
878223
333539
838671
935575
997023
358337
702687
312402
636995
353282
455306
986607
282292
485027
385530
157976
190951
115178
170878
281634
776378
997619
145305
401691
101555
977360
801273
643642
439471
333023
615953
231661
566562
454625
167237
563586
626928
769924
775988
263924
937172
145261
164499
133431
530289
363995
191407
621240
379173
176252
716840
155552
987837
762145
371209
989393
653472
172483
547002
992943
405506
162957
138571
786035
431548
205808
263588
958477
789698
853543
136368
640837
898804
200867
674269
429094
464862
679642
864301
658001
755894
581142
713553
743733
343289
898728
647093
896761
885178
108062
803672
204651
984984
842243
890686
416534
862018
154276
375012
565683
821785
411380
206522
720590
426214
780791
149686
791076
460434
913987
363045
130296
409096
890564
687995
652385
789294
249055
463114
674473
171083
180753
779124
156069
836962
583778
472603
612947
552020
661581
178632
373806
886927
285154
994396
313142
879911
958048
918185
254312
786002
281231
198574
195100
171796
786569
661451
775056
849590
124566
449530
920674
119285
142622
976743
770214
626400
363313
383162
178421
838860
461794
366193
725788
560914
360590
938931
440826
232606
857117
509105
918608
952314
607679
113709
124111
308216
675161
799168
157807
613693
162665
978481
632979
205287
869191
403194
645653
232505
600322
638040
971365
876083
904233
697155
436998
178791
550053
691791
311397
321137
114863
230006
273452
622542
243716
211529
830758
818877
824663
888566
346537
887329
781014
879516
906582
650207
196677
552237
782712
610966
104244
668045
487050
908478
279167
738014
987269
729220
343772
298667
864323
358635
342639
137776
881178
486355
249305
625903
219199
973969
514470
465737
775265
295486
259220
681848
845693
269864
148052
542372
780830
152297
210418
181847
874741
303551
819861
775977
846737
163635
974644
711061
336236
231250
748837
217415
617606
812109
743319
650771
700045
171756
930474
475311
281208
189696
971125
940867
273526
933144
397207
868322
899407
421591
950169
774149
625143
683997
550127
471881
661598
438738
182944
897835
569988
745747
929216
101561
557857
586502
652333
257903
572225
582808
547180
753433
586470
518307
608268
759996
451452
905475
628319
350860
327067
492455
938975
852210
176454
489103
238059
652018
741807
234969
549854
311796
880716
393038
313358
352541
879540
779657
424410
451766
276432
871591
119167
762903
303865
627435
436866
569283
446877
965186
734109
673944
371608
673085
440122
362028
976154
578181
914047
717962
713150
377868
843724
507833
670906
971048
760374
550448
664672
184786
816180
841105
870343
835347
604009
174209
376749
940875
643492
723626
820028
291568
397572
191638
864653
737694
367632
754774
229842
281680
386703
756958
559549
144394
264792
230456
115444
839133
680904
680116
923919
411052
521222
708229
246400
939197
782438
523150
880074
339897
246777
614069
531465
458315
619673
310085
196010
887306
964859
239818
168987
265529
896776
542502
309923
161570
672959
325367
814669
267830
819450
738589
578882
254639
360785
639249
193838
143224
162400
887878
297087
223143
501948
642518
581459
935588
852603
591435
822895
731429
731254
805848
896958
541997
348352
206882
517533
835277
346216
332203
103108
979632
884758
495957
234272
245544
135207
242076
202734
111573
129955
399821
234716
445870
942339
630141
381459
708909
221578
118321
440339
766798
738135
251264
222762
986487
272113
640296
735731
432295
786465
652806
411928
671225
148764
460166
730735
997936
602243
833470
109510
546164
147258
158192
892034
989598
688334
187460
612474
723878
205781
866780
404643
843917
118045
527405
744371
204124
981667
480104
536419
768134
132911
762313
439360
995640
136447
984061
993577
552656
817532
917053
998820
864791
975245
890856
768356
577546
978316
380831
301425
998064
161578
520034
841982
993589
947440
500320
197714
929108
880424
548100
611209
827301
224380
864535
822942
260827
848598
730486
713483
666131
647540
712305
444889
536753
517128
213246
114300
409411
408044
229692
407476
469622
649726
163425
463212
511133
563746
474893
354209
358137
836959
865418
999405
961339
729955
736314
136134
578554
466802
663583
158652
928308
375889
503542
379028
706983
530754
307295
116396
752764
436987
337838
222388
900679
401264
499566
325780
778976
